0.5831574201583862
0.576124370098114
0.11890260875225067
0.4012303948402405
0.12055082619190216
0.10149610787630081
0.0760263055562973
0.06974737346172333
0.06871428340673447
0.06869982182979584
0.0678580030798912
0.06582362949848175
0.06335698813199997
0.06098736822605133
0.05827045068144798
0.055789534002542496
0.053556252270936966
0.05145376920700073
0.04991193488240242
0.04850364848971367
0.04725760966539383
0.04617619514465332
0.04508545249700546
0.04427935555577278
0.04356807470321655
0.04303952679038048
0.04245183989405632
0.04189872741699219
0.04152015596628189
0.041159361600875854
0.04072162136435509
0.040296949446201324
0.03987709432840347
0.03946393355727196
0.03905557468533516
0.03855094313621521
0.03814336657524109
0.03743262216448784
0.03702949732542038
0.036677028983831406
0.036170050501823425
0.0356682650744915
0.035265322774648666
0.034757643938064575
0.03436066955327988
0.03396812081336975
0.03358187526464462
0.03320243954658508
0.03282911330461502
0.032462261617183685
0.03210306912660599
0.031751275062561035
0.031407177448272705
0.031026823446154594
0.030695203691720963
0.03037099912762642
0.030054563656449318
0.02974618971347809
0.029445772990584373
0.029153143987059593
0.0288690198212862
0.028591962531208992
0.028571445494890213
0.02833806723356247
0.028088172897696495
0.02784537337720394
0.027719344943761826
0.027755053713917732
0.02753693237900734
0.02732543647289276
0.02721787616610527
0.02701699547469616
0.02682213857769966
0.02663286030292511
0.02644902840256691
0.026270441710948944
0.02609657123684883
0.02592778578400612
0.025764044374227524
0.025604480877518654
0.025449050590395927
0.025298232212662697
0.025063317269086838
0.024925576522946358
0.02479080855846405
0.02472652494907379
0.024528762325644493
0.024405892938375473
0.024285752326250076
0.024167969822883606
0.024053163826465607
0.023941099643707275
0.023831307888031006
0.02382522262632847
0.023718509823083878
0.023613719269633293
0.023510802537202835
0.023409530520439148
0.023310229182243347
0.02321273647248745
