0.09565376490354538
0.0888601616024971
0.023724619299173355
0.02545863762497902
0.008402078412473202
0.0013449541293084621
0.0026603504084050655
0.0033039047848433256
0.0032803835347294807
0.002129683271050453
0.001005653291940689
-0.00015767847071401775
-0.001062007388100028
-0.0024528340436518192
-0.0040739006362855434
-0.005641672294586897
-0.007130645681172609
-0.008431943133473396
-0.00954742543399334
-0.010315034538507462
-0.010993937030434608
-0.011299214325845242
-0.011667130514979362
-0.012019450776278973
-0.012405205518007278
