0.09840627759695053
0.09688524901866913
0.0894046425819397
0.03433841094374657
0.0007861921330913901
0.003024203237146139
0.00677839107811451
0.00863879919052124
0.009204679168760777
0.00918717123568058
0.008870292454957962
0.008419224061071873
0.007915633730590343
0.0074018435552716255
0.00690733827650547
0.006444397382438183
0.0060204146429896355
0.00563353905454278
0.005284509621560574
0.0049683330580592155
0.004683006089180708
0.004424334038048983
0.004190457984805107
0.003978875000029802
0.003787295427173376
