0.0973740816116333
0.09493005275726318
0.07430241256952286
0.004333504941314459
0.02369440719485283
0.029333384707570076
0.027021581307053566
0.023185789585113525
0.019377458840608597
0.016117630526423454
0.013546731323003769
0.011403917334973812
0.009814940392971039
0.008386696688830853
0.007249185815453529
0.006367415189743042
0.005663651041686535
0.005069230683147907
0.0044443802908062935
0.0039891405031085014
0.0034962838981300592
0.0030409095343202353
0.002746510785073042
0.0024002939462661743
0.0020889302249997854
