0.2323746681213379
0.229902446269989
0.20561948418617249
0.046973034739494324
0.019221961498260498
0.007629417814314365
0.00529894232749939
0.0043039689771831036
0.0036446000449359417
0.0032803588546812534
0.0031392050441354513
0.00285467691719532
0.002699477132409811
0.0024077738635241985
0.0022020218893885612
0.0020371361169964075
0.0019042862113565207
0.0017759534530341625
0.0014571817591786385
0.0012490460649132729
0.001104508526623249
0.0007651373744010925
0.0005824214313179255
0.0003117599990218878
0.00013252627104520798
