0.45737624168395996
0.45490241050720215
0.43061816692352295
0.18985983729362488
0.1835871934890747
0.1491931527853012
0.09601740539073944
0.06690745055675507
0.05350518599152565
0.047966133803129196
0.046958137303590775
0.045649945735931396
0.045102402567863464
0.04540341719985008
0.04473826661705971
0.04491066932678223
0.044426627457141876
0.04449550062417984
0.04437153413891792
0.044238828122615814
0.04401842877268791
0.043742481619119644
0.04368148371577263
0.04321601986885071
0.04275769367814064
