0.16778689622879028
0.13589376211166382
0.12702929973602295
0.13428500294685364
0.13202962279319763
0.12853211164474487
0.12496387213468552
0.12219974398612976
0.12067873775959015
0.11786571145057678
0.11413687467575073
0.11242219060659409
0.11067735403776169
0.10904920101165771
0.10612770915031433
0.10404536128044128
0.10088416188955307
0.09838884323835373
0.09599469602108002
0.09313708543777466
0.09211844950914383
0.08871621638536453
0.08883991837501526
0.08568422496318817
0.08455303311347961
