0.0880572497844696
0.08763476461172104
0.0887095183134079
0.09658219665288925
0.08692722767591476
0.08919962495565414
0.08768970519304276
0.08216499537229538
0.08414709568023682
0.08227543532848358
0.08680348098278046
0.08294913917779922
0.08737509697675705
0.07307607680559158
0.08226379007101059
0.07363935559988022
0.07995233684778214
0.07952116429805756
0.08599496632814407
0.08402859419584274
0.09627526253461838
0.08165477216243744
0.07722053676843643
0.09393665939569473
0.08254244178533554
0.08637073636054993
0.08447611331939697
0.08091620355844498
0.08422684669494629
0.08290934562683105
0.0907021164894104
0.07935675978660583
0.08308541774749756
0.09020889550447464
0.07942232489585876
0.08995508402585983
0.07889585942029953
0.08464580029249191
0.07163156569004059
0.0983521044254303
0.08102227747440338
0.08092127740383148
0.07894714921712875
0.08080790936946869
0.09019779413938522
0.08047269284725189
0.09037388861179352
0.07538164407014847
0.08368552476167679
0.08819714188575745
0.10122161358594894
0.09517369419336319
0.07593134045600891
0.07798714190721512
0.08944758027791977
0.07080583274364471
0.0813145861029625
0.07596481591463089
0.08591186255216599
0.08588986843824387
0.08451255410909653
0.07597415149211884
0.09190037846565247
0.08184029906988144
0.08669158071279526
0.07497163116931915
0.08142790198326111
0.08050946891307831
0.07935298979282379
0.09041246771812439
0.09668869525194168
0.09391199052333832
0.08745189756155014
0.09082383662462234
0.09208928793668747
0.09382669627666473
0.08221744000911713
0.07633894681930542
0.07995721697807312
0.07863499969244003
0.07431276142597198
0.08943202346563339
0.07573050260543823
0.06353110820055008
0.08371217548847198
0.07688111811876297
0.0837855264544487
0.07940761744976044
0.08575549721717834
0.10205285996198654
0.08317030966281891
0.07214777171611786
0.06515460461378098
0.08401083201169968
0.07407979667186737
0.07896054536104202
0.08062426745891571
0.10035157203674316
0.10083988308906555
0.04723174497485161
0.04766155779361725
0.0651530846953392
0.07337738573551178
0.08302218466997147
0.08254317939281464
0.08988972008228302
0.06172962114214897
0.0490773469209671
0.04634261503815651
0.08409621566534042
0.06958448886871338
0.08774610608816147
0.08379685878753662
0.09502062946557999
0.07902054488658905
0.06812099367380142
0.04498635232448578
0.03911074623465538
0.06279422342777252
0.08615484833717346
0.0822746679186821
0.08919112384319305
0.04715322330594063
0.054643500596284866
0.048903875052928925
0.07360751926898956
0.03493214398622513
0.054912224411964417
0.06677774339914322
0.05470067262649536
0.029513392597436905
0.022701017558574677
0.05939459055662155
0.05428433418273926
0.04530303552746773
0.045834679156541824
0.056005220860242844
0.05205675587058067
0.04168504476547241
0.034899767488241196
0.0789366066455841
0.030351828783750534
0.03465436398983002
0.04018217697739601
0.04712069779634476
0.01806013099849224
0.05732566863298416
0.06614747643470764
0.044350773096084595
0.038229696452617645
0.04821352660655975
0.022630777209997177
0.009007447399199009
0.06242582947015762
0.017487837001681328
0.044670749455690384
0.014338389970362186
0.017335178330540657
0.0276747178286314
0.015326471999287605
0.0247225109487772
0.0217914916574955
0.056625306606292725
0.009766705334186554
0.028346583247184753
0.029998738318681717
0.006012273486703634
0.056618303060531616
0.05974266305565834
0.027584925293922424
0.01719890534877777
0.016880866140127182
0.02852516621351242
0.0033305115066468716
0.010270841419696808
0.025265570729970932
0.03189823403954506
0.024892067536711693
0.028114108368754387
0.0018344626296311617
0.011887027882039547
0.01988469436764717
0.020488889887928963
0.02441934123635292
0.020447297021746635
0.01665736362338066
0.01775168813765049
0.029296573251485825
0.0018613541033118963
0.0030364685226231813
0.029529916122555733
0.018707118928432465
0.012978509068489075
0.008159931749105453
0.036569397896528244
0.012461775913834572
0.03558563441038132
0.04672243073582649
0.03901820257306099
0.020215658470988274
0.02639884129166603
0.02298600971698761
0.018245358020067215
0.020654646679759026
0.006079596467316151
0.019006788730621338
0.00966610386967659
0.1100996732711792
0.012857305817306042
0.04259968176484108
0.03897545859217644
0.028293143957853317
0.009653287008404732
0.014360243454575539
0.024460796266794205
0.02042716182768345
0.007464374415576458
0.010383596643805504
0.013751563616096973
0.01524756196886301
0.013502500019967556
0.0021748323924839497
0.02455197647213936
0.003098655492067337
0.001907589379698038
0.023462289944291115
0.012111499905586243
0.013462573289871216
0.01605943962931633
0.015289181843400002
0.010214285925030708
-0.0002742211800068617
0.003871678374707699
0.010398071259260178
0.002484285971149802
0.03355460241436958
0.007230675779283047
0.018820252269506454
0.02413047105073929
0.01333916187286377
0.018177581951022148
0.01750076375901699
0.019586915150284767
0.013006544671952724
0.007133687846362591
0.003987952601164579
0.01004592515528202
0.010963428765535355
0.015659280121326447
0.009361278265714645
