0.24112635850906372
0.24796482920646667
0.24343474209308624
0.254703164100647
0.24079562723636627
0.24196848273277283
0.24490761756896973
0.24182651937007904
0.24449868500232697
0.24233724176883698
0.243669331073761
0.24347640573978424
0.24487163126468658
0.24461697041988373
0.24268163740634918
0.24438604712486267
0.2435164749622345
0.24189606308937073
0.24643586575984955
0.2456894963979721
0.25034624338150024
0.24545587599277496
0.24158073961734772
0.24581454694271088
0.24222107231616974
0.2409459948539734
0.24558256566524506
0.24105949699878693
0.24442245066165924
0.24297215044498444
0.24577467143535614
0.244302436709404
0.24418599903583527
0.23876146972179413
0.24882301688194275
0.24942223727703094
0.2437252700328827
0.24414141476154327
0.24250560998916626
0.24449628591537476
0.24316300451755524
0.2448696345090866
0.24227413535118103
0.24588236212730408
0.24318282306194305
0.23745746910572052
0.24219191074371338
0.24745362997055054
0.24492493271827698
0.24193614721298218
0.2450352907180786
0.24179929494857788
0.2510097920894623
0.24478566646575928
0.24688303470611572
0.2415376603603363
0.2432466596364975
0.25315746665000916
0.24638350307941437
0.24642819166183472
0.2426137775182724
0.23969188332557678
0.24474184215068817
0.2472282350063324
0.2444968819618225
0.24401241540908813
0.24340598285198212
0.24286407232284546
0.24325518310070038
0.24664025008678436
0.24434739351272583
0.24568799138069153
0.24339507520198822
0.24509665369987488
0.24247299134731293
0.24298220872879028
0.24223777651786804
0.24411647021770477
0.24328598380088806
0.2429966777563095
0.24325484037399292
0.2452542930841446
0.24450555443763733
0.2436429113149643
0.24477510154247284
0.24346747994422913
0.24074938893318176
0.2449636161327362
0.2430761158466339
0.23047895729541779
0.2436588555574417
0.2414717674255371
0.24492202699184418
0.2465979903936386
0.2443581223487854
0.24713054299354553
0.249795600771904
0.24660485982894897
0.24861422181129456
0.2417285442352295
0.24425804615020752
0.24882347881793976
0.24595732986927032
0.24128548800945282
0.24357736110687256
0.24465720355510712
0.24441500008106232
0.257417768239975
0.2555460035800934
0.24259866774082184
0.24685639142990112
0.24327675998210907
0.2414056658744812
0.2467140108346939
0.24671682715415955
0.23792149126529694
0.24546374380588531
0.24674615263938904
0.24669106304645538
0.24115420877933502
0.2484498769044876
0.24334575235843658
0.24336455762386322
0.24247269332408905
0.245664581656456
0.2463030219078064
0.24343469738960266
0.24744729697704315
0.253146231174469
0.2438441514968872
0.24138163030147552
0.24783703684806824
0.24463900923728943
0.2419462949037552
0.24625800549983978
0.24471043050289154
0.24215741455554962
0.24677328765392303
0.2497989684343338
0.2427825629711151
0.24648061394691467
0.24255257844924927
0.2444496750831604
0.24578188359737396
0.2424856275320053
0.24296748638153076
0.23762103915214539
0.24204851686954498
0.2461908459663391
0.24497517943382263
0.23338860273361206
0.24557024240493774
0.24285496771335602
0.2505609393119812
0.2463413029909134
0.24544157087802887
0.24935385584831238
0.2456931173801422
0.2425428330898285
0.2507821023464203
0.24578891694545746
0.23015178740024567
0.24063782393932343
0.24357865750789642
0.24400854110717773
0.20759928226470947
0.24232321977615356
0.24245695769786835
0.23197229206562042
0.23872558772563934
0.24328671395778656
0.24584797024726868
0.21859225630760193
0.2450752854347229
0.24162223935127258
0.23028339445590973
0.19184818863868713
0.2363061159849167
0.23185192048549652
0.20657725632190704
0.23680326342582703
0.2439742535352707
0.2319810390472412
0.19348856806755066
0.19149576127529144
0.17529982328414917
0.14998859167099
0.22381101548671722
0.22605878114700317
0.2373581975698471
0.19029709696769714
0.1422181874513626
0.13217593729496002
0.17809198796749115
0.20218685269355774
0.22587576508522034
0.2337079644203186
0.20099754631519318
0.06686583161354065
0.059265825897455215
0.05448179319500923
0.18390053510665894
0.2247900515794754
0.210606649518013
0.19137872755527496
0.08719692379236221
0.07777665555477142
0.11234026402235031
0.17444217205047607
0.18109561502933502
0.169529989361763
0.1129784882068634
0.07658540457487106
0.10829207301139832
0.14908771216869354
0.14642749726772308
0.12826234102249146
0.1385371834039688
0.07414587587118149
0.07901851832866669
0.1195787787437439
0.05680573731660843
0.1280508190393448
0.14174708724021912
0.07603093981742859
0.11587570607662201
0.07745329290628433
0.08414217084646225
0.10116446018218994
0.11809536814689636
0.12935113906860352
0.07928743958473206
0.11780717223882675
0.12028768658638
0.10459017008543015
0.06712331622838974
0.11958851665258408
0.10112279653549194
0.12948472797870636
0.06900525838136673
0.07821325957775116
0.04765687510371208
0.11390326172113419
0.1048305407166481
0.08920390903949738
0.06995842605829239
0.09693577140569687
0.06340473145246506
0.0477469302713871
0.07705771178007126
