0.3119550049304962
0.31954509019851685
0.3134222626686096
0.32732513546943665
0.31060290336608887
0.3116656541824341
0.31711775064468384
0.313362717628479
0.3147086203098297
0.3121866285800934
0.3133159279823303
0.31340986490249634
0.3163219094276428
0.3152875602245331
0.3134555220603943
0.3180873990058899
0.31323227286338806
0.31261831521987915
0.31698641180992126
0.3156689703464508
0.32323557138442993
0.31497806310653687
0.3106045126914978
0.3164624571800232
0.3112071752548218
0.3100842237472534
0.3157106935977936
0.3111613690853119
0.3148050904273987
0.31413403153419495
0.31715360283851624
0.31554102897644043
0.31614160537719727
0.30967724323272705
0.3188329339027405
0.32182076573371887
0.3133474886417389
0.31557023525238037
0.31241896748542786
0.3136964738368988
0.31213924288749695
0.3166496753692627
0.3122416138648987
0.31637030839920044
0.31473538279533386
0.30674657225608826
0.31289854645729065
0.3174458146095276
0.31657513976097107
0.3125413656234741
0.31481635570526123
0.31073057651519775
0.32642167806625366
0.3156069815158844
0.3195296823978424
0.3106490969657898
0.3131399154663086
0.3286959230899811
0.31840863823890686
0.3160337507724762
0.31334468722343445
0.31018009781837463
0.3143238425254822
0.31887155771255493
0.3150753080844879
0.31500178575515747
0.31261393427848816
0.31249719858169556
0.3148431181907654
0.3175824284553528
0.3156558871269226
0.31826406717300415
0.31465113162994385
0.3156832456588745
0.31343239545822144
0.31424787640571594
0.3133641481399536
0.31407633423805237
0.31409919261932373
0.31348350644111633
0.3124096393585205
0.31591352820396423
0.3137679100036621
0.3157959282398224
0.31705567240715027
0.31321680545806885
0.3113371729850769
0.3145289719104767
0.3121717572212219
0.30611690878868103
0.3147647976875305
0.3120613694190979
0.3140060305595398
0.3171372413635254
0.31662872433662415
0.31715527176856995
0.32172468304634094
0.3173935115337372
0.31917712092399597
0.3119853436946869
0.3149498701095581
0.32146185636520386
0.31971943378448486
0.31202125549316406
0.31432434916496277
0.3143237829208374
0.3145124316215515
0.32983970642089844
0.3320293426513672
0.31291264295578003
0.31764915585517883
0.3143434524536133
0.315838485956192
0.31748074293136597
0.31669163703918457
0.309162974357605
0.3179358243942261
0.3173670768737793
0.31717023253440857
0.31306183338165283
0.31898900866508484
0.31374478340148926
0.3132457435131073
0.31343787908554077
0.3178755044937134
0.3163622319698334
0.31343263387680054
0.31913304328918457
0.3247393071651459
0.31514009833335876
0.3109307289123535
0.3186105787754059
0.31605228781700134
0.3112715184688568
0.31599169969558716
0.31573227047920227
0.31170421838760376
0.3174237906932831
0.3198589086532593
0.31128984689712524
0.31702566146850586
0.31302401423454285
0.3146117925643921
0.31699419021606445
0.3120974898338318
0.31289219856262207
0.312131404876709
0.3120269477367401
0.31696394085884094
0.31337711215019226
0.3096381425857544
0.31500184535980225
0.31240198016166687
0.32122740149497986
0.3185844123363495
0.3161109685897827
0.3212951719760895
0.3168386220932007
0.3138359785079956
0.32517221570014954
0.31725242733955383
0.30701306462287903
0.3118322491645813
0.31399378180503845
0.314166784286499
0.3073211908340454
0.31345367431640625
0.3119692802429199
0.3113623857498169
0.3146078586578369
0.313984751701355
0.3164805769920349
0.31343382596969604
0.3209931254386902
0.3145871162414551
0.3114100396633148
0.3174862265586853
0.31633976101875305
0.3160133361816406
0.31318122148513794
0.3146098852157593
0.3220881223678589
0.31482139229774475
0.17604008316993713
0.3057258725166321
0.28615185618400574
0.30357152223587036
0.2979852557182312
0.3109549880027771
0.3179730772972107
0.2919098734855652
0.3018344044685364
0.28115496039390564
0.3122117221355438
0.3020564317703247
0.30267423391342163
0.3064552843570709
0.2828499674797058
0.2196267992258072
0.21865364909172058
0.22629065811634064
0.29108524322509766
0.2844342291355133
0.27545061707496643
0.2328043282032013
0.24090197682380676
0.22671255469322205
0.15501652657985687
0.2561410963535309
0.26730528473854065
0.2506851255893707
0.24698156118392944
0.15306168794631958
0.25165867805480957
0.19047574698925018
0.21281589567661285
0.1596449911594391
0.2171599268913269
0.2107071578502655
0.256237268447876
0.19247502088546753
0.21822533011436462
0.27176085114479065
0.26928097009658813
0.16769587993621826
0.2158968597650528
0.15267173945903778
0.17494602501392365
0.2503408193588257
0.26565924286842346
0.22456300258636475
0.23717530071735382
0.25284698605537415
0.22973167896270752
0.30340811610221863
0.19757479429244995
0.1913730651140213
0.1838385909795761
0.23036295175552368
0.19558309018611908
0.168940007686615
0.10300672054290771
0.17918254435062408
0.22711998224258423
0.2506648302078247
0.174844890832901
0.18725909292697906
0.1698918491601944
0.15820227563381195
0.146755650639534
