0.0026064738631248474
0.010802440345287323
0.0036330223083496094
0.02010033279657364
0.0010335743427276611
0.0017958804965019226
0.009178407490253448
0.004806354641914368
0.004188887774944305
0.00266970694065094
0.00338541716337204
0.003369368612766266
0.007748916745185852
0.005973324179649353
0.0044057294726371765
0.010703228414058685
0.003231726586818695
0.0032444968819618225
0.007571674883365631
0.00563783198595047
0.015401966869831085
0.005986787378787994
-0.0005340278148651123
0.006851509213447571
2.5227665901184082e-05
-0.000558122992515564
0.006292968988418579
0.0013689026236534119
0.0043516457080841064
0.004972875118255615
0.008349910378456116
0.006660588085651398
0.00931733101606369
0.0032996907830238342
0.00833294540643692
0.014527343213558197
0.0029709860682487488
0.007735751569271088
0.0018990561366081238
0.003454864025115967
0.0014219656586647034
0.00788068026304245
0.0018961578607559204
0.006643272936344147
0.006678149104118347
-0.002004005014896393
0.004056505858898163
0.0077962130308151245
0.007792726159095764
0.0029610320925712585
0.005573265254497528
-5.777180194854736e-05
0.019990354776382446
0.0051016658544540405
0.012387469410896301
-0.0004992112517356873
0.0038110092282295227
0.022743239998817444
0.009854108095169067
0.005230464041233063
0.0039045289158821106
0.0010387077927589417
0.004144415259361267
0.010159403085708618
0.005441606044769287
0.005555883049964905
0.001516781747341156
0.00172443687915802
0.005949042737483978
0.008806712925434113
0.007406458258628845
0.00888526439666748
0.005774274468421936
0.0057223886251449585
0.004698105156421661
0.006024777889251709
0.004310160875320435
0.003974758088588715
0.0043472424149513245
0.0032692551612854004
0.0013858452439308167
0.007152363657951355
0.0029777586460113525
0.007894955575466156
0.00919005274772644
0.003113590180873871
0.001709572970867157
0.0038450583815574646
0.0017662197351455688
0.001879669725894928
0.006107315421104431
0.0030061006546020508
0.00396052747964859
0.007472246885299683
0.008898891508579254
0.007540225982666016
0.013320982456207275
0.008509963750839233
0.011021971702575684
0.002677224576473236
0.005035266280174255
0.013152606785297394
0.013323165476322174
0.002987891435623169
0.005124963819980621
0.004632316529750824
0.00445893406867981
0.019291162490844727
0.02424875646829605
0.0032059550285339355
0.00832957774400711
0.005201183259487152
0.010750621557235718
0.007772549986839294
0.0070635974407196045
0.0011128932237625122
0.010113567113876343
0.008025571703910828
0.0076760053634643555
0.004887215793132782
0.009501233696937561
0.005143515765666962
0.002778753638267517
0.005016341805458069
0.010546907782554626
0.006160557270050049
0.0032727494835853577
0.010354533791542053
0.015586897730827332
0.006720148026943207
0.00043114274740219116
0.009719960391521454
0.007263578474521637
0.0006847009062767029
0.005823597311973572
0.007057271897792816
0.0015649273991584778
0.008657775819301605
0.009860724210739136
-9.137392044067383e-05
0.007252857089042664
0.0031228363513946533
0.00569828599691391
0.008455589413642883
0.0015840306878089905
0.0031462907791137695
0.01162712275981903
0.0021104365587234497
0.008036985993385315
0.002553112804889679
0.07289604842662811
0.004453785717487335
0.0033855214715003967
0.008050620555877686
0.011849582195281982
0.006446458399295807
0.01036098599433899
0.007809899747371674
0.00531855970621109
0.015377454459667206
0.008344173431396484
-0.007588215172290802
0.009660929441452026
0.0036437958478927612
0.0033423006534576416
0.010730348527431488
0.0031998977065086365
0.0029398351907730103
0.004335582256317139
-0.019205980002880096
0.006922014057636261
0.00602375715970993
-0.004074789583683014
0.003769993782043457
0.0016656294465065002
-0.0013509765267372131
0.015333831310272217
0.0029971078038215637
0.005538053810596466
-0.003628768026828766
-0.0006945133209228516
0.01239766925573349
0.005088180303573608
-0.01236223429441452
-0.0003372877836227417
-0.00022421777248382568
-0.004134371876716614
0.002232380211353302
-0.007301270961761475
0.013040736317634583
-0.009126462042331696
0.05475234612822533
0.0019689053297042847
0.010241858661174774
0.003200925886631012
-0.007000461220741272
0.014768078923225403
-0.018013570457696915
-0.00834592804312706
-0.021638639271259308
0.017936907708644867
0.0028076171875
0.005120187997817993
-0.014335975050926208
0.0481891855597496
0.04147537052631378
-0.01411101222038269
0.0009725615382194519
0.004482001066207886
-0.0012488365173339844
-0.0031008869409561157
0.08808040618896484
-0.006815381348133087
0.003945015370845795
0.005796574056148529
0.007016368210315704
-0.004069335758686066
-0.007293365895748138
-0.014475703239440918
-0.004725471138954163
0.0009459853172302246
0.0021500661969184875
-0.0018828585743904114
-0.004629142582416534
-0.011110134422779083
-0.008533373475074768
-0.0018291100859642029
0.007293142378330231
0.0012304559350013733
-0.0016869306564331055
9.432435035705566e-06
-0.025431640446186066
-0.0047340914607048035
-0.0017977133393287659
-0.003938779234886169
-0.0024817585945129395
-0.0022411122918128967
-0.014911815524101257
-0.005326256155967712
-0.014253824949264526
0.0005406513810157776
-0.013072818517684937
0.0008578673005104065
-0.021615199744701385
-0.02142401784658432
-0.021852999925613403
-0.00849442183971405
-0.018678978085517883
-0.015138663351535797
-0.01693084090948105
