-0.056240275502204895
-0.04741925001144409
-0.05623578280210495
-0.03698150813579559
-0.059138596057891846
-0.05849079042673111
-0.04821211099624634
-0.05323488265275955
-0.055250123143196106
-0.05760630965232849
-0.056908704340457916
-0.05637020617723465
-0.05070234090089798
-0.05300053209066391
-0.05472378432750702
-0.044894590973854065
-0.0570073127746582
-0.055686116218566895
-0.05184474587440491
-0.05420154333114624
-0.041224971413612366
-0.05485525727272034
-0.061305515468120575
-0.05220842361450195
-0.060763418674468994
-0.06140737980604172
-0.05356711149215698
-0.05838210880756378
-0.054829373955726624
-0.05350766330957413
-0.049839943647384644
-0.05188243091106415
-0.048680685460567474
-0.05515727400779724
-0.05138973891735077
-0.04284043610095978
-0.05748952180147171
-0.05074954032897949
-0.05798281729221344
-0.057298608124256134
-0.059662505984306335
-0.04987519979476929
-0.0578974187374115
-0.052594006061553955
-0.05167441815137863
-0.06193709373474121
-0.0552804097533226
-0.05213938653469086
-0.050153084099292755
-0.05612020939588547
-0.0547868013381958
-0.06099320203065872
-0.03358565270900726
-0.053471021354198456
-0.04472564160823822
-0.061184853315353394
-0.05651581287384033
-0.03051665425300598
-0.04779365658760071
-0.054912060499191284
-0.055074602365493774
-0.05845991522073746
-0.05616788566112518
-0.047799453139305115
-0.053619951009750366
-0.05305991321802139
-0.059144191443920135
-0.05833873152732849
-0.05203325301408768
-0.050139233469963074
-0.05105821043252945
-0.04812493920326233
-0.05267840623855591
-0.05320262908935547
-0.054135844111442566
-0.05250333994626999
-0.054434634745121
-0.05594742298126221
-0.05435232073068619
-0.05589008331298828
-0.058898940682411194
-0.05220213532447815
-0.05771563947200775
-0.049512237310409546
-0.048151202499866486
-0.05711720883846283
-0.05737920105457306
-0.05633656680583954
-0.05911662429571152
-0.05634668469429016
-0.052683696150779724
-0.05647467076778412
-0.05708484351634979
-0.051855191588401794
-0.048682376742362976
-0.05251733958721161
-0.044366225600242615
-0.05052793025970459
-0.048558712005615234
-0.05695617198944092
-0.05391719937324524
-0.04367358982563019
-0.04498274624347687
-0.056180380284786224
-0.05393385887145996
-0.05572270601987839
-0.055225007236003876
-0.03728877007961273
-0.027601376175880432
-0.05628274381160736
-0.05073535442352295
-0.05333065241575241
-0.04434323310852051
-0.05098378658294678
-0.05282379686832428
-0.057564377784729004
-0.04698646068572998
-0.05120830237865448
-0.05155383050441742
-0.052763767540454865
-0.04979628324508667
-0.054641179740428925
-0.057004399597644806
-0.05430684983730316
-0.04701530933380127
-0.05367101728916168
-0.05636131018400192
-0.04769894480705261
-0.042511165142059326
-0.05180700123310089
-0.05991339683532715
-0.0494704395532608
-0.05092128366231918
-0.059877343475818634
-0.05446833372116089
-0.051913417875766754
-0.058785900473594666
-0.05069245398044586
-0.049824148416519165
-0.0614955797791481
-0.05201248824596405
-0.05607020854949951
-0.05424456298351288
-0.05025973916053772
-0.05856969207525253
-0.0568341463804245
-0.04474519193172455
-0.05774654448032379
-0.05105438828468323
-0.059286490082740784
-0.0018985345959663391
-0.05583377182483673
-0.05840117484331131
-0.0554770827293396
-0.02935727685689926
-0.04919375479221344
-0.04333119094371796
-0.049189597368240356
-0.05501799285411835
-0.04212017357349396
-0.05370961129665375
-0.055001191794872284
-0.04766412824392319
-0.054047077894210815
-0.055854760110378265
-0.05657966434955597
-0.05830426514148712
-0.05776754766702652
-0.05699765682220459
-0.040974535048007965
-0.05544260889291763
-0.05308537185192108
-0.05652974545955658
-0.05375047028064728
-0.05616241693496704
-0.05702251195907593
0.0009008049964904785
-0.039734095335006714
-0.05161662399768829
-0.04852220416069031
-0.03191838413476944
-0.05080819129943848
-0.05477044731378555
-0.030346237123012543
-0.02231607586145401
-0.05179297924041748
-0.05409104377031326
-0.011639170348644257
-0.0615532249212265
-0.05003698170185089
-0.046863965690135956
-0.052025601267814636
-0.05169644206762314
-0.016572758555412292
-0.04766041785478592
-0.06103471666574478
-0.05250284820795059
-0.052585214376449585
-0.030201777815818787
-0.05142918974161148
-0.03531119227409363
0.001101762056350708
-0.047002606093883514
-0.05142954736948013
-0.014387235045433044
-0.047157905995845795
-0.05184069275856018
-0.04733511805534363
-0.02765670418739319
-0.039872340857982635
-0.04138264060020447
0.03998912125825882
-0.05030222237110138
-0.00015418976545333862
0.2485695481300354
-0.03582210838794708
-0.05280880630016327
-0.033179596066474915
-0.054738305509090424
-0.028297871351242065
-0.030331574380397797
-0.02869272232055664
-0.05145956575870514
-0.05430878698825836
-0.05188587307929993
-0.036045923829078674
-0.05209999531507492
-0.013601131737232208
-0.05744548141956329
-0.038829997181892395
-0.026470832526683807
-0.0406470000743866
-0.04857652634382248
-0.04981982707977295
-0.03750799596309662
-0.04835516959428787
-0.04548254609107971
-0.0417972207069397
-0.05455037206411362
-0.06110386550426483
-0.049737460911273956
-0.061204731464385986
-0.05266165733337402
-0.033520475029945374
-0.05606257915496826
-0.049104243516922
-0.05751942843198776
-0.059901051223278046
-0.03765016794204712
-0.05360233783721924
