0.06394009292125702
0.06279227137565613
0.06487080454826355
0.07250801473855972
0.0633029192686081
0.06177821382880211
0.06415214389562607
0.05767456442117691
0.06030841916799545
0.06078673526644707
0.06845242530107498
0.06146018207073212
0.061702292412519455
0.049162231385707855
0.06017538160085678
0.046513110399246216
0.05676225945353508
0.055410951375961304
0.06191983073949814
0.06165933609008789
0.07105890661478043
0.058382220566272736
0.05182858556509018
0.06764058023691177
0.05638064444065094
0.06485916674137115
0.06053122133016586
0.05635488033294678
0.05732210725545883
0.05614016577601433
0.06781770288944244
0.05728210136294365
0.05852828919887543
0.07160425931215286
0.05309213325381279
0.06855452060699463
0.05384698137640953
0.05873135104775429
0.04833713173866272
0.0753948912024498
0.05672428011894226
0.05392521247267723
0.051786504685878754
0.05419120192527771
0.06139916926622391
0.055024657398462296
0.0660511776804924
0.04823366925120354
0.05692996084690094
0.06506824493408203
0.07892163842916489
0.07086126506328583
0.050111789256334305
0.046318747103214264
0.06818000972270966
0.04365628957748413
0.05814444646239281
0.050009459257125854
0.06294158101081848
0.05947640538215637
0.05844150856137276
0.051615066826343536
0.0662921816110611
0.053191184997558594
0.06251014769077301
0.050158850848674774
0.0556013286113739
0.054034363478422165
0.05660037696361542
0.06803350895643234
0.07438942790031433
0.07040582597255707
0.06411316245794296
0.06174275279045105
0.06450644880533218
0.0705004334449768
0.05758682265877724
0.054806411266326904
0.05476430803537369
0.05189549922943115
0.09172935038805008
0.07061649858951569
0.04513242840766907
0.06326577812433243
0.06660749763250351
0.05743245780467987
0.054732806980609894
0.048874735832214355
0.056340958923101425
0.07743051648139954
0.06652937829494476
0.05349263921380043
0.06462167203426361
0.05727861821651459
0.03720187768340111
0.05181770399212837
0.055113308131694794
0.06549667567014694
0.08193125575780869
0.06608401983976364
0.06260309368371964
0.047662653028964996
0.07250595092773438
0.06246482953429222
0.05541115999221802
0.05261317640542984
0.06269949674606323
0.05850404500961304
0.060207560658454895
0.05412589758634567
0.04524863138794899
0.04117303341627121
0.04648211970925331
0.05087967962026596
0.07266996800899506
0.055278729647397995
0.05033077672123909
0.03230920433998108
0.05695915222167969
0.06524010747671127
0.07235714048147202
0.026138264685869217
0.07283984869718552
0.06113734096288681
0.055857542902231216
0.03048684075474739
0.03952999413013458
0.04094265401363373
0.04959350451827049
0.03311546891927719
0.19366705417633057
0.027616871520876884
0.06977543234825134
0.05562380328774452
0.06854568421840668
0.04433486610651016
0.036788471043109894
0.06510474532842636
0.05229147523641586
0.034863799810409546
0.03616376966238022
0.04511791467666626
0.048741161823272705
0.061073459684848785
0.026763953268527985
0.05843016877770424
0.030145395547151566
0.042245108634233475
0.05023644119501114
0.02605162188410759
0.04914216697216034
0.04553015157580376
0.020388608798384666
0.04065327346324921
0.026818450540304184
0.008234089240431786
0.06812214851379395
0.014100964181125164
0.03736160323023796
0.024655908346176147
0.05300665646791458
0.0274086594581604
0.005098466761410236
0.01721333898603916
0.04544954001903534
0.009498418308794498
0.0338628850877285
0.12499766051769257
0.02678447961807251
0.05890100821852684
0.04654466360807419
0.04889871925115585
0.016245070844888687
0.044004954397678375
0.10016462951898575
0.029761910438537598
0.04269467294216156
0.00038451701402664185
0.012541727162897587
0.041180264204740524
0.056482765823602676
0.02770800143480301
0.025978192687034607
0.01743926666676998
0.02815481834113598
0.034500498324632645
0.052821315824985504
0.028462756425142288
0.036421023309230804
0.0016240195836871862
0.07087933272123337
0.03416791558265686
0.03130931407213211
0.04129781201481819
0.003062949515879154
0.0027998914010822773
0.054405856877565384
0.023040805011987686
-0.005942724645137787
0.015549593605101109
0.018476631492376328
0.028549492359161377
0.02363976091146469
0.03684849292039871
0.01914891041815281
-0.0006012357771396637
0.006876311730593443
0.025270551443099976
0.035369839519262314
0.02837015688419342
0.020904675126075745
0.007997365668416023
0.03924530744552612
0.0370897501707077
0.01456885039806366
0.018803860992193222
0.022944528609514236
0.028562359511852264
0.0050022234208881855
8.00546258687973e-05
0.016436055302619934
0.008686908520758152
0.00897459127008915
0.05224780738353729
0.019161559641361237
0.007433230988681316
0.016697606071829796
0.019057953730225563
0.023118268698453903
0.03032703697681427
0.024275394156575203
0.02725241146981716
0.024720368906855583
0.0004438841715455055
0.016479849815368652
0.011771279387176037
0.008806699886918068
0.013365623541176319
0.020430684089660645
0.030224723741412163
0.023799095302820206
-0.00399367418140173
0.01992468163371086
0.03912457078695297
0.0064626457169651985
0.00549387326464057
0.018183134496212006
0.036804016679525375
0.008623014204204082
0.023434320464730263
