0.2410024106502533
0.24733015894889832
0.24254411458969116
0.25351741909980774
0.23987683653831482
0.24080784618854523
0.24417412281036377
0.24138005077838898
0.2444104701280594
0.24131357669830322
0.24272865056991577
0.24273505806922913
0.24431239068508148
0.24415189027786255
0.241728737950325
0.24345938861370087
0.24255059659481049
0.2411743849515915
0.24526411294937134
0.24418924748897552
0.24834199249744415
0.2420482188463211
0.24043849110603333
0.24282608926296234
0.23973381519317627
0.23865485191345215
0.24192547798156738
0.23758074641227722
0.24510112404823303
0.24049755930900574
0.2434135377407074
0.24031111598014832
0.23844467103481293
0.23265862464904785
0.2467411607503891
0.24096153676509857
0.23815244436264038
0.2352602481842041
0.2403470277786255
0.23627591133117676
0.23682154715061188
0.23834167420864105
0.2352961152791977
0.23986609280109406
0.24036595225334167
0.23047903180122375
0.230682834982872
0.2292991429567337
0.2350105345249176
0.23239289224147797
0.2249041050672531
0.22689563035964966
0.23670174181461334
0.23761211335659027
0.22858314216136932
0.2227223515510559
0.20948956906795502
0.23314110934734344
0.20508913695812225
0.21012435853481293
0.19743584096431732
0.18610666692256927
0.18680889904499054
0.20482565462589264
0.15202666819095612
0.17243731021881104
0.1637634038925171
0.16077399253845215
0.13078053295612335
0.11490426957607269
0.10097841918468475
0.14402605593204498
0.10703960061073303
0.08230655640363693
0.12299137562513351
0.08683819323778152
0.055968206375837326
0.07847986370325089
0.02328411489725113
0.030972719192504883
0.025951292365789413
0.08672073483467102
0.10918321460485458
0.05113479495048523
0.1088559553027153
0.11869173496961594
0.05523579567670822
0.05850313976407051
0.06100521981716156
0.06950105726718903
0.09399066120386124
0.16011667251586914
0.10193280875682831
0.1754094958305359
0.03417586162686348
0.11803892254829407
0.05303478613495827
0.06290990859270096
0.12118597328662872
0.03535284847021103
0.0741509422659874
0.04104280471801758
0.06416483223438263
0.07014705240726471
0.07178181409835815
0.09359332174062729
0.14645349979400635
0.06502986699342728
0.05098219960927963
0.12973083555698395
0.05676765739917755
0.050315823405981064
0.05970983952283859
0.11733251810073853
0.040540214627981186
0.06686319410800934
0.03847626596689224
0.04226388782262802
0.03964274004101753
0.0637572854757309
0.040486618876457214
0.046262387186288834
0.05303196609020233
0.03312830626964569
0.048817723989486694
0.06141609326004982
0.059753045439720154
0.0372941754758358
0.04155946522951126
0.04194312542676926
0.030362799763679504
0.020295361056923866
0.05258301645517349
0.03787248581647873
0.08116992563009262
0.046995118260383606
0.044828254729509354
0.05118309333920479
0.023519285023212433
0.08786438405513763
0.03230000659823418
0.03329487890005112
0.050785187631845474
0.04590733349323273
0.055301640182733536
0.049365680664777756
0.03811676800251007
0.03456568345427513
0.04071101173758507
0.028328808024525642
0.03743172064423561
0.032148703932762146
0.026880521327257156
0.03042442351579666
0.04466647654771805
0.038698386400938034
0.028349479660391808
0.056416191160678864
0.03475721925497055
0.029633577913045883
0.036556635051965714
0.03586092218756676
0.02692093327641487
0.07769894599914551
0.046215951442718506
0.034919373691082
0.044316042214632034
0.031881414353847504
0.03508817031979561
0.04204145073890686
0.016702663153409958
0.01699003204703331
0.023192156106233597
0.05763338878750801
0.03164349123835564
0.052480846643447876
0.03182459622621536
0.03186890110373497
0.05645512789487839
0.027475830167531967
0.027420474216341972
0.03554554283618927
0.019370008260011673
0.05736445635557175
0.012243649922311306
0.012747596018016338
0.02143595926463604
0.020207375288009644
0.0416782908141613
0.05607342720031738
0.03395885229110718
0.02910427935421467
0.07596436887979507
0.014343930408358574
0.03986354172229767
0.08871474117040634
0.017497265711426735
0.010883080773055553
0.071114182472229
0.06321157515048981
0.01523369736969471
0.029199931770563126
0.028386544436216354
0.028686732053756714
0.10113968700170517
0.03325395658612251
0.013585069216787815
0.023463193327188492
0.011513765901327133
0.023020828142762184
0.09719572961330414
0.026834338903427124
0.025416238233447075
0.03992614150047302
0.05572725459933281
0.032170236110687256
0.021847989410161972
0.04529624059796333
0.043044522404670715
0.026087583974003792
0.048850979655981064
0.01799800805747509
0.019546696916222572
0.020992690697312355
0.017223872244358063
0.02306898683309555
0.019053980708122253
0.031979985535144806
0.046362198889255524
0.09004082530736923
0.025244522839784622
0.046187229454517365
0.028682222589850426
0.01453252974897623
0.03496211767196655
0.052689578384160995
0.02295956201851368
0.026479283347725868
0.014264607802033424
0.026664260774850845
0.00524517148733139
0.0966532751917839
0.04164532944560051
0.020397817716002464
0.02627076394855976
0.0231615100055933
0.013601016253232956
0.011766210198402405
0.020026545971632004
0.041753578931093216
0.022371601313352585
0.01851695403456688
0.01377660222351551
0.011809736490249634
0.01700570620596409
0.01410187128931284
0.03633462265133858
0.014684570953249931
0.009650466032326221
0.025272443890571594
0.024908924475312233
0.026616185903549194
0.0387539342045784
0.01584208570420742
0.01563289575278759
0.02076280117034912
0.007500716019421816
0.010668371804058552
0.011828191578388214
0.009954308159649372
0.009067988954484463
0.017897093668580055
0.019261999055743217
0.024010809138417244
0.005642878822982311
0.019965140148997307
0.0036755376495420933
0.04988248646259308
0.005639814771711826
0.04230522736907005
0.018545445054769516
0.04465630650520325
0.014988042414188385
0.012388949282467365
0.04119478538632393
0.014362361282110214
0.03141581639647484
0.02001860924065113
0.014375011436641216
0.02564074471592903
0.007329063955694437
0.011218825355172157
0.006829401012510061
0.01318636815994978
0.0070810019969940186
0.0162062831223011
0.0090846111997962
0.007927598431706429
0.016919637098908424
0.0065992153249681
0.006564395502209663
0.034978240728378296
0.016965484246611595
0.00832086056470871
0.019861187785863876
0.015550138428807259
0.012734418734908104
0.02419443242251873
0.029228253290057182
0.051418885588645935
0.009956746362149715
0.006579703651368618
0.04999180883169174
0.014060910791158676
0.03263607993721962
0.018890803679823875
0.004276232793927193
0.0344088114798069
0.0079262750223279
0.01040169782936573
0.031830403953790665
0.009011764079332352
0.0032437003683298826
0.039695512503385544
0.031127773225307465
0.01499115489423275
0.02289549633860588
0.006412950344383717
0.010656730271875858
0.00693606398999691
0.0058859954588115215
0.017793620005249977
0.036766085773706436
0.009779997169971466
0.03600732609629631
0.011063829064369202
0.025944115594029427
0.009257429279386997
0.010368509218096733
0.016758818179368973
0.01741354539990425
0.03452641889452934
0.0047871870920062065
0.00967512559145689
0.005889490246772766
0.010907729156315327
0.011022043414413929
0.0340740866959095
0.05577726289629936
0.01419429574161768
0.020017441362142563
0.014844458550214767
0.008824946358799934
0.006907439325004816
0.019465472549200058
0.019278980791568756
0.037304263561964035
0.008133845403790474
0.017940761521458626
0.011147796176373959
0.004101645201444626
0.008048084564507008
0.005385285243391991
0.0034001574385911226
0.010315684601664543
0.013406015001237392
0.030103253200650215
0.008864453993737698
0.008718499913811684
0.03509233519434929
0.022855741903185844
0.003394616302102804
0.013046219013631344
0.019308015704154968
0.010194679722189903
0.00751222250983119
0.030977055430412292
0.014835460111498833
0.011784672737121582
0.01210255641490221
0.017978167161345482
0.010933805257081985
0.022349616512656212
0.005519054364413023
0.017559681087732315
0.04063507169485092
0.025968344882130623
0.018828246742486954
0.025613388046622276
0.009037290699779987
0.006168343126773834
0.009312594309449196
0.003159270854666829
0.012508098036050797
0.01574583910405636
0.026512349024415016
0.015623890794813633
0.027921762317419052
0.021071232855319977
0.005189418327063322
0.0363675132393837
0.01297040656208992
0.0238536074757576
0.001230211229994893
0.017988422885537148
0.005228245630860329
0.020663486793637276
0.024359121918678284
0.00691366009414196
0.01979074627161026
0.019243521615862846
0.009866445325314999
0.010634027421474457
0.011043943464756012
0.012407095171511173
0.010334236547350883
0.017808713018894196
0.010402322746813297
0.0057942625135183334
0.014231324195861816
0.008552941493690014
0.014347112737596035
0.03483760356903076
0.003083599964156747
0.008263316005468369
0.006836261600255966
0.02377573773264885
0.016036735847592354
0.019744867458939552
0.005127294454723597
0.042859356850385666
0.0021620220504701138
0.012956097722053528
0.011030878871679306
0.005937548819929361
0.014765182510018349
0.022349901497364044
0.00791955552995205
0.015172000043094158
0.02384609915316105
0.020675698295235634
0.007762407884001732
0.007971161976456642
0.00856122188270092
0.01372993178665638
0.019301414489746094
0.016372891142964363
0.012971003539860249
0.01910031959414482
0.005177131853997707
0.014946987852454185
0.004404440522193909
0.012132487259805202
0.021183783188462257
0.006301427260041237
0.030181672424077988
0.007094016298651695
0.006980555132031441
0.014071955345571041
0.026488222181797028
0.009304202161729336
0.034854739904403687
0.0072556715458631516
0.008953687734901905
0.010193713940680027
0.01704362779855728
0.01504227053374052
0.009211964905261993
0.02612771838903427
0.018301909789443016
0.00929930154234171
0.010335330851376057
0.004774089902639389
0.01742117665708065
0.012565176002681255
0.006437170319259167
0.0118101229891181
0.052151795476675034
0.008052453398704529
0.0058325729332864285
0.03435990959405899
0.006406468339264393
0.007500348147004843
0.007800539955496788
0.05195264145731926
0.004107702989131212
0.009726852178573608
0.009193927980959415
0.01722050830721855
0.046701811254024506
0.017249614000320435
0.01581588014960289
0.00904668215662241
0.007092474028468132
0.0066800806671381
0.013721829280257225
0.004729837644845247
0.014644034206867218
0.023180468007922173
0.03940264508128166
0.0063932547345757484
0.02013292908668518
0.025377241894602776
0.005593421403318644
0.013852590695023537
0.016961179673671722
0.01262934785336256
0.019267436116933823
0.025871584191918373
0.008433111011981964
0.03436514735221863
0.04195452481508255
0.00421246699988842
0.030113333836197853
0.008487657643854618
0.0055191102437675
0.010450544767081738
0.008644853718578815
0.014073150232434273
0.005275513976812363
0.009101801551878452
0.007148209493607283
0.01739499904215336
0.006113105919212103
0.012506325729191303
0.007509170565754175
0.006636727601289749
0.020471179857850075
0.003562567289918661
0.004815792199224234
0.008304829709231853
0.012891496531665325
0.00429296400398016
0.020052200183272362
0.0097171226516366
0.008005567826330662
0.0062376465648412704
0.014304705895483494
0.01331122126430273
0.02644975669682026
0.0486656054854393
0.0066946642473340034
0.01650211215019226
0.024441605433821678
0.020526697859168053
0.016891714185476303
0.025858471170067787
0.003960989881306887
0.006754729431122541
0.0037558875046670437
0.01031899731606245
0.044178396463394165
0.00900081917643547
0.01781804859638214
0.027194246649742126
0.005599668249487877
0.017270678654313087
0.018626470118761063
0.006107439287006855
0.016334200277924538
0.01420565601438284
0.0062086693942546844
0.02269629016518593
0.008242310956120491
0.019256245344877243
0.001610158709809184
0.009067258797585964
0.011567911133170128
0.00866248831152916
0.0035066548734903336
0.00896691344678402
0.0035331393592059612
0.010213256813585758
0.013012893497943878
0.003062136936932802
0.03477940708398819
0.0038518256042152643
0.0043802219443023205
0.03500101715326309
0.015341355465352535
0.0032423820812255144
0.006461845710873604
0.0042968932539224625
0.007204917259514332
0.009830072522163391
0.032267015427351
0.006146492902189493
0.007499172817915678
0.046495724469423294
0.012641862966120243
0.008657360449433327
0.022836174815893173
0.01939503848552704
0.00841880589723587
0.0196232832968235
0.012003567069768906
0.011336919851601124
0.0026114475913345814
0.012074058875441551
0.01905319094657898
0.027490688487887383
0.008494392968714237
0.007370736915618181
0.0059810117818415165
0.019345205277204514
0.0026901206001639366
0.0006637692567892373
0.020214354619383812
0.00481874356046319
0.012298722751438618
0.015037022531032562
0.001801167381927371
0.004065623506903648
0.0024366583675146103
0.018531637266278267
0.0037331683561205864
0.022196998819708824
0.009100301191210747
0.0066658444702625275
0.010610422119498253
0.005918095353990793
0.01357763446867466
0.004460722208023071
0.003126040566712618
0.00699230981990695
0.0012624101946130395
0.01891961507499218
0.0012531147804111242
0.006265778094530106
0.005796279292553663
0.014739749021828175
0.002559664659202099
0.0010776878334581852
0.025254452601075172
6.206519901752472e-05
0.03169172629714012
0.007961497642099857
0.006438011769205332
0.004262867849320173
0.006367077119648457
0.009046943858265877
0.014321151189506054
0.001787656918168068
0.0022599543444812298
0.006942855194211006
0.0059442296624183655
0.002741588745266199
0.006513065192848444
0.030947519466280937
0.005102775525301695
0.023534927517175674
0.010523023083806038
0.005415864754468203
0.013429202139377594
0.010905567556619644
0.043490342795848846
0.008007718250155449
0.0012056406121701002
0.023000437766313553
0.0015963198384270072
0.012209121137857437
0.010084109380841255
0.01928722858428955
0.005825143773108721
0.036630403250455856
0.006467578466981649
0.004378125537186861
0.003966860938817263
0.0064765214920043945
0.011176053434610367
0.0014192621456459165
0.0087546706199646
0.02219843491911888
0.003837182652205229
0.010026410222053528
0.00500169163569808
0.007610461208969355
0.0031643244437873363
0.0013348190113902092
0.0025178957730531693
0.00296929688192904
0.0027968394570052624
0.0007701526628807187
0.010686762630939484
0.004414071328938007
0.009846710599958897
0.008060777559876442
0.0023823247756808996
0.07521054893732071
0.005235681775957346
0.0069769262336194515
0.02965659461915493
0.004884342197328806
0.004276775289326906
0.002279220847412944
0.003672428661957383
0.01579185016453266
0.007126063108444214
0.009784233756363392
0.010786499828100204
0.0008459401433356106
0.01019349042326212
0.009786196053028107
0.00783229898661375
0.003884867997840047
0.0015808027237653732
0.009759677574038506
0.002129633678123355
0.0038500006776303053
0.016451861709356308
0.001747508067637682
0.0066035413183271885
0.0011922544799745083
0.02244255132973194
0.0015577308367937803
0.0032667028717696667
0.004872994031757116
0.016335345804691315
0.011879149824380875
0.002752284286543727
0.004937868565320969
0.010767249390482903
0.0031806824263185263
0.004113796167075634
0.004008665215224028
0.0012099959421902895
0.0035857881885021925
0.00411592610180378
0.006353051867336035
0.001502285129390657
0.0057187993079423904
0.0054390630684792995
0.0033670084085315466
0.009746294468641281
0.023399291560053825
0.04946737363934517
0.004779386334121227
0.04955100640654564
0.016067134216427803
0.007903211750090122
0.0068142046220600605
0.0051448591984808445
0.008904063142836094
0.011370227672159672
0.013818790204823017
0.0025360658764839172
-3.7617573980242014e-05
0.0031021179165691137
0.0059884232468903065
0.002881512278690934
0.010259388945996761
0.005223030690103769
0.0031275281216949224
0.012475801631808281
0.003109847893938422
0.016632286831736565
0.0038705903571099043
0.006352504715323448
0.002638607518747449
0.007076432462781668
0.06957243382930756
0.004189784172922373
0.010757653042674065
0.029949437826871872
0.015922771766781807
0.0018972400575876236
0.007798537611961365
0.006351908668875694
0.011299761943519115
0.005049640312790871
0.004855661652982235
0.007052138913422823
0.004242743365466595
0.009868070483207703
0.006925385911017656
0.010624839924275875
0.02230922132730484
0.0035045219119638205
0.002637139055877924
0.0034728762693703175
0.006814778316766024
0.008009394630789757
0.01369007769972086
0.0036565540358424187
0.01722339168190956
0.03447010740637779
0.008736798539757729
0.003506785025820136
0.018577147275209427
0.04521850124001503
0.018239451572299004
0.026295147836208344
0.007211045362055302
0.008017445914447308
0.020076900720596313
0.0013453803258016706
0.011667781509459019
0.006508852355182171
0.0010858791647478938
0.009160317480564117
0.015864361077547073
0.005787583999335766
0.01488697063177824
0.005704877432435751
0.011226526461541653
0.008314721286296844
0.00878081377595663
0.01723245158791542
0.00991845317184925
0.0027458418626338243
-0.00021486554760485888
0.005588850472122431
0.0055067348293960094
0.003346325596794486
0.0656263530254364
0.010815962217748165
0.010734859853982925
0.0028567826375365257
0.008218161761760712
0.0063529834151268005
0.0007738637505099177
0.004061570856720209
0.0031930783297866583
0.008589604869484901
0.0030494951643049717
0.015136082656681538
0.007993391714990139
3.378093242645264e-05
0.004989569541066885
0.003929046913981438
0.009848575107753277
0.007712244521826506
0.0008141252910718322
0.016339058056473732
0.04661138355731964
0.005233945790678263
0.002267666393890977
0.006078255828469992
0.006634933408349752
0.010660677216947079
0.023971518501639366
0.004622122272849083
0.0008938067476265132
0.01947249472141266
0.006884571630507708
0.010699797421693802
0.002985238330438733
0.0066297403536736965
0.008534105494618416
0.0015503127360716462
0.004381483420729637
0.003664428601041436
0.01033219788223505
0.018524298444390297
0.005806142929941416
0.01406207587569952
0.0057982103899121284
0.010719935409724712
0.0026138853281736374
0.023735852912068367
0.00454235402867198
0.002295112470164895
0.011876728385686874
0.0026970526669174433
0.0012439974816516042
0.01063800323754549
0.015746740624308586
0.0067048994824290276
0.011944019235670567
0.00240893242880702
0.006655130069702864
0.011078529059886932
0.005573937203735113
0.0008353096200153232
0.0009147711098194122
0.004640292376279831
0.002576850587502122
0.008133883588016033
0.0023999433033168316
0.00964226946234703
0.01784084551036358
0.004259429406374693
0.0026812467258423567
0.012302112765610218
0.006431031972169876
0.010178378783166409
0.010816458612680435
0.012587912380695343
0.003321776632219553
0.010243167169392109
0.0021737818606197834
0.017429612576961517
0.008180283010005951
0.005707540083676577
0.014954189769923687
0.0001290587242692709
0.0033393078483641148
0.007215081714093685
0.016099838539958
0.0018343556439504027
0.010498333722352982
0.007894937880337238
0.004001224879175425
0.020949700847268105
0.006100419443100691
0.005287826526910067
0.00677892193198204
0.00392443360760808
0.01372345071285963
0.0050362478941679
0.020625418052077293
0.00891991425305605
0.006317491177469492
0.008378726430237293
0.0017517063533887267
0.0008700215839780867
0.002023246604949236
0.0047968714497983456
0.002202815841883421
0.004657125566154718
0.0028240687679499388
0.0020772702991962433
0.02972511202096939
0.02186126634478569
0.0030683502554893494
0.0018632684368640184
0.0021840031258761883
0.007323437836021185
0.003104826435446739
0.0018224691739305854
0.005929403938353062
0.0042480165138840675
0.002567730378359556
0.00788075476884842
0.013395670801401138
0.010268683545291424
0.002115157200023532
0.004930190742015839
0.009606440551578999
0.00372447376139462
0.0075067575089633465
0.0018804657738655806
0.003377143992111087
0.003960701171308756
0.005504579748958349
0.011718089692294598
0.01201674435287714
0.0005056108348071575
0.009158859960734844
0.005814136005938053
0.006185573525726795
0.01564725860953331
0.0017054635100066662
0.0036002667620778084
0.009023751132190228
0.006546723656356335
0.005289091728627682
0.007940070703625679
0.0015318550867959857
0.0012536213034763932
0.011840798892080784
0.00859176367521286
0.004561798647046089
0.008832062594592571
0.006222691386938095
0.027045616880059242
0.0036592911928892136
0.0031356550753116608
0.005338001064956188
0.028179993852972984
0.003368089674040675
0.002857932820916176
0.0067777130752801895
0.0070547000505030155
0.0006555482395924628
0.004822859074920416
0.019723284989595413
0.00699379900470376
0.011955168098211288
0.0036570837255567312
0.005875882692635059
0.013021992519497871
0.007878102362155914
0.016704801470041275
0.006573227699846029
0.0037628260906785727
0.009570504538714886
0.004763533361256123
0.0015184920048341155
0.003952153958380222
0.004214286804199219
0.02864442579448223
0.002195806009694934
0.007309651002287865
0.00869047362357378
0.009814808145165443
0.0030217112507671118
0.004279647022485733
0.0054902792908251286
0.0030267364345490932
