0.22374475002288818
0.22103342413902283
0.22410814464092255
0.2327464073896408
0.22473514080047607
0.21575871109962463
0.22741086781024933
0.2171369045972824
0.22349020838737488
0.22183114290237427
0.2371327430009842
0.22694486379623413
0.2216726839542389
0.2104777693748474
0.2235395759344101
0.20162878930568695
0.2208874225616455
0.21737661957740784
0.22323563694953918
0.2257484346628189
0.22990569472312927
0.2207627147436142
0.21007327735424042
0.22285696864128113
0.212801992893219
0.22749371826648712
0.22185075283050537
0.21618659794330597
0.21526414155960083
0.21363846957683563
0.22993722558021545
0.21907484531402588
0.2146247774362564
0.23857170343399048
0.2114289551973343
0.23192016780376434
0.21300289034843445
0.21620623767375946
0.20860625803470612
0.2365293651819229
0.21920828521251678
0.21030008792877197
0.20685060322284698
0.21178436279296875
0.2170729786157608
0.21286261081695557
0.22414250671863556
0.20427396893501282
0.21493689715862274
0.2261868119239807
0.2404310703277588
0.23000995814800262
0.2073017656803131
0.198028102517128
0.23113395273685455
0.2014998495578766
0.22110101580619812
0.20824600756168365
0.22871330380439758
0.21863257884979248
0.21706070005893707
0.21485787630081177
0.22477123141288757
0.20443852245807648
0.22263866662979126
0.20858986675739288
0.21504434943199158
0.2105182260274887
0.21814364194869995
0.22858354449272156
0.23454289138317108
0.23214146494865417
0.22513294219970703
0.21617591381072998
0.22262614965438843
0.2335599958896637
0.21642130613327026
0.22003324329853058
0.213496133685112
0.2081492692232132
0.2462267279624939
0.23259857296943665
0.19853238761425018
0.22258701920509338
0.22590184211730957
0.20772093534469604
0.21858465671539307
0.20949947834014893
0.2157963514328003
0.23415210843086243
0.226251021027565
0.2165912687778473
0.22552555799484253
0.22609871625900269
0.20247280597686768
0.21114203333854675
0.2112112194299698
0.2385072559118271
0.2420414537191391
0.22097061574459076
0.2183484584093094
0.20255804061889648
0.26050862669944763
0.22543542087078094
0.2184552252292633
0.20194196701049805
0.2175593078136444
0.21561142802238464
0.21588416397571564
0.20886823534965515
0.232486754655838
0.23625178635120392
0.19956207275390625
0.45479530096054077
0.23356568813323975
0.22005832195281982
0.2110462188720703
0.2024039477109909
0.22000868618488312
0.22764359414577484
0.21299009025096893
0.2141520231962204
0.23406606912612915
0.21246710419654846
0.22397492825984955
0.21674178540706635
0.21756452322006226
0.21354858577251434
0.23700393736362457
0.23879322409629822
0.24088741838932037
0.24270766973495483
0.2466820627450943
0.2333257645368576
0.230198472738266
0.21450263261795044
0.22491587698459625
0.2170746922492981
0.2568279802799225
0.21832884848117828
0.24107477068901062
0.26255229115486145
0.21496428549289703
0.21773123741149902
0.22156372666358948
0.22749951481819153
0.22863361239433289
0.21102315187454224
0.24273733794689178
0.20099833607673645
0.23581552505493164
0.21250736713409424
0.22896893322467804
0.20838087797164917
0.19967646896839142
0.21134015917778015
0.2039952576160431
0.19441509246826172
0.18305978178977966
0.27362319827079773
0.15946736931800842
0.22199755907058716
0.23148667812347412
0.22839155793190002
0.2190229594707489
0.1686772108078003
0.17044228315353394
0.19047385454177856
0.18569974601268768
0.22264179587364197
0.21539512276649475
0.17040567100048065
0.19387254118919373
0.16682414710521698
0.15654340386390686
0.0988963320851326
0.16499285399913788
0.2148766666650772
0.1470831334590912
0.13746632635593414
0.2106192409992218
0.1717296689748764
0.15667584538459778
0.18989457190036774
0.19323624670505524
0.22177298367023468
0.1925336867570877
0.1959804892539978
0.1732540875673294
0.16340100765228271
0.22944088280200958
0.20003996789455414
0.22251053154468536
0.18871323764324188
0.19755738973617554
0.1961633861064911
0.23907993733882904
0.22396594285964966
0.2591608166694641
0.20488479733467102
0.18823689222335815
0.097986601293087
0.162572979927063
0.17363643646240234
0.18696454167366028
0.20862624049186707
0.18370109796524048
0.18380138278007507
0.09589197486639023
0.3152167499065399
0.20925769209861755
0.20724380016326904
0.1923876255750656
0.1833505481481552
0.20083582401275635
0.17520059645175934
0.15728211402893066
0.15638907253742218
0.19312089681625366
0.19571365416049957
0.12564638257026672
0.06256988644599915
0.1472739279270172
0.13347214460372925
0.1259710043668747
0.17690199613571167
0.14340031147003174
0.19130080938339233
0.10641423612833023
0.13163723051548004
0.1190062016248703
0.15079106390476227
0.20448794960975647
0.19078965485095978
0.13098734617233276
0.12096080929040909
0.2049616575241089
0.18663573265075684
0.19805201888084412
0.1753043532371521
0.10074549168348312
0.21603995561599731
0.11357349157333374
0.1619764268398285
0.17158181965351105
0.2047724574804306
0.153572216629982
0.061419885605573654
0.07902179658412933
0.13254964351654053
