0.005623951554298401
0.015208765864372253
0.00674206018447876
0.025947168469429016
0.003398299217224121
0.004667818546295166
0.01519213616847992
0.010042339563369751
0.009689942002296448
0.004463866353034973
0.005406439304351807
0.008747458457946777
0.014730587601661682
0.011947214603424072
0.009879007935523987
0.026488080620765686
0.008574306964874268
0.01305149495601654
0.011907294392585754
0.013146385550498962
0.026494354009628296
0.005126461386680603
0.008574604988098145
0.017982840538024902
0.009741902351379395
0.004818528890609741
0.016054242849349976
0.010636836290359497
0.031474992632865906
0.03159709274768829
0.023211374878883362
0.01862291991710663
0.022480294108390808
0.011294692754745483
0.03937116265296936
0.012039735913276672
0.01787908375263214
0.02260720729827881
0.05303022265434265
0.022139593958854675
0.020753681659698486
0.026267677545547485
0.054241374135017395
0.04109027981758118
0.05951991677284241
0.03268449008464813
0.029095768928527832
0.016432255506515503
0.01883883774280548
0.04054348170757294
0.021260365843772888
0.014733687043190002
0.020035073161125183
0.02305695414543152
0.03726187348365784
0.05239054560661316
0.01726032793521881
0.025623366236686707
0.025693818926811218
0.00808456540107727
0.023899167776107788
0.012282446026802063
0.01961861550807953
0.02404715120792389
0.013501912355422974
0.028376251459121704
0.011997058987617493
0.01874735951423645
0.011872366070747375
0.011967167258262634
0.014947101473808289
0.019914403557777405
0.023590564727783203
0.03706924617290497
0.009255364537239075
0.017641350626945496
0.020386025309562683
0.026435822248458862
0.022544577717781067
0.04937465488910675
0.026173576712608337
0.019021227955818176
0.03435380756855011
0.047495052218437195
0.05277739465236664
0.03165474534034729
0.022928878664970398
0.0336652547121048
0.047499120235443115
0.05447760224342346
0.04948000609874725
0.07877084612846375
0.058430179953575134
0.08980623632669449
0.08101365715265274
0.0742163360118866
0.10053426772356033
0.04995010793209076
0.09162278473377228
0.07049919664859772
0.029994040727615356
0.07369881868362427
0.061099760234355927
0.03787219524383545
0.02681124210357666
0.0450693815946579
0.04631301760673523
0.04510077089071274
0.05831630527973175
0.03725080192089081
0.03853452205657959
0.05413595587015152
0.09140351414680481
0.01763889193534851
0.05083504319190979
0.06325098872184753
0.06385663151741028
0.04123903810977936
0.035272642970085144
0.0455034077167511
0.041524291038513184
0.09143918007612228
0.04194486141204834
0.03363984823226929
0.029800593852996826
0.06816339492797852
0.018191009759902954
0.04386149346828461
0.03728888928890228
0.027429446578025818
0.020549997687339783
0.018127068877220154
0.024193361401557922
0.019901633262634277
0.03521537780761719
0.029546260833740234
0.011977270245552063
0.010912328958511353
0.011897608637809753
0.020972847938537598
0.022656232118606567
0.0061969757080078125
0.015032708644866943
0.008570313453674316
0.011653736233711243
0.01772761344909668
0.015497222542762756
0.024037465453147888
0.008599340915679932
0.016475826501846313
0.00932261347770691
0.005883395671844482
0.008168742060661316
0.05097360908985138
0.018477678298950195
0.014403000473976135
0.008826479315757751
0.006564691662788391
0.021600797772407532
0.01823565363883972
0.012497946619987488
0.006521821022033691
0.0011506825685501099
0.003918737173080444
0.004198193550109863
0.003194093704223633
0.017472609877586365
0.005940765142440796
0.00486581027507782
0.001790165901184082
0.008345991373062134
0.01270262897014618
0.004665091633796692
0.009054675698280334
0.014989867806434631
0.008570477366447449
0.011617064476013184
0.01319102942943573
0.007850483059883118
0.00934360921382904
0.010126084089279175
0.013237550854682922
0.0014814138412475586
0.01196405291557312
0.009046867489814758
0.005178168416023254
0.010706916451454163
0.01811261475086212
0.01110123097896576
0.005643904209136963
0.009262621402740479
0.007204025983810425
0.0325160026550293
0.01086735725402832
0.008101686835289001
0.012145504355430603
0.016523167490959167
0.010970905423164368
0.0063387006521224976
0.020737990736961365
0.014475569128990173
0.01865820586681366
0.00037182867527008057
0.013444602489471436
0.02103707194328308
0.015978053212165833
0.01849067211151123
0.013881668448448181
0.030201464891433716
0.028894007205963135
0.014497905969619751
0.011063933372497559
0.023258686065673828
0.018656983971595764
0.019745290279388428
0.03311580419540405
0.023450925946235657
0.013308778405189514
0.04848138988018036
0.006906062364578247
0.006098121404647827
0.013954564929008484
0.0254267156124115
0.020838335156440735
0.019330918788909912
0.01601541042327881
0.01141984760761261
0.022329896688461304
0.052268385887145996
0.007671341300010681
0.018449440598487854
0.009623929858207703
0.021646752953529358
0.011127844452857971
0.026065275073051453
0.016890689730644226
0.005098208785057068
0.015626460313796997
0.00817139446735382
0.040518805384635925
0.01999838650226593
0.03819361329078674
0.021381288766860962
0.03971302509307861
0.054390355944633484
0.008836790919303894
0.03674571216106415
0.02113501727581024
0.0217350572347641
0.02540445327758789
