0.12445549666881561
0.1320447325706482
0.12592250108718872
0.13982516527175903
0.12310320138931274
0.12416552007198334
0.12961797416210175
0.12586256861686707
0.12720884382724762
0.12468649446964264
0.12581592798233032
0.12590955197811127
0.12882210314273834
0.1277877390384674
0.12595562636852264
0.13058733940124512
0.1257323920726776
0.12511807680130005
0.12948626279830933
0.1281684786081314
0.13573570549488068
0.12747827172279358
0.12310506403446198
0.1289624273777008
0.12370693683624268
0.12258405983448029
0.12821076810359955
0.12366126477718353
0.12730544805526733
0.12663379311561584
0.129653200507164
0.1280408501625061
0.12864163517951965
0.12302187085151672
0.131333127617836
0.134320929646492
0.12584799528121948
0.12807025015354156
0.12491951882839203
0.12619644403457642
0.12463955581188202
0.1291496455669403
0.12474137544631958
0.128869891166687
0.12723542749881744
0.12012176215648651
0.1253984123468399
0.1299457848072052
0.129074826836586
0.12504151463508606
0.12731637060642242
0.12323088943958282
0.13892152905464172
0.12810713052749634
0.13202980160713196
0.12314927577972412
0.1256396770477295
0.1411961019039154
0.13090862333774567
0.1285332590341568
0.1258448213338852
0.12267999351024628
0.12682370841503143
0.1313721090555191
0.12757551670074463
0.12750154733657837
0.12511396408081055
0.12499701976776123
0.12734293937683105
0.13008210062980652
0.12815576791763306
0.13076381385326385
0.1271507740020752
0.12818314135074615
0.12593235075473785
0.12674766778945923
0.1258639395236969
0.1265764832496643
0.12659907341003418
0.1259840577840805
0.12490938603878021
0.128413587808609
0.1262677013874054
0.12829594314098358
0.1295556128025055
0.12571704387664795
0.12383684515953064
0.12702898681163788
0.12467214465141296
0.11861672252416611
0.12726464867591858
0.12456175684928894
0.12650614976882935
0.12963712215423584
0.12912872433662415
0.12965533137321472
0.134224534034729
0.12989363074302673
0.13167716562747955
0.12448567152023315
0.127449631690979
0.1339617818593979
0.13221926987171173
0.12452097237110138
0.12682437896728516
0.1268233358860016
0.12701252102851868
0.1423398107290268
0.14452949166297913
0.12541253864765167
0.13014914095401764
0.1268436312675476
0.12833890318870544
0.1299808770418167
0.12919168174266815
0.12166275084018707
0.13043555617332458
0.12986744940280914
0.12967060506343842
0.12556181848049164
0.13148872554302216
0.12624451518058777
0.12574563920497894
0.12593728303909302
0.1303757131099701
0.12886250019073486
0.12593291699886322
0.1316329836845398
0.13723929226398468
0.12764020264148712
0.12343031167984009
0.131110280752182
0.1285524219274521
0.1237712949514389
0.1284918338060379
0.12823200225830078
0.12420424818992615
0.12992343306541443
0.13235899806022644
0.12378990650177002
0.12952591478824615
0.12552407383918762
0.12711191177368164
0.1294945329427719
0.12459756433963776
0.12539193034172058
0.1246315985918045
0.12452703714370728
0.12946394085884094
0.12587742507457733
0.12213772535324097
0.1275016963481903
0.12490183860063553
0.13372787833213806
0.13108468055725098
0.1286109983921051
0.13379502296447754
0.12933874130249023
0.12633578479290009
0.1376723200082779
0.12975230813026428
0.12111055850982666
0.12431232631206512
0.1265498697757721
0.12667903304100037
0.1193385124206543
0.1259225308895111
0.12470433115959167
0.12389940023422241
0.12691979110240936
0.12624165415763855
0.1289311647415161
0.12625204026699066
0.1332828402519226
0.12709949910640717
0.12373305857181549
0.12942390143871307
0.12907014787197113
0.12881942093372345
0.12529166042804718
0.12695953249931335
0.13389965891838074
0.12733523547649384
0.09171265363693237
0.13513150811195374
0.12572261691093445
0.1199735477566719
0.1389385163784027
0.11835098266601562
0.13206282258033752
0.12000106275081635
0.12524041533470154
0.13432902097702026
0.13381218910217285
0.13395313918590546
0.1189379170536995
0.12759003043174744
0.12835314869880676
0.13223624229431152
0.12747035920619965
0.12772072851657867
0.1283826231956482
0.12758617103099823
0.12544628977775574
0.11964891850948334
0.1325863152742386
0.1232791393995285
0.13335898518562317
0.1252046823501587
0.13708163797855377
0.12185192108154297
0.15406209230422974
0.12385036051273346
0.13804319500923157
0.12041081488132477
0.13063178956508636
0.12368573993444443
0.13543620705604553
0.11940109729766846
0.13802725076675415
0.1299864649772644
0.12375793606042862
0.12316448986530304
0.1217031180858612
0.12215559184551239
0.12793737649917603
0.11950892955064774
0.1345895379781723
0.12597066164016724
0.12632188200950623
0.14409558475017548
0.13667137920856476
0.1319286972284317
0.11869596689939499
0.13016051054000854
0.12698858976364136
0.12728175520896912
0.12480425089597702
0.12272468209266663
0.11951756477355957
0.12867575883865356
0.12322768568992615
0.14359179139137268
0.12710988521575928
0.1407526135444641
0.12621307373046875
0.1220698207616806
0.12245236337184906
0.12186487019062042
0.12326660007238388
