0.6471724510192871
0.6538963317871094
0.6486611366271973
0.6606316566467285
0.6459113955497742
0.6468633413314819
0.6511033773422241
0.6479962468147278
0.6506272554397583
0.6473004221916199
0.6486631631851196
0.6489755511283875
0.6510739922523499
0.6506398916244507
0.6481872200965881
0.6514106392860413
0.648686408996582
0.6480053067207336
0.6515381932258606
0.6504915952682495
0.6559776663780212
0.6473685503005981
0.6467711925506592
0.6495788097381592
0.6456873416900635
0.6443771719932556
0.6480293869972229
0.6436322331428528
0.6536914706230164
0.6485534310340881
0.650592565536499
0.6473543643951416
0.6441100239753723
0.6382741332054138
0.654074490070343
0.6447946429252625
0.6434231400489807
0.6413523554801941
0.6487070322036743
0.6423662900924683
0.6425982713699341
0.6437274217605591
0.6423360109329224
0.6475178003311157
0.6529378294944763
0.6387196183204651
0.6366317272186279
0.6320251226425171
0.6434467434883118
0.6420641541481018
0.6297283172607422
0.633119523525238
0.6426626443862915
0.6529948711395264
0.6370823979377747
0.6290407180786133
0.6121729016304016
0.6361523866653442
0.6008778214454651
0.6158085465431213
0.6031050682067871
0.6002116203308105
0.5935859084129333
0.6025106906890869
0.5423493385314941
0.5706304907798767
0.5532260537147522
0.5488332509994507
0.4925745129585266
0.4676870107650757
0.44977301359176636
0.4958750009536743
0.4658195972442627
0.3944567143917084
0.41680994629859924
0.37985092401504517
0.30201098322868347
0.2740256190299988
0.18321402370929718
0.23241519927978516
0.21757479012012482
0.3134678304195404
0.3939664661884308
0.32248008251190186
0.4452837109565735
0.45500266551971436
0.3631345331668854
0.36924293637275696
0.3937261998653412
0.41610920429229736
0.4126451015472412
0.4864780306816101
0.4197947084903717
0.44704535603523254
0.30747732520103455
0.4745560586452484
0.4059517979621887
0.429453581571579
0.43681415915489197
0.3693341612815857
0.485068142414093
0.4208851456642151
0.45232418179512024
0.4903172552585602
0.4197462201118469
0.388263076543808
0.4906464219093323
0.44784611463546753
0.39075449109077454
0.5004603862762451
0.4613077938556671
0.42274585366249084
0.41723522543907166
0.48831337690353394
0.4572560489177704
0.4600761830806732
0.41512182354927063
0.44332316517829895
0.4486476480960846
0.4834171235561371
0.40887829661369324
0.3591234087944031
0.43718624114990234
0.4607475996017456
0.4485749900341034
0.4563748240470886
0.4524693787097931
0.44596049189567566
0.46453410387039185
0.44479984045028687
0.4481194317340851
0.44485655426979065
0.45368093252182007
0.4130626320838928
0.5154503583908081
0.4809603989124298
0.4573133885860443
0.4453880488872528
0.4398140609264374
0.45267295837402344
0.40177085995674133
0.4134143590927124
0.4028102457523346
0.46304526925086975
0.4001195430755615
0.4226410388946533
0.3757326602935791
0.4361133873462677
0.3592599034309387
0.4016045331954956
0.389361172914505
0.41365575790405273
0.43371322751045227
0.4313963055610657
0.3559778928756714
0.3663391172885895
0.3658355176448822
0.3959866166114807
0.3528856635093689
0.29217618703842163
0.2809859812259674
0.31776905059814453
0.39745277166366577
0.3265809416770935
0.3899843394756317
0.32398688793182373
0.4220188558101654
0.3293149769306183
0.3737676739692688
0.30969005823135376
0.2830914556980133
0.27125251293182373
0.35772839188575745
0.32820379734039307
0.3602543771266937
0.27092814445495605
0.3389309048652649
0.2580123841762543
0.32558396458625793
0.38508060574531555
0.3241916000843048
0.3331267535686493
0.23025654256343842
0.2550275921821594
0.2674543261528015
0.23489058017730713
0.37634170055389404
0.22982537746429443
0.3073810040950775
0.29809898138046265
0.2957358658313751
0.3371831476688385
0.30779460072517395
0.23057487607002258
0.31821128726005554
0.24742403626441956
0.2428245097398758
0.3824150860309601
0.30665263533592224
0.27281659841537476
0.24274976551532745
0.25555720925331116
0.23263633251190186
0.3399319350719452
0.20553870499134064
0.35553669929504395
0.28986698389053345
0.2600444257259369
0.2511995732784271
0.2383410632610321
0.29978230595588684
0.28346431255340576
0.22352293133735657
0.2466542273759842
0.2899715006351471
0.2619916498661041
0.2905464172363281
0.2559972405433655
0.22610944509506226
0.29163604974746704
0.26377633213996887
0.27379703521728516
0.26357921957969666
0.2254071831703186
0.3101990818977356
0.31029167771339417
0.3331665098667145
0.2638166546821594
0.4258195459842682
0.22818294167518616
0.27667656540870667
0.213054358959198
0.3684402108192444
0.3184632658958435
0.34336456656455994
0.3195846974849701
0.27657562494277954
0.3010869324207306
0.3473829925060272
0.3504464328289032
0.2905309498310089
0.3311231732368469
0.23861035704612732
0.2136119306087494
0.30779126286506653
0.3746701180934906
0.31414902210235596
0.27670061588287354
0.31883764266967773
0.34389784932136536
