0.2411893904209137
0.24821802973747253
0.2433147132396698
0.25456422567367554
0.24060264229774475
0.24177853763103485
0.2449226975440979
0.24170038104057312
0.24479903280735016
0.24227726459503174
0.24364763498306274
0.2433612197637558
0.24490292370319366
0.24459359049797058
0.2426411211490631
0.2445296049118042
0.2435116022825241
0.2419011890888214
0.24653270840644836
0.24567654728889465
0.2504481375217438
0.24512341618537903
0.2415805160999298
0.24573780596256256
0.24213172495365143
0.24086715281009674
0.24538880586624146
0.2409636676311493
0.24464631080627441
0.24295446276664734
0.24591322243213654
0.2442556917667389
0.24386906623840332
0.23848891258239746
0.24892070889472961
0.24919943511486053
0.24370041489601135
0.24388152360916138
0.2425411343574524
0.2443532645702362
0.2431580275297165
0.24483899772167206
0.24219918251037598
0.24589402973651886
0.24316708743572235
0.23729828000068665
0.2419874221086502
0.24735352396965027
0.24498267471790314
0.24192924797534943
0.24476520717144012
0.24170958995819092
0.25151050090789795
0.24509768187999725
0.24692746996879578
0.24164089560508728
0.24300512671470642
0.2537374198436737
0.24669358134269714
0.2465103715658188
0.24251893162727356
0.23958538472652435
0.24460341036319733
0.2472344934940338
0.24452617764472961
0.24399171769618988
0.24346213042736053
0.24289913475513458
0.24325591325759888
0.24644605815410614
0.24407152831554413
0.24609097838401794
0.24344001710414886
0.24509185552597046
0.24239636957645416
0.24284212291240692
0.2422201931476593
0.24419839680194855
0.24334587156772614
0.24310173094272614
0.24318477511405945
0.24499154090881348
0.2446371167898178
0.24353563785552979
0.2447168231010437
0.24342970550060272
0.24070005118846893
0.24497856199741364
0.2428390383720398
0.22836478054523468
0.24369466304779053
0.2414063811302185
0.24470311403274536
0.24664396047592163
0.24440085887908936
0.2470792979001999
0.2496769279241562
0.2465471774339676
0.2484409362077713
0.24155940115451813
0.24440132081508636
0.24903500080108643
0.24765893816947937
0.2413182407617569
0.24349738657474518
0.24443213641643524
0.24439071118831635
0.25824788212776184
0.25671643018722534
0.24261869490146637
0.2467103898525238
0.2433391660451889
0.2411203533411026
0.24687276780605316
0.24655014276504517
0.23759868741035461
0.24549061059951782
0.2468583583831787
0.2465810924768448
0.24107609689235687
0.2484479546546936
0.24295534193515778
0.24341000616550446
0.24230749905109406
0.24547705054283142
0.24648535251617432
0.24339792132377625
0.24759580194950104
0.2534596621990204
0.2437141388654709
0.24145163595676422
0.24774858355522156
0.2445414960384369
0.24195624887943268
0.24638795852661133
0.24473537504673004
0.2420409768819809
0.24666644632816315
0.24975153803825378
0.2427847683429718
0.24671728909015656
0.24262550473213196
0.24401415884494781
0.24582570791244507
0.24247701466083527
0.2428542524576187
0.2375146895647049
0.24220091104507446
0.24610067903995514
0.2445065826177597
0.2378607988357544
0.2454776167869568
0.2429094761610031
0.25087934732437134
0.2462795525789261
0.24549005925655365
0.25015389919281006
0.24536104500293732
0.24269206821918488
0.251118540763855
0.24594765901565552
0.23644953966140747
0.23992016911506653
0.24407799541950226
0.2448251098394394
0.2344878762960434
0.24281851947307587
0.2430223524570465
0.24005435407161713
0.24344782531261444
0.24365612864494324
0.24613487720489502
0.24460557103157043
0.2505496144294739
0.244315043091774
0.23917557299137115
0.24664926528930664
0.24416808784008026
0.24479974806308746
0.23770274221897125
0.24389997124671936
0.2500353157520294
0.24404872953891754
0.11434169858694077
0.2452925443649292
0.2433461844921112
0.24074025452136993
0.2390943020582199
0.2161305546760559
0.23444350063800812
0.21202924847602844
0.24229541420936584
0.23962347209453583
0.24232947826385498
0.23718029260635376
0.19994615018367767
0.23294012248516083
0.17230813205242157
0.2267853319644928
0.23202891647815704
0.22742080688476562
0.2320578694343567
0.21828630566596985
0.1051153764128685
0.17925041913986206
0.2119051218032837
0.2136589139699936
0.21542592346668243
0.2003455013036728
0.1805601567029953
0.12945862114429474
0.1746983528137207
0.19353018701076508
0.20087209343910217
0.1951534003019333
0.13339592516422272
0.03821292147040367
0.10737238824367523
0.1754584014415741
0.1859946846961975
0.18198111653327942
0.1454194188117981
0.07861855626106262
0.10720808804035187
0.13714751601219177
0.16756296157836914
0.1495635062456131
0.13150981068611145
0.09074155986309052
0.07103538513183594
0.12257752567529678
0.16800054907798767
0.18612167239189148
0.17885765433311462
0.08735378831624985
0.05450822412967682
0.09032634645700455
0.08237326890230179
0.10652042925357819
0.15277311205863953
0.10327354073524475
0.10486248135566711
0.0888773500919342
0.07710438966751099
0.12842334806919098
0.08426596224308014
0.12558183073997498
0.1010051965713501
0.045178890228271484
0.11008740216493607
