-0.05353792756795883
-0.0563034825026989
-0.048890091478824615
-0.039971109479665756
-0.047529563307762146
-0.07102517783641815
-0.04104631021618843
-0.0597713440656662
-0.049340639263391495
-0.05864803120493889
-0.02867509238421917
-0.04327070713043213
-0.05604485049843788
-0.06468189507722855
-0.05027779936790466
-0.08250176161527634
-0.05113920569419861
-0.053294092416763306
-0.051275648176670074
-0.04353950545191765
-0.04630425199866295
-0.05283211171627045
-0.07154685258865356
-0.06199374049901962
-0.07230646163225174
-0.0476270467042923
-0.05200585722923279
-0.06223733350634575
-0.06279614567756653
-0.06734313070774078
-0.04399574175477028
-0.0565529465675354
-0.07040123641490936
-0.024542097002267838
-0.06994007527828217
-0.03959549218416214
-0.062446821480989456
-0.0634763166308403
-0.0656607374548912
-0.040626708418130875
-0.054640933871269226
-0.05517465993762016
-0.07316766679286957
-0.07155703008174896
-0.061205632984638214
-0.0687122642993927
-0.056450255215168
-0.0801226943731308
-0.06394840776920319
-0.052564818412065506
-0.040762435644865036
-0.052076954394578934
-0.07669758796691895
-0.0895233303308487
-0.04208382964134216
-0.07459098100662231
-0.046028874814510345
-0.0714980959892273
-0.031198542565107346
-0.05891178175806999
-0.06093050166964531
-0.04954952374100685
-0.05466387793421745
-0.08655965328216553
-0.054415054619312286
-0.07268860936164856
-0.06043313071131706
-0.06863506883382797
-0.05942772701382637
-0.049406565725803375
-0.04731905087828636
-0.04083766043186188
-0.05174100771546364
-0.06985138356685638
-0.05719068646430969
-0.03521926328539848
-0.06289879232645035
-0.052808649837970734
-0.07129319757223129
-0.07038435339927673
-0.038314491510391235
-0.04328957945108414
-0.08522447198629379
-0.04959253594279289
-0.056613046675920486
-0.0667542815208435
-0.05655977874994278
-0.06893782317638397
-0.08043868094682693
-0.03533737361431122
-0.048709772527217865
-0.05604790523648262
-0.05697879195213318
-0.04867954179644585
-0.042506251484155655
-0.06688845157623291
-0.06146758422255516
-0.03958825767040253
-0.02339247055351734
-0.06074196472764015
-0.05893811956048012
-0.08161509037017822
-0.004045312292873859
-0.011741990223526955
-0.0351303331553936
-0.017882775515317917
-0.035719312727451324
-0.059498220682144165
-0.061707764863967896
-0.06822726875543594
-0.040510810911655426
0.0055019427090883255
0.007505950052291155
0.09262406826019287
-0.07489562779664993
-0.07134693115949631
-0.0563972070813179
-0.07420800626277924
-0.046600230038166046
-0.04935901239514351
0.05018205568194389
0.056414879858493805
0.00435521500185132
-0.054353754967451096
-0.024602536112070084
-0.03682202100753784
-0.065907783806324
-0.038271352648735046
0.05088752508163452
0.028987649828195572
0.07009615749120712
-0.009699700400233269
-0.04319901764392853
0.0011510128388181329
-0.003912519197911024
0.14118556678295135
-0.017739228904247284
-0.052542999386787415
-0.0539001040160656
-0.025772789493203163
-0.023270193487405777
0.023689180612564087
-0.045645225793123245
-0.0028344220481812954
-0.040261607617139816
-0.07575798779726028
-0.035816311836242676
-0.05651839077472687
-0.05615852028131485
0.01805165968835354
-0.03329770639538765
0.010527968406677246
-0.018077319487929344
-0.03661288693547249
-0.039908912032842636
-0.021422481164336205
-0.044125575572252274
0.007797049358487129
-0.052168965339660645
-0.05073704570531845
-0.037118393927812576
-0.05942797288298607
-0.01125042513012886
-0.028334876522421837
-0.030346166342496872
0.015474068000912666
-0.019203515723347664
-0.030947245657444
-0.058081336319446564
-0.03920638933777809
-0.07940639555454254
-0.0433085560798645
0.05271667242050171
-0.023911142721772194
-0.05239015817642212
-0.05492983013391495
-0.06028934568166733
-0.04690247029066086
-0.05001191794872284
-0.0087856724858284
-0.033101003617048264
-0.05650759115815163
-0.049087271094322205
-0.03309043124318123
-0.03201266750693321
-0.014285683631896973
-0.004253516439348459
0.01163131557404995
-0.04250384494662285
-0.0502963624894619
-0.056151580065488815
-0.07817239314317703
-0.09031063318252563
0.05308772996068001
0.01490072626620531
-0.045085661113262177
-0.05088202655315399
-0.03059716895222664
-0.052429672330617905
-0.02744297683238983
0.05756652355194092
-0.028863541781902313
-0.047370102256536484
-0.04504278302192688
-0.009501872584223747
-0.037311654537916183
-0.08384817093610764
0.014717428013682365
-0.0021063608583062887
-0.04313315823674202
-0.04394672065973282
-0.040845874696969986
-0.048746462911367416
-0.011432202532887459
-0.01856701448559761
-0.03083651512861252
-0.05040527135133743
0.005410701036453247
-0.035977646708488464
-0.028106514364480972
0.004839011933654547
-0.035744111984968185
-0.015547909773886204
-0.07710117846727371
-0.03737068548798561
-0.017545754089951515
-0.020805688574910164
0.024864796549081802
-0.05689695104956627
-0.05495521426200867
0.0030898365657776594
-0.023498212918639183
-0.05892335996031761
0.009013316594064236
0.030960578471422195
-0.042520921677351
-0.011262496002018452
-0.011044672690331936
-0.06345179677009583
-0.06938284635543823
0.09173987805843353
-0.019195936620235443
-0.05171795189380646
-0.011278261430561543
-0.02284412644803524
-0.02981816977262497
0.030464300885796547
-0.05847864970564842
-0.01838538609445095
0.09313030540943146
