-0.2362554967403412
-0.22561566531658173
-0.23526552319526672
-0.21337302029132843
-0.23882925510406494
-0.2373654842376709
-0.22453488409519196
-0.2303551733493805
-0.23186041414737701
-0.23783566057682037
-0.23705017566680908
-0.23238269984722137
-0.22498027980327606
-0.22874577343463898
-0.23049041628837585
-0.20854507386684418
-0.23235327005386353
-0.2260826975107193
-0.22886306047439575
-0.2265510857105255
-0.21060054004192352
-0.23559604585170746
-0.2318200021982193
-0.21914887428283691
-0.2284674495458603
-0.23523575067520142
-0.22098663449287415
-0.22666768729686737
-0.20469488203525543
-0.2013636827468872
-0.2123664915561676
-0.21748438477516174
-0.2087833136320114
-0.2225705087184906
-0.1915898621082306
-0.22272005677223206
-0.2153477519750595
-0.21012376248836517
-0.173040971159935
-0.21190360188484192
-0.21464118361473083
-0.20473460853099823
-0.16476957499980927
-0.19062082469463348
-0.17124345898628235
-0.1970498412847519
-0.2016543447971344
-0.21718545258045197
-0.21703654527664185
-0.18998819589614868
-0.21222546696662903
-0.22150938212871552
-0.21390485763549805
-0.21292179822921753
-0.19344545900821686
-0.17592588067054749
-0.21831463277339935
-0.2058635950088501
-0.20842045545578003
-0.23354461789131165
-0.20995937287807465
-0.22571469843387604
-0.2184746414422989
-0.2098916471004486
-0.22551260888576508
-0.20657978951931
-0.22739891707897186
-0.21599431335926056
-0.22537337243556976
-0.22395136952400208
-0.22149032354354858
-0.2163684368133545
-0.21461732685565948
-0.19752956926822662
-0.22994834184646606
-0.22104412317276
-0.21576440334320068
-0.21355409920215607
-0.21452634036540985
-0.18233850598335266
-0.21387165784835815
-0.2170879989862442
-0.198514923453331
-0.1914965808391571
-0.1811293661594391
-0.20233914256095886
-0.21229344606399536
-0.20404697954654694
-0.18823908269405365
-0.179741770029068
-0.18417732417583466
-0.15306876599788666
-0.1785007119178772
-0.13409927487373352
-0.1497042328119278
-0.1487145572900772
-0.1279231458902359
-0.18095538020133972
-0.13680362701416016
-0.14503075182437897
-0.1949513554573059
-0.12074381858110428
-0.15704047679901123
-0.16424164175987244
-0.1771794557571411
-0.1336650848388672
-0.16461066901683807
-0.18582391738891602
-0.1848044991493225
-0.19404157996177673
-0.19622129201889038
-0.20211198925971985
-0.15526743233203888
-0.219052255153656
-0.2044384628534317
-0.17114850878715515
-0.18232335150241852
-0.197443887591362
-0.20728695392608643
-0.18875747919082642
-0.19602560997009277
-0.17960666120052338
-0.20625250041484833
-0.2061932384967804
-0.20847441256046295
-0.17620506882667542
-0.21784678101539612
-0.19575589895248413
-0.2004089057445526
-0.20650914311408997
-0.22125960886478424
-0.22107356786727905
-0.21403715014457703
-0.2149174064397812
-0.2071605920791626
-0.20648473501205444
-0.22598809003829956
-0.2255433350801468
-0.2254752814769745
-0.21292665600776672
-0.2169545739889145
-0.23082023859024048
-0.2239093780517578
-0.22983932495117188
-0.22340406477451324
-0.222426638007164
-0.22220610082149506
-0.20864272117614746
-0.23009005188941956
-0.22599591314792633
-0.22738833725452423
-0.23056435585021973
-0.23144587874412537
-0.18164397776126862
-0.2158396989107132
-0.22451502084732056
-0.227558895945549
-0.23363138735294342
-0.21322211623191833
-0.22304889559745789
-0.22431205213069916
-0.22770507633686066
-0.23512600362300873
-0.2307475507259369
-0.23599502444267273
-0.23357869684696198
-0.21751385927200317
-0.23528100550174713
-0.23207351565361023
-0.23113662004470825
-0.23227308690547943
-0.2269696593284607
-0.23351773619651794
-0.22302843630313873
-0.21686029434204102
-0.23000875115394592
-0.23710431158542633
-0.2316553145647049
-0.23055845499038696
-0.23269809782505035
-0.23206956684589386
-0.22581984102725983
-0.23413388431072235
-0.2314159870147705
-0.23219795525074005
-0.2355116456747055
-0.2210833579301834
-0.22231143712997437
-0.23859895765781403
-0.23352418839931488
-0.2268669754266739
-0.22515469789505005
-0.209343820810318
-0.22828853130340576
-0.2323056161403656
-0.22775989770889282
-0.22588685154914856
-0.22802357375621796
-0.23372627794742584
-0.22268009185791016
-0.2281733602285385
-0.22522342205047607
-0.23268897831439972
-0.2351996749639511
-0.2234140783548355
-0.22779391705989838
-0.22249828279018402
-0.23162764310836792
-0.20976011455059052
-0.22504965960979462
-0.22549518942832947
-0.233717143535614
-0.22840170562267303
-0.22573968768119812
-0.2246006727218628
-0.22530482709407806
-0.2249308079481125
-0.2337181717157364
-0.21644046902656555
-0.2340898960828781
-0.23097264766693115
-0.22881005704402924
-0.22288957238197327
-0.22555525600910187
-0.23085148632526398
-0.2301216572523117
-0.22822460532188416
-0.2268742024898529
-0.2092636227607727
-0.23306703567504883
-0.2245236188173294
-0.2355097532272339
-0.22812673449516296
-0.22344529628753662
-0.21018943190574646
-0.22913777828216553
-0.22751134634017944
-0.22707024216651917
-0.23047953844070435
-0.21429865062236786
-0.21520750224590302
-0.21665847301483154
-0.22136855125427246
-0.21603608131408691
-0.2058691531419754
-0.22670906782150269
-0.2229272425174713
-0.23168909549713135
-0.2260485589504242
-0.2213030755519867
-0.22680634260177612
-0.21283841133117676
-0.22088615596294403
-0.21525698900222778
-0.2203507423400879
-0.2135079950094223
-0.22397999465465546
-0.22226014733314514
-0.22220127284526825
-0.22065815329551697
-0.2110554277896881
-0.2136048972606659
-0.21668468415737152
-0.20810827612876892
-0.21972429752349854
-0.2010168582201004
-0.21768024563789368
-0.23048488795757294
-0.21957921981811523
-0.22878587245941162
-0.1968921422958374
-0.20621941983699799
-0.2051224261522293
-0.21096375584602356
-0.21028023958206177
-0.21719898283481598
-0.20517732203006744
-0.20613069832324982
-0.2259257435798645
-0.23078367114067078
-0.22657428681850433
-0.20565536618232727
-0.21362781524658203
-0.22542206943035126
-0.21709898114204407
-0.18977221846580505
-0.22079971432685852
-0.21952056884765625
-0.22695983946323395
-0.21403542160987854
-0.21998852491378784
-0.21317638456821442
-0.21066032350063324
-0.21937501430511475
-0.21225200593471527
-0.2180306315422058
-0.2089339792728424
-0.22156120836734772
-0.21145354211330414
-0.21571823954582214
-0.2118266373872757
-0.20842194557189941
-0.22236813604831696
-0.21799200773239136
-0.21856212615966797
-0.21588845551013947
-0.220237597823143
-0.22291800379753113
-0.216800719499588
-0.20819993317127228
-0.21693657338619232
-0.2192903608083725
-0.21241246163845062
-0.21918317675590515
-0.20872092247009277
-0.2210947424173355
-0.21861906349658966
-0.2109508067369461
-0.2269759476184845
-0.22998817265033722
-0.21601273119449615
-0.2175237238407135
-0.21665167808532715
-0.21400074660778046
-0.20440731942653656
-0.21523500978946686
-0.2297280728816986
-0.22251102328300476
-0.21444584429264069
-0.21698041260242462
-0.22405725717544556
-0.2260545790195465
-0.23138107359409332
-0.2280842363834381
-0.22662948071956635
-0.22253736853599548
-0.22615061700344086
-0.21714916825294495
-0.23516561090946198
-0.22122901678085327
-0.2316134124994278
-0.21792267262935638
-0.22794337570667267
-0.23105062544345856
-0.22499683499336243
-0.2318243384361267
-0.23043130338191986
-0.23112857341766357
-0.21870440244674683
-0.22080247104167938
-0.22038063406944275
-0.21923603117465973
-0.23349030315876007
-0.22350449860095978
-0.23191934823989868
-0.23045948147773743
-0.21779343485832214
-0.23117227852344513
-0.2285502851009369
-0.2259637713432312
-0.21645961701869965
-0.22925497591495514
-0.2231760323047638
-0.23155124485492706
-0.22995798289775848
-0.22077582776546478
-0.22518903017044067
-0.2356461137533188
-0.22919373214244843
-0.22426001727581024
-0.23029190301895142
-0.2340490072965622
-0.23558470606803894
-0.23507174849510193
-0.2205258011817932
-0.2305622547864914
-0.22843219339847565
-0.23336833715438843
-0.22614464163780212
-0.21779702603816986
-0.23602312803268433
-0.23094332218170166
-0.22619010508060455
-0.23069941997528076
-0.21308790147304535
-0.23109644651412964
-0.2352840155363083
-0.23436158895492554
-0.23292285203933716
-0.22419589757919312
-0.22229167819023132
-0.23045913875102997
-0.2350841760635376
-0.2305172085762024
-0.2302134484052658
-0.2343699336051941
-0.22540146112442017
-0.2318798005580902
-0.22449325025081635
-0.2293536514043808
-0.22045965492725372
-0.2290043830871582
-0.23092642426490784
-0.23527781665325165
-0.22968868911266327
-0.22477754950523376
-0.23133887350559235
-0.22557097673416138
-0.22864338755607605
-0.23849374055862427
-0.23156194388866425
-0.23304176330566406
-0.234381765127182
-0.2174093872308731
-0.2341262251138687
-0.23149026930332184
-0.223099946975708
-0.2302955687046051
-0.22860708832740784
-0.2234884351491928
-0.23320476710796356
-0.2350078970193863
-0.2350439876317978
-0.2347388118505478
-0.225097194314003
-0.23639388382434845
-0.23475490510463715
-0.21641644835472107
-0.23401030898094177
-0.23276737332344055
-0.22972583770751953
-0.23424984514713287
-0.23671594262123108
-0.22842365503311157
-0.23086977005004883
-0.23715141415596008
-0.22411830723285675
-0.2227403223514557
-0.2284483015537262
-0.22997021675109863
-0.2250877320766449
-0.23138897120952606
-0.225703626871109
-0.23144735395908356
-0.2261599451303482
-0.21376439929008484
-0.22522027790546417
-0.22339680790901184
-0.22533650696277618
-0.23013673722743988
-0.2185988873243332
-0.22875869274139404
-0.22402752935886383
-0.23385494947433472
-0.22950169444084167
-0.22611366212368011
-0.23052296042442322
-0.2303621768951416
-0.23575443029403687
-0.23611196875572205
-0.236557736992836
-0.2104378640651703
-0.2275666445493698
-0.22292840480804443
-0.21222664415836334
-0.23445509374141693
-0.22377099096775055
-0.22979258000850677
-0.22564537823200226
-0.22297556698322296
-0.21813344955444336
-0.22253745794296265
-0.22235848009586334
-0.22335106134414673
-0.22687651216983795
-0.23050980269908905
-0.23380182683467865
-0.21832385659217834
-0.22986336052417755
-0.22519932687282562
-0.23210930824279785
-0.22474108636379242
-0.21759849786758423
-0.21691517531871796
-0.23157784342765808
-0.2345981001853943
-0.21403871476650238
-0.20867592096328735
-0.21830660104751587
-0.2100065052509308
-0.22600266337394714
-0.2237967997789383
-0.22225412726402283
-0.22860662639141083
-0.2263270616531372
-0.23706552386283875
-0.23471008241176605
-0.22612829506397247
-0.22163179516792297
-0.2342020869255066
-0.21765844523906708
-0.22851425409317017
-0.22926868498325348
-0.23745064437389374
-0.22491413354873657
-0.2290080487728119
-0.20719073712825775
-0.2157999575138092
-0.2214832752943039
-0.22521603107452393
-0.22995755076408386
-0.22699929773807526
-0.21686114370822906
-0.22466294467449188
-0.2258167266845703
-0.22647933661937714
-0.23500339686870575
-0.23200924694538116
-0.22889573872089386
-0.2253682017326355
-0.2299984246492386
-0.2234627902507782
-0.22679372131824493
-0.23529551923274994
-0.22513704001903534
-0.22971194982528687
-0.22514118254184723
-0.23183195292949677
-0.23058991134166718
-0.23014523088932037
-0.218293696641922
-0.21969003975391388
-0.23010128736495972
-0.22252337634563446
-0.23293255269527435
-0.22265392541885376
-0.22108927369117737
-0.2283792495727539
-0.23015664517879486
-0.22570765018463135
-0.2349412739276886
-0.23293234407901764
-0.23492509126663208
-0.22488021850585938
-0.22567355632781982
-0.23445014655590057
-0.233646959066391
-0.22238069772720337
-0.224528506398201
-0.21751348674297333
-0.2309902012348175
-0.23187293112277985
-0.2300475537776947
-0.22718797624111176
-0.22734421491622925
-0.22868035733699799
-0.2247130572795868
-0.20586171746253967
-0.2128506600856781
-0.21015796065330505
-0.19910430908203125
-0.21909977495670319
-0.2287256419658661
-0.21106454730033875
-0.21131664514541626
-0.22765767574310303
-0.21794021129608154
-0.227377787232399
-0.22776058316230774
-0.2046372890472412
-0.2252611517906189
-0.22099336981773376
-0.22706688940525055
-0.22055497765541077
-0.22901268303394318
-0.20877116918563843
-0.221369206905365
-0.19951006770133972
-0.2322964370250702
-0.2289661318063736
-0.22056132555007935
-0.22450001537799835
-0.21805965900421143
-0.22861474752426147
-0.2121448963880539
-0.2092944234609604
-0.2230144590139389
-0.22449354827404022
-0.2234399914741516
-0.19463157653808594
-0.211234450340271
-0.2194029986858368
-0.2151024043560028
-0.21355770528316498
-0.2126435786485672
-0.22836880385875702
-0.23127008974552155
-0.22383718192577362
-0.20573535561561584
-0.21296782791614532
-0.22647233307361603
-0.19233457744121552
-0.22815117239952087
-0.2186812311410904
-0.21366681158542633
-0.20302388072013855
-0.22422364354133606
-0.22820523381233215
-0.22269591689109802
-0.20175063610076904
-0.2056901752948761
-0.19809211790561676
-0.18709932267665863
-0.22301934659481049
-0.2008299082517624
-0.1649177521467209
-0.21585935354232788
-0.19823607802391052
-0.21322651207447052
-0.22213083505630493
-0.21721039712429047
-0.22098590433597565
-0.21388892829418182
-0.21523578464984894
-0.21767863631248474
-0.21507060527801514
-0.1656963974237442
-0.21484670042991638
-0.20755062997341156
-0.1868179589509964
-0.19692330062389374
-0.18529003858566284
-0.21313384175300598
-0.2077682912349701
-0.20855852961540222
-0.1816796213388443
-0.1931374967098236
-0.21588411927223206
-0.199258491396904
-0.18546593189239502
-0.21076762676239014
-0.2155141681432724
-0.19680635631084442
-0.201765239238739
-0.1935870349407196
-0.2079780399799347
-0.22623132169246674
-0.19686861336231232
-0.1894640326499939
-0.16736674308776855
-0.1560877561569214
-0.19058085978031158
-0.20012196898460388
-0.14399296045303345
-0.21049492061138153
-0.21170437335968018
-0.21070797741413116
-0.1941557675600052
-0.1905558556318283
-0.19201023876667023
-0.19980743527412415
-0.1643373966217041
-0.16419045627117157
-0.17779582738876343
-0.2094258815050125
-0.19205962121486664
-0.17614109814167023
-0.16613273322582245
-0.18989676237106323
-0.20354929566383362
-0.1882101595401764
-0.22006022930145264
-0.2170903980731964
-0.13331514596939087
-0.1777462363243103
-0.1725214272737503
-0.1821964979171753
-0.20483697950839996
-0.20507177710533142
-0.18315774202346802
-0.20888228714466095
-0.21377092599868774
-0.19176092743873596
-0.19800780713558197
-0.1792857050895691
-0.1395600140094757
-0.21226045489311218
-0.16204550862312317
-0.1697545051574707
-0.2021605521440506
-0.1828468143939972
-0.18837609887123108
-0.20036117732524872
-0.1994042545557022
-0.20898756384849548
-0.2007032036781311
-0.21398045122623444
-0.20187553763389587
-0.1875518411397934
-0.22828266024589539
-0.16714732348918915
-0.1826343983411789
-0.19709648191928864
-0.19667662680149078
-0.20942220091819763
-0.19664119184017181
-0.19334428012371063
-0.21096888184547424
-0.20981720089912415
-0.21297134459018707
-0.21858009696006775
-0.19514384865760803
-0.21837928891181946
-0.17308925092220306
-0.19940631091594696
-0.22530999779701233
-0.20391227304935455
-0.2170281708240509
-0.2094169408082962
-0.21210408210754395
-0.2115851789712906
-0.21224579215049744
-0.20598013699054718
-0.20054876804351807
-0.20716902613639832
-0.19851015508174896
-0.2167651206254959
-0.21559713780879974
-0.1842995285987854
-0.21883860230445862
-0.21175049245357513
-0.22690355777740479
-0.20712584257125854
-0.19416719675064087
-0.22027772665023804
-0.21799415349960327
-0.21501123905181885
-0.20845624804496765
-0.2173410952091217
-0.2168038785457611
-0.17836223542690277
-0.2116812765598297
-0.2101934850215912
-0.2187354862689972
-0.21319615840911865
-0.2031414806842804
-0.21175946295261383
-0.20876599848270416
-0.20332525670528412
-0.21470622718334198
-0.2240268886089325
-0.22215873003005981
-0.23040646314620972
-0.2263350486755371
-0.2312990427017212
-0.22241470217704773
-0.2270662784576416
-0.2236136496067047
-0.22896431386470795
-0.21180550754070282
-0.22694721817970276
-0.23161444067955017
-0.2184440642595291
-0.22235341370105743
-0.2299502193927765
-0.20485033094882965
-0.2251235395669937
-0.21299071609973907
-0.22353404760360718
-0.22576388716697693
-0.23390187323093414
-0.2068297415971756
-0.2205609828233719
-0.21520443260669708
-0.2280769646167755
-0.22726695239543915
-0.22813425958156586
-0.231789231300354
-0.23048283159732819
-0.19597618281841278
-0.19565409421920776
-0.2328665852546692
-0.22009721398353577
-0.22553399205207825
-0.23074613511562347
-0.22715426981449127
-0.22688673436641693
-0.2356475293636322
-0.22951658070087433
-0.21532359719276428
-0.22951622307300568
-0.22550946474075317
-0.23293451964855194
-0.2357933223247528
-0.22347331047058105
-0.22750072181224823
-0.21463614702224731
-0.21566681563854218
-0.23343858122825623
-0.23214413225650787
-0.22570496797561646
-0.22856132686138153
-0.22703608870506287
-0.20479558408260345
-0.23155391216278076
-0.21815575659275055
-0.22924858331680298
-0.23014913499355316
-0.22841881215572357
-0.22965107858181
-0.22045056521892548
-0.21754306554794312
-0.23777556419372559
-0.21648789942264557
-0.22628773748874664
-0.22674249112606049
-0.2303425520658493
-0.23263932764530182
-0.2204498052597046
-0.22288796305656433
-0.22624489665031433
-0.19657574594020844
-0.22709862887859344
-0.2240193635225296
-0.21460044384002686
-0.19974319636821747
-0.22060567140579224
-0.22816497087478638
-0.2240251749753952
-0.23314213752746582
-0.2265358716249466
-0.2171180248260498
-0.23626744747161865
-0.21942535042762756
-0.2188301682472229
-0.23330287635326385
-0.2291986644268036
-0.2291087806224823
-0.23058751225471497
-0.23178304731845856
-0.2307729870080948
-0.22766302525997162
-0.2271464765071869
-0.2156912088394165
-0.23770853877067566
-0.22601749002933502
-0.2217906415462494
-0.23149539530277252
-0.22761423885822296
-0.22030699253082275
-0.23281104862689972
-0.2287369966506958
-0.22757911682128906
-0.2194245159626007
-0.22356358170509338
-0.20088958740234375
-0.22483094036579132
-0.231196790933609
-0.23195061087608337
-0.23269721865653992
-0.23111501336097717
-0.22904963791370392
-0.22825808823108673
-0.21940027177333832
-0.22830618917942047
-0.2188539057970047
-0.22600148618221283
-0.20238545536994934
-0.23388516902923584
-0.23082171380519867
-0.16836978495121002
-0.2202903926372528
-0.2211025506258011
-0.2238318920135498
-0.234293133020401
-0.23030684888362885
-0.22317911684513092
-0.22779741883277893
-0.23597252368927002
-0.21843263506889343
-0.2318454086780548
-0.22536800801753998
-0.23067966103553772
-0.22745075821876526
-0.2202216535806656
-0.22004257142543793
-0.22308403253555298
-0.21614287793636322
-0.23587609827518463
-0.210575133562088
-0.22340242564678192
-0.23674140870571136
-0.2380870282649994
-0.23285873234272003
-0.21298867464065552
-0.21489959955215454
-0.23121707141399384
-0.2371026575565338
-0.21505947411060333
-0.23297274112701416
-0.23260511457920074
-0.22836236655712128
-0.22619812190532684
-0.22551743686199188
-0.2319282442331314
-0.23416803777217865
-0.22740836441516876
-0.22786973416805267
-0.2360687553882599
-0.21946406364440918
-0.22860266268253326
-0.231864333152771
-0.22201630473136902
-0.23503252863883972
-0.2313268929719925
-0.2200624793767929
-0.2346149981021881
-0.2300773710012436
-0.22282062470912933
-0.22951030731201172
-0.22920837998390198
-0.2244817316532135
-0.2352861911058426
-0.2379891276359558
-0.22671613097190857
-0.22199349105358124
-0.2371775507926941
-0.23348180949687958
-0.2318858504295349
-0.21796876192092896
-0.21426038444042206
-0.22139832377433777
-0.2207537442445755
-0.2267002910375595
-0.23331423103809357
-0.22397223114967346
-0.23290708661079407
-0.22416619956493378
-0.21244798600673676
-0.22726543247699738
-0.2377261072397232
-0.22624816000461578
-0.2261585146188736
-0.22622603178024292
-0.23107150197029114
-0.22997958958148956
-0.23688215017318726
-0.22264160215854645
-0.2133864462375641
-0.22993524372577667
-0.22171321511268616
-0.21334964036941528
-0.227362260222435
-0.22814315557479858
-0.2311692237854004
-0.22713671624660492
-0.21714937686920166
-0.22643408179283142
-0.22760584950447083
-0.22855046391487122
-0.23338256776332855
-0.22227008640766144
-0.23372480273246765
-0.2185615748167038
-0.2070101648569107
-0.2260006070137024
-0.21107502281665802
-0.22250014543533325
-0.22556529939174652
-0.2226008027791977
-0.22219908237457275
-0.21296235918998718
-0.1985481232404709
-0.22649769484996796
-0.2220740169286728
-0.22674593329429626
-0.21175624430179596
-0.21654435992240906
-0.23331144452095032
-0.22239315509796143
-0.193991556763649
-0.22134147584438324
-0.21989788115024567
-0.22196070849895477
-0.2179703712463379
-0.2266480028629303
-0.2300887554883957
-0.21855224668979645
-0.22723479568958282
-0.2151409536600113
-0.19622422754764557
-0.21718810498714447
-0.2163943201303482
-0.213034987449646
-0.22485026717185974
-0.22505952417850494
-0.20429036021232605
-0.22901137173175812
-0.22323094308376312
-0.22378815710544586
