-0.11874012649059296
-0.1099192351102829
-0.11873579025268555
-0.09948139637708664
-0.12163844704627991
-0.12099073827266693
-0.11071217805147171
-0.11573490500450134
-0.11775025725364685
-0.12010639905929565
-0.11940878629684448
-0.11887022107839584
-0.11320237815380096
-0.1155005693435669
-0.11722372472286224
-0.10739462077617645
-0.11950734257698059
-0.11818617582321167
-0.11434470117092133
-0.11670151352882385
-0.10372496396303177
-0.11735527217388153
-0.12380556762218475
-0.11470845341682434
-0.12326332926750183
-0.12390740215778351
-0.11606715619564056
-0.12088214606046677
-0.11732929944992065
-0.11600780487060547
-0.11233992129564285
-0.11438249051570892
-0.11118065565824509
-0.11736764013767242
-0.11388970911502838
-0.10534044355154037
-0.11998958885669708
-0.11324959993362427
-0.1204829290509224
-0.11979855597019196
-0.12216262519359589
-0.11237524449825287
-0.12039738893508911
-0.11509405076503754
-0.11417439579963684
-0.12416695058345795
-0.11778049170970917
-0.11463943868875504
-0.11265301704406738
-0.11862015724182129
-0.11728683859109879
-0.12349314242601395
-0.09608566761016846
-0.11597111076116562
-0.1072256937623024
-0.12368468195199966
-0.11901585757732391
-0.093016617000103
-0.11029373109340668
-0.1174120381474495
-0.11757469922304153
-0.12095983326435089
-0.11866782605648041
-0.1102994754910469
-0.11612001061439514
-0.115559883415699
-0.12164422869682312
-0.12083877623081207
-0.11453323066234589
-0.11263930797576904
-0.11355800926685333
-0.11062492430210114
-0.11517836153507233
-0.11570276319980621
-0.11663597077131271
-0.1150033175945282
-0.11693470180034637
-0.11844752728939056
-0.11685237288475037
-0.11839008331298828
-0.12139910459518433
-0.11470209062099457
-0.12021563947200775
-0.11201216280460358
-0.11065132170915604
-0.11961734294891357
-0.11987923085689545
-0.11883674561977386
-0.12161657214164734
-0.11884650588035583
-0.11518368870019913
-0.11897460371255875
-0.11958495527505875
-0.11435505747795105
-0.11118237674236298
-0.1150173544883728
-0.10686621069908142
-0.11302782595157623
-0.11105867475271225
-0.1194562017917633
-0.11641721427440643
-0.10617362707853317
-0.10748264938592911
-0.11868033558130264
-0.1164340227842331
-0.11822255700826645
-0.11772489547729492
-0.09978864341974258
-0.090101458132267
-0.1187826544046402
-0.11323533952236176
-0.11583079397678375
-0.10684318840503693
-0.11348389834165573
-0.11532371491193771
-0.12006442248821259
-0.10948646813631058
-0.11370821297168732
-0.11405359208583832
-0.11526381969451904
-0.11229616403579712
-0.1171410083770752
-0.11950434744358063
-0.11680687963962555
-0.1095152199268341
-0.11617124080657959
-0.11886120587587357
-0.11019891500473022
-0.10501110553741455
-0.11430701613426208
-0.12241348624229431
-0.11197052896022797
-0.11342132091522217
-0.12237726151943207
-0.1169683113694191
-0.11441338062286377
-0.12128576636314392
-0.11319243162870407
-0.11232411116361618
-0.12399564683437347
-0.11451243609189987
-0.11857027560472488
-0.11674435436725616
-0.11275985091924667
-0.12106961756944656
-0.1193341463804245
-0.10724490880966187
-0.1202465295791626
-0.11355430632829666
-0.12178640812635422
-0.06357318162918091
-0.11836661398410797
-0.12090535461902618
-0.1182817742228508
-0.09401210397481918
-0.11136191338300705
-0.10551201552152634
-0.11145151406526566
-0.11766193807125092
-0.10492657124996185
-0.11630016565322876
-0.11760278046131134
-0.10967414081096649
-0.11634791642427444
-0.11825449764728546
-0.11925723403692245
-0.12092439830303192
-0.12033971399068832
-0.11958568543195724
-0.10562761127948761
-0.1175181120634079
-0.11535089462995529
-0.11904602497816086
-0.11650438606739044
-0.11880338937044144
-0.11962518095970154
-0.06514633446931839
-0.10020884871482849
-0.11365625262260437
-0.11099069565534592
-0.1002834290266037
-0.11420270800590515
-0.11752911657094955
-0.09629315882921219
-0.08249330520629883
-0.1143069863319397
-0.11612141877412796
-0.08361726254224777
-0.12398600578308105
-0.11170431971549988
-0.11309905350208282
-0.11340293288230896
-0.11326152086257935
-0.07073742896318436
-0.11490406095981598
-0.12335128337144852
-0.1143965944647789
-0.1152617335319519
0.003616511821746826
-0.11947553604841232
-0.10133069008588791
-0.10208021104335785
-0.10545048862695694
-0.11729930341243744
-0.0898532122373581
-0.10957394540309906
-0.11250612884759903
-0.1079326942563057
-0.11482414603233337
-0.10825321078300476
-0.11902081966400146
-0.10048568248748779
-0.11311356723308563
-0.099768728017807
-0.0735539048910141
-0.039425432682037354
-0.1067115068435669
-0.11942417919635773
-0.10653151571750641
-0.10482242703437805
-0.11024916917085648
-0.10741756856441498
-0.12184606492519379
-0.11178182810544968
-0.11313007026910782
-0.1144479513168335
-0.1101955771446228
-0.07858779281377792
-0.11704424023628235
-0.12385810166597366
-0.10507762432098389
-0.11764444410800934
-0.1114037036895752
-0.12198629230260849
-0.11423887312412262
-0.09476341307163239
-0.09212156385183334
-0.11234457045793533
-0.11156526207923889
-0.1247464269399643
-0.11468978971242905
-0.11532533168792725
-0.11459323763847351
-0.11751481890678406
-0.08118080347776413
-0.10046005994081497
-0.11288409680128098
-0.12264348566532135
-0.10746532678604126
-0.11886217445135117
