0.021049518138170242
0.017803989350795746
0.022931884974241257
0.03172816336154938
0.02459637075662613
0.007730156183242798
0.028728026896715164
0.015721149742603302
0.02267126739025116
0.017586182802915573
0.04024829715490341
0.02823837473988533
0.018609479069709778
0.009509772062301636
0.022256970405578613
-0.005180332809686661
0.02203071117401123
0.01798185706138611
0.022286340594291687
0.02657749131321907
0.027153272181749344
0.02044980600476265
0.005112163722515106
0.01600978896021843
0.00615440309047699
0.0259866826236248
0.02125973254442215
0.012115910649299622
0.012026049196720123
0.009453296661376953
0.027756907045841217
0.017472125589847565
0.008223362267017365
0.04258739948272705
0.006795492023229599
0.031797971576452255
0.01092616468667984
0.012194488197565079
0.007744979113340378
0.03420057147741318
0.018016211688518524
0.009019490331411362
0.0017127655446529388
0.006127990782260895
0.013295046985149384
0.0076117366552352905
0.019086983054876328
-0.0011963360011577606
0.011201366782188416
0.02283162623643875
0.036721546202898026
0.02513555809855461
0.0009104721248149872
-0.010292097926139832
0.030428193509578705
-0.00043160468339920044
0.023020487278699875
0.004032868891954422
0.033886827528476715
0.01534029096364975
0.013914842158555984
0.016560688614845276
0.02073517069220543
-0.0052489303052425385
0.019847068935632706
0.003924183547496796
0.013542089611291885
0.006994225084781647
0.016331251710653305
0.024984396994113922
0.02902800589799881
0.03167581185698509
0.023273944854736328
0.008513808250427246
0.018323302268981934
0.034417297691106796
0.013284239917993546
0.01980140432715416
0.007222078740596771
0.004082489758729935
0.036709100008010864
0.030587151646614075
-0.007798455655574799
0.02240443229675293
0.020561717450618744
0.004982944577932358
0.01694401353597641
0.0061868466436862946
0.005378250032663345
0.03423719108104706
0.02486581727862358
0.016124237328767776
0.020177461206912994
0.02441370114684105
0.0014678984880447388
0.00733029842376709
0.008379384875297546
0.07810856401920319
0.04954385757446289
0.015040099620819092
0.015078481286764145
0.003806058317422867
0.07063403725624084
0.02659788727760315
0.025806434452533722
0.07649039477109909
0.03294772654771805
0.012048572301864624
0.015259061008691788
0.011193960905075073
0.05428185313940048
0.017293982207775116
-0.015718143433332443
0.04121322184801102
0.018598690629005432
0.026183515787124634
0.03941413760185242
0.011573467403650284
0.04907353222370148
0.052111394703388214
0.07292437553405762
0.18576876819133759
0.04337751492857933
0.020424284040927887
0.03320955112576485
0.0208401121199131
0.006927423179149628
0.014703202992677689
0.01694074645638466
0.07673530280590057
0.0508192740380764
0.041944362223148346
0.020812660455703735
0.03167549520730972
-0.007805965840816498
0.03211931884288788
0.20145614445209503
0.06904222071170807
0.03486092761158943
0.01836046203970909
-0.010254360735416412
0.031236838549375534
0.011790480464696884
0.07896456122398376
0.3356126546859741
0.014327059499919415
0.018582813441753387
0.02185157686471939
0.003996632993221283
0.038530901074409485
0.15888835489749908
0.048914648592472076
0.015764974057674408
0.06268676370382309
0.024385012686252594
0.019042689353227615
0.04912414774298668
0.04987610876560211
0.0904788076877594
0.047708652913570404
0.02152489311993122
-0.0017599351704120636
-0.014110609889030457
0.051223061978816986
0.014183835126459599
0.10011406242847443
0.008746813982725143
0.015507951378822327
0.0559883676469326
0.02698848955333233
0.030099712312221527
0.020886041224002838
0.062346458435058594
0.04800737276673317
0.04020743817090988
0.0072481669485569
0.06753557920455933
0.032080549746751785
0.023226141929626465
0.004988230764865875
0.04038326442241669
0.012286137789487839
0.030087023973464966
0.011578332632780075
0.013064257800579071
0.06653068959712982
-0.001693911850452423
0.03656405210494995
0.035240694880485535
0.0067289769649505615
0.01223723590373993
0.05170077830553055
0.010651625692844391
0.03950878605246544
0.029598694294691086
-0.0028162822127342224
0.045236438512802124
0.00410829484462738
0.031114164739847183
0.03437081351876259
0.055624306201934814
0.0022988468408584595
0.06726422905921936
-0.030431460589170456
0.03143605589866638
0.04947495833039284
0.1971823126077652
0.01237429678440094
0.05833893641829491
0.0177912637591362
-0.010015852749347687
0.005248241126537323
0.0015916228294372559
0.04887428134679794
0.05453135445713997
0.012793861329555511
0.03515508770942688
0.07460011541843414
0.11399683356285095
0.035249680280685425
0.05632685869932175
0.006562516093254089
-0.025248967111110687
0.006765082478523254
0.0406947135925293
0.034864842891693115
0.013664597645401955
0.08745383471250534
0.023380983620882034
-0.010452762246131897
0.008539877831935883
0.049772512167692184
0.05276017263531685
0.062308087944984436
0.022164154797792435
0.02595161274075508
0.0119878388941288
0.026081155985593796
0.02660704217851162
0.08755375444889069
0.03034001775085926
0.06654509156942368
-0.0015220940113067627
0.023552503436803818
0.036149997264146805
0.06466034799814224
0.050361499190330505
-0.006640106439590454
-0.00021560490131378174
0.026721134781837463
