0.377373605966568
0.38585880398750305
0.3786296546459198
0.3950459957122803
0.37551549077033997
0.3766273856163025
0.38473767042160034
0.3803279399871826
0.3811488747596741
0.3766864836215973
0.3777892291545868
0.37983575463294983
0.38431283831596375
0.3825033903121948
0.3801855444908142
0.39131614565849304
0.3795051574707031
0.38203519582748413
0.3826618790626526
0.3828306794166565
0.3934154510498047
0.3761690855026245
0.37880176305770874
0.3851052522659302
0.37820231914520264
0.3749850392341614
0.3829684257507324
0.37782639265060425
0.3964799642562866
0.3935285806655884
0.3886268138885498
0.3845674991607666
0.3834274113178253
0.37515005469322205
0.3995956778526306
0.376919686794281
0.3805707097053528
0.3843274712562561
0.40629708766937256
0.38473260402679443
0.38453444838523865
0.3863004148006439
0.40203461050987244
0.40057945251464844
0.41823679208755493
0.39132067561149597
0.3881658911705017
0.37797024846076965
0.38471537828445435
0.3993527293205261
0.3829980790615082
0.380466103553772
0.38330942392349243
0.3907790780067444
0.3964734673500061
0.40642446279525757
0.3800455331802368
0.3863871395587921
0.3858492076396942
0.3785896301269531
0.3850402235984802
0.3799968957901001
0.38602933287620544
0.38556969165802
0.37914589047431946
0.39080286026000977
0.3778970539569855
0.3799096643924713
0.37527912855148315
0.374517560005188
0.3772726058959961
0.38276296854019165
0.3899396061897278
0.3979829251766205
0.37558233737945557
0.38410887122154236
0.3821607232093811
0.3906925916671753
0.38006967306137085
0.40016695857048035
0.38690924644470215
0.3791962265968323
0.3893294930458069
0.41494977474212646
0.41181886196136475
0.38470837473869324
0.37497517466545105
0.3886171281337738
0.3885701298713684
0.3992598354816437
0.38978466391563416
0.4301283061504364
0.3566908538341522
0.3882400691509247
0.368177592754364
0.3718012273311615
0.3404091000556946
0.29417312145233154
0.3806992173194885
0.29445797204971313
0.3208077549934387
0.2692375183105469
0.33483612537384033
0.4152695834636688
0.31943023204803467
0.36559540033340454
0.3853444457054138
0.4162254333496094
0.4121255874633789
0.3787005543708801
0.3573667109012604
0.3786579370498657
0.3529195189476013
0.3634634017944336
0.3844800591468811
0.3802466094493866
0.38101470470428467
0.35513073205947876
0.36411258578300476
0.3646849989891052
0.3611917495727539
0.4560123085975647
0.3889654874801636
0.367634117603302
0.36888933181762695
0.38797658681869507
0.353872686624527
0.37676090002059937
0.3676549196243286
0.36082714796066284
0.36582550406455994
0.36464983224868774
0.37453120946884155
0.36770862340927124
0.3890437185764313
0.36397385597229004
0.3593212366104126
0.3640919625759125
0.3835744261741638
0.35658010840415955
0.35668832063674927
0.35378944873809814
0.3466920256614685
0.3689700663089752
0.34939610958099365
0.35575175285339355
0.35304537415504456
0.3561253845691681
0.3568993806838989
0.3521255552768707
0.36777934432029724
0.3581216633319855
0.3524568974971771
0.3770526349544525
0.3690398931503296
0.37077218294143677
0.34590035676956177
0.35427090525627136
0.35012325644493103
0.34877780079841614
0.3436397910118103
0.35045355558395386
0.3420143127441406
0.3559796214103699
0.3605034053325653
0.35436561703681946
0.35985589027404785
0.3510124385356903
0.3597344756126404
0.35122352838516235
0.39024457335472107
0.3609445095062256
0.3517700433731079
0.34083396196365356
0.3525271415710449
0.3548005223274231
0.3447198271751404
0.3587455451488495
0.36733555793762207
0.34784960746765137
0.33966362476348877
0.340642511844635
0.3455301523208618
0.32447415590286255
0.3391408920288086
0.3306872844696045
0.342088907957077
0.3427025377750397
0.3468971848487854
0.3586004376411438
0.3528883457183838
0.3445990979671478
0.34281235933303833
0.3473512828350067
0.3080597221851349
0.3368474841117859
0.33178868889808655
0.3698213994503021
0.3439908027648926
0.3327838182449341
0.3446331322193146
0.35027992725372314
0.34075209498405457
0.3259158134460449
0.3522695004940033
0.3314324915409088
0.3308132290840149
0.3420828580856323
0.30727019906044006
0.3523922264575958
0.337118536233902
0.3457100987434387
0.34644266963005066
0.34194397926330566
0.3313188850879669
0.321628600358963
0.3411617577075958
0.31611889600753784
0.333163857460022
0.31844043731689453
0.3181282579898834
0.2987067997455597
0.31397247314453125
0.32620516419410706
0.33046385645866394
0.3079424202442169
0.32109495997428894
0.3290727436542511
0.2900036871433258
0.276846319437027
0.26537635922431946
0.29564952850341797
0.2825644016265869
0.2986527681350708
0.30235716700553894
0.30459994077682495
0.29589590430259705
0.3144974708557129
0.2852328419685364
0.28852012753486633
0.254661500453949
0.2570838928222656
0.24061724543571472
0.30705273151397705
0.3237920105457306
0.2090299427509308
0.2598124146461487
0.27734455466270447
0.23943567276000977
0.24676303565502167
