0.17644003033638
0.1752922236919403
0.17737069725990295
0.18500815331935883
0.17580300569534302
0.17427821457386017
0.17665138840675354
0.17017188668251038
0.1728086620569229
0.17328676581382751
0.18095239996910095
0.1739603579044342
0.1742023080587387
0.16166231036186218
0.17267537117004395
0.1590130627155304
0.16926229000091553
0.16791068017482758
0.17441977560520172
0.17415955662727356
0.18355628848075867
0.17088206112384796
0.1643284112215042
0.1801406592130661
0.1688806265592575
0.1773594170808792
0.17303115129470825
0.16885489225387573
0.16982199251651764
0.16864022612571716
0.18031778931617737
0.16978208720684052
0.17102478444576263
0.18406659364700317
0.165592223405838
0.18105429410934448
0.16634726524353027
0.17123134434223175
0.1608371138572693
0.18789495527744293
0.16922417283058167
0.16642533242702484
0.16428646445274353
0.16669130325317383
0.17389893531799316
0.1675245761871338
0.17855149507522583
0.16073361039161682
0.16942879557609558
0.1775684654712677
0.1914215385913849
0.18336084485054016
0.16261161863803864
0.15881876647472382
0.18068009614944458
0.15615639090538025
0.1706445813179016
0.16249926388263702
0.1754414588212967
0.17197641730308533
0.17094187438488007
0.16411514580249786
0.17879319190979004
0.16569118201732635
0.17501021921634674
0.16265903413295746
0.1681012064218521
0.16653455793857574
0.16910023987293243
0.1805332601070404
0.1868894398212433
0.18288554251194
0.17661403119564056
0.1742430031299591
0.17700636386871338
0.18299826979637146
0.17008785903453827
0.16730600595474243
0.16726413369178772
0.16439571976661682
0.1967564821243286
0.18291160464286804
0.15739652514457703
0.17579637467861176
0.17889834940433502
0.16571231186389923
0.16814342141151428
0.16143333911895752
0.16918805241584778
0.18765538930892944
0.17851121723651886
0.16582654416561127
0.17818421125411987
0.1680087298154831
0.151313915848732
0.16405190527439117
0.16724658012390137
0.17987948656082153
0.19211554527282715
0.17600175738334656
0.17277757823467255
0.15731611847877502
0.17187239229679108
0.17643015086650848
0.168687105178833
0.17374156415462494
0.15003740787506104
0.17124083638191223
0.17605608701705933
0.16407936811447144
0.1161918193101883
0.15877844393253326
0.1618233323097229
0.17051926255226135
0.15118525922298431
0.16213059425354004
0.17693661153316498
0.15788374841213226
0.1332971453666687
0.14948715269565582
0.19004932045936584
0.16707724332809448
0.14306530356407166
0.16058947145938873
0.17081771790981293
0.1723635345697403
0.1093776747584343
0.12669198215007782
0.16921184957027435
0.17275281250476837
0.13627099990844727
0.07817086577415466
0.1661873757839203
0.136311873793602
0.10924837738275528
0.1364157795906067
0.17338627576828003
0.1406782865524292
0.14142750203609467
0.07127996534109116
0.13467156887054443
0.11831572651863098
0.1533791720867157
0.1423574537038803
0.1429436355829239
0.13769319653511047
0.094580739736557
0.09710816293954849
0.06917034089565277
0.1523280143737793
0.13929904997348785
0.14658589661121368
0.11529242992401123
0.11156143248081207
0.08419489115476608
0.061954185366630554
0.13042289018630981
0.1647873818874359
0.08244673162698746
0.12034611403942108
0.09758510440587997
0.08030708134174347
0.08249088376760483
0.07859422266483307
0.12392152845859528
0.13705171644687653
0.12089478969573975
0.07887956500053406
0.07942590862512589
0.13534407317638397
0.07444049417972565
0.1328822374343872
0.10646050423383713
0.10092345625162125
0.0785648375749588
0.09075349569320679
0.06286575645208359
0.14095982909202576
0.12769338488578796
0.1076987087726593
0.11380256712436676
0.07757174968719482
0.09920517355203629
0.09606646746397018
0.05169717222452164
0.11656425893306732
0.08999067544937134
0.08679460734128952
0.039861369878053665
0.10703535377979279
0.044932909309864044
0.06031808257102966
0.07621678709983826
0.0648973137140274
0.043817516416311264
0.06624310463666916
0.09412924945354462
0.08643356710672379
0.04777901992201805
0.1032104417681694
0.07533775269985199
0.05844319984316826
0.05274580419063568
0.07832707464694977
0.049340635538101196
0.0733642727136612
0.08964003622531891
0.1048898994922638
0.06345614045858383
0.13917025923728943
0.11986254155635834
0.0314936637878418
0.04983961582183838
0.08537847548723221
0.10718978941440582
0.0555083192884922
0.03393182158470154
0.06905054301023483
0.1129956766963005
0.046721044927835464
0.026938874274492264
0.059553828090429306
0.039945852011442184
0.05335244536399841
0.024726415053009987
0.05665690824389458
0.07990789413452148
0.07750789821147919
0.027121759951114655
0.053482361137866974
0.08402463048696518
0.08826319873332977
0.052603937685489655
0.03970443084836006
0.018963946029543877
0.08399339020252228
0.10062457621097565
0.0739099532365799
0.05979154258966446
0.051858048886060715
0.04073837772011757
0.03334641456604004
0.03289584815502167
0.026398472487926483
0.04444940760731697
0.09628649055957794
0.04786083102226257
0.04893863946199417
0.03818698227405548
0.08489538729190826
