0.12737368047237396
0.13585886359214783
0.12862950563430786
0.14504627883434296
0.12551602721214294
0.12662726640701294
0.13473781943321228
0.1303279995918274
0.13114848732948303
0.12668655812740326
0.12778928875923157
0.12983614206314087
0.1343129575252533
0.13250286877155304
0.13018545508384705
0.14131590723991394
0.12950506806373596
0.1320347785949707
0.13266167044639587
0.13283057510852814
0.14341530203819275
0.1261690855026245
0.12880109250545502
0.135105162858963
0.1282019168138504
0.12498451769351959
0.13296811282634735
0.1278267502784729
0.1464802622795105
0.14352834224700928
0.1386268585920334
0.13456714153289795
0.13342764973640442
0.12514987587928772
0.14959602057933807
0.12691974639892578
0.1305704414844513
0.13432729244232178
0.15629658102989197
0.1347326636314392
0.13453441858291626
0.13630050420761108
0.15203449130058289
0.15058016777038574
0.168236643075943
0.14132060110569
0.13816533982753754
0.1279706060886383
0.13471531867980957
0.14935243129730225
0.1329977661371231
0.1304662823677063
0.13330985605716705
0.14077912271022797
0.14647367596626282
0.1564236283302307
0.13004562258720398
0.13638636469841003
0.1358489990234375
0.12858961522579193
0.13503983616828918
0.12999683618545532
0.13602955639362335
0.13556937873363495
0.129146009683609
0.14080247282981873
0.12789705395698547
0.1299094259738922
0.12527939677238464
0.1245177835226059
0.1272725611925125
0.13276252150535583
0.13993974030017853
0.14798280596733093
0.12558209896087646
0.13410860300064087
0.13216076791286469
0.14069238305091858
0.13006994128227234
0.15016692876815796
0.13690921664237976
0.12919622659683228
0.13932932913303375
0.16494978964328766
0.16181886196136475
0.1347082257270813
0.12498317658901215
0.13861630856990814
0.13857057690620422
0.14925871789455414
0.14079976081848145
0.18038566410541534
0.1072436273097992
0.1419120877981186
0.12323352694511414
0.1307092159986496
0.10505552589893341
0.05678120627999306
0.1379556804895401
0.07195775955915451
0.08312401920557022
0.05505704507231712
0.10170646756887436
0.16673877835273743
0.08102647960186005
0.1328243613243103
0.13321688771247864
0.17113763093948364
0.17009226977825165
0.13040167093276978
0.11412041634321213
0.13070693612098694
0.10881243646144867
0.1129709929227829
0.13405530154705048
0.12754058837890625
0.13777711987495422
0.10631117969751358
0.11478198319673538
0.11790861934423447
0.11402862519025803
0.2024158537387848
0.13798631727695465
0.1194552406668663
0.12067556381225586
0.14224669337272644
0.10646763443946838
0.12923568487167358
0.12049991637468338
0.11341822147369385
0.1197020560503006
0.1162237673997879
0.1253877729177475
0.11810683459043503
0.14320915937423706
0.11572247743606567
0.11156245321035385
0.11493615061044693
0.13543249666690826
0.1076994389295578
0.105845145881176
0.10307645052671432
0.0993257537484169
0.11735719442367554
0.1000872254371643
0.10384150594472885
0.10329020768404007
0.10462360084056854
0.10707570612430573
0.10047625750303268
0.12059268355369568
0.10406680405139923
0.09926635771989822
0.12159018963575363
0.11967100948095322
0.12015819549560547
0.09122796356678009
0.09897498041391373
0.08933380246162415
0.0936274304986
0.08810297399759293
0.09032226353883743
0.0833754613995552
0.09560304135084152
0.10065202414989471
0.09333188831806183
0.1051458865404129
0.09251732379198074
0.09990578144788742
0.08914697915315628
0.13012570142745972
0.10160663723945618
0.09003572911024094
0.07213316112756729
0.091704361140728
0.0913177952170372
0.07960910350084305
0.0753277838230133
0.11764967441558838
0.08176856487989426
0.0619327649474144
0.06122715771198273
0.08072923123836517
0.04020213335752487
0.06263043731451035
0.04729428142309189
0.06477811187505722
0.0572303906083107
0.07843860238790512
0.09397046267986298
0.0773555338382721
0.06245042383670807
0.06582805514335632
0.06407869607210159
0.026604965329170227
0.04620964080095291
0.04164818674325943
0.10394144803285599
0.04481310397386551
0.04472699016332626
0.06256591528654099
0.07736963778734207
0.046642325818538666
0.021408341825008392
0.07057880610227585
0.040519751608371735
0.021091103553771973
0.0591321624815464
0.012179329991340637
0.06868822872638702
0.02570311725139618
0.08215172588825226
0.044176094233989716
0.06864634156227112
0.08353476971387863
0.041074953973293304
0.052824005484580994
-0.010789357125759125
0.025010354816913605
0.05430623143911362
0.045624591410160065
0.041607387363910675
0.03681182116270065
0.024292053654789925
0.055547166615724564
0.04987366124987602
0.04310788959264755
0.06676358729600906
0.03813881427049637
0.07530096173286438
0.021458156406879425
0.008324965834617615
0.01977880299091339
0.06319765746593475
0.07812381535768509
0.10447824001312256
0.07998821139335632
0.08540615439414978
0.12685765326023102
0.02766689844429493
0.009087655693292618
0.029764479026198387
0.03335322439670563
0.06747625768184662
0.04735811427235603
-0.023985229432582855
0.03264220058917999
0.07580467313528061
-0.016702674329280853
0.02409985288977623
