0.002857685089111328
0.011079646646976471
0.003611817955970764
0.020214669406414032
0.0007200911641120911
0.0016028285026550293
0.009479939937591553
0.0052332803606987
0.004726186394691467
0.0022426769137382507
0.0031572580337524414
0.0035360828042030334
0.00785275548696518
0.0061725229024887085
0.004392415285110474
0.011720456182956696
0.003090277314186096
0.003474712371826172
0.0075553059577941895
0.00574880838394165
0.016077563166618347
0.005014590919017792
-0.00033427774906158447
0.007175534963607788
0.0002628713846206665
-0.0006550997495651245
0.006102763116359711
0.0014272406697273254
0.0050167515873909
0.005367860198020935
0.00873364508152008
0.006855599582195282
0.00868815928697586
0.0028001070022583008
0.008741125464439392
0.014532394707202911
0.0029744282364845276
0.007415339350700378
0.0023077353835105896
0.003179684281349182
0.0012133419513702393
0.008495837450027466
0.0022459030151367188
0.006920449435710907
0.006488248705863953
-0.0019964203238487244
0.003833286464214325
0.007670655846595764
0.008272349834442139
0.0032541751861572266
0.005010157823562622
-0.00013136863708496094
0.021584026515483856
0.006144605576992035
0.012401551008224487
-0.0002642720937728882
0.00332825630903244
0.024168401956558228
0.010315358638763428
0.0055900514125823975
0.00418815016746521
0.0008577480912208557
0.004059545695781708
0.010586626827716827
0.005754195153713226
0.0060415118932724
0.001758873462677002
0.002132900059223175
0.006497472524642944
0.008772701025009155
0.007348582148551941
0.010051444172859192
0.006007447838783264
0.006298474967479706
0.0046426281332969666
0.005878925323486328
0.004579201340675354
0.004063494503498077
0.00492202490568161
0.003865160048007965
0.001705944538116455
0.006922014057636261
0.0029941797256469727
0.00819261372089386
0.00950595736503601
0.003006488084793091
0.0020128414034843445
0.004137389361858368
0.0015523135662078857
0.000151023268699646
0.0060209184885025024
0.002803221344947815
0.003430597484111786
0.00770106166601181
0.009048022329807281
0.007309630513191223
0.013758651912212372
0.00841996818780899
0.010223835706710815
0.002520166337490082
0.0055635347962379456
0.013942301273345947
0.012533247470855713
0.0028676465153694153
0.005236335098743439
0.004293091595172882
0.004612848162651062
0.021416112780570984
0.02742490917444229
0.003321520984172821
0.008459344506263733
0.005526736378669739
0.010810494422912598
0.0082482248544693
0.006935104727745056
0.0008992403745651245
0.01051776111125946
0.008052095770835876
0.007839657366275787
0.0052672624588012695
0.009610950946807861
0.00460149347782135
0.0031555667519569397
0.00457444041967392
0.010451197624206543
0.006339468061923981
0.0035424083471298218
0.010868951678276062
0.01616215705871582
0.006684914231300354
0.0004980340600013733
0.009583070874214172
0.0076280683279037476
0.0006848946213722229
0.005701981484889984
0.0069261714816093445
0.0014483705163002014
0.008349806070327759
0.01005033403635025
-0.00010289996862411499
0.007484659552574158
0.0034848079085350037
0.005189463496208191
0.008331231772899628
0.0017904490232467651
0.003035113215446472
0.008196428418159485
0.002095356583595276
0.007953107357025146
0.00212647020816803
0.010187558829784393
0.004587523639202118
0.0019356608390808105
0.009298466145992279
0.015138782560825348
0.007309950888156891
0.012897051870822906
0.008753083646297455
0.005144059658050537
0.018307141959667206
0.007661372423171997
-0.0008613318204879761
0.004428558051586151
0.0043635293841362
0.003912240266799927
0.0029038190841674805
0.0031506791710853577
0.001432165503501892
0.0011461153626441956
0.018532991409301758
0.0040850043296813965
0.006451770663261414
0.0022667348384857178
0.012407660484313965
0.004903040826320648
0.002216234803199768
0.011216595768928528
0.01216045767068863
0.008567936718463898
0.009139388799667358
0.008855126798152924
0.010855033993721008
0.0034349486231803894
0.008210934698581696
0.034477874636650085
0.011872448027133942
0.006565779447555542
0.057994335889816284
0.0020617693662643433
0.009734094142913818
0.014547862112522125
0.02318110316991806
0.007893063127994537
0.032229408621788025
0.04292876273393631
0.015115320682525635
0.011953890323638916
0.03541029989719391
0.024070337414741516
0.01829873025417328
0.009531542658805847
0.010423973202705383
0.023981183767318726
0.009426027536392212
0.04148361086845398
-0.0013665929436683655
0.008196555078029633
0.002699553966522217
-0.0024506300687789917
0.017712324857711792
0.02703861892223358
0.002306729555130005
0.002047501504421234
0.00854339450597763
0.012287251651287079
0.032333582639694214
-0.005694743245840073
0.006379961967468262
-0.013368792831897736
0.016068920493125916
0.0006058886647224426
-0.012245602905750275
-0.012244276702404022
0.11062739789485931
-0.023224711418151855
0.010457329452037811
0.02380245178937912
0.02532767504453659
-0.006910882890224457
-0.058944348245859146
0.016011137515306473
0.0018533989787101746
0.019166678190231323
0.022969871759414673
0.0023045390844345093
-0.019285783171653748
-0.0009868144989013672
-0.033880628645420074
-0.019034050405025482
0.018599048256874084
-0.04262901842594147
-0.029176779091358185
0.09382952004671097
-0.03222528472542763
0.041321948170661926
0.025960266590118408
-0.019024550914764404
-0.021488726139068604
0.050307922065258026
-0.056709080934524536
