-0.056875891983509064
-0.04729117453098297
-0.05575791001319885
-0.036552876234054565
-0.05910179764032364
-0.05783244967460632
-0.04730803519487381
-0.05245742201805115
-0.05281003564596176
-0.05803613364696503
-0.05709357559680939
-0.053752556443214417
-0.04776933789253235
-0.050552815198898315
-0.05262093245983124
-0.036011919379234314
-0.053925685584545135
-0.049448564648628235
-0.050592586398124695
-0.049353741109371185
-0.036005571484565735
-0.0573735386133194
-0.05392543971538544
-0.0445171594619751
-0.05275794863700867
-0.05768139660358429
-0.04644576460123062
-0.05186326056718826
-0.031025081872940063
-0.03090294450521469
-0.0392884686589241
-0.043877214193344116
-0.04001970589160919
-0.05120527744293213
-0.023128829896450043
-0.05046024173498154
-0.04462087154388428
-0.03989275544881821
-0.009469904005527496
-0.04036037623882294
-0.041746363043785095
-0.03623230755329132
-0.008258678019046783
-0.021409809589385986
-0.0029802322387695312
-0.02981540560722351
-0.03340432047843933
-0.04606771469116211
-0.04366118460893631
-0.021956443786621094
-0.041239671409130096
-0.04776648432016373
-0.042465053498744965
-0.039442986249923706
-0.025238148868083954
-0.010109543800354004
-0.045239612460136414
-0.03687664866447449
-0.03680603206157684
-0.05441546440124512
-0.03860069066286087
-0.050217606127262115
-0.04288128763437271
-0.038452811539173126
-0.04899825155735016
-0.03412368893623352
-0.05050288140773773
-0.04375274479389191
-0.050627775490283966
-0.05053289234638214
-0.047552913427352905
-0.0425855815410614
-0.038909368216991425
-0.025430582463741302
-0.05324441194534302
-0.044858552515506744
-0.042114220559597015
-0.03606417775154114
-0.03995548188686371
-0.013125292956829071
-0.0363263338804245
-0.043478742241859436
-0.028146222233772278
-0.015004992485046387
-0.009722515940666199
-0.030845217406749725
-0.039571113884449005
-0.028834737837314606
-0.015000976622104645
-0.008022420108318329
-0.013020068407058716
0.01627076417207718
-0.00406976044178009
0.027306273579597473
0.01851356029510498
0.011989258229732513
0.03802965581417084
-0.012558385729789734
0.029104501008987427
0.008036188781261444
-0.03251554071903229
0.01193186640739441
-0.0014617517590522766
-0.024521268904209137
-0.035624802112579346
-0.016337886452674866
-0.016332343220710754
-0.01716519147157669
-0.0024744942784309387
-0.025177180767059326
-0.02347615361213684
-0.008618012070655823
0.028466448187828064
-0.04516354948282242
-0.012385956943035126
0.00019288808107376099
0.0005834326148033142
-0.021679185330867767
-0.027951009571552277
-0.01768934726715088
-0.02139345556497574
0.026478417217731476
-0.021726436913013458
-0.029143385589122772
-0.03323160111904144
0.004944264888763428
-0.044507451355457306
-0.019277170300483704
-0.025893323123455048
-0.035142965614795685
-0.04246044158935547
-0.04455778747797012
-0.038642384111881256
-0.0429559201002121
-0.027792848646640778
-0.03312388062477112
-0.050645872950553894
-0.05177397280931473
-0.050849057734012604
-0.04204755276441574
-0.040033333003520966
-0.05639403313398361
-0.04760586470365524
-0.05408531427383423
-0.05085105448961258
-0.04499392211437225
-0.04724094271659851
-0.0385570302605629
-0.054111137986183167
-0.04624533653259277
-0.05333242565393448
-0.05680695176124573
-0.05435249209403992
-0.012539014220237732
-0.044009484350681305
-0.048328906297683716
-0.05376531928777695
-0.05587715655565262
-0.041018106043338776
-0.0442194938659668
-0.04999089986085892
-0.05588246136903763
-0.061358869075775146
-0.05871138721704483
-0.05820774286985397
-0.059200793504714966
-0.045336201786994934
-0.05673236399888992
-0.057971708476543427
-0.06038184463977814
-0.05432175099849701
-0.04999613016843796
-0.05790895223617554
-0.05348818749189377
-0.04753778129816055
-0.053905293345451355
-0.0513286218047142
-0.0496404692530632
-0.05477415770292282
-0.0533076748251915
-0.05251460522413254
-0.04946424067020416
-0.061178021132946014
-0.05067351460456848
-0.05343819409608841
-0.05743928253650665
-0.05190764367580414
-0.04486513137817383
-0.05154522508382797
-0.05698108673095703
-0.05364774912595749
-0.05530131608247757
-0.030358493328094482
-0.05212106555700302
-0.05443812161684036
-0.05050069838762283
-0.045990996062755585
-0.05189850181341171
-0.056311845779418945
-0.04218384623527527
-0.04820702224969864
-0.04414014518260956
-0.062412552535533905
-0.049472540616989136
-0.041831061244010925
-0.04678017646074295
-0.04450640827417374
-0.049156561493873596
-0.032627612352371216
-0.034324392676353455
-0.04865894466638565
-0.051923997700214386
-0.03996267169713974
-0.04437601566314697
-0.043332360684871674
-0.03071865439414978
-0.03963048756122589
-0.049822740256786346
-0.015380442142486572
-0.05590633302927017
-0.0564892515540123
-0.048966385424137115
-0.03763733059167862
-0.042255230247974396
-0.04421982914209366
-0.0473344624042511
-0.05165772885084152
-0.04094512760639191
-0.011317335069179535
-0.055488571524620056
-0.04469072073698044
-0.05334436148405075
-0.04185357689857483
-0.051689282059669495
-0.03657253831624985
-0.046495117247104645
-0.05693300813436508
-0.04746731370687485
-0.054646141827106476
-0.023554950952529907
-0.0427364856004715
-0.025463193655014038
-0.04174892604351044
-0.02371838688850403
-0.009477443993091583
-0.05368449538946152
-0.027252569794654846
-0.04201013594865799
-0.041453711688518524
-0.03789287805557251
