0.4991227686405182
0.5065077543258667
0.5005224943161011
0.514159619808197
0.4976375997066498
0.4986362159252167
0.5043287873268127
0.5007148385047913
0.5026741027832031
0.4989410638809204
0.500207781791687
0.5011050701141357
0.5040841102600098
0.5031678080558777
0.5007180571556091
0.5066946148872375
0.5007308721542358
0.5012492537498474
0.503722608089447
0.502973198890686
0.5105341076850891
0.49827516078948975
0.49923646450042725
0.5030503869056702
0.4978688359260559
0.4960073232650757
0.500922441482544
0.4961964190006256
0.5104180574417114
0.5052567720413208
0.5049165487289429
0.5013687014579773
0.4971637725830078
0.4911816120147705
0.510474681854248
0.49512720108032227
0.49565592408180237
0.49636128544807434
0.5083802342414856
0.4970909059047699
0.4972268044948578
0.4976659119129181
0.5017793774604797
0.5070585012435913
0.5210771560668945
0.49875152111053467
0.4949347972869873
0.4868594706058502
0.5003366470336914
0.5046057105064392
0.48993632197380066
0.492382675409317
0.4969414472579956
0.51239013671875
0.5020788908004761
0.499146968126297
0.48026904463768005
0.4949910640716553
0.47706109285354614
0.4876652956008911
0.481627494096756
0.4857372045516968
0.4844820499420166
0.4820171296596527
0.46002018451690674
0.4793037176132202
0.4630414545536041
0.4664948582649231
0.44479161500930786
0.4451759159564972
0.440185010433197
0.46007096767425537
0.46501395106315613
0.4478246867656708
0.44622111320495605
0.4342588782310486
0.39858418703079224
0.38007861375808716
0.27883678674697876
0.3363463878631592
0.24850109219551086
0.3289167881011963
0.3451771140098572
0.25012093782424927
0.33836475014686584
0.2794886529445648
0.23068954050540924
0.22983302175998688
0.26977914571762085
0.30301719903945923
0.28327199816703796
0.3948225677013397
0.30952563881874084
0.3700252175331116
0.23877064883708954
0.4007604122161865
0.33829325437545776
0.3587786555290222
0.37624508142471313
0.286314457654953
0.41354137659072876
0.349211186170578
0.39531201124191284
0.42754724621772766
0.3714737594127655
0.3877716064453125
0.4419388771057129
0.3998994529247284
0.37304776906967163
0.42928287386894226
0.40544337034225464
0.4050164818763733
0.40243926644325256
0.43410372734069824
0.4212597608566284
0.41850313544273376
0.3933105170726776
0.40520206093788147
0.41548654437065125
0.4337156414985657
0.3960111439228058
0.36510640382766724
0.41585439443588257
0.410751074552536
0.415166974067688
0.4136805832386017
0.41299933195114136
0.41370993852615356
0.4260703921318054
0.4179013967514038
0.40727072954177856
0.4232732951641083
0.4264836013317108
0.39958465099334717
0.4481164216995239
0.41997137665748596
0.4023801386356354
0.44122153520584106
0.40224283933639526
0.4225136935710907
0.39335864782333374
0.41401955485343933
0.3901446759700775
0.41777458786964417
0.42272862792015076
0.4074057936668396
0.39858555793762207
0.4052734971046448
0.416134774684906
0.3930598199367523
0.41781914234161377
0.3716692328453064
0.3754751682281494
0.38530683517456055
0.3952983617782593
0.37828007340431213
0.40238234400749207
0.37645789980888367
0.3707937002182007
0.39729636907577515
0.3770957887172699
0.3855583369731903
0.3817896246910095
0.38507187366485596
0.3758598864078522
0.37139302492141724
0.36319345235824585
0.38427603244781494
0.37338578701019287
0.36752891540527344
0.354468435049057
0.31203168630599976
0.357965350151062
0.40643802285194397
0.3585478365421295
0.339236855506897
0.3471011221408844
0.3640053868293762
0.3617910146713257
0.34320321679115295
0.3130529224872589
0.3164641857147217
0.3005622327327728
0.30567896366119385
0.2899852395057678
0.24456357955932617
0.2949216067790985
0.28487658500671387
0.31405043601989746
0.3359474837779999
0.25979340076446533
0.2448851764202118
0.28794699907302856
0.2808275520801544
0.2972877025604248
0.3323577046394348
0.22291991114616394
0.20874199271202087
0.2927154004573822
0.31228962540626526
0.1836141049861908
0.2407253533601761
0.21672318875789642
0.20512989163398743
0.34144672751426697
0.1873648315668106
0.1604805886745453
0.20122262835502625
0.1358390897512436
0.17686524987220764
0.309964120388031
0.1660628467798233
0.2275063544511795
0.189206063747406
0.2278101146221161
0.17208339273929596
0.15897038578987122
0.23637907207012177
0.20018839836120605
0.1430414468050003
0.19898132979869843
0.1286073625087738
0.12826663255691528
0.1572963148355484
0.17328700423240662
0.14725974202156067
0.149850994348526
0.14751598238945007
0.17460235953330994
0.20083139836788177
0.164403036236763
0.22988222539424896
0.19404307007789612
0.16207526624202728
0.18490540981292725
0.2210678607225418
0.14455710351467133
0.14772365987300873
0.14877912402153015
0.18620771169662476
0.11336658895015717
0.2745433747768402
0.18631504476070404
0.14484655857086182
0.226211279630661
0.19440017640590668
0.14833170175552368
0.15809139609336853
0.18691615760326385
0.21563082933425903
