0.4885028600692749
0.4948301613330841
0.49004390835762024
0.501018226146698
0.4873770475387573
0.48830798268318176
0.49167436361312866
0.48888030648231506
0.4919101595878601
0.48881423473358154
0.4902283549308777
0.49023446440696716
0.4918120503425598
0.4916517436504364
0.4892285168170929
0.49095937609672546
0.4900507628917694
0.48867490887641907
0.4927644431591034
0.49168962240219116
0.49584200978279114
0.48954829573631287
0.4879385828971863
0.4903259575366974
0.4872334897518158
0.4861547648906708
0.4894251227378845
0.48508089780807495
0.49260082840919495
0.4879980981349945
0.4909135699272156
0.4878108501434326
0.48594486713409424
0.4796004891395569
0.49424147605895996
0.4884604215621948
0.48564523458480835
0.4827665686607361
0.4877783954143524
0.4837271571159363
0.484293133020401
0.4858160614967346
0.48273760080337524
0.48734787106513977
0.4877437949180603
0.47790229320526123
0.47796180844306946
0.47682666778564453
0.4824466407299042
0.47974106669425964
0.47211700677871704
0.4739612638950348
0.4840967655181885
0.4850994050502777
0.47578883171081543
0.4694993495941162
0.45608457922935486
0.4806693196296692
0.45134827494621277
0.4565006196498871
0.4429559111595154
0.43100523948669434
0.43181702494621277
0.4494897425174713
0.39310434460639954
0.4141712784767151
0.40443381667137146
0.39785927534103394
0.3605303466320038
0.33035680651664734
0.3097650706768036
0.3589709997177124
0.30658769607543945
0.25088945031166077
0.2970476746559143
0.25054481625556946
0.16753226518630981
0.1926502138376236
0.08967229723930359
0.1040552482008934
0.09313344210386276
0.1931089460849762
0.22254866361618042
0.15446919202804565
0.2532956004142761
0.28886088728904724
0.17862361669540405
0.19594411551952362
0.217410147190094
0.25236666202545166
0.24467679858207703
0.3354070782661438
0.2501126229763031
0.35644155740737915
0.16700813174247742
0.3052539825439453
0.22995319962501526
0.2519001364707947
0.3059437572956085
0.19820021092891693
0.2609892189502716
0.1864357739686966
0.2575506567955017
0.26293379068374634
0.23148992657661438
0.23006749153137207
0.3127642571926117
0.21153469383716583
0.14661258459091187
0.3157849609851837
0.221781387925148
0.19510436058044434
0.20948751270771027
0.301131010055542
0.19095231592655182
0.22614562511444092
0.15836817026138306
0.18922345340251923
0.19384343922138214
0.23038291931152344
0.18559493124485016
0.16063809394836426
0.1890493929386139
0.18764261901378632
0.20096245408058167
0.20177558064460754
0.2120370715856552
0.16720092296600342
0.20217250287532806
0.17888061702251434
0.17314375936985016
0.15412874519824982
0.19389447569847107
0.17476841807365417
0.26490482687950134
0.18695101141929626
0.13528944551944733
0.1584935188293457
0.16039139032363892
0.1487797647714615
0.21897658705711365
0.22037546336650848
0.2546451687812805
0.21288859844207764
0.20363187789916992
0.23776589334011078
0.16094891726970673
0.2066904604434967
0.18040117621421814
0.17992644011974335
0.10533417761325836
0.1429445594549179
0.22014743089675903
0.18640264868736267
0.15580645203590393
0.18398922681808472
0.13273689150810242
0.14915603399276733
0.20644511282444
0.21431538462638855
0.17409975826740265
0.14739066362380981
0.1088639423251152
0.1329694539308548
0.17499317228794098
0.13559609651565552
0.1601221114397049
0.19825726747512817
0.16223792731761932
0.17242103815078735
0.15968714654445648
0.1749485582113266
0.18636110424995422
0.14991852641105652
0.18108947575092316
0.22043287754058838
0.16298417747020721
0.1629888415336609
0.11946061998605728
0.20804204046726227
0.1432224065065384
0.11007756739854813
0.13034214079380035
0.25800997018814087
0.14024166762828827
0.11775150150060654
0.1348608136177063
0.18388627469539642
0.17603589594364166
0.1643066704273224
0.1574343740940094
0.14624887704849243
0.21756884455680847
0.11800561845302582
0.15504902601242065
0.2269429862499237
0.24280427396297455
0.09315970540046692
0.15720234811306
0.18109557032585144
0.1604245901107788
0.1586606800556183
0.1552320122718811
0.11919049173593521
0.20602305233478546
0.22193120419979095
0.14250336587429047
0.13003213703632355
0.13398686051368713
0.1536804884672165
0.15028510987758636
0.15630878508090973
0.14117805659770966
0.14168107509613037
0.12318921089172363
0.15951299667358398
0.0992056280374527
0.12954483926296234
0.12718066573143005
0.15896496176719666
0.13703331351280212
0.0992962196469307
0.18076932430267334
0.11197788268327713
0.15846878290176392
0.09032674878835678
0.11918533593416214
0.13939635455608368
0.2072935253381729
0.14667871594429016
0.1818440854549408
0.1340263932943344
0.17537561058998108
0.12843969464302063
0.1220899447798729
0.09527458995580673
0.08478143811225891
0.11916962265968323
0.1274259388446808
0.10964322090148926
0.13170354068279266
0.10360734164714813
0.15575776994228363
0.18605509400367737
0.14926820993423462
0.13123448193073273
0.11254756152629852
0.11321151256561279
0.11534906923770905
0.1764247566461563
