0.3116232454776764
0.31900811195373535
0.3130224943161011
0.32665905356407166
0.3101377487182617
0.31113550066947937
0.31682804226875305
0.3132152855396271
0.3151743412017822
0.3114410638809204
0.3127075433731079
0.3136049509048462
0.31658419966697693
0.3156670928001404
0.31321820616722107
0.31919437646865845
0.31323081254959106
0.31374961137771606
0.3162226676940918
0.315473347902298
0.32303404808044434
0.3107753396034241
0.31173646450042725
0.3155505955219269
0.31036895513534546
0.30850696563720703
0.313422292470932
0.3086966276168823
0.3229180574417114
0.3177567422389984
0.31741654872894287
0.31386834383010864
0.30966442823410034
0.3036821484565735
0.32297444343566895
0.30762672424316406
0.3081563115119934
0.30886101722717285
0.32088032364845276
0.30959081649780273
0.30972719192504883
0.31016623973846436
0.31427937746047974
0.31955835223197937
0.33357682824134827
0.3112514019012451
0.307435005903244
0.29935944080352783
0.31283679604530334
0.3171061873435974
0.30243608355522156
0.3048821985721588
0.30944180488586426
0.3248903751373291
0.3145791292190552
0.31164678931236267
0.29276904463768005
0.30749058723449707
0.28956103324890137
0.3001648187637329
0.29412713646888733
0.2982372045516968
0.2969822287559509
0.294516921043396
0.2725200653076172
0.2918040454387665
0.27554142475128174
0.27899497747421265
0.2572914958000183
0.25767579674720764
0.25268471240997314
0.2725710868835449
0.2775132656097412
0.26032474637031555
0.2589402496814728
0.24693916738033295
0.2123452126979828
0.1964859664440155
0.10915028303861618
0.15986570715904236
0.09524720907211304
0.17287541925907135
0.2027377188205719
0.12038552016019821
0.20986533164978027
0.1616191267967224
0.1334698349237442
0.11634105443954468
0.1357482522726059
0.16542884707450867
0.15609773993492126
0.23436158895492554
0.15619543194770813
0.21868126094341278
0.10658708214759827
0.24020016193389893
0.1662529557943344
0.18713901937007904
0.21881844103336334
0.12519419193267822
0.2279060333967209
0.16301432251930237
0.21422778069972992
0.2387707680463791
0.18823182582855225
0.21047738194465637
0.25207340717315674
0.21018089354038239
0.17704389989376068
0.244622603058815
0.21045836806297302
0.20436839759349823
0.207529217004776
0.23365812003612518
0.2131175696849823
0.21232840418815613
0.1860232651233673
0.19671408832073212
0.2042848765850067
0.22395488619804382
0.1798633635044098
0.14581993222236633
0.20616593956947327
0.19488272070884705
0.2012580931186676
0.19447460770606995
0.1996031254529953
0.19435366988182068
0.20477023720741272
0.19933727383613586
0.1758091151714325
0.19655412435531616
0.2044914960861206
0.16579514741897583
0.22630558907985687
0.19290274381637573
0.1634923219680786
0.21014176309108734
0.16459399461746216
0.19979912042617798
0.1404472291469574
0.167594313621521
0.14203858375549316
0.16837424039840698
0.17330509424209595
0.15895946323871613
0.1498173326253891
0.14302779734134674
0.16980168223381042
0.1257483810186386
0.14727148413658142
0.09924410283565521
0.09212417900562286
0.11711452901363373
0.1165420413017273
0.11530119925737381
0.10785592347383499
0.11876999586820602
0.08691820502281189
0.10302377492189407
0.10072876513004303
0.10035741329193115
0.08689926564693451
0.15053696930408478
0.09822910279035568
0.0958487018942833
0.09758982062339783
0.08992916345596313
0.08879441022872925
0.0898030549287796
0.05508202314376831
0.03736710175871849
0.07304354757070541
0.12401154637336731
0.08196979016065598
0.14067710936069489
0.0612991638481617
0.074986532330513
0.1461901217699051
0.04194875434041023
0.059621185064315796
0.07261677086353302
0.07018573582172394
0.1360989809036255
0.04201436787843704
0.04342115297913551
0.07314050197601318
0.05883128196001053
0.10995683073997498
0.14640332758426666
0.09475328028202057
0.07929738610982895
0.18143963813781738
0.048204921185970306
0.11504346132278442
0.17013268172740936
0.08139212429523468
0.06505439430475235
0.1555885523557663
0.11450287699699402
0.06689076125621796
0.08188237249851227
0.09009498357772827
0.07133479416370392
0.20871201157569885
0.1003362163901329
0.10516749322414398
0.09668414294719696
0.048673637211322784
0.13907143473625183
0.17054668068885803
0.07972366362810135
0.13935424387454987
0.12217138707637787
0.13775935769081116
0.08983825892210007
0.10484987497329712
0.136795312166214
0.11755846440792084
0.08632338792085648
0.13360965251922607
0.07572295516729355
0.0834389328956604
0.0939221903681755
0.11020152270793915
0.07557393610477448
0.08033110201358795
0.11419180035591125
0.13820601999759674
0.12581400573253632
0.10309334844350815
0.14217589795589447
0.12823794782161713
0.08865557610988617
0.10371141880750656
0.1191183403134346
0.06637836247682571
0.09719070792198181
0.09402340650558472
0.08561036735773087
0.029613900929689407
0.1449694037437439
0.09322872757911682
0.07112985104322433
0.11255384981632233
0.0972181037068367
0.07084691524505615
0.06691046804189682
0.09765451401472092
0.09304963052272797
