0.2523733675479889
0.2608588933944702
0.253629595041275
0.27004629373550415
0.2505161762237549
0.2516273558139801
0.259738028049469
0.2553282082080841
0.25614863634109497
0.25168687105178833
0.2527894377708435
0.25483617186546326
0.25931307673454285
0.2575031518936157
0.2551855742931366
0.2663160264492035
0.25450509786605835
0.2570350170135498
0.257661908864975
0.25783050060272217
0.26841533184051514
0.25116902589797974
0.253801167011261
0.2601050138473511
0.253201961517334
0.24998463690280914
0.25796806812286377
0.252826452255249
0.2714800536632538
0.2685285210609436
0.2636268734931946
0.2595672011375427
0.2584274411201477
0.2501499354839325
0.2745956778526306
0.251919686794281
0.2555707097053528
0.2593272030353546
0.28129658102989197
0.25973251461982727
0.2595343589782715
0.2613004744052887
0.27703461050987244
0.27558019757270813
0.2932368814945221
0.26632049679756165
0.2631656527519226
0.25297051668167114
0.2597154676914215
0.2743522524833679
0.25799793004989624
0.2554663121700287
0.258309543132782
0.2657788395881653
0.27147358655929565
0.28142422437667847
0.2550455927848816
0.2613866627216339
0.26084914803504944
0.25358933210372925
0.2600402235984802
0.25499674677848816
0.2610296308994293
0.2605695128440857
0.2541458010673523
0.2658027410507202
0.2528970539569855
0.25490954518318176
0.25027957558631897
0.24951741099357605
0.2522726058959961
0.2577626705169678
0.2649397850036621
0.27298280596733093
0.25058239698410034
0.2591084837913513
0.25716108083724976
0.2656922936439514
0.2550697326660156
0.27516719698905945
0.26190924644470215
0.2541963756084442
0.2643294930458069
0.28995001316070557
0.2868190407752991
0.2597082555294037
0.2499750554561615
0.26361703872680664
0.2635701298713684
0.2742597758769989
0.26478448510169983
0.3051285445690155
0.23169240355491638
0.26381346583366394
0.24342726171016693
0.24826136231422424
0.2174672782421112
0.17027664184570312
0.25624218583106995
0.17622064054012299
0.19785144925117493
0.1566849946975708
0.2138696163892746
0.2911266088485718
0.196847066283226
0.2455647587776184
0.2600250244140625
0.29171839356422424
0.28852578997612
0.25372377038002014
0.2351304441690445
0.25467681884765625
0.22929894924163818
0.23890170454978943
0.25965791940689087
0.25504398345947266
0.25767606496810913
0.23073036968708038
0.23985281586647034
0.24072539806365967
0.23751206696033478
0.3332321345806122
0.2651611268520355
0.24321787059307098
0.2445715367794037
0.26430484652519226
0.22972333431243896
0.25257858633995056
0.24381253123283386
0.23655939102172852
0.24259895086288452
0.24030233919620514
0.2502431273460388
0.24364294111728668
0.2652500867843628
0.23979513347148895
0.23528853058815002
0.23956885933876038
0.2594486474990845
0.2317580133676529
0.23181156814098358
0.2294505536556244
0.22289875149726868
0.2435370683670044
0.22493720054626465
0.23012425005435944
0.2282997965812683
0.2308165431022644
0.23173470795154572
0.226777583360672
0.24380117654800415
0.2319638431072235
0.227130725979805
0.25090864300727844
0.24406950175762177
0.24538123607635498
0.21976464986801147
0.22813469171524048
0.22278431057929993
0.2224154770374298
0.21723508834838867
0.22334417700767517
0.21504883468151093
0.22873541712760925
0.23343884944915771
0.22693085670471191
0.23402971029281616
0.22408851981163025
0.23236817121505737
0.22349968552589417
0.26297298073768616
0.23419421911239624
0.2246071696281433
0.21206490695476532
0.22515952587127686
0.22717291116714478
0.21645009517669678
0.2267145961523056
0.24190255999565125
0.21962599456310272
0.2094956487417221
0.2105400264263153
0.21706417202949524
0.19322259724140167
0.20943908393383026
0.1993340700864792
0.21239829063415527
0.21118664741516113
0.21816228330135345
0.2309216856956482
0.22361299395561218
0.2139904797077179
0.21257081627845764
0.21667075157165527
0.17474563419818878
0.20270244777202606
0.19927479326725006
0.24195057153701782
0.21127545833587646
0.20040887594223022
0.21361584961414337
0.22042346000671387
0.20625844597816467
0.19064432382583618
0.2210780680179596
0.19699321687221527
0.19387246668338776
0.2092747986316681
0.168817400932312
0.22090008854866028
0.1999390721321106
0.21077963709831238
0.21061910688877106
0.20736543834209442
0.19762103259563446
0.1807118058204651
0.20529183745384216
0.1719423234462738
0.1929202675819397
0.17842775583267212
0.1750389039516449
0.15307921171188354
0.1695854663848877
0.18069428205490112
0.18951499462127686
0.15900617837905884
0.17528888583183289
0.18575707077980042
0.14075860381126404
0.129957377910614
0.10773832350969315
0.13941293954849243
0.12213597446680069
0.149969220161438
0.1617484837770462
0.16690370440483093
0.14669904112815857
0.16614966094493866
0.1633821427822113
0.13194051384925842
0.0911140963435173
0.10356530547142029
0.09285274147987366
0.17364738881587982
0.1733713448047638
0.05125083774328232
0.12660862505435944
0.13879050314426422
0.08248269557952881
0.10657628625631332
