0.2510274648666382
0.2503001391887665
0.2521454691886902
0.25889402627944946
0.25052908062934875
0.2533388137817383
0.25040969252586365
0.24629034101963043
0.24687063694000244
0.2426070123910904
0.24670134484767914
0.24434903264045715
0.2523219585418701
0.2365848422050476
0.2431526482105255
0.23827895522117615
0.24281637370586395
0.24217888712882996
0.2489313781261444
0.24572816491127014
0.259592205286026
0.24468937516212463
0.24062541127204895
0.2581073045730591
0.2468680441379547
0.24774257838726044
0.24809502065181732
0.24464406073093414
0.24935860931873322
0.248607337474823
0.2528739869594574
0.24100394546985626
0.24580718576908112
0.25038212537765503
0.24276266992092133
0.2515593469142914
0.24346604943275452
0.2487514466047287
0.23419491946697235
0.2613646388053894
0.24434348940849304
0.24513043463230133
0.24348188936710358
0.2451716810464859
0.25735557079315186
0.24410419166088104
0.25373032689094543
0.239621102809906
0.24805960059165955
0.25137218832969666
0.2642527222633362
0.25949329137802124
0.23975591361522675
0.24689695239067078
0.2501845061779022
0.2350538969039917
0.24374781548976898
0.2399584949016571
0.24770455062389374
0.25080251693725586
0.24845381081104279
0.24133631587028503
0.2559823989868164
0.2469768077135086
0.2497372180223465
0.23837248980998993
0.2458297461271286
0.24522697925567627
0.24059931933879852
0.25287413597106934
0.25914719700813293
0.25676053762435913
0.2495640069246292
0.2567029893398285
0.2571711540222168
0.2571931779384613
0.24625703692436218
0.23770345747470856
0.24387232959270477
0.24303913116455078
0.22163192927837372
0.25388672947883606
0.2416633814573288
0.2457687258720398
0.2486657351255417
0.24021106958389282
0.24591855704784393
0.23868724703788757
0.24981702864170074
0.17660284042358398
0.25379157066345215
0.2406306117773056
0.24595940113067627
0.23410464823246002
0.14536656439304352
0.23415258526802063
0.24738658964633942
0.25092771649360657
0.2335987538099289
0.24833279848098755
0.24874620139598846
0.23154161870479584
0.22917971014976501
0.1575242429971695
0.23380696773529053
0.2294677197933197
0.18202680349349976
0.24855172634124756
0.24099260568618774
0.22855664789676666
0.22751295566558838
0.1595224291086197
0.20138512551784515
0.17440371215343475
0.1062631830573082
0.21561427414417267
0.22159992158412933
0.19687308371067047
0.16971491277217865
0.12407784909009933
0.13844281435012817
0.13326780498027802
0.12546908855438232
0.17799358069896698
0.18278643488883972
0.18904592096805573
0.13753101229667664
0.11714494973421097
0.12432525306940079
0.12359821796417236
0.09895128756761551
0.16058330237865448
0.20227758586406708
0.16079606115818024
0.1588635891675949
0.12594081461429596
0.12961234152317047
0.08472079783678055
0.12317860126495361
0.14028964936733246
0.1613704115152359
0.11554999649524689
0.1566789448261261
0.11174128204584122
0.08146503567695618
0.11051266640424728
0.09449707716703415
0.0889439731836319
0.0896376296877861
0.10236814618110657
0.0710882842540741
0.12523087859153748
0.07735807448625565
0.09649468958377838
0.11334654688835144
0.1369914561510086
0.1513587087392807
0.06093654781579971
0.07004783302545547
0.0746135264635086
0.11345001310110092
0.11453865468502045
0.08967277407646179
0.1181492730975151
0.1088130846619606
0.11639388650655746
0.1036614328622818
0.09737721085548401
0.09505447745323181
0.10363851487636566
0.0673900842666626
0.10068974643945694
0.08207787573337555
0.08477649092674255
0.08980507403612137
0.08405078947544098
0.0885971188545227
0.09470012038946152
0.07704386860132217
0.04840826243162155
0.05760738626122475
0.11599903553724289
0.09693089872598648
0.059332698583602905
0.13338325917720795
0.12539486587047577
0.08607599884271622
0.03157347813248634
0.07713016122579575
0.09200093895196915
0.05702253803610802
0.10435276478528976
0.08735845237970352
0.060563646256923676
0.05272894352674484
0.11937544494867325
0.055866390466690063
0.053868550807237625
0.0419328399002552
0.06624721735715866
0.17163507640361786
0.041347309947013855
0.05732059106230736
0.0634782686829567
0.10233121365308762
0.06731721013784409
0.04815806448459625
0.07281332463026047
0.04709823429584503
0.028622783720493317
0.050992485135793686
0.08208763599395752
0.048144374042749405
0.052784137427806854
0.12133735418319702
0.016300790011882782
0.0785568580031395
0.06185489520430565
0.03414449468255043
0.019899189472198486
0.048270195722579956
0.016986660659313202
0.023081518709659576
0.07655394077301025
0.03955737501382828
0.05496650189161301
0.025444146245718002
0.029244527220726013
0.023774810135364532
0.04381166025996208
0.03542691841721535
0.06334186345338821
0.03244497627019882
0.030201613903045654
0.0721169263124466
0.07676964998245239
0.06202039495110512
0.034214697778224945
0.03164147958159447
0.04144742339849472
0.022030020132660866
0.07442369312047958
0.03492458909749985
0.02231541834771633
0.016513878479599953
0.03149580955505371
0.029964901506900787
0.03341418877243996
0.06603559851646423
0.01714283786714077
