0.6866230964660645
0.6940081715583801
0.6880226731300354
0.7016595005989075
0.6851373910903931
0.6861360669136047
0.6918286085128784
0.6882144212722778
0.6901745796203613
0.68644118309021
0.6877080202102661
0.6886049509048462
0.6915844082832336
0.6906680464744568
0.6882184743881226
0.694194495677948
0.6882312893867493
0.6887502074241638
0.6912223696708679
0.6904735565185547
0.6980336308479309
0.685775101184845
0.6867364645004272
0.6905509829521179
0.6853685975074768
0.6835073232650757
0.6884227991104126
0.6836957931518555
0.6979176998138428
0.6927570104598999
0.6924172043800354
0.6888687610626221
0.6846639513969421
0.6786813735961914
0.6979750394821167
0.6826270818710327
0.68315589427948
0.6838609576225281
0.6958802938461304
0.6845912337303162
0.6847268342971802
0.6851661801338196
0.6892796754837036
0.6945593357086182
0.7085768580436707
0.6862515807151794
0.6824348568916321
0.6743590235710144
0.6878361701965332
0.6921057105064392
0.6774358153343201
0.6798815727233887
0.6844416260719299
0.6998906135559082
0.6895791292190552
0.6866468787193298
0.6677684783935547
0.6824914216995239
0.6645610928535461
0.6751647591590881
0.6691279411315918
0.6732372045516968
0.6719817519187927
0.6695172190666199
0.6475198864936829
0.6668033599853516
0.6505418419837952
0.6539950370788574
0.6322916746139526
0.6326756477355957
0.6276847124099731
0.6475709080696106
0.6525136828422546
0.6353254318237305
0.6337210536003113
0.6217588186264038
0.5860845446586609
0.5674300193786621
0.464266836643219
0.5227392315864563
0.43038734793663025
0.5097636580467224
0.5182033181190491
0.41629844903945923
0.498794287443161
0.42675745487213135
0.3595373034477234
0.3784375786781311
0.4245338439941406
0.46322715282440186
0.4337104558944702
0.5634351968765259
0.47764742374420166
0.5281462669372559
0.39161962270736694
0.573098361492157
0.5158601999282837
0.5345804691314697
0.5471065044403076
0.459748238325119
0.5988473892211914
0.5369775295257568
0.5791950225830078
0.6148814558982849
0.557029128074646
0.5702051520347595
0.6280782222747803
0.5885112285614014
0.5634093880653381
0.6143727898597717
0.5960929989814758
0.5980769991874695
0.5925741791725159
0.6265513300895691
0.6157424449920654
0.6129398941993713
0.5882896184921265
0.6012890338897705
0.611572265625
0.629758358001709
0.593738317489624
0.5664457678794861
0.6116155385971069
0.6086791157722473
0.6118555068969727
0.6129591464996338
0.6110665202140808
0.6130596995353699
0.6253763437271118
0.6158232092857361
0.6104844808578491
0.6228627562522888
0.6256870031356812
0.6031479835510254
0.6460517048835754
0.6210846900939941
0.607651948928833
0.6401746273040771
0.6070306897163391
0.6231271028518677
0.6030569076538086
0.6205902099609375
0.6004505753517151
0.6243385672569275
0.6290982961654663
0.6164934039115906
0.6085067987442017
0.6154313087463379
0.6235150098800659
0.6093125939369202
0.6274142861366272
0.5927475094795227
0.5979152917861938
0.6042932868003845
0.6099801063537598
0.6004346609115601
0.6209896802902222
0.599733293056488
0.598394513130188
0.6168075799942017
0.6005269289016724
0.6068487763404846
0.6076329946517944
0.6091499924659729
0.6063797473907471
0.6022582054138184
0.5974581241607666
0.614310085773468
0.606333315372467
0.6046830415725708
0.5974286198616028
0.5719150900840759
0.6010940670967102
0.6319897770881653
0.602125883102417
0.5867524147033691
0.5983802080154419
0.6114908456802368
0.6038212776184082
0.599776029586792
0.5815152525901794
0.5814065933227539
0.5782611966133118
0.5767909288406372
0.5731061697006226
0.54007887840271
0.5768769979476929
0.5760167241096497
0.5858743786811829
0.6016126871109009
0.5625621676445007
0.5516327619552612
0.5777193903923035
0.5847548842430115
0.5839797258377075
0.6077171564102173
0.5352669954299927
0.5477627515792847
0.5682072043418884
0.6040849685668945
0.527396023273468
0.5796383619308472
0.558681309223175
0.5645275712013245
0.6110938191413879
0.5207284688949585
0.4870038330554962
0.5386278629302979
0.5198927521705627
0.4922971725463867
0.5894463062286377
0.5282716751098633
0.5236084461212158
0.5253082513809204
0.536241888999939
0.5294368267059326
0.4785423278808594
0.5474205613136292
0.5209535956382751
0.49476370215415955
0.4991808533668518
0.4578315019607544
0.5092666745185852
0.42762285470962524
0.40336915850639343
0.4375185966491699
0.41752609610557556
0.4730977416038513
0.4397105574607849
0.49054720997810364
0.4780832827091217
0.45757150650024414
0.4719262719154358
0.40923580527305603
0.43836021423339844
0.3913336396217346
0.37759700417518616
0.43715113401412964
0.4304603934288025
0.41303128004074097
0.26756104826927185
0.4713877737522125
0.38567060232162476
0.36679255962371826
0.34728533029556274
0.3701265752315521
0.30968764424324036
0.2767753303050995
0.30305159091949463
0.3308861255645752
