0.12785738706588745
0.1360795795917511
0.12861190736293793
0.1452145278453827
0.12571990489959717
0.12660272419452667
0.1344798505306244
0.13023298978805542
0.12972599267959595
0.12724271416664124
0.12815722823143005
0.12853601574897766
0.13285276293754578
0.1311725676059723
0.1293925940990448
0.1367204189300537
0.12809015810489655
0.12847456336021423
0.13255545496940613
0.13074877858161926
0.14107763767242432
0.13001441955566406
0.12466593086719513
0.13217520713806152
0.12526291608810425
0.12434489279985428
0.1311027705669403
0.12642717361450195
0.13001671433448792
0.13036777079105377
0.1337338238954544
0.1318555325269699
0.13368786871433258
0.12723256647586823
0.13374125957489014
0.13953238725662231
0.1279742419719696
0.13241532444953918
0.12730783224105835
0.1281794160604477
0.1262134313583374
0.1334957778453827
0.1272459328174591
0.1319204568862915
0.13148847222328186
0.12244222313165665
0.12883317470550537
0.13267070055007935
0.13327234983444214
0.1282542645931244
0.13001024723052979
0.12486820667982101
0.14658382534980774
0.13114474713802338
0.13740140199661255
0.12473566085100174
0.1283283233642578
0.14916816353797913
0.13531523942947388
0.13059018552303314
0.12918803095817566
0.1258576512336731
0.12905943393707275
0.13558652997016907
0.13075421750545502
0.1310417652130127
0.12675869464874268
0.12713304162025452
0.13149763643741608
0.1337725967168808
0.13234838843345642
0.13505131006240845
0.13100749254226685
0.13129836320877075
0.1296425461769104
0.13087871670722961
0.12957945466041565
0.12906323373317719
0.12992195785045624
0.1288651078939438
0.1267058253288269
0.13192182779312134
0.12799406051635742
0.13319265842437744
0.13450580835342407
0.12800663709640503
0.12701281905174255
0.12913726270198822
0.12655234336853027
0.12515082955360413
0.1310209482908249
0.12780284881591797
0.12843060493469238
0.13270100951194763
0.13404780626296997
0.13230928778648376
0.13875873386859894
0.13341990113258362
0.1352238655090332
0.12752023339271545
0.13056360185146332
0.1389423906803131
0.13753332197666168
0.12786783277988434
0.13023632764816284
0.1292930245399475
0.1296127587556839
0.14641602337360382
0.15242522954940796
0.12832161784172058
0.1334594041109085
0.13052690029144287
0.13581052422523499
0.13324838876724243
0.13193485140800476
0.1258992999792099
0.1355179250240326
0.1330522894859314
0.13283950090408325
0.13026708364486694
0.1346110999584198
0.1296016275882721
0.12815557420253754
0.1295744776725769
0.13545098900794983
0.13133972883224487
0.12854239344596863
0.1358688324689865
0.14116211235523224
0.13168489933013916
0.12549826502799988
0.13458338379859924
0.13262829184532166
0.12568464875221252
0.13070186972618103
0.1319260597229004
0.12644846737384796
0.13334959745407104
0.13505038619041443
0.12489689141511917
0.13248459994792938
0.12848475575447083
0.13018947839736938
0.13333140313625336
0.12679049372673035
0.1280350238084793
0.1331959068775177
0.12709549069404602
0.13295303285121918
0.1271265149116516
0.1351872831583023
0.12958773970603943
0.12693551182746887
0.13429850339889526
0.14013831317424774
0.1323099285364151
0.1378970742225647
0.1337532103061676
0.1301438808441162
0.1433071792125702
0.13266131281852722
0.12385129183530807
0.12940850853919983
0.12931889295578003
0.12889181077480316
0.1287282407283783
0.1281903088092804
0.12641781568527222
0.12625156342983246
0.14449100196361542
0.12921343743801117
0.131433367729187
0.1271272599697113
0.13784632086753845
0.12997983396053314
0.12734532356262207
0.13641726970672607
0.1366928219795227
0.13302543759346008
0.13315150141716003
0.13417024910449982
0.13657206296920776
0.12856242060661316
0.13189351558685303
0.15833474695682526
0.13652604818344116
0.12710678577423096
0.17760591208934784
0.12715061008930206
0.13400015234947205
0.13930460810661316
0.14000466465950012
0.1325332522392273
0.15248867869377136
0.16198213398456573
0.13241973519325256
0.13728216290473938
0.1323583424091339
0.16153579950332642
0.1275041401386261
0.13463091850280762
0.14035779237747192
0.14572936296463013
0.1306682825088501
0.11653809994459152
0.13826864957809448
0.14194096624851227
0.1311367303133011
0.13214576244354248
0.1396872103214264
0.13817861676216125
0.1623050570487976
0.12039992958307266
0.14649870991706848
0.14623424410820007
0.14968329668045044
0.12197316437959671
0.11800887435674667
0.09104251861572266
0.13827413320541382
0.1318519115447998
0.12515999376773834
0.12293088436126709
0.1295963078737259
0.13546247780323029
0.13030892610549927
0.10842829942703247
0.12444030493497849
0.1151147186756134
0.08567837625741959
0.16528421640396118
0.0938531681895256
0.14088624715805054
0.1287292093038559
0.10091298073530197
0.06316938251256943
0.17283973097801208
0.08401428908109665
0.10070478916168213
0.15611512959003448
0.11971454322338104
0.05383340269327164
0.25292879343032837
0.13100862503051758
0.1667850911617279
0.18123283982276917
0.13155700266361237
0.12842273712158203
0.06752327084541321
0.06619231402873993
