0.42217299342155457
0.4288969039916992
0.42366087436676025
0.43563112616539
0.4209110140800476
0.4218631982803345
0.42610371112823486
0.4229956865310669
0.4256267547607422
0.42230021953582764
0.42366355657577515
0.4239756464958191
0.42607375979423523
0.4256395399570465
0.4231868386268616
0.4264109432697296
0.42368683218955994
0.42300570011138916
0.42653849720954895
0.425491064786911
0.4309782385826111
0.4223683476448059
0.42177140712738037
0.42457932233810425
0.4206874966621399
0.41937726736068726
0.4230295717716217
0.41863250732421875
0.4286917746067047
0.42355287075042725
0.42559245228767395
0.4223532974720001
0.419110506772995
0.41327470541000366
0.4290744662284851
0.4197947382926941
0.418423056602478
0.4163528084754944
0.42370668053627014
0.4173663854598999
0.41759833693504333
0.41872745752334595
0.41733554005622864
0.4225175380706787
0.42793765664100647
0.41371917724609375
0.41163140535354614
0.4070248305797577
0.4184471070766449
0.4170646071434021
0.40472784638404846
0.40811973810195923
0.41766178607940674
0.427994966506958
0.41208216547966003
0.40404045581817627
0.38717323541641235
0.41115251183509827
0.3758776783943176
0.3908085227012634
0.3781045377254486
0.3752114176750183
0.368585467338562
0.3775104284286499
0.31734931468963623
0.34569627046585083
0.3282574713230133
0.32391613721847534
0.2688976228237152
0.2479560226202011
0.23025304079055786
0.2770652770996094
0.25063273310661316
0.20309916138648987
0.23337535560131073
0.20447252690792084
0.15534676611423492
0.14054785668849945
0.07857176661491394
0.11230582743883133
0.10096856206655502
0.1734546273946762
0.256879985332489
0.16601692140102386
0.2676374018192291
0.2951520085334778
0.209623783826828
0.19369329512119293
0.21577909588813782
0.24381667375564575
0.23364964127540588
0.297269344329834
0.2239072173833847
0.2793193757534027
0.1327027976512909
0.2720777988433838
0.19424320757389069
0.2174253910779953
0.2592204809188843
0.16225527226924896
0.2546267509460449
0.17419977486133575
0.22180046141147614
0.25113287568092346
0.1936073899269104
0.17906488478183746
0.252395898103714
0.206994891166687
0.13816650211811066
0.2701367437839508
0.22114919126033783
0.1688496172428131
0.18601961433887482
0.26222726702690125
0.18419858813285828
0.20215478539466858
0.1522304266691208
0.1740560233592987
0.17445982992649078
0.21638037264347076
0.15138769149780273
0.13630038499832153
0.18804016709327698
0.19995476305484772
0.1825670450925827
0.19017156958580017
0.20221197605133057
0.1803644299507141
0.19851163029670715
0.17978420853614807
0.1810309886932373
0.16205298900604248
0.20099538564682007
0.16022318601608276
0.252175897359848
0.21776816248893738
0.16477441787719727
0.1499907374382019
0.19101250171661377
0.22693178057670593
0.22414222359657288
0.17786948382854462
0.19966678321361542
0.17835743725299835
0.17065633833408356
0.23332427442073822
0.20791172981262207
0.19348423182964325
0.161705881357193
0.22028201818466187
0.16426850855350494
0.20585347712039948
0.1520756334066391
0.15983936190605164
0.156220942735672
0.1426817923784256
0.1951332688331604
0.18211786448955536
0.19646431505680084
0.17139962315559387
0.10619942098855972
0.15609432756900787
0.20441466569900513
0.19488494098186493
0.13175860047340393
0.15304197371006012
0.19357287883758545
0.16809482872486115
0.1295972764492035
0.1573484241962433
0.11214639991521835
0.12517386674880981
0.12317132204771042
0.13924744725227356
0.10677271336317062
0.17272551357746124
0.11436491459608078
0.1041998490691185
0.11396020650863647
0.11972753703594208
0.13211572170257568
0.15571607649326324
0.1101158857345581
0.13952818512916565
0.12421940267086029
0.16504429280757904
0.12626154720783234
0.13402904570102692
0.13436876237392426
0.12665557861328125
0.18908880650997162
0.16908615827560425
0.10509108006954193
0.1350233256816864
0.21983367204666138
0.1053660586476326
0.13333635032176971
0.1681288778781891
0.13242338597774506
0.1751297116279602
0.09304250776767731
0.0901343822479248
0.13882817327976227
0.1793627291917801
0.0742918998003006
0.08082510530948639
0.12962424755096436
0.08223516494035721
0.12628255784511566
0.1367279440164566
0.11110196262598038
0.12586747109889984
0.10960506647825241
0.11508144438266754
0.11639755219221115
0.13585396111011505
0.1174246296286583
0.08727352321147919
0.09576952457427979
0.09126880764961243
0.10260917246341705
0.12304612994194031
0.08026638627052307
0.12254007160663605
0.13114140927791595
0.11659260094165802
0.1320755034685135
0.12139984220266342
0.18000304698944092
0.10948768258094788
0.0920252576470375
0.09017130732536316
0.13923415541648865
0.17748476564884186
0.1494390070438385
0.07885269075632095
0.07484041154384613
0.1075700893998146
0.14172491431236267
0.08521480113267899
0.16231578588485718
0.10173315554857254
0.0869983360171318
0.08881743252277374
0.13498391211032867
0.13485613465309143
0.0988248959183693
0.09779950976371765
0.10406669974327087
0.11657752096652985
