0.12412293255329132
0.13150767982006073
0.1255226880311966
0.1391594111919403
0.122637540102005
0.12363587319850922
0.12932829558849335
0.12571460008621216
0.12767431139945984
0.12394112348556519
0.1252075433731079
0.12610498070716858
0.12908414006233215
0.12816718220710754
0.12571834027767181
0.13169418275356293
0.12573090195655823
0.1262494921684265
0.1287226676940918
0.12797313928604126
0.13553398847579956
0.12327554821968079
0.12423628568649292
0.12805107235908508
0.12286841869354248
0.12100692093372345
0.125922292470932
0.12119631469249725
0.13541778922080994
0.13025708496570587
0.12991686165332794
0.12636816501617432
0.12216441333293915
0.11618158221244812
0.1354745328426361
0.12012684345245361
0.12065619975328445
0.12136145681142807
0.1333802193403244
0.12209109216928482
0.12222744524478912
0.12266618013381958
0.12677977979183197
0.1320585161447525
0.1460772156715393
0.12375149875879288
0.11993484944105148
0.11185971647500992
0.12533679604530334
0.1296059787273407
0.11493606865406036
0.11738210171461105
0.12194153666496277
0.13739019632339478
0.12707912921905518
0.12414693832397461
0.10526907444000244
0.11999081820249557
0.1020609438419342
0.11266472935676575
0.10662737488746643
0.11073729395866394
0.10948231816291809
0.10701674222946167
0.08502006530761719
0.10438354313373566
0.08804094791412354
0.09157219529151917
0.06991872191429138
0.0712866336107254
0.06606334447860718
0.08566783368587494
0.090825654566288
0.07591871172189713
0.07932295650243759
0.06799186766147614
0.045449886471033096
0.04142629727721214
-0.008337713778018951
0.03460080921649933
0.004888694733381271
0.06299581378698349
0.09842705726623535
0.040605463087558746
0.10847023129463196
0.07774679362773895
0.06458776444196701
0.04285774379968643
0.037196867167949677
0.06437385082244873
0.05812506750226021
0.10079902410507202
0.04079664126038551
0.09060879051685333
0.00894639827311039
0.10527480393648148
0.021495448425412178
0.03932270407676697
0.09976084530353546
0.005898281931877136
0.05802573263645172
0.01136944442987442
0.056680358946323395
0.06875935941934586
0.04183603823184967
0.06726913154125214
0.07233740389347076
0.04604596644639969
0.01625068113207817
0.08094676584005356
0.03722239285707474
0.03536517545580864
0.048828400671482086
0.057663947343826294
0.026329223066568375
0.03825628012418747
0.03181296959519386
0.0293864943087101
0.023961756378412247
0.04436446353793144
0.010453738272190094
0.009745556861162186
0.03257529437541962
0.013460997492074966
0.020177334547042847
0.025866955518722534
0.03380025923252106
0.02399752289056778
0.024036969989538193
0.022651534527540207
-1.1123716831207275e-05
0.017469439655542374
0.027144011110067368
0.011611208319664001
0.04239659011363983
0.008652493357658386
0.013383286073803902
0.024890348315238953
0.01860210858285427
0.05637482553720474
0.006671929731965065
-0.009990297257900238
0.02429790049791336
0.02289288491010666
0.005861740559339523
0.016026681289076805
0.04896664246916771
-0.005470104515552521
0.022607853636145592
-0.014029169455170631
-0.012816455215215683
-0.0032996367663145065
-0.015233192592859268
0.0012106765061616898
0.004175156354904175
0.0008927900344133377
-0.02882637083530426
0.007538892328739166
0.00396491214632988
-0.0077242981642484665
-0.0027825217694044113
-0.004748936742544174
-0.017491601407527924
0.04029492288827896
0.03049442544579506
-2.4573877453804016e-05
0.0048664640635252
-0.01580755226314068
0.0004635713994503021
0.0017790161073207855
-0.027278542518615723
-0.019389228895306587
-0.0029663164168596268
0.007041020318865776
0.009815843775868416
0.05444497615098953
-0.014863666146993637
0.006494341418147087
0.05605157092213631
-0.015215082094073296
-0.004778116941452026
0.030722524970769882
-0.0014571789652109146
0.048834141343832016
-0.009003423154354095
-0.01579206809401512
0.006784718483686447
0.008865976706147194
0.01681961864233017
0.02742876671254635
0.007237277925014496
0.034863002598285675
0.06421847641468048
0.00011224672198295593
0.04578813165426254
0.06938163191080093
0.017002765089273453
0.01864650659263134
0.04170478135347366
0.03820449113845825
-0.003294656053185463
0.010792162269353867
0.02143624797463417
0.007945876568555832
0.07678619027137756
0.023666292428970337
0.023360563442111015
0.020731670781970024
-0.002822054550051689
0.07725489139556885
0.06267113238573074
0.009704504162073135
0.006798103451728821
0.06253550946712494
0.0438634529709816
0.029401162639260292
0.015044132247567177
0.022269293665885925
0.03139188885688782
-0.010453376919031143
0.026906320825219154
-0.0019343271851539612
-0.0022739171981811523
-0.00982445478439331
-0.00031315721571445465
-0.010119298473000526
0.0006503872573375702
0.013173568993806839
0.037945911288261414
0.05096428468823433
-0.0040839724242687225
0.026272550225257874
0.010322283953428268
-0.009814240038394928
0.01371975801885128
0.0343085415661335
-0.008667703717947006
0.01639568619430065
-0.009335082024335861
-0.005376439541578293
-0.021999455988407135
0.05987676605582237
0.009003590792417526
-0.011302104219794273
-0.0023866835981607437
-0.011188361793756485
-0.009871719405055046
-0.01064135879278183
0.004484254866838455
0.02411247417330742
-0.007040016353130341
-0.006663793697953224
-0.013585882261395454
-0.017857588827610016
-0.017701677978038788
-0.016228076070547104
0.023972168564796448
-0.010051388293504715
-0.021842779591679573
-0.008097438141703606
0.02115022949874401
-0.003426073119044304
0.01124968845397234
0.005736872553825378
-0.001985780894756317
0.01593232899904251
-0.013211136683821678
-0.008089585229754448
-0.012889504432678223
-0.006375940516591072
-0.015566390939056873
0.009280848316848278
-0.0037932153791189194
0.024719642475247383
-0.014629505574703217
0.0010970355942845345
-0.016610844060778618
0.010313938371837139
-0.0115360701456666
0.03231845796108246
-0.0073310937732458115
0.031754445284605026
0.01638926938176155
-0.016480732709169388
0.020186545327305794
-0.002102411352097988
0.030545882880687714
0.007925579324364662
0.023403862491250038
0.012043618597090244
-0.0019860556349158287
-0.001362294889986515
-0.007186306640505791
0.004423642531037331
-0.0038927062414586544
0.0020012129098176956
-0.0019193897023797035
-0.008264085277915001
0.009284676983952522
-0.01138249970972538
-0.0010861940681934357
0.05303877592086792
0.010216543450951576
-0.007069321349263191
-0.01810368150472641
-0.001008395105600357
-0.012912679463624954
0.049589239060878754
0.02999645285308361
0.04494862258434296
-0.003775680437684059
-0.008431851863861084
0.03150123357772827
-0.013117715716362
0.03260969743132591
0.00814721267670393
-0.005732767749577761
0.021784445270895958
-0.0059656063094735146
-0.01820974610745907
0.02676071599125862
0.008831094950437546
-0.014094383455812931
0.07117152214050293
0.014427083544433117
0.014329921454191208
0.009562375023961067
-0.013719897717237473
-0.007914338260889053
-0.02270582504570484
-0.021409865468740463
0.0076566170901060104
0.03943850100040436
-0.015485226176679134
0.02194848284125328
-0.011641455814242363
0.0014101453125476837
0.0008630529046058655
-0.015070254914462566
-0.009387814439833164
-0.0003418540582060814
0.022433701902627945
-0.025717824697494507
-0.008314916864037514
-0.0235306266695261
-0.012691877782344818
-0.019914407283067703
0.004026635549962521
0.033800140023231506
-0.01519506424665451
0.008223394863307476
-0.007206720300018787
-0.027304943650960922
-0.02709725685417652
-0.014941968023777008
-0.003063919022679329
0.024203699082136154
-0.0269931573420763
-0.012035524472594261
-0.014752058312296867
-0.0305436160415411
-0.026153042912483215
-0.025224924087524414
-0.021443575620651245
-0.01947890780866146
-0.023714423179626465
0.0016205217689275742
-0.026788175106048584
-0.022069813683629036
0.0008540824055671692
0.005332011729478836
-0.025801420211791992
-0.015247507952153683
-0.015500623732805252
-0.01116285752505064
-0.0193723626434803
0.006510650739073753
-0.014001976698637009
-0.02336879074573517
-0.015771018341183662
-0.014289511367678642
-0.016479413956403732
-0.015051744878292084
-0.02652009017765522
-0.008154630661010742
0.017192797735333443
-0.002529531717300415
-0.00811690092086792
-0.005980504676699638
-0.02333151362836361
-0.023333368822932243
-0.029249228537082672
-0.022405335679650307
-0.012205356732010841
-0.005811689421534538
0.0064094290137290955
-0.00018314644694328308
0.0011039376258850098
-0.003344215452671051
-0.016779806464910507
0.00022551044821739197
-0.011350318789482117
0.007587643340229988
-0.031492576003074646
-0.005072113126516342
-0.026508865877985954
-0.004138674587011337
0.00575488805770874
-0.028572533279657364
-0.0041627176105976105
0.00044869258999824524
-0.01552397757768631
-0.012933298945426941
-0.007590750232338905
-0.011323858052492142
-0.01603543572127819
-0.007878841832280159
-0.014922913163900375
-0.027533719316124916
-0.015397891402244568
-0.019824065268039703
-0.015271512791514397
0.005533192306756973
-0.022279663011431694
-0.026224849745631218
-0.015154514461755753
0.0004572644829750061
0.004891622811555862
-0.006875820457935333
-0.01876794919371605
0.020090200006961823
-0.03160276263952255
-0.013383539393544197
-0.017461834475398064
-0.022085150703787804
-0.0033207163214683533
0.002699386328458786
0.014362569898366928
-0.003463190048933029
-0.015564888715744019
-0.004970092326402664
-0.015927273780107498
-0.01497570425271988
-0.026973892003297806
-0.002433549612760544
-0.007459361106157303
0.009738437831401825
-0.011024489998817444
-0.0001947656273841858
-0.021623406559228897
-0.008066698908805847
-0.025535453110933304
-0.00464620441198349
-0.008029304444789886
-0.020673537626862526
0.014171518385410309
-0.015842951834201813
-0.018123693764209747
-0.0029307715594768524
-0.018892988562583923
-0.025593724101781845
0.0045349858701229095
-0.01862545683979988
-0.018238600343465805
-0.014855943620204926
-0.01003461703658104
0.0023692920804023743
-0.011142965406179428
0.0015246197581291199
0.0021794140338897705
-0.024498403072357178
-0.009214270859956741
-0.017713595181703568
0.01976574957370758
-0.008138645440340042
-0.014120211824774742
-0.0030969344079494476
0.014088708907365799
-0.016583014279603958
-0.01787441596388817
0.008274983614683151
-0.022843705490231514
-0.02341168001294136
-0.008431617170572281
0.039937663823366165
-0.018231108784675598
-0.00982862338423729
-0.01686076819896698
-0.009647566825151443
0.02921120822429657
-0.015284955501556396
-0.008547894656658173
-0.01902429386973381
-0.02640674263238907
-0.02269531413912773
-0.016970591619610786
-0.033484216779470444
-0.00804373249411583
0.007613439112901688
-0.0018540620803833008
-0.020190685987472534
0.004829525947570801
-0.004193909466266632
-0.032860156148672104
-0.003956656903028488
-0.0017467066645622253
-0.014896128326654434
-0.004824087023735046
0.0007591098546981812
-0.02647189050912857
0.007260020822286606
0.02670508623123169
-0.027728091925382614
-0.007455956190824509
-0.026576127856969833
-0.034004151821136475
-0.0187586210668087
-0.022718695923686028
-0.01997070014476776
-0.026706313714385033
-0.02688753977417946
-0.018594816327095032
-0.01634650118649006
-0.022119827568531036
-0.0022664926946163177
-0.022698011249303818
-0.03250077739357948
-0.013554036617279053
-0.03293551504611969
-0.025148628279566765
-0.015875915065407753
-0.012731518596410751
-0.02455369383096695
0.002242632210254669
-0.020527640357613564
-0.025926832109689713
-0.025369348004460335
-0.015674324706196785
-0.02488085627555847
0.006153542548418045
-0.0034929700195789337
-0.025553051382303238
-0.00654732808470726
-0.010441530495882034
-0.023144423961639404
-0.014414642006158829
-0.011228714138269424
-0.03091011382639408
-0.02800244279205799
-0.030917052179574966
-0.025220243260264397
0.01812324859201908
-0.025484401732683182
-0.0093049556016922
-0.018310487270355225
-0.031984843313694
-0.005661658942699432
-0.01106392964720726
-0.02881118655204773
-0.011286163702607155
-0.01786716654896736
-0.02947344072163105
-0.0011956579983234406
-0.01976412907242775
-0.011487100273370743
-0.04036461189389229
-0.025921963155269623
-0.025237299501895905
-0.026192614808678627
-0.023911429569125175
-0.027382392436265945
-0.027370374649763107
-0.019059814512729645
-0.014085041359066963
-0.03819393366575241
0.007371976971626282
-0.037190090864896774
-0.029180990532040596
0.010760579258203506
-0.015133975073695183
-0.031750522553920746
-0.029433470219373703
-0.033853016793727875
-0.025796443223953247
-0.025711093097925186
-0.001451568678021431
-0.027025874704122543
-0.03160382807254791
0.012637879699468613
-0.020752407610416412
-0.027012670412659645
0.008693380281329155
-0.010771503672003746
-0.013713028281927109
-0.005362870171666145
-0.013189159333705902
-0.021683521568775177
-0.039723917841911316
-0.011815400794148445
-0.013433821499347687
-0.011797584593296051
-0.018140867352485657
-0.027510259300470352
-0.02606842666864395
-0.005297020077705383
-0.02656698226928711
-0.03672167286276817
0.0001842118799686432
-0.02567695826292038
-0.019301852211356163
-0.004463028162717819
-0.034173931926488876
-0.03046327456831932
-0.03222304955124855
-0.009492907673120499
-0.021707840263843536
0.01308357808738947
-0.023510990664362907
-0.028633572161197662
-0.014770172536373138
-0.03423137962818146
7.905066013336182e-06
-0.024841023609042168
-0.026521995663642883
-0.02506125345826149
-0.037488725036382675
-0.0006761141121387482
-0.03153599798679352
-0.0234796442091465
-0.01876523718237877
-0.003989392891526222
-0.029972698539495468
-0.03463585302233696
0.0007630102336406708
-0.04202635586261749
0.010439072735607624
-0.021044619381427765
-0.026896357536315918
-0.030996199697256088
-0.020734824240207672
-0.023795342072844505
-0.007733859121799469
-0.03082527592778206
-0.029316650703549385
-0.016968294978141785
-0.017949920147657394
-0.029057200998067856
-0.014414135366678238
0.012708045542240143
-0.021217690780758858
-0.005751144140958786
0.002633071504533291
-0.01343465968966484
-0.014439277350902557
-0.01414122898131609
0.039979420602321625
-0.017463495954871178
-0.026254627853631973
0.0034855399280786514
-0.027959560975432396
-0.022119302302598953
-0.012868868187069893
0.006478052586317062
-0.015241455286741257
0.04414442926645279
-0.01455509103834629
-0.019876211881637573
-0.02626892738044262
-0.02302015945315361
-0.005323350429534912
-0.02048705704510212
-0.008425832726061344
0.01192723773419857
-0.023266319185495377
-0.0180039145052433
-0.02270139940083027
-0.018904995173215866
-0.025264859199523926
-0.030373524874448776
-0.029348980635404587
-0.008809817023575306
-0.02331976220011711
-0.0318983756005764
-0.010552046820521355
-0.030338233336806297
-0.006211457774043083
-0.018170081079006195
-0.02979349158704281
0.03637129068374634
-0.013022796250879765
-0.013293003663420677
0.027046337723731995
-0.022597074508666992
-0.025028111413121223
-0.0239095538854599
-0.023179927840828896
-0.0063011907041072845
-0.014939398504793644
-0.01662915013730526
-0.0059316945262253284
-0.02510695718228817
-0.0081839794293046
0.012355904094874859
-0.014673852361738682
-0.021177995949983597
-0.03194700926542282
0.009600020945072174
-0.030848797410726547
-0.013449050486087799
0.012138821184635162
-0.025760531425476074
-0.012556733563542366
-0.02656225860118866
0.006823018193244934
-0.02423502318561077
-0.035568807274103165
-0.018278442323207855
0.006122130434960127
-0.015216987580060959
-0.023471051827073097
-0.025191612541675568
-0.014480046927928925
-0.020047489553689957
-0.01471363753080368
-0.007503376342356205
-0.03387346491217613
-0.02670152299106121
-0.01526496559381485
-0.015421198680996895
-0.024376001209020615
-0.012270677834749222
-0.023874536156654358
-0.01946846768260002
-0.01883888989686966
0.009084852412343025
0.050532691180706024
-0.015581529587507248
0.03601279482245445
-0.0067646256648004055
-0.015831133350729942
-0.018454883247613907
-0.016796980053186417
-0.016346920281648636
-0.0038840603083372116
-0.013115860521793365
-0.021457839757204056
-0.03655911237001419
-0.021660558879375458
-0.012399869039654732
-0.024470245465636253
-0.013776328414678574
-0.017149683088064194
-0.02234429307281971
-0.007020581513643265
-0.0176402535289526
0.0047842636704444885
-0.015094002708792686
-0.010296223685145378
-0.020919259637594223
-0.02437017858028412
0.04733071103692055
-0.013435297645628452
0.002906852401793003
-0.004086434841156006
0.00855445209890604
-0.018767207860946655
-0.022213764488697052
-0.020933933556079865
-0.008604600094258785
-0.017010392621159554
-0.008028080686926842
-0.015355625189840794
-0.02184891514480114
0.006208455190062523
-0.014062616042792797
0.007223086431622505
0.010059170424938202
-0.029151061549782753
-0.02371755614876747
-0.022162126377224922
-0.009228633716702461
-0.004978147801011801
0.0023359255865216255
-0.02314171940088272
-0.0036544334143400192
0.024909671396017075
-0.012375402264297009
-0.018022410571575165
0.00721806101500988
0.06925222277641296
0.0230526402592659
0.06208820641040802
-0.015500508248806
-0.01337268017232418
0.009857811033725739
-0.03004354052245617
0.0032760081812739372
-0.014405345544219017
-0.03020610846579075
-0.0193752683699131
-0.01175864040851593
-0.016319043934345245
0.02588025853037834
-0.020628292113542557
-0.014563431963324547
-0.0051558418199419975
0.012736085802316666
0.01452609058469534
-0.0005464032292366028
-0.028071096166968346
-0.03435088321566582
-0.01912578195333481
-0.008142135106027126
-0.02378854714334011
0.054396942257881165
-0.011766490526497364
-0.01812981814146042
-0.017930373549461365
0.0037529515102505684
-0.018302546814084053
-0.022937031462788582
-0.026142101734876633
-0.0262600127607584
-0.015990886837244034
-0.02411886304616928
-0.0033749882131814957
-0.012317626737058163
-0.03734730929136276
-0.014157123863697052
-0.026366129517555237
-0.017240658402442932
-0.01576397940516472
-0.030788980424404144
-0.003192443400621414
0.005778459832072258
-0.021738380193710327
-0.02055966667830944
-0.013342762365937233
-0.021797843277454376
-0.010904015973210335
0.010791758075356483
-0.01544988714158535
-0.031275659799575806
-0.008836153894662857
-0.01664162240922451
-0.016997449100017548
-0.029717087745666504
-0.020051460713148117
-0.020478125661611557
-0.029095066711306572
-0.020000101998448372
-0.02541641891002655
-0.0026655858382582664
0.0013065915554761887
-0.011900920420885086
0.003693043254315853
-0.01701253652572632
-0.008445054292678833
-0.02614658884704113
-0.011257423087954521
-0.015117492526769638
-0.029123252257704735
-0.010796119458973408
-0.026925357058644295
-0.029737934470176697
-0.012534518726170063
-0.011363588273525238
-0.03316692262887955
-0.009700327180325985
-0.02679130807518959
-0.021111369132995605
-0.023523900657892227
-0.03606732189655304
-0.03643180802464485
-0.03443218022584915
-0.02006511203944683
-0.031752683222293854
-0.01277776900678873
-0.02361282706260681
-0.020071281120181084
-0.014178922399878502
-0.03520631790161133
-0.02178805135190487
-0.010915791615843773
-0.016537651419639587
-0.012956267222762108
0.0023319581523537636
-0.010630905628204346
-0.030803294852375984
-0.02635575458407402
-0.0323043130338192
-0.00044046342372894287
-0.02221890166401863
-0.02184458263218403
-0.017346829175949097
-0.037979744374752045
-0.031506169587373734
-0.022053850814700127
-0.018317870795726776
-0.03648870438337326
-0.028116470202803612
-0.0169181227684021
-0.02935837209224701
-0.012414739467203617
-0.002111649140715599
-0.031457267701625824
-0.022714490070939064
-0.03029515966773033
-0.016331184655427933
-0.023676441982388496
-0.00543997623026371
-0.021671786904335022
-0.03054060786962509
-0.022076962515711784
-0.03746955841779709
-0.03730179741978645
-0.03331879898905754
-0.03189810365438461
-0.028247741982340813
-0.02276647835969925
-0.03266593813896179
-0.03952407464385033
-0.013320661149919033
-0.0005460865795612335
-0.031583283096551895
-0.03637559339404106
-0.031445592641830444
-0.019729232415556908
-0.036903198808431625
-0.03255382925271988
-0.033946290612220764
-0.028080955147743225
-0.029088333249092102
-0.01976952888071537
-0.019651569426059723
-0.02108846604824066
-0.03565063327550888
-0.014555532485246658
-0.022814881056547165
-0.03461579605937004
-0.024377018213272095
-0.03352045267820358
-0.03184927999973297
-0.0316200815141201
-0.023361122235655785
-0.022908031940460205
-0.02066800743341446
-0.0349774993956089
-0.03361120820045471
-0.026763372123241425
-0.025234324857592583
-0.01008673571050167
-0.036997467279434204
-0.031830184161663055
-0.015385342761874199
-0.021444037556648254
-0.03168103098869324
-0.017494257539510727
-0.03864593803882599
-0.03312557190656662
-0.012338487431406975
-0.021268784999847412
-0.03624185547232628
-0.028848879039287567
-0.03149586170911789
0.009207678958773613
-0.023117534816265106
-0.03090444952249527
-0.03137793764472008
-6.758980453014374e-05
-0.035756003111600876
-0.03252523019909859
-0.018675366416573524
-0.03447631001472473
-0.03915902599692345
-0.03276137635111809
-0.010115714743733406
-0.023474307730793953
-0.023141290992498398
-0.028824307024478912
-0.02861548215150833
-0.033354584127664566
-0.022433757781982422
0.004655161872506142
-0.03638878092169762
-0.04094652831554413
-0.01771482825279236
-0.03233245760202408
-0.039498794823884964
-0.0294024720788002
-0.03184349462389946
0.013623146340250969
-0.033661771565675735
-0.020757557824254036
-0.021067002788186073
-0.028597548604011536
-0.03468968719244003
-0.030476955696940422
-0.024986183270812035
-0.03615996986627579
