0.7360022664070129
0.742330014705658
0.7375440001487732
0.7485177516937256
0.7348777055740356
0.7358075976371765
0.7391742467880249
0.7363799214363098
0.7394101619720459
0.7363139390945435
0.7377281785011292
0.7377346158027649
0.7393121123313904
0.7391524314880371
0.7367281317710876
0.738459050655365
0.7375507950782776
0.7361747622489929
0.740264892578125
0.7391898036003113
0.7433416247367859
0.7370486259460449
0.7354382872581482
0.7378259301185608
0.7347341775894165
0.7336543798446655
0.7369256615638733
0.7325809001922607
0.7401012778282166
0.7354980707168579
0.7384135127067566
0.7353104948997498
0.7334452271461487
0.7271009087562561
0.7417405843734741
0.7359603643417358
0.7331451773643494
0.7302670478820801
0.7352784276008606
0.7312275171279907
0.7317933440208435
0.733315646648407
0.7302373051643372
0.7348482608795166
0.73524409532547
0.7254025340080261
0.7254621982574463
0.7243267893791199
0.7299469113349915
0.7272408604621887
0.7196164727210999
0.7214612364768982
0.7315969467163086
0.7325997352600098
0.7232896685600281
0.7169992923736572
0.7035846710205078
0.7281695604324341
0.6988478899002075
0.7040005326271057
0.6904551386833191
0.6785050630569458
0.6793167591094971
0.6969898343086243
0.6406044960021973
0.6616712808609009
0.6519336700439453
0.645328938961029
0.6075943112373352
0.5750521421432495
0.5541869401931763
0.6051918268203735
0.5478927493095398
0.4805571436882019
0.5176081657409668
0.47402524948120117
0.3439793586730957
0.36004170775413513
0.21692819893360138
0.23176874220371246
0.19954253733158112
0.3348639905452728
0.35503697395324707
0.31888556480407715
0.43300843238830566
0.46458351612091064
0.33701780438423157
0.3719123601913452
0.4078865945339203
0.4587305784225464
0.4337475895881653
0.5311595797538757
0.44882452487945557
0.5460753440856934
0.3517855107784271
0.5149152874946594
0.44659045338630676
0.4818927049636841
0.5106542110443115
0.4244990944862366
0.5040910243988037
0.4051920771598816
0.4985269606113434
0.5133096575737
0.4533540904521942
0.44556930661201477
0.5475452542304993
0.4428357481956482
0.35246047377586365
0.559209942817688
0.47667503356933594
0.43646860122680664
0.4347512125968933
0.5376679301261902
0.46217045187950134
0.4862457811832428
0.40408000349998474
0.45566824078559875
0.46656808257102966
0.492247611284256
0.4286125600337982
0.3829247057437897
0.43119296431541443
0.44962796568870544
0.44982510805130005
0.46116015315055847
0.45562151074409485
0.41757312417030334
0.45445767045021057
0.4226451814174652
0.4260626435279846
0.42061519622802734
0.4174514710903168
0.4024999141693115
0.5180243849754333
0.4434409737586975
0.33789175748825073
0.3967922627925873
0.37578874826431274
0.3412781059741974
0.47081688046455383
0.44803640246391296
0.4995899498462677
0.443830281496048
0.43765777349472046
0.4862155020236969
0.3619040846824646
0.44564089179039
0.39702221751213074
0.4065314531326294
0.2848105728626251
0.3416536748409271
0.4488440752029419
0.3907019793987274
0.36234205961227417
0.39364784955978394
0.30885329842567444
0.3444662094116211
0.4157177209854126
0.4358549118041992
0.3751611113548279
0.3340091109275818
0.274521142244339
0.3113495409488678
0.37873613834381104
0.3094155788421631
0.33988478779792786
0.4054957628250122
0.3734997808933258
0.3750039339065552
0.3668054938316345
0.3864996135234833
0.38298970460891724
0.324882835149765
0.3963984251022339
0.43521034717559814
0.3617159426212311
0.3551369905471802
0.2815176844596863
0.40005582571029663
0.31446942687034607
0.2632279098033905
0.30316224694252014
0.4621369540691376
0.32365018129348755
0.2817527949810028
0.30175289511680603
0.3843954801559448
0.3702157139778137
0.34926638007164
0.3618718087673187
0.3236418664455414
0.419531911611557
0.290889710187912
0.35377320647239685
0.4496611952781677
0.45953917503356934
0.2541487216949463
0.32914304733276367
0.38978245854377747
0.32415810227394104
0.32048317790031433
0.37250015139579773
0.30905434489250183
0.3846565783023834
0.41951489448547363
0.2850301265716553
0.3017120361328125
0.34136584401130676
0.36056017875671387
0.334690660238266
0.33356764912605286
0.33788174390792847
0.32405009865760803
0.2949754297733307
0.359916090965271
0.2838536500930786
0.3076477646827698
0.31404635310173035
0.3454335629940033
0.3237035274505615
0.24094563722610474
0.3976948857307434
0.2788274586200714
0.36114731431007385
0.24340854585170746
0.2963469922542572
0.3306569457054138
0.4038296043872833
0.33458998799324036
0.3763720691204071
0.316685289144516
0.3829508423805237
0.3242424428462982
0.28667449951171875
0.25679153203964233
0.26192739605903625
0.3021628260612488
0.33636245131492615
0.2707648277282715
0.3341197669506073
0.273642897605896
0.33873552083969116
0.399024099111557
0.3256722390651703
0.3117694854736328
0.2951289415359497
0.2786107063293457
0.2723214328289032
0.3662356734275818
