0.10252755135297775
0.10180006921291351
0.10364539921283722
0.11039415746927261
0.102028988301754
0.10483874380588531
0.10192505270242691
0.09784030169248581
0.0983707383275032
0.09410686045885086
0.09820138663053513
0.0958491787314415
0.10384131222963333
0.08811327069997787
0.09465286880731583
0.08978141099214554
0.09432278573513031
0.09367891401052475
0.1004311814904213
0.09724034368991852
0.1110973209142685
0.09618942439556122
0.09212545305490494
0.10960721969604492
0.09836912155151367
0.09924273192882538
0.09959494322538376
0.0961470901966095
0.10085869580507278
0.10010726749897003
0.10437386482954025
0.09251192957162857
0.09731452912092209
0.10192184150218964
0.09426238387823105
0.10308216512203217
0.0949663296341896
0.10025736689567566
0.08569498360157013
0.11286462843418121
0.09584349393844604
0.09674838185310364
0.0949815958738327
0.09667141735553741
0.10885610431432724
0.09567520022392273
0.10523563623428345
0.09112071245908737
0.09955979883670807
0.10287240147590637
0.11575381457805634
0.11099465936422348
0.09134390950202942
0.09840070456266403
0.10168475657701492
0.08655352890491486
0.09524737298488617
0.09150220453739166
0.09920315444469452
0.10231437534093857
0.09995274245738983
0.09284775704145432
0.10748302936553955
0.09847845137119293
0.10124120116233826
0.08987176418304443
0.09732995927333832
0.09672529250383377
0.09210383892059326
0.10437490046024323
0.11064707487821579
0.10836666822433472
0.10111884027719498
0.10823968797922134
0.10867048054933548
0.10870234668254852
0.09775518625974655
0.0892081931233406
0.09537395089864731
0.09453875571489334
0.07770027965307236
0.10553043335676193
0.09312450140714645
0.09758962690830231
0.10249285399913788
0.09244236350059509
0.0973210409283638
0.09018555283546448
0.10158412158489227
0.08131664246320724
0.10360097885131836
0.08359160274267197
0.07506062835454941
0.08399442583322525
0.08710882067680359
0.09324970841407776
0.0974746122956276
0.10812408477067947
0.0611758716404438
0.07898975163698196
0.06720147281885147
0.047726795077323914
0.07556261122226715
0.09091993421316147
0.09947424381971359
0.10223647207021713
0.07380062341690063
0.03755214065313339
0.031274788081645966
0.06773851066827774
0.0823616161942482
0.10350382328033447
0.0992746576666832
0.09444928169250488
0.08370953053236008
0.054270580410957336
0.039326898753643036
0.024035194888710976
0.04538976773619652
0.08824189752340317
0.07867898792028427
0.06284013390541077
0.050048645585775375
0.027916641905903816
0.025366317480802536
0.015520026907324791
0.04555246978998184
0.05223994702100754
0.06397100538015366
0.05539028346538544
0.015429826453328133
0.024142056703567505
0.04429823160171509
0.03237991780042648
0.043596819043159485
0.03488685563206673
0.026946384459733963
0.01591329462826252
0.03272567689418793
0.03046426922082901
0.03412408009171486
0.0018939045257866383
0.03165827691555023
0.029959341511130333
0.043493930250406265
0.007857579737901688
0.0377722904086113
0.017603766173124313
0.0063519226387143135
0.005424564704298973
0.01966245099902153
0.022466568276286125
0.005332261323928833
0.005178694147616625
0.013290422968566418
0.007470031268894672
0.015111584216356277
0.005061897449195385
0.016647743061184883
0.00915201660245657
0.0035295512061566114
0.0075987763702869415
0.036904025822877884
0.005552067421376705
0.0019275175873190165
0.023942241445183754
0.0178755484521389
0.018641076982021332
0.008831574581563473
0.016657354310154915
0.027273494750261307
0.06890911608934402
0.022112207487225533
0.014782317914068699
0.027788057923316956
0.01951572299003601
0.012723072431981564
0.018805088475346565
0.030419355258345604
0.007315557450056076
0.006889735348522663
0.008909899741411209
0.012137509882450104
0.009771900251507759
0.00616498664021492
0.01667683757841587
0.018074488267302513
0.01652948558330536
0.00471546221524477
0.012042297050356865
0.019711429253220558
0.013861474581062794
0.0044499346986413
0.018019890412688255
0.013579498045146465
0.004407718777656555
0.012153910472989082
0.004559740889817476
0.0022047930397093296
0.007736069615930319
0.016376040875911713
0.012841424904763699
0.0044099404476583
0.011812644079327583
0.004243531264364719
0.005487246438860893
0.07914594560861588
0.01023341715335846
0.013560188002884388
0.012430784292519093
0.014878224581480026
0.005146303214132786
0.006029272451996803
0.009480596520006657
0.00879616104066372
0.012327414937317371
0.011820963583886623
0.008834986947476864
0.008950208313763142
0.008233640342950821
0.00951629038900137
0.01618301309645176
0.006153099238872528
0.015132974833250046
0.027402255684137344
0.015013668686151505
0.004476518370211124
0.012988358736038208
0.0036806254647672176
0.006503847893327475
0.009543226100504398
0.00788860209286213
0.004383692517876625
0.009672884829342365
0.003296723822131753
0.007406033109873533
0.00907824095338583
0.01226197648793459
0.0015565213980153203
0.0031495855655521154
0.0032650649081915617
0.007840956561267376
0.008390826173126698
0.016447998583316803
0.0016437263693660498
0.00687834806740284
0.0045065502636134624
0.008274692110717297
0.0025692277122288942
0.005670329090207815
