-0.1190873458981514
-0.11006929725408554
-0.11879871785640717
-0.09974326193332672
-0.12126541882753372
-0.1207035481929779
-0.1110856756567955
-0.11604510247707367
-0.11822894215583801
-0.11936530470848083
-0.11892017722129822
-0.11918500065803528
-0.11335811764001846
-0.11574241518974304
-0.11714893579483032
-0.10909758508205414
-0.11911679804325104
-0.11838933825492859
-0.11417286843061447
-0.11684339493513107
-0.10477254539728165
-0.11591464281082153
-0.12406564503908157
-0.11534678936004639
-0.1236782819032669
-0.12381118535995483
-0.11593911796808243
-0.12102611362934113
-0.11816588789224625
-0.11661267280578613
-0.11278512328863144
-0.11477594077587128
-0.11039696633815765
-0.11675293743610382
-0.11456012725830078
-0.10538648813962936
-0.12007572501897812
-0.11285486817359924
-0.12112942337989807
-0.119346022605896
-0.12169983983039856
-0.1133078932762146
-0.12098261713981628
-0.11556226015090942
-0.11381598562002182
-0.12427207827568054
-0.11760233342647552
-0.11444637924432755
-0.11344525218009949
-0.11904534697532654
-0.11655811220407486
-0.1233806237578392
-0.098127081990242
-0.11738020181655884
-0.10722480714321136
-0.12395612895488739
-0.11840968579053879
-0.09486392885446548
-0.11069642752408981
-0.11793474107980728
-0.118192657828331
-0.12056571245193481
-0.11866471916437149
-0.11098168790340424
-0.11655533313751221
-0.11644406616687775
-0.12179450690746307
-0.12148567289113998
-0.11550886183977127
-0.11279141157865524
-0.11364703625440598
-0.11150740832090378
-0.11541447043418884
-0.11662888526916504
-0.11638100445270538
-0.1148066520690918
-0.1175374835729599
-0.11846629530191422
-0.117769256234169
-0.1192704364657402
-0.12190578877925873
-0.11456254124641418
-0.12009164690971375
-0.11254625022411346
-0.111210398375988
-0.11960648000240326
-0.12035588920116425
-0.11928516626358032
-0.12140737473964691
-0.11643654108047485
-0.1149076446890831
-0.11866718530654907
-0.11877623200416565
-0.11468867212533951
-0.11135068535804749
-0.11459199339151382
-0.10769305378198624
-0.11286427825689316
-0.10987231880426407
-0.11926522850990295
-0.11712144315242767
-0.10728563368320465
-0.10651016235351562
-0.11832690238952637
-0.11668950319290161
-0.1177821159362793
-0.1179913878440857
-0.10256268084049225
-0.0942639634013176
-0.11883451044559479
-0.11376169323921204
-0.11628749221563339
-0.10701967775821686
-0.11406414955854416
-0.115129753947258
-0.11984900385141373
-0.10999691486358643
-0.11352584511041641
-0.11447800695896149
-0.1157057136297226
-0.11247456073760986
-0.11654743552207947
-0.12011587619781494
-0.11638738960027695
-0.10947650671005249
-0.11620233952999115
-0.11928729712963104
-0.11062514036893845
-0.10572639852762222
-0.11437587440013885
-0.12240707129240036
-0.11178155243396759
-0.1141076385974884
-0.12224578857421875
-0.11661802232265472
-0.11400077491998672
-0.12110428512096405
-0.1127731055021286
-0.11268027871847153
-0.1238667368888855
-0.11459808796644211
-0.11903724074363708
-0.1159917563199997
-0.1125417947769165
-0.1214185506105423
-0.11917930841445923
-0.09762495011091232
-0.11985035240650177
-0.11328645050525665
-0.12149430066347122
-0.034652139991521835
-0.11795087903738022
-0.11973614990711212
-0.11649061739444733
-0.06533930450677872
-0.11324508488178253
-0.1097380593419075
-0.1096765547990799
-0.11528463661670685
-0.1083495244383812
-0.11379124969244003
-0.11701367795467377
-0.10544948279857635
-0.11754792183637619
-0.117805615067482
-0.0962568074464798
-0.11882340908050537
-0.11890421062707901
-0.11296931654214859
-0.05977528914809227
-0.1127249002456665
-0.11456308513879776
-0.12222321331501007
-0.11951883137226105
-0.1164013147354126
-0.11170811951160431
-0.09989653527736664
-0.09285467863082886
-0.11595119535923004
-0.1045440286397934
-0.11232608556747437
-0.09244261682033539
-0.11331366002559662
-0.08800628036260605
-0.020493626594543457
-0.0946371853351593
-0.09535811096429825
-0.08509858697652817
-0.10041650384664536
-0.0956290140748024
-0.11029165983200073
0.05227647349238396
-0.10626979172229767
-0.0686555951833725
-0.062464501708745956
-0.1140400618314743
-0.10298582911491394
-0.10977654159069061
-0.057674795389175415
-0.08786702156066895
0.1735382080078125
-0.080671027302742
-0.07473341375589371
-0.09319248795509338
-0.11078239977359772
-0.07817994058132172
-0.025345131754875183
-0.08584798872470856
-0.11516281962394714
-0.09293143451213837
-0.09408631175756454
-0.10987299680709839
-0.09992988407611847
-0.03812301158905029
-0.1163070946931839
-0.10816153883934021
-0.09854939579963684
-0.0919845849275589
-0.10709822177886963
-0.10535365343093872
-0.10274477303028107
-0.11864626407623291
-0.11507529020309448
-0.11031380295753479
-0.10113173723220825
-0.10268256068229675
-0.09653553366661072
-0.10451872646808624
-0.11315150558948517
-0.09708067774772644
-0.0980059802532196
-0.10277029871940613
-0.10093952715396881
-0.06448738276958466
-0.10593188554048538
-0.09913912415504456
-0.09485481679439545
-0.1203911155462265
-0.11365078389644623
-0.09727507829666138
-0.0853215903043747
-0.12023454904556274
-0.11505845189094543
-0.10001610219478607
-0.08908442407846451
-0.12495720386505127
-0.10922610759735107
-0.1158180758357048
-0.11616388708353043
-0.11283344775438309
