0.12430030107498169
0.13177074491977692
0.12598688900470734
0.1398293823003769
0.1233331710100174
0.1243201196193695
0.12943989038467407
0.126365065574646
0.1267484426498413
0.12485137581825256
0.12588167190551758
0.12588579952716827
0.1287440061569214
0.12774746119976044
0.12597760558128357
0.1301194429397583
0.12576711177825928
0.12498606741428375
0.1294039487838745
0.12815949320793152
0.13537129759788513
0.128057062625885
0.12302051484584808
0.1288699209690094
0.12362602353096008
0.1226595938205719
0.1284308284521103
0.12372931092977524
0.12686589360237122
0.12646067142486572
0.12948830425739288
0.12797868251800537
0.12903925776481628
0.12336021661758423
0.13108137249946594
0.1344449520111084
0.125808984041214
0.12832948565483093
0.12478411197662354
0.12638840079307556
0.12469173967838287
0.12890613079071045
0.12460082769393921
0.12874306738376617
0.12725499272346497
0.12019707262516022
0.12555301189422607
0.12999233603477478
0.12883281707763672
0.12490214407444
0.12770472466945648
0.12332741916179657
0.1380797177553177
0.1275206208229065
0.13194473087787628
0.12299695611000061
0.12595780193805695
0.14047980308532715
0.13051332533359528
0.12831257283687592
0.12578579783439636
0.12285329401493073
0.12696732580661774
0.13114036619663239
0.12742727994918823
0.12731750309467316
0.1249031201004982
0.12478603422641754
0.127130389213562
0.13016504049301147
0.12830716371536255
0.12988778948783875
0.12702232599258423
0.1279570311307907
0.12593543529510498
0.1268644481897354
0.12580668926239014
0.12644463777542114
0.12630264461040497
0.12566830217838287
0.1250818371772766
0.12869718670845032
0.12613210082054138
0.12823259830474854
0.1294764280319214
0.12564370036125183
0.1237204521894455
0.1268964409828186
0.12487231940031052
0.1206614151597023
0.1272272914648056
0.12465783208608627
0.1268245428800583
0.12955406308174133
0.1291096955537796
0.12976685166358948
0.13411158323287964
0.12993553280830383
0.1319785863161087
0.12459070980548859
0.12713025510311127
0.13349649310112
0.1324348747730255
0.12445048987865448
0.126821368932724
0.12706971168518066
0.12677788734436035
0.14099600911140442
0.1425439417362213
0.12532523274421692
0.1300508677959442
0.12667137384414673
0.12847259640693665
0.12962502241134644
0.12938451766967773
0.12194746732711792
0.13025213778018951
0.1297435313463211
0.12965400516986847
0.12545333802700043
0.13139837980270386
0.12669144570827484
0.12556830048561096
0.12614178657531738
0.13049055635929108
0.12863478064537048
0.1258394867181778
0.13139979541301727
0.13682067394256592
0.1277264505624771
0.12333569675683975
0.131178617477417
0.12846338748931885
0.12373209744691849
0.12844747304916382
0.12828746438026428
0.12429293990135193
0.13008414208889008
0.13233967125415802
0.12380189448595047
0.12928533554077148
0.12529970705509186
0.12761828303337097
0.12946170568466187
0.12451516091823578
0.12548591196537018
0.12551504373550415
0.12442289292812347
0.12954401969909668
0.12638285756111145
0.11972321569919586
0.1278548687696457
0.12525483965873718
0.12838026881217957
0.1267712563276291
0.1287301480770111
0.13402479887008667
0.12983053922653198
0.1262103021144867
0.13410209119319916
0.1280776858329773
0.12609589099884033
0.12266644835472107
0.12608765065670013
0.12701286375522614
0.1226000040769577
0.12484666705131531
0.1255238950252533
0.1235249787569046
0.10682071000337601
0.12500834465026855
0.12886488437652588
0.10212095081806183
0.12767468392848969
0.12508302927017212
0.12243951857089996
0.12493182718753815
0.12559573352336884
0.12599053978919983
0.11969766020774841
0.11644601076841354
0.11903450638055801
0.12410512566566467
0.12668520212173462
0.11092047393321991
0.12461518496274948
0.11075025796890259
0.09917831420898438
0.11017068475484848
0.12807610630989075
0.1523115634918213
0.09746168553829193
0.08730153739452362
0.06495293229818344
0.0853128731250763
0.10057906061410904
0.13177746534347534
0.1207314282655716
0.06896308064460754
0.09880077838897705
0.06624764204025269
0.09023541212081909
0.10832411050796509
0.1002018079161644
0.09628336131572723
0.05645383521914482
0.016943208873271942
0.04925336688756943
0.09961351752281189
0.11338472366333008
0.1002490445971489
0.0701896995306015
0.008080344647169113
0.06980206072330475
0.08585618436336517
0.09497897326946259
0.107362762093544
0.1158902496099472
0.06167399883270264
0.010932102799415588
0.05910567194223404
0.08876584470272064
0.09987877309322357
0.12039921432733536
0.08795295655727386
0.058373454958200455
0.08619299530982971
0.020027387887239456
0.08104851096868515
0.09429889917373657
0.11052165180444717
0.0977293848991394
0.1151447743177414
0.057933200150728226
0.049459077417850494
0.06654882431030273
0.08605924248695374
0.06570355594158173
0.023394374176859856
0.036471620202064514
0.013143748044967651
0.06793932616710663
0.11536291241645813
0.11831535398960114
0.06005140021443367
0.07391434162855148
0.018131690099835396
0.017822520807385445
0.03671941161155701
0.11152385175228119
