-0.22875548899173737
-0.2181156575679779
-0.2277655154466629
-0.2058730125427246
-0.23132924735546112
-0.22986547648906708
-0.21703490614891052
-0.22285516560077667
-0.2243604212999344
-0.23033565282821655
-0.22955018281936646
-0.22488269209861755
-0.21748028695583344
-0.22124578058719635
-0.22299042344093323
-0.20104508101940155
-0.2248532623052597
-0.21858268976211548
-0.22136306762695312
-0.21905109286308289
-0.2031005322933197
-0.22809605300426483
-0.22431999444961548
-0.2116488665342331
-0.22096744179725647
-0.2277357429265976
-0.21348664164543152
-0.21916767954826355
-0.1971948742866516
-0.19386368989944458
-0.20486649870872498
-0.20998437702655792
-0.2012833207845688
-0.21507050096988678
-0.18408986926078796
-0.21522006392478943
-0.20784775912761688
-0.20262375473976135
-0.16554097831249237
-0.2044035941362381
-0.2071411907672882
-0.197234645485878
-0.15726953744888306
-0.18312081694602966
-0.16374345123767853
-0.18954987823963165
-0.19415442645549774
-0.20968550443649292
-0.20953647792339325
-0.18248821794986725
-0.20472541451454163
-0.21400940418243408
-0.20640484988689423
-0.20542186498641968
-0.1859455555677414
-0.16842593252658844
-0.2108147144317627
-0.19836346805095673
-0.20092058181762695
-0.22604459524154663
-0.20245938003063202
-0.21821478009223938
-0.21097472310066223
-0.20239168405532837
-0.2180127054452896
-0.19907979667186737
-0.21989896893501282
-0.20849424600601196
-0.21787351369857788
-0.2164514660835266
-0.21399042010307312
-0.2088686227798462
-0.20711734890937805
-0.19002968072891235
-0.22244833409786224
-0.21354421973228455
-0.20826447010040283
-0.20605427026748657
-0.20702628791332245
-0.17483854293823242
-0.2063717097043991
-0.20958803594112396
-0.19101503491401672
-0.18399664759635925
-0.1736450046300888
-0.19483931362628937
-0.20479339361190796
-0.19654683768749237
-0.18073879182338715
-0.17224133014678955
-0.1766856163740158
-0.14556622505187988
-0.17099785804748535
-0.12660165131092072
-0.14219960570335388
-0.14123551547527313
-0.1204134076833725
-0.17344768345355988
-0.12929917871952057
-0.13752460479736328
-0.18744659423828125
-0.11325998604297638
-0.14952805638313293
-0.15672822296619415
-0.16967596113681793
-0.12624375522136688
-0.15709351003170013
-0.1783503144979477
-0.17752410471439362
-0.18656094372272491
-0.18873785436153412
-0.1946667730808258
-0.1477353870868683
-0.21153585612773895
-0.19690684974193573
-0.16362035274505615
-0.17476512491703033
-0.18991568684577942
-0.19974631071090698
-0.18120789527893066
-0.18850095570087433
-0.17199477553367615
-0.19869156181812286
-0.19867022335529327
-0.20095057785511017
-0.16865888237953186
-0.2103303223848343
-0.18822453916072845
-0.1928669512271881
-0.19899307191371918
-0.21372869610786438
-0.2135595977306366
-0.20650999248027802
-0.20739607512950897
-0.19961920380592346
-0.19896148145198822
-0.21848176419734955
-0.21803167462348938
-0.21796035766601562
-0.20538894832134247
-0.20943398773670197
-0.22331088781356812
-0.21640048921108246
-0.22232764959335327
-0.21590106189250946
-0.2149091213941574
-0.21468909084796906
-0.2011292725801468
-0.22257348895072937
-0.21848326921463013
-0.21987582743167877
-0.22304707765579224
-0.2239437699317932
-0.1740543246269226
-0.2083328515291214
-0.21700957417488098
-0.2200518399477005
-0.2261243462562561
-0.20571206510066986
-0.215551495552063
-0.2168193757534027
-0.22020921111106873
-0.22762560844421387
-0.22324727475643158
-0.22849704325199127
-0.22608354687690735
-0.21000832319259644
-0.22778187692165375
-0.22456291317939758
-0.22364424169063568
-0.22476650774478912
-0.21946528553962708
-0.22601379454135895
-0.21551965177059174
-0.2093610167503357
-0.22251732647418976
-0.22960631549358368
-0.22414875030517578
-0.2230544239282608
-0.2252025157213211
-0.22457340359687805
-0.21831946074962616
-0.22663089632987976
-0.22391951084136963
-0.22470739483833313
-0.2280115783214569
-0.21358658373355865
-0.21480301022529602
-0.23111028969287872
-0.22603176534175873
-0.2193652242422104
-0.21766822040081024
-0.20183832943439484
-0.22078867256641388
-0.22481141984462738
-0.22027674317359924
-0.2183995097875595
-0.22052274644374847
-0.2262260615825653
-0.21517391502857208
-0.22068588435649872
-0.21772736310958862
-0.22520223259925842
-0.22769607603549957
-0.21593625843524933
-0.22030271589756012
-0.21502774953842163
-0.22412586212158203
-0.2022816687822342
-0.21755819022655487
-0.2179923951625824
-0.2262163758277893
-0.22090288996696472
-0.21825291216373444
-0.21709437668323517
-0.217815101146698
-0.2174246609210968
-0.22621847689151764
-0.20894476771354675
-0.22659753262996674
-0.22347484529018402
-0.22129982709884644
-0.21538832783699036
-0.21805301308631897
-0.22334739565849304
-0.22261767089366913
-0.22073370218276978
-0.2193678766489029
-0.2017805278301239
-0.2255679816007614
-0.21703217923641205
-0.22800593078136444
-0.22061792016029358
-0.21598586440086365
-0.20271393656730652
-0.22163578867912292
-0.2200109362602234
-0.21957017481327057
-0.2229781150817871
-0.20680676400661469
-0.20771649479866028
-0.20913684368133545
-0.2138693481683731
-0.208520770072937
-0.1983685940504074
-0.21923613548278809
-0.21543128788471222
-0.22418449819087982
-0.21856573224067688
-0.21380116045475006
