0.09874477237462997
0.09603361040353775
0.09910792857408524
0.10774646699428558
0.09973511844873428
0.09075871855020523
0.10241076350212097
0.0921369343996048
0.09849029779434204
0.09683124721050262
0.11213281005620956
0.10194481909275055
0.09667262434959412
0.08547770231962204
0.09853946417570114
0.07662898302078247
0.09588737040758133
0.09237681329250336
0.09823547303676605
0.10074824094772339
0.10490552335977554
0.09576278179883957
0.08507344126701355
0.0978570431470871
0.08780184388160706
0.1024937778711319
0.09685075283050537
0.09118673205375671
0.09026415646076202
0.0886385440826416
0.10493719577789307
0.09407491981983185
0.08962476253509521
0.11357184499502182
0.08642932772636414
0.10692040622234344
0.08800272643566132
0.09120620787143707
0.08360615372657776
0.11152948439121246
0.09420821070671082
0.08529997617006302
0.08185063302516937
0.08678430318832397
0.09207287430763245
0.08786243200302124
0.09914259612560272
0.07927372306585312
0.0899369865655899
0.10118699818849564
0.11543121188879013
0.1050100326538086
0.0823020413517952
0.07302813231945038
0.10613371431827545
0.07650008797645569
0.09610089659690857
0.08324633538722992
0.10371316969394684
0.0936325341463089
0.09206075966358185
0.08985793590545654
0.0997714176774025
0.07943837344646454
0.0976385623216629
0.08358976244926453
0.09004427492618561
0.08551838248968124
0.09314367175102234
0.10358358174562454
0.10954271256923676
0.10714147239923477
0.10013305395841599
0.09117618203163147
0.09762632101774216
0.10856026411056519
0.0914214476943016
0.09503347426652908
0.08849625289440155
0.08314940333366394
0.12122689187526703
0.10759858042001724
0.07353243231773376
0.09758712351322174
0.10090193152427673
0.0827210396528244
0.09358461201190948
0.08449946343898773
0.09079638868570328
0.10915195941925049
0.10125088691711426
0.09159158170223236
0.10052557289600372
0.10109879076480865
0.07747265696525574
0.08614195883274078
0.08621133863925934
0.11350759863853455
0.11704148352146149
0.09597060084342957
0.09334862232208252
0.07755809277296066
0.13550876080989838
0.10043551027774811
0.09345526248216629
0.13463923335075378
0.0925864577293396
0.09069027006626129
0.09112654626369476
0.08382627367973328
0.10724334418773651
0.11036868393421173
0.07423947006464005
0.389546662569046
0.10706895589828491
0.09392115473747253
0.08563026785850525
0.07874894887208939
0.09137420356273651
0.10518249869346619
0.08607222139835358
0.08627226203680038
0.10800589621067047
0.08859990537166595
0.09859549254179001
0.0925050675868988
0.09241287410259247
0.08776998519897461
0.11386233568191528
0.10879040509462357
0.11616529524326324
0.11610143631696701
0.12175483256578445
0.10862475633621216
0.10531026124954224
0.09097342193126678
0.12048956751823425
0.10811332613229752
0.09857624769210815
0.08601902425289154
0.11494303494691849
0.10270630568265915
0.0924166738986969
0.12886646389961243
0.09537869691848755
0.07666663825511932
0.10154728591442108
0.12082630395889282
0.09212817251682281
0.10203375667333603
0.07540921866893768
0.09624266624450684
0.08944922685623169
0.059905797243118286
0.07259788364171982
0.08521054685115814
0.08306053280830383
0.09434622526168823
0.09528225660324097
0.11717675626277924
0.07901319116353989
0.11058594286441803
0.09047316014766693
0.07028531283140182
0.11806455254554749
0.07232633233070374
0.07516708970069885
0.11113085597753525
0.0585518479347229
0.0800689086318016
0.11692480742931366
0.04709964990615845
0.09574153274297714
0.1415783017873764
0.08444365859031677
0.06625060737133026
0.10062422603368759
0.05191657319664955
0.11725982278585434
0.03777694329619408
0.11490100622177124
0.07330022007226944
0.0223606638610363
0.03200636804103851
0.040634214878082275
0.10620932281017303
0.07619733363389969
0.05026818811893463
0.05469487980008125
0.033423617482185364
0.0781978890299797
0.06740925461053848
0.046533044427633286
0.06741109490394592
0.05143914371728897
0.0866578072309494
0.0761471837759018
0.05411515384912491
0.08099384605884552
0.045056410133838654
0.07969752699136734
0.04850663244724274
0.142227903008461
0.053289078176021576
0.05516299977898598
0.07669326663017273
0.0819220095872879
0.06496135145425797
0.060361385345458984
0.09445910155773163
0.030164718627929688
0.07772800326347351
0.08324898779392242
0.07657372206449509
0.08397889882326126
0.07304784655570984
0.08448167890310287
0.03681736811995506
0.04955920949578285
0.01031554862856865
0.09864147007465363
0.07658366858959198
0.07758359611034393
0.0172201506793499
0.06763198971748352
0.04030999913811684
0.027307812124490738
0.034685418009757996
0.05929218977689743
0.07282544672489166
0.09001380205154419
0.02718331106007099
0.09922109544277191
0.05385085940361023
0.04382921755313873
0.06913425773382187
0.014727364294230938
0.06928208470344543
0.16732290387153625
0.04161401465535164
0.021282900124788284
0.057375553995370865
0.021485568955540657
0.03934798389673233
0.08469253778457642
0.055468134582042694
0.05446605384349823
0.06123700365424156
0.002512611448764801
0.010332275182008743
