0.06217271834611893
0.06903543323278427
0.0636618509888649
0.07564052939414978
0.0609155148267746
0.061867885291576385
0.06612205505371094
0.06299256533384323
0.06562133133411407
0.06231004744768143
0.06365938484668732
0.06398429721593857
0.06606268137693405
0.0658220499753952
0.06319795548915863
0.06632513552904129
0.06369627267122269
0.06313506513834
0.06650356948375702
0.06540852785110474
0.07095910608768463
0.062466591596603394
0.062136460095644
0.06465010344982147
0.06075417995452881
0.05951438099145889
0.06309725344181061
0.0588129460811615
0.06820032745599747
0.06350073963403702
0.06541264802217484
0.06310473382472992
0.059653982520103455
0.056179024279117584
0.06848302483558655
0.0593964084982872
0.05918220430612564
0.05764208361506462
0.06316260993480682
0.05824657529592514
0.05837750434875488
0.05909028649330139
0.05877625197172165
0.0629933550953865
0.0674193799495697
0.05448298901319504
0.0544787272810936
0.04971025884151459
0.058835893869400024
0.05880215764045715
0.04930306226015091
0.05201715975999832
0.055049289017915726
0.06319156289100647
0.055131033062934875
0.048516646027565
0.037447601556777954
0.050735242664813995
0.03377760574221611
0.04190387576818466
0.03348682075738907
0.03271102532744408
0.03223516792058945
0.03612593561410904
0.009830674156546593
0.02594195306301117
0.011437159031629562
0.020977580919861794
0.0023364219814538956
0.006373107433319092
0.0003188084810972214
0.01848522014915943
0.01138952188193798
0.008396951481699944
0.029370225965976715
0.009366885758936405
-0.0006909146904945374
0.006856539286673069
-0.01058213971555233
-0.0011673150584101677
-0.0061912997625768185
0.024450058117508888
0.038931865245103836
0.010022647678852081
0.04788748174905777
0.01682250015437603
0.015274930745363235
0.019487958401441574
0.004494596738368273
0.013396180234849453
0.023251697421073914
0.035669904202222824
0.031750358641147614
0.03110363334417343
-0.0008823494426906109
0.025758301839232445
0.008180693723261356
0.003549021203070879
0.03906760737299919
0.004442663863301277
0.0029773954302072525
-0.0012452895753085613
0.009228539653122425
0.02239648625254631
0.0031030746176838875
0.022220715880393982
0.04052898660302162
0.014106359332799911
0.0038350187242031097
0.028994843363761902
-0.0040018511936068535
-0.003545955754816532
0.0010984176769852638
0.037016723304986954
-0.010424740612506866
0.00036162324249744415
-0.006913230754435062
-0.00986986979842186
-0.006500258110463619
-0.005341578274965286
-0.007230684161186218
-0.007961448282003403
-0.0026435256004333496
-0.011286584660410881
-0.010477622970938683
0.00035494938492774963
-0.002841242589056492
-0.009600738063454628
-0.009153726510703564
-0.01165645383298397
-0.010656905360519886
-0.016060935333371162
-0.004787337966263294
-0.012578483670949936
0.004668174311518669
-0.002846498042345047
-0.013211173936724663
-0.015589063987135887
-0.012948618270456791
-0.009231390431523323
-0.007455543614923954
-0.002780773676931858
0.00527544878423214
-0.010136398486793041
0.0006346516311168671
-0.010004851035773754
-0.011495612561702728
-0.0034554041922092438
-0.006826460361480713
-0.009225351735949516
-0.016109835356473923
-0.01284927036613226
-0.003039684146642685
-0.004176149144768715
-0.005786692723631859
-0.002818387933075428
-0.011860312893986702
-0.010749775916337967
-0.004972855560481548
-0.006991232745349407
-0.009077650494873524
-0.012299822643399239
-0.014302915893495083
-0.015521358698606491
-0.010142561048269272
-0.015139296650886536
0.0007757833227515221
-0.006480300799012184
-0.007102572359144688
-0.006762963719666004
-0.012457557022571564
-0.00902361050248146
-0.0073355818167328835
-0.0057249050587415695
-0.0029297061264514923
-6.37304037809372e-05
-0.01740499958395958
-0.007256115786731243
-0.011802156455814838
-0.005664454773068428
-0.005395093001425266
-0.012805680744349957
-0.004399375058710575
0.005647215060889721
-0.009714161977171898
-0.009595014154911041
-0.013183815404772758
-0.003588378429412842
-0.011007683351635933
-0.00831963773816824
-0.010359744541347027
-0.013208199292421341
0.012949197553098202
-0.013436754234135151
-0.006129163317382336
0.022408830001950264
0.014159513637423515
-0.010883736424148083
-0.00900683831423521
0.007736655883491039
0.001180926337838173
0.0018758494406938553
-0.013601155951619148
-0.013802471570670605
0.019826026633381844
0.010026092641055584
-0.00860125944018364
-0.010406877845525742
-0.0004136767238378525
-0.008379288017749786
-0.004482475109398365
-0.004001696594059467
-0.009496867656707764
-0.0023641036823391914
-0.012220900505781174
-0.004739920608699322
-0.013135198503732681
-0.011922022327780724
-0.007291161920875311
-0.003890685737133026
-0.0024804892018437386
-0.011816443875432014
3.192480653524399e-05
-0.011865795589983463
-0.0074670878238976
-0.0047260248102247715
-0.009073053486645222
-0.0013310965150594711
0.022976882755756378
-0.012289924547076225
0.0239800363779068
-0.013918573036789894
-0.001664583571255207
-0.013216143473982811
-0.0062347897328436375
-0.0066518718376755714
-0.010304385796189308
-0.0015331413596868515
-0.010035639628767967
-0.015771005302667618
-0.012406113557517529
0.0010546064004302025
-0.008152639493346214
8.675456047058105e-05
-0.0067757498472929
-0.006806991994380951
-0.013620787300169468
-0.0096479756757617
-0.006329712457954884
0.0057388730347156525
-0.01379949226975441
-0.010986512526869774
-0.006774685345590115
0.009817351587116718
-0.01283146534115076
-0.0005160914734005928
0.0023062480613589287
-0.004035336896777153
-0.0162682943046093
-0.013360852375626564
0.010086738504469395
-0.010057860985398293
-0.011056658811867237
-0.010929403826594353
-0.011939559131860733
0.006755828857421875
-0.012661068700253963
-0.011097412556409836
-0.009570633992552757
-0.012659430503845215
-0.01169999223202467
-0.003993821330368519
-0.016993841156363487
0.0018083080649375916
-0.011781176552176476
-0.005091440863907337
0.0022622207179665565
-0.013348789885640144
-0.015462599694728851
-0.016598081216216087
0.0007991213351488113
-0.009552376344799995
-0.01549426931887865
-0.012560841627418995
-0.01124297734349966
0.003808114677667618
-0.011583219282329082
-0.01423074584454298
-0.008248034864664078
-0.0021803248673677444
-0.011868072673678398
-0.014621234498918056
-0.008063100278377533
0.003783758729696274
-0.008761190809309483
-0.010413105599582195
-0.008942419663071632
-0.013615099713206291
-0.005231970455497503
-0.0013877805322408676
-0.004359513521194458
-0.009553490206599236
-0.01263451762497425
-0.002848331816494465
-0.013609650544822216
-0.011071159504354
-0.012880338355898857
-0.011339707300066948
-0.012756068259477615
-0.015069101005792618
-0.009002196602523327
-0.012066125869750977
-0.014078158885240555
-0.014065587893128395
-0.002212274819612503
-0.009202362969517708
-0.01672697812318802
-0.012987530790269375
-0.0140880411490798
-0.0176299586892128
-0.015821127220988274
-0.014592708088457584
-0.013049227185547352
-0.014817588962614536
-0.007671909406781197
-0.013163583353161812
-0.015245826914906502
-0.011219324544072151
-0.014714805409312248
-0.013856174424290657
-0.012702956795692444
-0.004254127852618694
-0.014932092279195786
-0.012883435934782028
-0.015169989317655563
-0.013095246627926826
-0.012109089642763138
-0.013753952458500862
-0.014003974385559559
-0.011077501811087132
-0.016898667439818382
-0.012173764407634735
-0.012815147638320923
-0.011090187355875969
-0.0126950703561306
-0.01712440513074398
-0.013404238037765026
-0.017154671251773834
-0.0014870455488562584
-0.014771513640880585
-0.00801718607544899
-0.012935690581798553
-0.012972475960850716
-0.011477556079626083
-0.016668515279889107
-0.008448897860944271
-0.016717568039894104
-0.014894988387823105
-0.009679919108748436
-0.012049431912600994
-0.0002041766420006752
-0.01849730685353279
-0.01622804068028927
-0.017741868272423744
-0.017956312745809555
-0.014215544797480106
-0.012626546435058117
-0.013299968093633652
-0.018474025651812553
-0.018940608948469162
-0.009771876037120819
-0.018392624333500862
-0.01798870414495468
-0.01576029509305954
-0.01692204177379608
-0.01507296971976757
-0.003703473135828972
-0.016335299238562584
-0.015485269948840141
-0.01626257225871086
-0.01763187162578106
-0.014955908060073853
-0.01371823437511921
-0.015074476599693298
-0.018118806183338165
-0.013907013460993767
-0.008062885142862797
-0.01879104971885681
-0.017786839976906776
-0.011653895489871502
-0.01697830855846405
-0.008237576112151146
-0.011911721900105476
-0.013282062485814095
-0.017825886607170105
-0.015799716114997864
-0.017087562009692192
-0.01188170351088047
-0.01723623275756836
-0.014630066230893135
-0.010003555566072464
-0.013646693900227547
-0.016704782843589783
-0.020000997930765152
-0.016609570011496544
-0.011043708771467209
-0.016107922419905663
-0.013242053799331188
-0.01353752613067627
-0.016447870060801506
-0.014484950341284275
-0.017852535471320152
-0.015285072848200798
-0.01416647806763649
-0.017519976943731308
-0.016980599611997604
-0.006507029756903648
-0.015887010842561722
-0.01719946786761284
-0.01917392387986183
-0.016455870121717453
-0.017353393137454987
-0.017574062570929527
-0.017119554802775383
-0.01598292961716652
-0.017128899693489075
-0.018471531569957733
-0.01581619493663311
-0.01393749937415123
-0.01416467223316431
-0.011964792385697365
-0.014669280499219894
-0.012558367103338242
-0.013920558616518974
-0.014655539765954018
-0.016745738685131073
-0.007233460433781147
-0.01741190254688263
-0.013751921243965626
-0.017864113673567772
-0.017815452069044113
-0.016954977065324783
-0.014762843027710915
-0.015651168301701546
-0.008362066932022572
-0.007832159288227558
-0.008035452105104923
-0.009794208221137524
-0.015348146669566631
-0.012665992602705956
-0.011117169633507729
-0.016564184799790382
-0.0027264468371868134
-0.01574810966849327
-0.008671318180859089
-0.014402673579752445
-0.011695153079926968
-0.015102575533092022
-0.011184661649167538
-0.017660707235336304
-0.013984596356749535
-0.012785102240741253
-0.017349328845739365
-0.014508157968521118
0.0076345354318618774
-0.018686875700950623
-0.015296650119125843
-0.01791500858962536
-0.0188057292252779
-0.017838630825281143
-0.016394339501857758
-0.014693692326545715
-0.015339292585849762
-0.012659544125199318
-0.014704037457704544
-0.011899042874574661
-0.017364267259836197
-0.018857615068554878
-0.01483163982629776
-0.015385095030069351
-0.01817084290087223
-0.015627656131982803
-0.011279549449682236
-0.009234212338924408
-0.01748686097562313
-0.016116274520754814
-0.013193403370678425
-0.01303182914853096
-0.01649051159620285
-0.005417674779891968
-0.011150185018777847
-0.017106475308537483
-0.0047981636598706245
-0.013414227403700352
-0.018552511930465698
-0.018039224669337273
-0.006398024968802929
-0.012472866103053093
-0.01777171902358532
-0.01851917989552021
-0.01711389049887657
-0.01274440623819828
-0.009561917744576931
-0.007365626282989979
-0.012500716373324394
-0.01567085087299347
-0.010016225278377533
-0.011051063425838947
-0.011770058423280716
-0.01792786829173565
-0.016785265877842903
-0.015360448509454727
-0.015991194173693657
-0.014524414204061031
-0.015549865551292896
-0.016021963208913803
-0.015122511424124241
-0.013709111139178276
-0.017704276368021965
-0.015695415437221527
-0.018079515546560287
-0.013768751174211502
-0.016642725095152855
-0.018211254850029945
-0.017699148505926132
-0.00989976990967989
-0.018241364508867264
-0.020378077402710915
-0.013145454227924347
-0.010597934946417809
0.0016290508210659027
-0.016146596521139145
-0.015457120724022388
-0.007418368943035603
-0.01751469448208809
-0.016054531559348106
-0.014742357656359673
-0.018005160614848137
-0.01247481256723404
-0.012099248357117176
-0.0195398461073637
-0.00864575244486332
-0.018675070255994797
-0.01686367206275463
-0.014140503481030464
-0.013697519898414612
-0.014846254140138626
0.005041149444878101
-0.01594376005232334
-0.013483106158673763
-0.01702813431620598
-0.016672644764184952
-0.015342127531766891
-0.012350809760391712
-0.010936975479125977
-0.015536937862634659
-0.014488493092358112
-0.006239056587219238
-0.009755735285580158
-0.011546125635504723
-0.0054374635219573975
-0.013563578948378563
-0.014358041808009148
-0.014226704835891724
-0.016880959272384644
-0.010051939636468887
-0.009154582396149635
-0.01567777618765831
-0.0076028136536479
-0.017300713807344437
-0.013672991655766964
-0.018536070361733437
-0.0036814771592617035
-0.01583637297153473
-0.018720373511314392
0.006226237863302231
-0.019527222961187363
-0.005296649876981974
-0.018299048766493797
-0.013173478655517101
-0.010103399865329266
-0.01810792274773121
-0.016832105815410614
-0.017512351274490356
-0.006557923275977373
-0.01164902001619339
-0.017678115516901016
-0.014929229393601418
-0.01858493499457836
-0.013467914424836636
-0.01591610722243786
-0.015186780132353306
-0.015886671841144562
-0.011635934934020042
-0.015726355835795403
-0.0096823088824749
-0.017640359699726105
-0.01540728285908699
-0.015748951584100723
-0.017162974923849106
-0.007661047391593456
-0.016039222478866577
-0.01187178771942854
-0.014921216294169426
-0.01517508551478386
0.0017015812918543816
-0.01845313236117363
-0.015895012766122818
-0.01702801324427128
-0.016260430216789246
-0.015135310590267181
-0.014639059081673622
-0.01588251255452633
-0.017780862748622894
-0.015731023624539375
0.002592839300632477
-0.015555599704384804
-0.009216826409101486
-0.015084062702953815
-0.015700586140155792
-0.017261968925595284
-0.018048908561468124
-0.013880372047424316
-0.015987154096364975
-0.020008889958262444
-0.017333153635263443
-0.010115686804056168
-0.018251808360219002
-0.009962799958884716
-0.012726869434118271
-0.015826629474759102
-0.017137154936790466
-0.018259994685649872
-0.017166288569569588
-0.017041202634572983
-0.014875928871333599
-0.013317049480974674
-0.015474263578653336
-0.01621491089463234
-0.011064909398555756
-0.003812330774962902
-0.015201517380774021
-0.014283454045653343
-0.014895769767463207
-0.0192226842045784
-0.01821461133658886
-0.013666808605194092
-0.014002634212374687
-0.01741333305835724
-0.012498511001467705
-0.011033154092729092
-0.00800817459821701
-0.017503099516034126
-0.00554377306252718
-0.019995220005512238
-0.010751831345260143
-0.010765805840492249
-0.01670089177787304
-0.011834285221993923
-0.016485095024108887
-0.015630094334483147
-0.01335294358432293
-0.008497180417180061
-0.01557810790836811
-0.01331161055713892
-0.017457759007811546
-0.01920156180858612
-0.018278978765010834
-0.016908999532461166
-0.01760566607117653
-0.015688395127654076
-0.015069846995174885
-0.016607796773314476
0.0006005577743053436
-0.0121818408370018
-0.013685021549463272
-0.006659994833171368
-0.017140556126832962
-0.018635446205735207
-0.01684175804257393
-0.01571863517165184
-0.013793885707855225
-0.004980180412530899
-0.01724512130022049
-0.009037615731358528
-0.013481821864843369
-0.013455319218337536
-0.008756611496210098
-0.009702172130346298
-0.014279704540967941
-0.014157394878566265
-0.012611599639058113
-0.011793648824095726
-0.018537985160946846
-0.018453840166330338
-0.015011647716164589
-0.014830133877694607
-0.018468404188752174
-0.017943907529115677
-0.018169967457652092
-0.017038537189364433
-0.015093331225216389
-0.01706625521183014
-0.013426078483462334
-0.015314081683754921
-0.013974582776427269
-0.017358269542455673
-0.016827572137117386
-0.015071707777678967
-0.017032800242304802
-0.017935359850525856
-0.012098622508347034
-0.01586083322763443
-0.017976243048906326
-0.014538878574967384
-0.009973764419555664
-0.015893137082457542
-0.012552311643958092
-0.01646217703819275
-0.017122283577919006
-0.016091417521238327
-0.021522335708141327
0.003638971596956253
-0.015399908646941185
-0.01601451262831688
-0.013397582806646824
-0.01622810773551464
-0.016755111515522003
-0.012045923620462418
-0.016944032162427902
-0.017956489697098732
-0.02019399404525757
-0.014066800475120544
-0.016742220148444176
-0.014720168896019459
-0.016162997111678123
-0.01529652439057827
-0.010091336444020271
-0.018577970564365387
-0.016514308750629425
-0.0117354616522789
-0.015152928419411182
-0.009442164562642574
-0.016133254393935204
-0.019682569429278374
-0.008234059438109398
-0.015537440776824951
-0.011495014652609825
-0.013326950371265411
-0.01815621182322502
-0.004651820287108421
-0.015011152252554893
-0.018372541293501854
-0.016766227781772614
-0.018903380259871483
-0.015532351098954678
-0.01690634898841381
-0.0045487601310014725
-0.012716179713606834
-0.01544883381575346
-0.01597863994538784
-0.015573473647236824
-0.018224546685814857
-0.015472504310309887
-0.015925781801342964
-0.012038412503898144
-0.019842736423015594
-0.00633650366216898
-0.01697264052927494
-0.020161379128694534
-0.01690862327814102
-0.004821629263460636
-0.018292861059308052
-0.0113340700045228
-0.01799752563238144
-0.014963814057409763
-0.018133986741304398
-0.014118475839495659
-0.016866255551576614
-0.015184309333562851
-0.017047010362148285
-0.01909971423447132
-0.014896788634359837
-0.015430598519742489
-0.019970271736383438
-0.017048560082912445
-0.017538538202643394
-0.019200989976525307
-0.01784886233508587
-0.015000107698142529
-0.01897699013352394
-0.01632802002131939
-0.01553337648510933
-0.01881605014204979
-0.01039543654769659
-0.018267974257469177
-0.010336741805076599
-0.016937997192144394
-0.020518528297543526
-0.018143659457564354
-0.018329231068491936
-0.018616100773215294
-0.02147681452333927
-0.006972422823309898
-0.01999690569937229
-0.01891842857003212
-0.018165508285164833
-0.01883619651198387
-0.020553000271320343
-0.015207238495349884
-0.014741159975528717
-0.01357793528586626
-0.01969376765191555
-0.006432325579226017
-0.016865666955709457
-0.017990045249462128
-0.018186407163739204
-0.011990878731012344
-0.018309682607650757
-0.019587595015764236
-0.010142957791686058
-0.0033577391877770424
-0.018072251230478287
-0.009523339569568634
-0.017063047736883163
-0.010350070893764496
-0.01688433066010475
-0.018787676468491554
-0.014660317450761795
-0.019089005887508392
-0.018351633101701736
-0.01813962310552597
-0.01608709990978241
-0.015290939249098301
-0.020653963088989258
-0.016072936356067657
-0.016533097252249718
-0.01666954904794693
-0.0105133643373847
-0.019406110048294067
-0.014354072511196136
-0.012518472038209438
-0.017893197014927864
-0.007689641788601875
-0.01727178506553173
-0.019426217302680016
-0.015169446356594563
-0.01859751157462597
-0.017005793750286102
-0.008694598451256752
-0.0169498510658741
-0.01456922572106123
-0.01797829568386078
-0.01574264094233513
-0.016561180353164673
-0.009589148685336113
-0.01565547287464142
-0.01790541782975197
-0.016867317259311676
-0.01920715905725956
-0.014521160162985325
-0.01639854535460472
-0.015771694481372833
-0.018796904012560844
-0.018343282863497734
-0.014789585024118423
-0.01894223317503929
-0.0045311180874705315
-0.01990988478064537
-0.01962466724216938
0.005797828547656536
-0.01886894553899765
-0.012065073475241661
-0.01336769200861454
-0.014937159605324268
-0.015537160448729992
-0.018726300448179245
-0.016840508207678795
-0.017278596758842468
-0.009302678517997265
-0.020325250923633575
-0.0020157480612397194
-0.014732107520103455
-0.017314190044999123
-0.015921495854854584
-0.0042529236525297165
-0.012966986745595932
-0.014401905238628387
-0.018495507538318634
-0.015923507511615753
-0.013306212611496449
-0.017863411456346512
-0.008597743697464466
-0.019378138706088066
-0.01788134127855301
-0.015772998332977295
-0.016764022409915924
-0.02097105234861374
-0.015057319775223732
-0.020236818119883537
-0.011140819638967514
-0.017186084762215614
-0.017579279839992523
-0.0013531455770134926
-0.01779930107295513
-0.01821736991405487
-0.010603105649352074
-0.011808707378804684
-0.016676098108291626
-0.013787216506898403
-0.018794316798448563
-0.019047275185585022
-0.006670625880360603
-0.018994996324181557
-0.01605609990656376
-0.014555052854120731
-0.018853809684515
-0.01374888140708208
-0.014383094385266304
-0.014812128618359566
-0.015597060322761536
-0.014600287191569805
-0.020048316568136215
-0.019775662571191788
-0.007126179523766041
-0.01710277982056141
-0.01927846483886242
-0.01920974999666214
-0.01956724375486374
-0.012688773684203625
-0.010698935016989708
-0.01332699041813612
-0.019340019673109055
-0.019095025956630707
-0.01961752213537693
-0.016566095873713493
-0.01573794148862362
-0.00785769708454609
-0.011632021516561508
-0.007616795599460602
-0.016018377617001534
-0.012144055217504501
-0.017998671159148216
-0.01877789944410324
-0.017296625301241875
-0.0076898979023098946
-0.018657447770237923
-0.01955549418926239
-0.008959785103797913
-0.018991878256201744
-0.017755568027496338
-0.01727442815899849
-0.013817265629768372
-0.01753385178744793
-0.019078683108091354
-0.020234592258930206
-0.012959697283804417
-0.015163565054535866
-0.01761365495622158
-0.015034342184662819
-0.019135355949401855
-0.01863592118024826
-0.019577588886022568
-0.01061609573662281
-0.018840450793504715
-0.016545750200748444
-0.00654502771794796
-0.01975705847144127
-0.017474345862865448
-0.018341990187764168
-0.018219808116555214
-0.018731579184532166
-0.009402060881257057
-0.014185462146997452
-0.01124093309044838
-0.015694882720708847
-0.01594921201467514
-0.018305251374840736
-0.019595837220549583
-0.018964041024446487
-0.020943233743309975
-0.009734217077493668
-0.01740141026675701
-0.020763510838150978
-0.015511512756347656
-0.015409965068101883
-0.017239166423678398
-0.01581837423145771
-0.020027857273817062
-0.017040682956576347
-0.014567327685654163
-0.01579890213906765
-0.018430981785058975
-0.014781417325139046
-0.0197641272097826
-0.0173697117716074
-0.01158653199672699
-0.018189972266554832
-0.015623187646269798
-0.014108316041529179
