0.09250254184007645
0.09898272156715393
0.09404520690441132
0.10502999275922775
0.09138116985559464
0.09231358766555786
0.09569773823022842
0.09288007766008377
0.0959072858095169
0.09282571077346802
0.09422890096902847
0.09424809366464615
0.0958101898431778
0.09583654254674911
0.09325043112039566
0.0949118584394455
0.09406943619251251
0.09281424432992935
0.09673231095075607
0.09562699496746063
0.09986212104558945
0.09365423023700714
0.0923805981874466
0.0944463312625885
0.091334268450737
0.09030240774154663
0.0935414507985115
0.08929277956485748
0.09633497148752213
0.09214935451745987
0.0948575884103775
0.0926414504647255
0.09047020226716995
0.087136410176754
0.09797069430351257
0.09231764078140259
0.090298131108284
0.08793289214372635
0.09165399521589279
0.08856397867202759
0.08909739553928375
0.09014579653739929
0.08800380676984787
0.09218473732471466
0.09307289123535156
0.08178906887769699
0.08433964103460312
0.08298444002866745
0.087648905813694
0.08608828485012054
0.0798935741186142
0.08177385479211807
0.08769743144512177
0.08775791525840759
0.08395489305257797
0.07714273035526276
0.06810794770717621
0.08542656153440475
0.0676657184958458
0.07045102119445801
0.06269904226064682
0.056103967130184174
0.05883494392037392
0.0704396441578865
0.040984563529491425
0.05455835536122322
0.04536110907793045
0.0512654110789299
0.03830662742257118
0.037774257361888885
0.030868135392665863
0.05131380632519722
0.03525888919830322
0.026763711124658585
0.043915629386901855
0.03169601038098335
0.01945161074399948
0.02837296575307846
0.009402981959283352
0.009801329113543034
0.012176332995295525
0.022698579356074333
0.03604484349489212
0.015702446922659874
0.061250366270542145
0.021360276266932487
0.019468791782855988
0.025725986808538437
0.012667571194469929
0.009041577577590942
0.02453583851456642
0.02646769769489765
0.03629051893949509
0.02777450531721115
0.005185823887586594
0.030873632058501244
0.0121765760704875
0.014747912995517254
0.03185168653726578
0.008751995861530304
0.01037384383380413
0.0050867535173892975
0.01153300516307354
0.033868249505758286
0.019293155521154404
0.03180822357535362
0.10624759644269943
0.03468075767159462
0.02770434133708477
0.08371341973543167
0.016089053824543953
0.009941707365214825
0.01233228575438261
0.06533284485340118
0.009988154284656048
0.0189522635191679
0.013473118655383587
0.004230533726513386
0.01084892824292183
0.01175666879862547
0.007450039032846689
0.009212365373969078
0.02699841372668743
0.006836749613285065
0.012350405566394329
0.02748766355216503
0.012895079329609871
0.0101237827911973
0.005685530137270689
0.009162482805550098
0.003743753768503666
0.0044385334476828575
0.01398985181003809
0.00623916182667017
0.021386420354247093
0.00675270427018404
0.011550736613571644
0.012586250901222229
0.004496304783970118
0.006551032420247793
0.00437986571341753
0.010327554307878017
0.0010412257397547364
0.01203699316829443
0.009371409192681313
0.04687660187482834
0.007377993315458298
0.019311705604195595
0.005259481258690357
0.008234594017267227
0.014006649143993855
0.019176634028553963
0.013110818341374397
0.0033831470645964146
0.004459585063159466
0.03353995084762573
0.011254782788455486
0.005565416067838669
0.01558046042919159
0.005613253451883793
0.004349135793745518
0.015091956593096256
0.013663615100085735
0.0164053812623024
0.004001049790531397
0.019890910014510155
0.012466046959161758
0.006797334179282188
0.006435191258788109
0.008664441294968128
0.0015043162275105715
0.006264247465878725
0.0036535081453621387
0.015594870783388615
0.010124974884092808
0.015355582349002361
0.017252931371331215
0.0057060569524765015
0.0033061192370951176
0.0058565023355185986
0.009616379626095295
0.0028684833087027073
0.0020773434080183506
0.01720760390162468
0.0003182964865118265
0.0037508478853851557
0.0030257636681199074
0.005106729920953512
0.006715237628668547
0.019529150798916817
0.00913825910538435
0.009634919464588165
0.0020473457407206297
0.0070477016270160675
0.019387828186154366
0.017319247126579285
0.020158983767032623
0.008627182804048061
0.0069807483814656734
0.008924579247832298
0.004094284493476152
0.0058035957626998425
0.0056745316833257675
0.0028521402273327112
0.006933428347110748
0.013954488560557365
0.005389705300331116
0.005715785548090935
0.011754291132092476
0.01564229279756546
0.006156639661639929
0.009102752432227135
0.0043168989941477776
0.013222722336649895
0.00415049958974123
0.008035654202103615
0.00215105339884758
0.0028417478315532207
0.0036354379262775183
0.006978668738156557
0.010319954715669155
0.00531004136428237
0.00489581236615777
0.0018108375370502472
0.0036139078438282013
0.0037415619008243084
0.0030176821164786816
0.004345638677477837
0.032265905290842056
0.005915094166994095
0.014496134594082832
0.003411042969673872
0.006752567365765572
0.0015669779386371374
0.007492558564990759
0.00464269146323204
0.010998833924531937
0.004407028667628765
0.023048395290970802
0.010287551209330559
0.005695821717381477
0.004437305964529514
0.001554466551169753
0.012414660304784775
0.006559761241078377
0.006359880790114403
-0.0006188127445057034
0.002848174422979355
0.00213122577406466
0.02071547508239746
0.0003792437491938472
0.0026757223531603813
0.011653534136712551
0.007853523828089237
0.0038804002106189728
0.013488068245351315
0.014341780915856361
0.006651152856647968
-0.0006212267908267677
0.0036083352752029896
0.014164358377456665
0.001349843107163906
0.0020755138248205185
0.0025182056706398726
0.00136151525657624
0.006871091667562723
0.002394345123320818
0.006799801252782345
0.0037351399660110474
0.002676974516361952
0.00256709405221045
0.011474639177322388
0.002040911465883255
0.0028183951508253813
0.0032741334289312363
0.003200381062924862
0.006150784902274609
-0.00044057873310521245
-4.514085594564676e-05
0.016400735825300217
0.0026593226939439774
0.0007333605317398906
0.006055763922631741
0.008280457928776741
0.003256489522755146
-0.0005350005230866373
0.031127754598855972
0.001888044411316514
0.005495674908161163
0.0012061325833201408
0.0032287128269672394
0.018274370580911636
0.0010991287417709827
0.006248094141483307
0.006648730952292681
0.002269620541483164
0.004272974096238613
-0.0008072074851952493
0.0006293532787822187
0.004897924605756998
0.0034590885043144226
0.0023145212326198816
0.007981567643582821
0.0020809907000511885
0.0043175118044018745
-0.0007951325969770551
0.0024288424756377935
0.009661568328738213
0.0031928957905620337
0.001296521513722837
0.013751573860645294
0.0002783865202218294
0.001229718211106956
0.0010432179551571608
0.0005680606700479984
0.010560866445302963
-0.0007610645261593163
0.0016347903292626143
0.0017320510232821107
0.01062068808823824
0.0008801119984127581
0.021769987419247627
0.010893006809055805
0.0019445203943178058
0.005822282284498215
0.00025042268680408597
0.00047400707262568176
0.0037193859461694956
0.007904121652245522
0.0019734357483685017
0.003641711315140128
0.0035567418672144413
0.005669584032148123
2.565974136814475e-05
0.0034248055890202522
0.0008181026205420494
0.00031452986877411604
0.003122793510556221
0.016113027930259705
0.0006515529239550233
0.0016530891880393028
0.0007409743848256767
0.0064444774761796
0.03291334956884384
0.0009301606914959848
0.002913408912718296
0.0019198169466108084
0.00027640536427497864
0.0027881411369889975
0.003272585105150938
0.004737560637295246
0.0039080907590687275
0.0016456625889986753
0.00012153381248936057
0.0010371585376560688
-0.0010540771763771772
0.006677133496850729
0.001012533437460661
0.010139619931578636
0.0005677865701727569
0.001681990223005414
0.0017516699153929949
0.0002571095246821642
0.006914074998348951
0.0010276021203026175
-0.0003844212624244392
0.0015516611747443676
-0.00037952972343191504
-9.63913043960929e-06
0.008878755383193493
0.0007312048692256212
0.008184384554624557
0.00961222406476736
0.002199196256697178
0.00011842447565868497
0.005996366031467915
-3.0992086976766586e-05
0.0012609973782673478
0.0013441970804706216
0.0048050289042294025
0.0016097631305456161
0.0029361601918935776
0.004224197939038277
0.014139935374259949
0.0029172413051128387
0.00042357813799753785
0.003562706056982279
0.002736990572884679
0.0011496180668473244
0.0047446428798139095
0.005218971520662308
-0.000792347826063633
0.0009541704785078764
0.0025080840568989515
0.0006715230992995203
0.0031366210896521807
0.0014302494237199426
-2.590077929198742e-05
0.0016618078807368875
-2.1566811483353376e-05
0.005068102851510048
0.0005420501693151891
0.006771509535610676
-0.00019609410082921386
0.004033288452774286
0.00122347055003047
0.001180511899292469
0.004301723558455706
0.002326897345483303
0.001261536730453372
0.00019275827798992395
0.021451784297823906
0.0017811572179198265
0.002423930214717984
-0.000962259597145021
0.006106633227318525
0.00682115601375699
0.00259008863940835
0.000528648030012846
0.0017148773185908794
0.004793853964656591
0.0055916402488946915
-0.00021553286933340132
-0.000989696942269802
0.0007600495009683073
0.0051961736753582954
0.0006581730558536947
0.0012608703691512346
0.0029630917124450207
0.0029698889702558517
0.0012428701156750321
0.0008895345381461084
0.002471226966008544
0.001818734803237021
0.00028578692581504583
0.00047983217518776655
0.002180480631068349
0.0010329047217965126
0.0022146254777908325
0.0021231442224234343
0.005033213645219803
-0.0005681086331605911
-0.0009998815366998315
0.002472825348377228
0.0026488653384149075
0.005101060960441828
-0.0006915252306498587
0.005814786069095135
0.005668416619300842
0.0008972398936748505
0.011370808817446232
0.008339613676071167
0.004443118814378977
0.001466116402298212
0.004614552017301321
0.0051816534250974655
0.003836526768282056
-0.0005070498446002603
0.00073847925523296
0.0010943240486085415
0.0026631937362253666
1.3161217793822289e-05
0.008780867792665958
0.0028143259696662426
-0.0013894705334678292
0.003083796240389347
0.018282750621438026
0.0010907514952123165
0.0035216393880546093
0.0015822877176105976
0.018160732463002205
-0.0004886294482275844
0.004398527555167675
0.005092819686979055
0.002888977061957121
0.0009764149435795844
0.004147303756326437
0.0004673098446801305
0.0015943821053951979
-0.00039052136708050966
0.0007088581915013492
0.0005714793223887682
-0.00035015185130760074
0.013117608614265919
0.004593119025230408
-0.0009070568485185504
0.0042348988354206085
0.010537088848650455
5.024194251745939e-05
0.00023864192189648747
0.002259203465655446
0.001543306978419423
0.00043234112672507763
0.0008293347200378776
0.0011248288210481405
0.0065709310583770275
0.0006842850125394762
0.0019525790121406317
0.00043583137448877096
0.0013799166772514582
0.03262457996606827
0.0103414636105299
0.0012363916030153632
0.00042973924428224564
0.007411936763674021
0.001511292066425085
0.000405816943384707
0.0012484993785619736
0.00043483916670084
0.012505955994129181
0.002414407441392541
0.005956651642918587
0.002488282509148121
0.0014671874232590199
-0.00036172702675685287
0.0004999039229005575
0.004371142014861107
0.005941452458500862
0.00040008348878473043
0.004581008106470108
0.005178503692150116
2.295983722433448e-05
0.00013599894009530544
0.002579138847067952
-0.0007100400980561972
0.0015052196104079485
0.002017185091972351
0.005086296238005161
0.0008255392895080149
0.007356828544288874
0.002287353854626417
0.0009345631115138531
0.006325445603579283
0.002755164634436369
0.0010569500736892223
0.004752036649733782
0.005720082670450211
0.0014866566052660346
0.0002240186440758407
0.0011960321571677923
0.00010176096111536026
0.004611973650753498
0.0012441412545740604
0.002297232626006007
0.003104787552729249
-0.001211542054079473
0.0005361005896702409
0.004852010868489742
0.0018360497197136283
0.0018715419573709369
0.002194367814809084
0.0004937793128192425
0.0010867477394640446
0.002535596489906311
0.0011866061249747872
0.0018835250521078706
0.005857612006366253
0.0003622371004894376
-0.0006345454603433609
-0.0001546499552205205
0.0008609691867604852
0.004257622174918652
0.002488197758793831
0.0037139803171157837
0.00020398024935275316
0.0015661222860217094
0.005212051328271627
0.008579271845519543
-0.00031954527366906404
0.0008289293036796153
0.0005076770903542638
0.0014321189373731613
0.0024615079164505005
0.0028310404159128666
0.0034103323705494404
0.00553964264690876
-0.0008965618908405304
0.007969558238983154
0.003476806916296482
0.006935503333806992
-7.592025212943554e-05
0.0029348412062972784
0.0017155999084934592
0.00016924343071877956
-0.0005673561245203018
0.005299523938447237
0.002356084529310465
0.0016835518181324005
0.0035208240151405334
0.000591281452216208
0.0005165898473933339
0.00020647875498980284
-0.0005008521256968379
-0.0012986554065719247
0.0004102095263078809
0.0008184554753825068
0.009211525321006775
0.003514315700158477
0.0013015314470976591
0.0033319219946861267
0.005963725037872791
0.008143659681081772
0.007422036025673151
0.00027095829136669636
0.0007950306171551347
-0.0006712476606480777
0.0008091778727248311
-0.0009067519567906857
-0.0007020223420113325
0.0019451077096164227
0.0009362988057546318
-0.0001488311681896448
0.0030281334184110165
0.0040223607793450356
0.0004143143305554986
-0.00037539913319051266
0.0023625886533409357
0.008495427668094635
-0.00018755695782601833
0.005264978855848312
0.0001637026434764266
0.0024536217097193003
0.009407753124833107
0.006593340076506138
-0.0003686005948111415
0.002952864393591881
-0.0012206496903672814
0.0035790097899734974
0.0009700048249214888
0.001112698926590383
0.002841135486960411
0.001565385377034545
0.0014957886887714267
0.0006024385802447796
0.0002128576161339879
-0.0005766060203313828
-0.0008627372444607317
0.009646303951740265
-0.0007019939948804677
0.0031570971477776766
0.0014975059311836958
-0.0010568072320893407
-0.0011428081197664142
0.001908987178467214
0.004508147016167641
-0.0007557087810710073
-0.00047365622594952583
0.006653670687228441
0.002400591503828764
0.0013760895235463977
0.0007786225760355592
0.0004671699134632945
0.00025281670968979597
-5.879055242985487e-05
0.0003341002156957984
0.002241868991404772
0.0015673351008445024
0.010004591196775436
0.0008458703523501754
0.0027377435471862555
0.0009354312205687165
0.000148700550198555
0.0074749113991856575
0.005347644444555044
0.005513210780918598
-0.0002677682787179947
0.0022241054102778435
0.00011840881779789925
0.0002654418349266052
-0.00010257400572299957
0.0005518615944311023
0.0008062009001150727
0.00016159715596586466
0.0012511454988270998
0.0027437570970505476
-0.0001730271615087986
0.0003158177714794874
-0.0008018467924557626
-0.000494899635668844
-0.0006606962415389717
-0.001336085144430399
0.0021605913061648607
0.0007995744235813618
-1.4395802281796932e-05
0.0013003690401092172
0.0018462116131559014
-0.0006381668499670923
0.00011027755681425333
-0.0005977633409202099
0.0006929031806066632
0.0006116967415437102
-0.0007300444412976503
0.004346832167357206
0.0013697907561436296
0.0022822257596999407
0.006165579427033663
2.3985980078577995e-05
5.9475889429450035e-05
-0.0005509071052074432
-0.0002512176870368421
0.009420681744813919
0.0021545011550188065
0.002221278380602598
-0.0006418385310098529
0.002530656987801194
-0.001102458918467164
0.0019713290967047215
-0.00022060878109186888
2.451974432915449e-05
0.007397720590233803
0.0022291322238743305
0.002141530392691493
0.005383267533034086
0.007547855842858553
0.0031503085047006607
0.003679668065160513
0.002188658807426691
0.004122698679566383
-0.0005280113546177745
-0.0006725513958372176
0.0010159839875996113
-0.0006807716563344002
0.00034259737003594637
0.008264673873782158
0.009045224636793137
0.00014044297859072685
0.0010947969276458025
-0.000502876762766391
0.00013364024925976992
-0.00019667553715407848
-0.0004893583827652037
0.003124539041891694
-0.00038965034764260054
-0.0007294669048860669
-0.00106528727337718
0.0036921496503055096
0.0006522964686155319
0.009437143802642822
-0.0006425913306884468
0.0010709977941587567
0.005574873648583889
-0.00010472629219293594
0.002013721503317356
0.0002956597600132227
-0.001413778867572546
0.00770212896168232
0.004152825567871332
2.7889152988791466e-05
0.00019153463654220104
0.0014594773529097438
-0.0006167939864099026
-0.0004957279306836426
0.0010513857705518603
0.021366197615861893
0.0015511761885136366
0.0041461847722530365
0.0005536824464797974
0.0007273341761901975
-0.0011399679351598024
0.0011290996335446835
0.005990410689264536
0.00532579468563199
-0.00045679567847400904
0.003011814784258604
0.015026690438389778
0.0016871000407263637
0.003756497288122773
0.0008366035763174295
0.0006298483931459486
0.0020846195984631777
-0.0014178709825500846
4.8527028411626816e-05
0.0006014433456584811
0.015543714165687561
-0.0009088896331377327
0.004890709649771452
-0.00014449283480644226
0.005747534334659576
-0.00044685788452625275
-0.00023609015624970198
0.0015818520914763212
0.0002387306885793805
0.0004086090484634042
-7.714028470218182e-05
0.0013221438275650144
0.0007094680331647396
0.008697187528014183
0.0007023446960374713
-0.0007604546844959259
-2.146698534488678e-05
-0.00016136409249156713
0.00130336987785995
0.0025131567381322384
-0.0006085464847274125
0.0044703250750899315
0.004100953694432974
0.0012301167007535696
-0.001015261048451066
-0.0007594670169055462
-0.0009015779942274094
-0.0005395312327891588
0.009619280695915222
-8.458190131932497e-05
-0.00024236924946308136
-0.0016865312354639173
0.0021331338211894035
-0.0005044238059781492
0.0005864652339369059
0.000278124469332397
0.0025490906555205584
-0.0007534202304668725
0.0009139695903286338
0.0016077634645625949
-0.0015482590533792973
-8.227652870118618e-05
0.006935483310371637
-1.3295328244566917e-05
-0.0013168886071071029
0.0012798135867342353
-0.0002939140540547669
0.00043949403334409
-0.000632062612567097
0.001267590094357729
-0.0008985400781966746
0.0013062491780146956
0.0018288112478330731
-0.00044554623309522867
0.0002122701844200492
0.0002006004797294736
0.0005361789371818304
0.005810803733766079
-0.00033071974758058786
0.002070117276161909
0.004922010004520416
0.000308389775454998
0.0010630780598148704
-0.000250008306466043
-0.0013866509543731809
-0.0010548945283517241
-0.0010832692496478558
0.0029654097743332386
0.003241507802158594
0.0001938454806804657
-0.0007363823824562132
7.982528768479824e-05
0.0005367123521864414
0.001906873658299446
0.0018034122185781598
0.01041738037019968
-0.001521954545751214
0.0014110676711425185
-0.0005382591625675559
-0.0013358781579881907
0.0003587899263948202
0.010459271259605885
-0.00027523585595190525
0.0014821860240772367
0.001273770467378199
-0.0005844300030730665
-0.0006343551794998348
-0.001143515226431191
0.00011518655810505152
-0.00021063152235001326
0.004781116731464863
-8.529436308890581e-05
0.0034593273885548115
0.001648246543481946
-0.0011474993079900742
0.0008787367260083556
0.0005856200587004423
0.010328379459679127
0.000939853023737669
-0.0008398645441047847
0.002351469825953245
0.009833421558141708
0.0016820398159325123
-0.00015006610192358494
0.0030859317630529404
0.007458893116563559
0.011399206705391407
0.005818395409733057
0.001300488947890699
0.0007884643273428082
0.002167633967474103
-0.001011571497656405
0.005207566544413567
-0.001105020521208644
0.001855923212133348
-0.0007287647458724678
-0.0006139765027910471
-0.000712296343408525
-0.0005240067257545888
0.0007308480562642217
-0.0009225349640473723
0.0011278782039880753
0.00029473891481757164
-0.00010142847895622253
0.0006687107961624861
-0.00017884315457195044
0.0014867414720356464
0.0001916817855089903
-0.0010061096400022507
0.0007621865952387452
0.0013011296978220344
0.001252324553206563
0.000773636857047677
0.0013931788271293044
-0.0008453252376057208
0.0019169747829437256
0.002766896039247513
0.01458797324448824
-0.0012898764107376337
-0.0009762932313606143
0.0052514770068228245
0.002321653999388218
-0.0010404844069853425
0.00102970318403095
-0.0002788369311019778
0.004304010886698961
0.006116205360740423
0.001858387840911746
-0.0014333181316033006
0.015925245359539986
-0.0007862425409257412
-0.0005059742252342403
-0.00028216256760060787
0.0020165015012025833
0.0038293106481432915
-0.0010897577740252018
0.007908813655376434
-0.0008084620349109173
-2.91141914203763e-05
-0.0007198714301921427
0.001535820192657411
0.0015628553228452802
-0.00029140536207705736
0.002536516636610031
0.002125916536897421
0.0010612881742417812
0.0038131317123770714
0.009617653675377369
-0.0009115742286667228
0.001049318816512823
0.0034542845096439123
0.0021133513655513525
0.006290930788964033
0.008737144991755486
0.0004473278531804681
-0.0013840459287166595
0.0014841837109997869
-0.000273051206022501
-0.0004916287143714726
-0.0012689491268247366
-0.0007245882297866046
0.0024220796767622232
-5.2961986511945724e-05
8.853722829371691e-05
0.005682704970240593
-2.7833273634314537e-05
0.0002144346944987774
0.001317764399573207
-0.00017978297546505928
0.0006767474114894867
-0.000392983783967793
-0.00029609526973217726
0.0006939943414181471
-0.0013231538468971848
0.005893384572118521
-0.001086508622393012
0.0038479906506836414
-0.001130929565988481
0.0013253686483949423
-0.001070350524969399
0.0002025190624408424
-0.0010690048802644014
0.005026723258197308
0.002185666933655739
0.003799802390858531
0.013727935962378979
0.0009254558244720101
0.004898217972368002
-0.0003756992518901825
-0.0007541689556092024
-0.0011669775703921914
0.0010224564466625452
0.0017849216237664223
0.005063320975750685
0.0005528096808120608
0.00027590326499193907
-0.00032320187892764807
-0.0007587053696624935
-0.0011150127975270152
0.0027416448574513197
0.003710651770234108
-0.00036673323484137654
0.008093027397990227
0.0012448884081095457
-0.0011421226663514972
-0.0009460296132601798
0.0007268148474395275
