0.9835026860237122
0.9898305535316467
0.9850435256958008
0.9960175156593323
0.9823777079582214
0.9833078980445862
0.9866743683815002
0.9838801622390747
0.9869111776351929
0.9838139414787292
0.9852293729782104
0.9852350354194641
0.9868128299713135
0.9866516590118408
0.9842281937599182
0.9859595894813538
0.9850508570671082
0.9836748242378235
0.9877642393112183
0.986690878868103
0.9908416271209717
0.9845486283302307
0.9829384088516235
0.9853262901306152
0.9822337031364441
0.9811541438102722
0.9844263792037964
0.980080783367157
0.9876012802124023
0.9829978346824646
0.9859135150909424
0.9828106164932251
0.9809446930885315
0.9746012091636658
0.9892404675483704
0.9834596514701843
0.9806451201438904
0.9777665138244629
0.9827780723571777
0.9787272214889526
0.9792933464050293
0.980815589427948
0.9777368903160095
0.9823477864265442
0.9827440977096558
0.9729020595550537
0.9729616045951843
0.9718266725540161
0.9774463176727295
0.9747409820556641
0.9671159982681274
0.9689601063728333
0.9790976047515869
0.9801002144813538
0.9707897901535034
0.9644988775253296
0.9510859847068787
0.9756699204444885
0.9463477730751038
0.9515011310577393
0.9379556775093079
0.9260051846504211
0.9268161654472351
0.9444900751113892
0.8881040215492249
0.9091721177101135
0.899433970451355
0.8928287029266357
0.8550941348075867
0.8221979141235352
0.8016834259033203
0.8526852130889893
0.7952265739440918
0.7242414355278015
0.7571520209312439
0.7164871096611023
0.5613071322441101
0.5739280581474304
0.3888412117958069
0.41138601303100586
0.34749680757522583
0.5081557035446167
0.5196356773376465
0.516491711139679
0.6331470608711243
0.6600862145423889
0.5208389759063721
0.5745792984962463
0.6238842010498047
0.6770891547203064
0.6514407992362976
0.7517896890640259
0.6805605292320251
0.7595118284225464
0.5791910290718079
0.7532336115837097
0.6927362084388733
0.7310250401496887
0.7437313795089722
0.6781353950500488
0.7643450498580933
0.662669837474823
0.7645128965377808
0.7799130082130432
0.7156643271446228
0.7070364356040955
0.8154915571212769
0.71548992395401
0.6323882937431335
0.8243382573127747
0.7503618001937866
0.7203259468078613
0.7074816823005676
0.806477427482605
0.7547729015350342
0.7693026065826416
0.7001161575317383
0.7457418441772461
0.7603435516357422
0.7789722681045532
0.7205793261528015
0.6646655201911926
0.7139300107955933
0.7373859286308289
0.7378726005554199
0.7531939148902893
0.7357487678527832
0.7122490406036377
0.7461698055267334
0.7200450301170349
0.7194972634315491
0.7235279083251953
0.7033191323280334
0.6951935291290283
0.798462986946106
0.7315927743911743
0.6180912256240845
0.690587043762207
0.647785484790802
0.6197760105133057
0.7619763016700745
0.7182818651199341
0.781749963760376
0.7181090712547302
0.7200787663459778
0.7606013417243958
0.6284732818603516
0.7328059077262878
0.6678553819656372
0.6758262515068054
0.5606057643890381
0.5996642708778381
0.7090988159179688
0.6601438522338867
0.6331580281257629
0.6499665379524231
0.5646383762359619
0.5847163200378418
0.6726035475730896
0.701616644859314
0.6234455704689026
0.5764659643173218
0.5007795095443726
0.5458897948265076
0.609583854675293
0.5474604368209839
0.5627350807189941
0.6299607157707214
0.5952117443084717
0.5972011089324951
0.5976880788803101
0.6131027936935425
0.6082119941711426
0.5492128133773804
0.6308369040489197
0.6604666709899902
0.5693022012710571
0.5650806427001953
0.45374998450279236
0.6053844094276428
0.49384841322898865
0.4343998432159424
0.48393484950065613
0.6694642901420593
0.5091695785522461
0.466739684343338
0.4738657474517822
0.5776469111442566
0.5557447075843811
0.5338497161865234
0.5475014448165894
0.5031214356422424
0.6120723485946655
0.452335387468338
0.538958728313446
0.6656073331832886
0.6567766070365906
0.41327306628227234
0.4951983094215393
0.5941405892372131
0.49061912298202515
0.4816405177116394
0.5680946707725525
0.48855826258659363
0.5533599257469177
0.6152978539466858
0.43046027421951294
0.4657897353172302
0.5298973917961121
0.5490802526473999
0.512048065662384
0.5044111013412476
0.5176735520362854
0.5034342408180237
0.4717363715171814
0.5560306310653687
0.46664199233055115
0.5009537935256958
0.5082322359085083
0.5445033311843872
0.512721598148346
0.4033665657043457
0.6206672787666321
0.4573965072631836
0.5670543909072876
0.42535024881362915
0.4945937693119049
0.5320680737495422
0.6094434261322021
0.5329042077064514
0.5972864627838135
0.5190876722335815
0.607177734375
0.5448638796806335
0.4830583930015564
0.44945016503334045
0.4904296398162842
0.5136066675186157
0.5689703226089478
0.4663006663322449
0.5615867972373962
0.4893074631690979
0.5544743537902832
0.6330968737602234
0.5408682227134705
0.5407971143722534
0.5244542360305786
0.4980120062828064
0.4706551432609558
0.5877711176872253
