0.6316915154457092
0.6347267031669617
0.6062139868736267
0.6320127248764038
0.6333576440811157
0.6323159337043762
0.6290825009346008
0.6297438740730286
0.6302022337913513
0.6431179046630859
0.6210808157920837
0.6366317272186279
0.6257855892181396
0.5827159881591797
0.5998440980911255
0.6413609385490417
0.5983022451400757
0.5935126543045044
0.5565680861473083
0.6017405390739441
0.5477089881896973
0.6245563626289368
0.582394003868103
0.6056377291679382
0.6229861378669739
0.600996196269989
0.6116126775741577
0.5569959282875061
0.6412896513938904
0.5955974459648132
0.5830563902854919
0.569340705871582
0.6376418471336365
0.5799267292022705
0.5844892859458923
0.6298016905784607
0.5358440279960632
0.634121298789978
0.4231550693511963
0.5140530467033386
0.44562748074531555
0.7098618745803833
0.38246896862983704
0.35774925351142883
0.4421665668487549
0.34879618883132935
0.5207051634788513
0.26607489585876465
0.5380944609642029
0.5986805558204651
0.4751986861228943
0.5385181307792664
0.7894561290740967
0.6782784461975098
0.48862525820732117
0.5361232161521912
0.6630823612213135
0.6576561331748962
0.4994085729122162
0.5443448424339294
0.6074737310409546
0.613801896572113
0.5970375537872314
0.5374274849891663
0.5759615302085876
0.5899524688720703
0.5211195349693298
0.598131537437439
0.5615870356559753
0.5771007537841797
0.6084273457527161
0.5614278316497803
0.57728111743927
0.5678959488868713
0.6382212042808533
0.6074420213699341
0.6461799740791321
0.6361367702484131
0.6209035515785217
0.5865828394889832
0.6032653450965881
0.6534728407859802
0.579055666923523
0.6333269476890564
0.6140300631523132
0.6068999171257019
0.657261848449707
0.6641383767127991
0.6026912331581116
0.6354068517684937
0.5993379354476929
0.6055857539176941
0.5814609527587891
0.6143407225608826
0.5675926208496094
0.6543514728546143
0.554385781288147
0.641507089138031
0.6778973340988159
0.6220098733901978
0.656634509563446
0.5890957117080688
0.618253767490387
0.5493837594985962
0.588862955570221
0.6136263608932495
0.6103360652923584
0.6325640678405762
0.6094067096710205
0.5705389976501465
0.6075183153152466
0.654622495174408
0.5820116400718689
0.6312310695648193
0.6775677800178528
0.6193842887878418
0.5500102043151855
0.5921688079833984
0.6413218379020691
0.6474252939224243
0.623882532119751
0.5343028903007507
0.6327941417694092
0.5418760180473328
0.6418735980987549
0.6307355165481567
0.6323460340499878
0.6320141553878784
0.6410454511642456
0.6346354484558105
0.6580791473388672
0.6632567048072815
0.6230080127716064
0.6461814045906067
0.5999884009361267
0.6349605917930603
0.6555250287055969
0.6391304731369019
0.5527044534683228
0.6174104809761047
0.6130828857421875
0.6143050193786621
0.6355618238449097
0.6444104909896851
0.6359995603561401
0.6271518468856812
0.6106175184249878
0.5961048007011414
0.6157833933830261
0.6453715562820435
0.6643494367599487
0.5775718688964844
0.6007278561592102
0.6536849141120911
0.5787462592124939
0.6611844301223755
0.6105967164039612
0.5963468551635742
0.5836083292961121
0.6285947561264038
0.6650590300559998
0.6364696025848389
0.6028320789337158
0.6178281903266907
0.544134259223938
0.6613731980323792
0.6337016224861145
0.6023873686790466
0.5751297473907471
0.6224020719528198
0.6434396505355835
0.6428276896476746
0.6595498323440552
0.6425422430038452
0.6281362175941467
0.6503831148147583
0.6104879379272461
0.6161450743675232
0.5817689895629883
0.6111153364181519
0.5879503488540649
0.5990443825721741
0.6450706124305725
0.6519482731819153
0.6289327144622803
0.6549230813980103
0.627448558807373
0.6303533315658569
0.5494793057441711
0.6340998411178589
0.619193971157074
0.6311017870903015
0.6172617673873901
0.6458330154418945
0.6273016333580017
0.5758833289146423
0.6205013990402222
0.6459657549858093
0.6687714457511902
0.6132202744483948
0.6186800003051758
0.5417361855506897
0.6255219578742981
0.6134764552116394
0.6455323100090027
0.571662962436676
0.6216788291931152
0.5916891098022461
0.635942280292511
0.5730723738670349
0.6297745704650879
0.5856330394744873
0.6223849058151245
0.6162042617797852
0.609682023525238
0.6210203170776367
0.6040950417518616
0.5787473320960999
0.473114550113678
0.5928260684013367
0.5898981690406799
0.6339622735977173
0.6580154299736023
0.6315456032752991
0.616943895816803
0.6255406141281128
0.6788493990898132
0.5298405289649963
0.6395885348320007
0.5863627791404724
0.546132504940033
0.6244610548019409
0.6148344278335571
0.6391307711601257
0.643622875213623
0.5919103622436523
0.6312390565872192
0.6066237688064575
0.6314050555229187
0.6129257082939148
0.6043673753738403
0.6253089904785156
0.6401578783988953
0.6665899753570557
0.6103083491325378
0.6018145084381104
0.6614887118339539
0.6384334564208984
0.5814091563224792
0.6307916641235352
0.6263508200645447
0.6171693205833435
0.5695580840110779
0.6059764623641968
0.6424899697303772
0.5874053239822388
0.6459025740623474
0.6306090950965881
0.5932427048683167
0.6161276698112488
0.5765170454978943
0.6285520792007446
0.614389181137085
0.6240286827087402
0.6101971864700317
0.6583234071731567
0.6063202023506165
0.6132155656814575
0.517008900642395
0.6438899040222168
0.6501057147979736
0.6238818168640137
0.6170445084571838
0.5674483776092529
0.6210994720458984
0.5613930821418762
0.5711578726768494
0.62884920835495
0.5539154410362244
0.583725094795227
0.5863569378852844
0.6242046356201172
0.6237918138504028
0.5749279856681824
0.6160494685173035
0.6471166014671326
0.6221938133239746
0.6279914975166321
0.6223444938659668
0.5506116151809692
0.6550015211105347
0.5915613174438477
0.6835663914680481
0.6246010661125183
0.5739386081695557
0.5622494220733643
0.5878542065620422
0.642882764339447
0.564411461353302
0.596066415309906
0.6302546858787537
0.6196471452713013
0.6571350693702698
0.6251397132873535
0.5842955708503723
0.6346893310546875
0.6099884510040283
0.5898485779762268
0.624041736125946
0.5885408520698547
0.6358222365379333
0.526667594909668
0.6300050020217896
0.61775803565979
0.6471158862113953
0.6370747685432434
0.6274855136871338
0.5658133625984192
0.636519193649292
0.6179839372634888
0.6602356433868408
0.5069555044174194
0.5888565182685852
0.6189848780632019
0.5728589296340942
0.6508598923683167
0.6348008513450623
0.644089937210083
0.6173480749130249
0.6380064487457275
0.5934255123138428
0.6179779171943665
0.6243823766708374
0.5421786308288574
0.623542070388794
0.5881053805351257
0.6082667112350464
0.6126748919487
0.6091142892837524
0.6340715885162354
0.614153265953064
0.6415385007858276
0.5891914367675781
0.6101405620574951
0.6327118873596191
0.5603405237197876
0.6470470428466797
0.5460607409477234
0.6371954679489136
0.6245182156562805
0.6149652600288391
0.5999844074249268
0.6210039258003235
0.6495025753974915
0.645236074924469
0.5719088315963745
0.6395351886749268
0.6394829750061035
0.5683677792549133
0.6037166118621826
0.6067014932632446
0.5495180487632751
0.5223799347877502
0.5652862787246704
0.6171932220458984
0.6114742159843445
0.6465752124786377
0.6123483180999756
0.6064640283584595
0.5437825322151184
0.6357532739639282
0.5518683195114136
0.6234839558601379
0.5990484952926636
0.6434736251831055
0.5755194425582886
0.5389026999473572
0.6125101447105408
0.6207135319709778
0.6545026898384094
0.6019397377967834
0.5872145295143127
0.6383064389228821
0.599967360496521
0.5727242231369019
0.5858168005943298
0.5663497447967529
0.6552053093910217
0.653140127658844
0.6525283455848694
0.6438460350036621
0.5915974378585815
0.6035993695259094
0.6457418203353882
0.6363178491592407
0.6052406430244446
0.6188048720359802
0.5602027773857117
0.6636544466018677
0.6406919956207275
0.6688551902770996
0.6376981139183044
0.579214334487915
0.5910510420799255
0.6060571670532227
0.5580124855041504
0.5369049906730652
0.5815218687057495
0.5574561357498169
0.6171408295631409
0.5803980231285095
0.655236005783081
0.5290616750717163
0.5772568583488464
0.6510137319564819
0.5384431481361389
0.5946222543716431
0.5715265870094299
0.6517148017883301
0.6451845765113831
0.6150791049003601
0.6278583407402039
0.6595368385314941
0.6682390570640564
0.6214354634284973
0.6000282168388367
0.6299681663513184
0.6406717300415039
0.5697417259216309
0.6038821339607239
0.6066548228263855
0.5300283432006836
0.6518274545669556
0.6353116035461426
0.6449111104011536
0.5380340218544006
0.6466485261917114
0.5867359638214111
0.5892692804336548
0.5579050779342651
0.6179128885269165
0.5522419810295105
0.5596684813499451
0.6218336224555969
0.6305352449417114
0.6231164932250977
0.6286481022834778
0.6454523205757141
0.6237379908561707
0.6245158314704895
0.613473117351532
0.5770936012268066
0.5096858143806458
0.47774428129196167
0.5258393883705139
0.6197247505187988
0.6360090970993042
0.5796831250190735
0.6348897814750671
0.648354709148407
0.6068724989891052
0.6040898561477661
0.6478461027145386
0.6052135825157166
0.6300488114356995
0.6488339304924011
0.620817244052887
0.5987725257873535
0.65538090467453
0.634723961353302
0.567815899848938
0.6541260480880737
0.6198937892913818
0.6207023859024048
0.5837751626968384
0.6369799971580505
0.6306405067443848
0.6466397047042847
0.6449703574180603
0.6349536180496216
0.530420184135437
0.5650144815444946
0.5656076073646545
0.6158825755119324
0.5924625992774963
0.6130414605140686
0.5745056867599487
0.6195179224014282
0.5853307247161865
0.560405433177948
0.6302760243415833
0.6042361855506897
0.6252936124801636
0.5926127433776855
0.6491261720657349
0.6323193907737732
0.6321476697921753
0.561400294303894
0.5733914375305176
0.5987076759338379
0.6043373346328735
0.6385754942893982
0.6063315272331238
0.6174170970916748
0.5995108485221863
0.5957850813865662
0.6064423322677612
0.594298243522644
0.5891716480255127
0.6181958913803101
0.556533694267273
0.6057688593864441
0.5823825001716614
0.6301350593566895
0.6427891850471497
0.6505891680717468
0.6232255101203918
0.6353359818458557
0.5988280773162842
0.567211389541626
0.6004812717437744
0.5766531825065613
0.5309041142463684
0.5921064615249634
0.5812243223190308
0.6601386070251465
0.6053687930107117
0.6295961141586304
0.5680387616157532
0.5487340688705444
0.49130555987358093
0.5848808288574219
0.6333645582199097
0.5120385885238647
0.5874981880187988
0.5905877947807312
0.4805367887020111
0.5649340748786926
0.6083225607872009
0.5985127091407776
0.601436197757721
0.604807436466217
0.5414406657218933
0.5924395322799683
0.5904353857040405
0.6149531006813049
0.630446195602417
0.5972111821174622
0.5539562106132507
0.6057180166244507
0.6185108423233032
0.6216479539871216
0.6038336157798767
0.5762539505958557
0.5407141447067261
0.6430557370185852
0.5793846249580383
0.6152623891830444
0.623451292514801
0.6106362342834473
0.5481314063072205
0.6309319138526917
0.6482144594192505
0.646455705165863
0.5612122416496277
0.5650508403778076
0.6423627138137817
0.5683096051216125
0.6590878367424011
0.6124970316886902
0.5634457468986511
0.6091774702072144
0.6080021858215332
0.6155436635017395
0.5825758576393127
0.6029532551765442
0.6082375049591064
0.5608636736869812
0.5670557022094727
0.6093800067901611
0.552017331123352
0.5694567561149597
0.5083966255187988
0.6507812142372131
0.5525070428848267
0.6126151084899902
0.6109037399291992
0.6128806471824646
0.599696159362793
0.5467932820320129
0.5844041109085083
0.6581066250801086
0.6281366348266602
0.6277374625205994
0.5801143646240234
0.6496295928955078
0.5549106597900391
0.600998044013977
0.5434944033622742
0.6014941930770874
0.5593537092208862
0.5493631958961487
0.647775411605835
0.5556283593177795
0.621228814125061
0.5806398391723633
0.5928957462310791
0.5661410689353943
0.6200147271156311
0.5654770135879517
0.6146596074104309
0.5711382031440735
0.4796064496040344
0.6077643036842346
0.566403329372406
0.5877960324287415
0.6283437013626099
0.5903063416481018
0.6243438124656677
0.5470573902130127
0.5783268809318542
0.6423688530921936
0.5787878632545471
0.6454835534095764
0.5595036149024963
0.5736947059631348
0.6370449662208557
0.5821093320846558
0.5823947787284851
0.6097601056098938
0.6356814503669739
0.5545833706855774
0.593862771987915
0.6201488971710205
0.6044697761535645
0.6054568290710449
0.5773798823356628
0.6116251349449158
0.4864179491996765
0.4545222520828247
0.5621285438537598
0.5804843902587891
0.6538289785385132
0.546319842338562
0.5777262449264526
0.6082517504692078
0.6220062971115112
0.5864418148994446
0.49950408935546875
0.6025862097740173
0.5532035827636719
0.601033627986908
0.6066171526908875
0.5839237570762634
0.5478503704071045
0.6644303798675537
0.5892236232757568
0.5346150398254395
0.6028267741203308
0.5709317922592163
0.5821732878684998
0.5741038918495178
0.5585092306137085
0.62369704246521
0.5718286037445068
0.610781729221344
0.6361862421035767
0.649964451789856
0.6468231081962585
0.4852026402950287
0.5649475455284119
0.6476674675941467
0.6165997385978699
0.5849918723106384
0.6266530156135559
0.6014973521232605
0.5245993733406067
0.5773243308067322
0.6075384616851807
0.5604997277259827
0.6378604173660278
0.5924453139305115
0.598853588104248
0.5677469968795776
0.5083740949630737
0.610647976398468
0.5764667391777039
0.5773796439170837
0.5221295356750488
0.5843899846076965
0.6384937167167664
0.5552817583084106
0.5727759003639221
0.5584427118301392
0.6455100774765015
0.5998042821884155
0.5833832025527954
0.6289042830467224
0.5650609135627747
0.5815807580947876
0.5359129309654236
0.5640900731086731
0.5693817734718323
0.6033403873443604
0.6331989169120789
0.6141559481620789
0.5054405927658081
0.5989129543304443
0.586679220199585
0.5840559005737305
0.6290183663368225
0.5980340838432312
0.5533214807510376
0.5966708660125732
0.6148619651794434
0.5332638025283813
0.6075609922409058
0.5472956299781799
0.6280345916748047
0.5569547414779663
0.5794094204902649
0.6070264577865601
0.6345497369766235
0.5958433151245117
0.6209578514099121
0.6022329926490784
0.5980932712554932
0.6276225447654724
0.5731330513954163
0.5717726349830627
0.5718526840209961
0.556446373462677
0.5520367622375488
0.6086721420288086
0.5718819499015808
0.521352231502533
0.527492344379425
0.57610023021698
0.5140275955200195
0.5861809253692627
0.6154962182044983
0.6144464015960693
0.5286806225776672
0.5346912741661072
0.5809988975524902
0.6268517971038818
0.6024138927459717
0.5645958781242371
0.5007106065750122
0.46756988763809204
0.47724512219429016
0.5949526429176331
0.5778639316558838
0.6461600661277771
0.5893774032592773
0.6652426719665527
0.5212374925613403
0.5731348395347595
0.5754020810127258
0.5492757558822632
0.6219421625137329
0.6303244233131409
0.5661159753799438
0.6312096118927002
0.510427713394165
0.5734668374061584
0.5672867298126221
0.4901803731918335
0.5887547135353088
0.5457092523574829
0.6002551317214966
0.5978646874427795
0.5722824931144714
0.5305017232894897
0.6104474663734436
0.5825423002243042
0.560610294342041
0.49556878209114075
0.599494457244873
0.46026819944381714
0.619807243347168
0.5959053635597229
0.6145800352096558
0.5721231698989868
0.5250832438468933
0.4628904461860657
0.604630172252655
0.5746411085128784
0.540241003036499
0.5459007024765015
0.5493095517158508
0.5815826058387756
0.4891825318336487
0.569321870803833
0.5984014868736267
0.5518059134483337
0.5334129929542542
0.5790612697601318
0.5478082299232483
0.6278567910194397
0.5340275168418884
0.5485066175460815
0.5829557180404663
0.4556744396686554
0.5677955150604248
0.6329653263092041
0.6166774034500122
0.6130037307739258
0.6165053248405457
0.6054378747940063
0.5364651679992676
0.5339998006820679
0.5966569781303406
0.6174004077911377
0.49562332034111023
0.6299208998680115
0.5959627628326416
0.6355209350585938
0.6279004812240601
0.5639278292655945
0.5703845620155334
0.5626042485237122
0.5634763836860657
0.5517985820770264
0.6051301956176758
0.6261275410652161
0.6189695596694946
0.5346065759658813
0.5854100584983826
0.5131376385688782
0.6245035529136658
0.5907166004180908
0.610543429851532
0.5851165056228638
0.5175487399101257
0.587641716003418
0.5729794502258301
0.514860987663269
0.6226118803024292
0.5693507790565491
0.6032639145851135
0.5913443565368652
0.5883462429046631
0.5556164383888245
0.5410547852516174
0.5489025712013245
0.5413680076599121
0.5842577815055847
0.6135299801826477
0.6070293188095093
0.5108159184455872
0.5941756367683411
0.5871403813362122
0.5878240466117859
0.631489098072052
0.602185070514679
0.5776273608207703
0.5682600736618042
0.4956584572792053
0.549918532371521
0.5552481412887573
0.6346262693405151
0.5878839492797852
0.5618492364883423
0.5673821568489075
0.62660813331604
0.5550697445869446
0.5667072534561157
0.6087177395820618
0.5105295181274414
0.5980003476142883
0.5218572020530701
0.5640144944190979
0.5291836261749268
0.5715188980102539
0.5444208383560181
0.5944878458976746
0.5193883776664734
0.5152968168258667
0.5236852765083313
0.5025115013122559
0.5872900485992432
0.5745888948440552
0.4991077184677124
0.5957485437393188
0.45411673188209534
0.5016927719116211
0.6031568646430969
0.5031057000160217
0.5680845379829407
0.582368016242981
0.5481988787651062
0.6352719664573669
0.5748117566108704
0.6085442304611206
0.5329548120498657
0.6202686429023743
0.4668770730495453
0.5856180191040039
0.584419310092926
0.6137933135032654
0.5868504643440247
0.6123726963996887
0.5912373661994934
0.571210503578186
0.5745345950126648
0.5949559211730957
0.5143852829933167
0.5573670864105225
0.35141992568969727
0.5554088950157166
0.42316991090774536
0.5754140019416809
0.5740546584129333
0.5505229234695435
0.6100132465362549
0.5548295378684998
0.5497164130210876
0.5486547946929932
0.6193720698356628
0.5650526881217957
0.6068059206008911
0.5227047801017761
0.5120061635971069
0.5323083400726318
0.5163142681121826
0.5528136491775513
0.5646596550941467
0.5608347654342651
0.4679836332798004
0.5548420548439026
0.5127925872802734
0.6322414875030518
0.5698922276496887
0.5736891627311707
0.5393857955932617
0.5909709334373474
0.5429424047470093
0.6350268721580505
0.4940264821052551
0.5263724327087402
0.5185555219650269
0.6156959533691406
0.5968830585479736
0.5541511178016663
0.6072901487350464
0.5631504058837891
0.6178635954856873
0.49556976556777954
0.6002383232116699
0.5481993556022644
0.4933271110057831
0.6308047771453857
0.6408737897872925
0.6362097859382629
0.5805566310882568
0.45707830786705017
0.596227765083313
0.523861289024353
0.6504269242286682
0.5449543595314026
0.570862352848053
0.5621538758277893
0.5978465676307678
0.5912163257598877
0.48773711919784546
0.439689576625824
0.6084986329078674
0.5421622395515442
0.4380455017089844
0.4515654444694519
0.5723704099655151
0.5904649496078491
0.5372317433357239
0.5834033489227295
0.5875998735427856
0.5072022676467896
0.5878800749778748
0.5980468988418579
0.574032723903656
0.4762810468673706
0.5153741240501404
0.5079748034477234
0.5869094729423523
0.4936492145061493
0.5032400488853455
0.6064753532409668
0.5781721472740173
0.5208753347396851
0.609574556350708
0.5733276605606079
0.5837426781654358
0.4962969124317169
0.5190746784210205
0.5430169105529785
0.5747112035751343
0.600566565990448
0.5176430344581604
0.511915385723114
0.5762215852737427
