0.7607465386390686
0.7526194453239441
0.7386805415153503
0.7544090151786804
0.7640480995178223
0.7614542245864868
0.7491991519927979
0.760143518447876
0.7533534169197083
0.7638533115386963
0.7435357570648193
0.7614023089408875
0.7530553936958313
0.7269942760467529
0.7303032279014587
0.7626357078552246
0.7291691899299622
0.7375656962394714
0.7028821110725403
0.7304002642631531
0.6913846135139465
0.7363606095314026
0.7188687324523926
0.7005360722541809
0.7400379776954651
0.7286823987960815
0.7425916194915771
0.7152425050735474
0.7309396862983704
0.7239876985549927
0.7068062424659729
0.709576427936554
0.7292956113815308
0.731239378452301
0.6765653491020203
0.7029781937599182
0.7121732831001282
0.7355567812919617
0.6013748645782471
0.6480748653411865
0.7103700637817383
0.6992483139038086
0.8036218285560608
0.7350420951843262
0.7405561208724976
0.6653738021850586
0.7967094779014587
0.6514636874198914
0.701374351978302
0.6772066354751587
0.6763660907745361
0.6458230018615723
0.6772494912147522
0.6740397810935974
0.6847499012947083
0.574862003326416
0.709540843963623
0.5699055790901184
0.4010193943977356
0.6142094135284424
0.2957691252231598
0.9814435243606567
0.41436031460762024
0.4485267698764801
0.47759702801704407
0.7578417062759399
0.6868420839309692
0.6856239438056946
0.9297512173652649
0.5730913281440735
0.7192094326019287
0.6007401347160339
0.6256120800971985
0.598012387752533
0.7940179109573364
0.6577034592628479
0.6825760006904602
0.700290322303772
0.6800118684768677
0.8446855545043945
0.652908980846405
0.7003197073936462
0.6834313869476318
0.6721546649932861
0.7633025050163269
0.7266415357589722
0.7709022760391235
0.7863094210624695
0.7629256844520569
0.757116436958313
0.7136907577514648
0.7562071681022644
0.7369330525398254
0.6901498436927795
0.7372266054153442
0.7818403244018555
0.6691330075263977
0.7624190449714661
0.7313258051872253
0.7933384776115417
0.7706491351127625
0.7394553422927856
0.7793700695037842
0.7172978520393372
0.7378800511360168
0.7313298583030701
0.7125332355499268
0.7460847496986389
0.7707582712173462
0.7158702611923218
0.7433870434761047
0.7834648489952087
0.7068648934364319
0.7477840185165405
0.8041812777519226
0.7374553680419922
0.7122499942779541
0.7830930352210999
0.7859731316566467
0.8125523328781128
0.7131847143173218
0.7220902442932129
0.7412902116775513
0.7305979132652283
0.7681519985198975
0.7797501683235168
0.7505428791046143
0.7682711482048035
0.8038188219070435
0.7534626722335815
0.7831739783287048
0.8011314272880554
0.7527952790260315
0.7864260673522949
0.7515996098518372
0.7653965353965759
0.7912453413009644
0.7777707576751709
0.799447238445282
0.7044963836669922
0.7697979211807251
0.7214546203613281
0.7339422106742859
0.7582005262374878
0.7841421365737915
0.7246297597885132
0.7778192162513733
0.8013100624084473
0.7420362234115601
0.7453910112380981
0.7181581258773804
0.7587908506393433
0.7773177027702332
0.7627219557762146
0.7702223062515259
0.7706506252288818
0.7598445415496826
0.7520970106124878
0.7644549608230591
0.7519733905792236
0.7287765145301819
0.7515707612037659
0.7669973969459534
0.7945929169654846
0.7586777806282043
0.760210394859314
0.7920831441879272
0.7404404282569885
0.7763891816139221
0.741095244884491
0.7392199039459229
0.7963056564331055
0.7794845700263977
0.7262905240058899
0.726738452911377
0.7616316676139832
0.8042365908622742
0.7570763230323792
0.7588242888450623
0.8138707876205444
0.7508804798126221
0.806685209274292
0.7535843849182129
0.7826789021492004
0.7667374610900879
0.7859007716178894
0.7475203275680542
0.7448707222938538
0.7507507801055908
0.7859202027320862
0.8000683784484863
0.7193357348442078
0.758944571018219
0.7909808158874512
0.756158173084259
0.7748764157295227
0.7676547765731812
0.7667392492294312
0.7663562297821045
0.7621763348579407
0.7682757377624512
0.781875729560852
0.7608700394630432
0.7317513823509216
0.7778830528259277
0.7713373899459839
0.7324087619781494
0.7445646524429321
0.71958988904953
0.7525046467781067
0.6969777345657349
0.711807131767273
0.7557862401008606
0.7423928380012512
0.7476748824119568
0.6879791617393494
0.7721694111824036
0.7819219827651978
0.7170249819755554
0.7616557478904724
0.7401296496391296
0.7601413130760193
0.7729734182357788
0.8050747513771057
0.7715060114860535
0.7590174674987793
0.7696837782859802
0.7902538776397705
0.7535184025764465
0.7635738253593445
0.7673806548118591
0.7509395480155945
0.7359296083450317
0.8052673935890198
0.7491762638092041
0.7352428436279297
0.767863392829895
0.7345733642578125
0.7595778703689575
0.7396561503410339
0.7671743631362915
0.7244940400123596
0.7710443735122681
0.7599087953567505
0.745547890663147
0.7660917043685913
0.7470663189888
0.7489417791366577
0.7713624835014343
0.7649721503257751
0.7435068488121033
0.7135894894599915
0.7354294657707214
0.7166758179664612
0.7653422951698303
0.7672136425971985
0.7793807983398438
0.7388948202133179
0.7564372420310974
0.7803438305854797
0.7472508549690247
0.7394850850105286
0.7587432265281677
0.7259494066238403
0.7149089574813843
0.7857452630996704
0.7687581181526184
0.7686371803283691
0.7733611464500427
0.7766531109809875
0.7605347037315369
0.7830764651298523
0.7531088590621948
0.7074704170227051
0.7462475299835205
0.7669327855110168
0.7269099354743958
0.7365632057189941
0.7074456810951233
0.8087418079376221
0.7770764231681824
0.7660058736801147
0.737311065196991
0.7507931590080261
0.780437707901001
0.7613739967346191
0.7436577677726746
0.7626800537109375
0.776934027671814
0.7790911197662354
0.7731630802154541
0.7543081641197205
0.7626763582229614
0.7719720005989075
0.74672532081604
0.7560023069381714
0.76921147108078
0.7812352180480957
0.7408111095428467
0.7408831119537354
0.7293627262115479
0.7147740721702576
0.7434651255607605
0.7714224457740784
0.7334263324737549
0.7553010582923889
0.7491211295127869
0.7650393843650818
0.7496622204780579
0.7647032737731934
0.7307719588279724
0.7611491680145264
0.7367722392082214
0.7667911052703857
0.7135105729103088
0.7102528810501099
0.7375259399414062
0.7319014668464661
0.7851361036300659
0.7496156692504883
0.7602468132972717
0.7570095658302307
0.7543730735778809
0.7605549097061157
0.7216727137565613
0.7849259972572327
0.7749371528625488
0.770101010799408
0.7658461928367615
0.7438006401062012
0.7572894096374512
0.7256157994270325
0.7424509525299072
0.7552728652954102
0.759494960308075
0.7718353271484375
0.7312825918197632
0.7005144357681274
0.7497184872627258
0.7644436955451965
0.7762550115585327
0.7522035837173462
0.745697557926178
0.7724684476852417
0.7352148294448853
0.7907261848449707
0.7336287498474121
0.6989704370498657
0.6972924470901489
0.7100123167037964
0.7532512545585632
0.7694693803787231
0.703066885471344
0.7815638184547424
0.7776172757148743
0.779049277305603
0.7284454107284546
0.7566905617713928
0.7202603816986084
0.7469267249107361
0.7648279070854187
0.7606348395347595
0.7459662556648254
0.738787055015564
0.7325332164764404
0.7775848507881165
0.7518452405929565
0.759330689907074
0.7490557432174683
0.7163391709327698
0.7368087768554688
0.7373552322387695
0.7051278948783875
0.7458215355873108
0.7421312928199768
0.7448360919952393
0.703540027141571
0.7619735598564148
0.7655433416366577
0.7824080586433411
0.7366941571235657
0.7459323406219482
0.7967786192893982
0.7805445194244385
0.7694844007492065
0.7404302954673767
0.7558407783508301
0.7578384280204773
0.7239028811454773
0.7598399519920349
0.7375300526618958
0.7320224046707153
0.7234621047973633
0.7433311939239502
0.7349564433097839
0.7722170352935791
0.7544360160827637
0.7665470838546753
0.7609133124351501
0.6993592381477356
0.7423830032348633
0.7261990308761597
0.8035982847213745
0.7388096451759338
0.7623697519302368
0.7460191249847412
0.7347105741500854
0.7451193332672119
0.7580234408378601
0.7568894028663635
0.6923813819885254
0.7573266625404358
0.6916886568069458
0.7533705830574036
0.7510831356048584
0.7955248355865479
0.7508301138877869
0.7493566274642944
0.7568976879119873
0.7460654973983765
0.7655686140060425
0.7617966532707214
0.730100691318512
0.753197968006134
0.7604719996452332
0.7340138554573059
0.7308063507080078
0.7794082760810852
0.7504305839538574
0.7604517340660095
0.7713124752044678
0.7410202622413635
0.7350465059280396
0.7668172121047974
0.761329174041748
0.742411732673645
0.7514277696609497
0.7993974685668945
0.7323359847068787
0.6797800660133362
0.7842748165130615
0.7558459043502808
0.7610143423080444
0.7626177072525024
0.7257885336875916
0.7438855767250061
0.7715622782707214
0.7469143867492676
0.7231283783912659
0.7583589553833008
0.7588928937911987
0.7452389597892761
0.7956438064575195
0.7281513810157776
0.7509435415267944
0.7729281187057495
0.7341443300247192
0.7644335627555847
0.7306426167488098
0.7378334999084473
0.7543686032295227
0.7551980018615723
0.7591842412948608
0.7516539692878723
0.7408460974693298
0.7852315306663513
0.7413306832313538
0.7590438723564148
0.7214066982269287
0.754006564617157
0.7411813735961914
0.7655341625213623
0.7200489044189453
0.7548518180847168
0.7523487210273743
0.7434833645820618
0.7592589855194092
0.7536845207214355
0.7339979410171509
0.7427268624305725
0.7503939270973206
0.694359302520752
0.7908366918563843
0.6978740096092224
0.8033255338668823
0.759711742401123
0.7852181196212769
0.7534446716308594
0.7322027683258057
0.7897171974182129
0.779186487197876
0.7300689220428467
0.7512314915657043
0.757189154624939
0.7577974796295166
0.7671104073524475
0.787703812122345
0.7343721985816956
0.7356117367744446
0.709827184677124
0.7346184849739075
0.7721108794212341
0.7553870677947998
0.7143789529800415
0.7579407095909119
0.7639175653457642
0.7246335744857788
0.736153244972229
0.762661874294281
0.7470977306365967
0.746088981628418
0.7814868092536926
0.7471904754638672
0.7414209246635437
0.7945231795310974
0.7416135668754578
0.7259135842323303
0.7513837218284607
0.7379112243652344
0.7301728129386902
0.7467037439346313
0.7715266346931458
0.7610136866569519
0.7180310487747192
0.7755633592605591
0.7165831327438354
0.7735599279403687
0.7247146368026733
0.6954118013381958
0.7467254996299744
0.7246837615966797
0.7517620325088501
0.7332410216331482
0.710809051990509
0.7698086500167847
0.7399255037307739
0.7734591960906982
0.7545492649078369
0.7826708555221558
0.7173342108726501
0.7474309802055359
0.7879217863082886
0.7268241047859192
0.7513552308082581
0.6808061599731445
0.7293911576271057
0.792341947555542
0.7634408473968506
0.7675398588180542
0.7462026476860046
0.7551812529563904
0.7543597221374512
0.7455378770828247
0.7597453594207764
0.7388190031051636
0.7661668062210083
0.7663582563400269
0.7522789239883423
0.7571698427200317
0.753319501876831
0.7344268560409546
0.7490575909614563
0.7723046541213989
0.7387011647224426
0.7909858226776123
0.7380259037017822
0.7551414370536804
0.7876120805740356
0.760322093963623
0.7951228618621826
0.7412895560264587
0.7614261507987976
0.7639316320419312
0.7443073391914368
0.7160162925720215
0.7150382399559021
0.7539104223251343
0.7569984793663025
0.7814210653305054
0.7471951246261597
0.6770773530006409
0.7503860592842102
0.6863585710525513
0.7226425409317017
0.7223557829856873
0.7663776874542236
0.7404749989509583
0.7791432738304138
0.7653420567512512
0.7845830321311951
0.7419402599334717
0.7115350365638733
0.7082029581069946
0.7251198887825012
0.7594503164291382
0.7311512231826782
0.7669271230697632
0.7708356976509094
0.7169845104217529
0.7370108962059021
0.7609264254570007
0.7622960805892944
0.7821950316429138
0.7129640579223633
0.7176158428192139
0.7730712890625
0.7330065965652466
0.7554545402526855
0.7516413927078247
0.7785457372665405
0.7425227165222168
0.7687345743179321
0.7276278734207153
0.6993743181228638
0.7312729954719543
0.7553883790969849
0.7278470993041992
0.7405513525009155
0.7603146433830261
0.762954831123352
0.7582598328590393
0.7358813285827637
0.7449408769607544
0.7866325974464417
0.7092863917350769
0.7436596751213074
0.7273063659667969
0.720292866230011
0.7338283658027649
0.7635698914527893
0.7866608500480652
0.7764107584953308
0.7550716400146484
0.7398416996002197
0.7725526094436646
0.7577810287475586
0.7448387145996094
0.7708500027656555
0.7671805024147034
0.7175231575965881
0.770213782787323
0.7665855884552002
0.7332736849784851
0.7170970439910889
0.7243223190307617
0.7560687065124512
0.7425878047943115
0.7169787287712097
0.795789361000061
0.770796537399292
0.7860183715820312
0.7230458855628967
0.7691935896873474
0.7417676448822021
0.740390956401825
0.7915512323379517
0.7471551299095154
0.6841981410980225
0.7485033869743347
0.7319504022598267
0.7024372816085815
0.7597474455833435
0.7667703628540039
0.7306727766990662
0.7355315685272217
0.7127184271812439
0.7446700930595398
0.7475399971008301
0.7675684690475464
0.7648383378982544
0.6978897452354431
0.7171066999435425
0.7715942859649658
0.757836639881134
0.7727070450782776
0.7701991200447083
0.7545850276947021
0.7575589418411255
0.722261369228363
0.7432072162628174
0.773764967918396
0.7449814677238464
0.6734917163848877
0.7199508547782898
0.761446475982666
0.7500841617584229
0.7460992336273193
0.7467057704925537
0.7459206581115723
0.7579659223556519
0.7718967199325562
0.7390443682670593
0.7381191253662109
0.7422739267349243
0.7514112591743469
0.7527018189430237
0.753086507320404
0.7396178841590881
0.7542741298675537
0.7306896448135376
0.7549340724945068
0.7574519515037537
0.7609767317771912
0.7730182409286499
0.7318576574325562
0.7361322641372681
0.6909925937652588
0.7646400332450867
0.785993754863739
0.7098252773284912
0.7580187320709229
0.7761918902397156
0.7813705801963806
0.7743271589279175
0.7489967942237854
0.7640846967697144
0.7710762023925781
0.7271093726158142
0.7590163946151733
0.7707045674324036
0.7281198501586914
0.7596303224563599
0.6558568477630615
0.742077648639679
0.7513033747673035
0.7235962152481079
0.7982234358787537
0.7903277277946472
0.7354238629341125
0.7775397300720215
0.7397672533988953
0.7575217485427856
0.7783490419387817
0.7598523497581482
0.7664161920547485
0.753388524055481
0.7453507781028748
0.7371339201927185
0.7676836252212524
0.7789664268493652
0.7206680774688721
0.7254082560539246
0.7877574563026428
0.7692209482192993
0.7500432133674622
0.7453159093856812
0.7004920244216919
0.7778555750846863
0.7504000663757324
0.771968424320221
0.7473753690719604
0.7717415690422058
0.7297879457473755
0.7356210947036743
0.7397146224975586
0.7918492555618286
0.7624284029006958
0.7491500973701477
0.7307456135749817
0.762114942073822
0.7757765650749207
0.745888352394104
0.769420862197876
0.7770594954490662
0.7299470901489258
0.7420365810394287
0.7687191367149353
0.7380944490432739
0.7505071759223938
0.7629507780075073
0.7330567240715027
0.776578962802887
0.7491204738616943
0.7417798638343811
0.7517656087875366
0.7392141222953796
0.754220724105835
0.7701802849769592
0.7626603245735168
0.7947420477867126
0.6733588576316833
0.7910199761390686
0.730233371257782
0.7889366745948792
0.7633497714996338
0.7252376675605774
0.7515636682510376
0.7217784523963928
0.7433884739875793
0.7661424875259399
0.7387257218360901
0.7263356447219849
0.7459557056427002
0.7209064364433289
0.7249660491943359
0.7526111602783203
0.7181318998336792
0.764140784740448
0.7708289623260498
0.7544646263122559
0.7839547395706177
0.7363303303718567
0.7541120052337646
0.725374162197113
0.7659422755241394
0.7373095154762268
0.7635045051574707
0.7391502261161804
0.7411078810691833
0.7546865344047546
0.7817308306694031
0.7513031363487244
0.7240511178970337
0.752899706363678
0.7415900826454163
0.7871749997138977
0.720361590385437
0.6765437126159668
0.7243436574935913
0.7691887021064758
0.7638107538223267
0.7413402795791626
0.7508710026741028
0.7550070285797119
0.7419614195823669
0.7651881575584412
0.7024315595626831
0.7307972311973572
0.7045405507087708
0.742559552192688
0.7767458558082581
0.7396225929260254
0.7347803115844727
0.7258798480033875
0.7284857034683228
0.7669805884361267
0.7421031594276428
0.7476277947425842
0.7840270400047302
0.7664490938186646
0.7569138407707214
0.7849580645561218
0.7482095956802368
0.7167986631393433
0.7301845550537109
0.7165963649749756
0.7670823931694031
0.7293649315834045
0.7361080050468445
0.7928327322006226
0.7297039031982422
0.7655814290046692
0.7872170209884644
0.722524106502533
0.7510337829589844
0.7810446619987488
0.7417033314704895
0.7454754114151001
0.7459022998809814
0.7408914566040039
0.7450353503227234
0.7587522864341736
0.7573688626289368
0.7436047792434692
0.7228584885597229
0.7301720976829529
0.7487881779670715
0.7013770937919617
0.7674764394760132
0.7715558409690857
0.7654857039451599
0.732060432434082
0.7746803760528564
0.7448650002479553
0.7209390997886658
0.7320811748504639
0.7673462629318237
0.7892822623252869
0.7614452838897705
0.7670112252235413
0.7239582538604736
0.7542908787727356
0.7533191442489624
0.7364417910575867
0.7513295412063599
0.7658379673957825
0.7220075130462646
0.7704395055770874
0.7082440257072449
0.753931999206543
0.7753791213035583
0.7633941173553467
0.7529104351997375
0.7479013800621033
0.7625656723976135
0.7595632076263428
0.787205696105957
0.7206756472587585
0.7280676960945129
0.7607599496841431
0.7656274437904358
0.7560601830482483
0.7180062532424927
0.6759960055351257
0.7559776902198792
0.759035587310791
0.7734529376029968
0.7855977416038513
0.7818094491958618
0.73921799659729
0.7761820554733276
0.7362856268882751
0.7592847347259521
0.7088149189949036
0.7317911982536316
0.747140645980835
0.7682676911354065
0.7571276426315308
0.7246730327606201
0.7364020943641663
0.7491692900657654
0.729486882686615
0.7379377484321594
0.7539149522781372
0.7783350348472595
0.7815791964530945
0.7758699655532837
0.7260128259658813
0.7620168924331665
0.7546986937522888
0.7644833922386169
0.7510339021682739
0.7527263164520264
0.7219910025596619
0.777734100818634
0.7483406066894531
0.7614982724189758
0.7683147192001343
0.743030846118927
0.745470404624939
0.7173260450363159
0.7767577171325684
0.7482244968414307
0.7042248845100403
0.7426950931549072
0.7091412544250488
0.7696191072463989
0.7567989826202393
0.7325814962387085
0.7677506804466248
0.7046884298324585
0.7428212761878967
0.7240184545516968
0.7432326078414917
0.742582380771637
0.7667713165283203
0.7365161180496216
0.7213612794876099
0.7578533887863159
0.7446608543395996
0.7230775952339172
0.7118226289749146
0.7456061840057373
0.720603883266449
0.7328060865402222
0.6905473470687866
0.749941885471344
0.7461534142494202
0.7412397861480713
0.7679509520530701
0.7389859557151794
0.7506536841392517
0.7724118828773499
0.7027696967124939
0.7501851320266724
0.7500848770141602
0.760646402835846
0.7362443804740906
0.7498749494552612
0.7495802044868469
0.7443768978118896
0.7574996948242188
0.741703987121582
0.7722477912902832
0.7305352091789246
0.7581594586372375
0.7562618255615234
0.7537568807601929
0.753786563873291
0.7371301054954529
0.7567200064659119
0.7460695505142212
0.7163411974906921
0.7783845663070679
0.7511404752731323
0.7300726771354675
0.7367096543312073
0.7331631779670715
0.7677916884422302
0.7550129890441895
