0.36716341972351074
0.3743065297603607
0.3303162455558777
0.36457011103630066
0.3733406066894531
0.3716115355491638
0.367348849773407
0.3654555678367615
0.36370521783828735
0.3864173889160156
0.36945641040802
0.3776891529560089
0.3530266582965851
0.31602680683135986
0.3220839202404022
0.38319528102874756
0.31426453590393066
0.3179914653301239
0.28047043085098267
0.33500564098358154
0.2579779028892517
0.3565013110637665
0.2893165349960327
0.33279871940612793
0.36044126749038696
0.3249385952949524
0.32151564955711365
0.2609173655509949
0.39328378438949585
0.29882922768592834
0.25897520780563354
0.257473349571228
0.36535346508026123
0.270692378282547
0.29085490107536316
0.3391086757183075
0.23379407823085785
0.33856523036956787
0.14686110615730286
0.23270677030086517
0.21317517757415771
0.5414224863052368
0.22426751255989075
0.2639208436012268
0.2091427594423294
0.24378778040409088
0.3519802689552307
0.10458724945783615
0.3729410767555237
0.3547961413860321
0.2254495918750763
0.24077089130878448
0.4556175470352173
0.408897340297699
0.2901700735092163
0.24055087566375732
0.4175536632537842
0.40471649169921875
0.2596038579940796
0.247378408908844
0.3035051226615906
0.3514975309371948
0.31488925218582153
0.20878854393959045
0.28677988052368164
0.32355451583862305
0.2512747049331665
0.30693966150283813
0.27582213282585144
0.3046371340751648
0.340133398771286
0.2791692316532135
0.31901517510414124
0.2892410159111023
0.3741097152233124
0.34808313846588135
0.38132214546203613
0.3740765452384949
0.36707621812820435
0.2818232774734497
0.3246639668941498
0.3913688361644745
0.31271007657051086
0.3714083135128021
0.3385922908782959
0.359446257352829
0.37967655062675476
0.4149634838104248
0.33618026971817017
0.38213568925857544
0.31765782833099365
0.3518083095550537
0.31727278232574463
0.3327346444129944
0.2939269244670868
0.3947916626930237
0.2931077480316162
0.35169148445129395
0.4291899502277374
0.36127063632011414
0.36798566579818726
0.31934887170791626
0.351712703704834
0.27007079124450684
0.3241720497608185
0.36608412861824036
0.3646714389324188
0.3448870778083801
0.35225093364715576
0.29625070095062256
0.3366260230541229
0.3963848650455475
0.30721205472946167
0.36729443073272705
0.4295523762702942
0.3603806495666504
0.2721977233886719
0.31844818592071533
0.36445099115371704
0.368459016084671
0.3540838658809662
0.22485430538654327
0.36633116006851196
0.2503884732723236
0.35164114832878113
0.3596973121166229
0.37228453159332275
0.367270827293396
0.36947065591812134
0.36520636081695557
0.4010756015777588
0.3987831771373749
0.3680454194545746
0.3858686089515686
0.3242546617984772
0.4099569320678711
0.3864830732345581
0.3211142420768738
0.27866116166114807
0.3143819570541382
0.4209426939487457
0.33003702759742737
0.28987786173820496
0.3738052248954773
0.3584234118461609
0.3047986626625061
0.3711901307106018
0.3253270387649536
0.32810866832733154
0.3664105236530304
0.3158474266529083
0.3325047194957733
0.3235872983932495
0.3506312072277069
0.3794265389442444
0.3363035023212433
0.30836576223373413
0.3405119776725769
0.30978044867515564
0.35637128353118896
0.2957000434398651
0.3941027820110321
0.35238394141197205
0.38644590973854065
0.2030029445886612
0.3525087237358093
0.36399006843566895
0.3403569757938385
0.33808884024620056
0.34693920612335205
0.32192596793174744
0.34445613622665405
0.3759863078594208
0.40602433681488037
0.39788639545440674
0.3625011444091797
0.396578311920166
0.3016049563884735
0.3630078136920929
0.2952454686164856
0.27311691641807556
0.3186836242675781
0.35681891441345215
0.33129897713661194
0.3646860718727112
0.402182400226593
0.22415560483932495
0.381486713886261
0.4018683433532715
0.34178662300109863
0.24569103121757507
0.3349601924419403
0.3325979709625244
0.3945377469062805
0.3132532238960266
0.3588676452636719
0.28489845991134644
0.3261488974094391
0.38036906719207764
0.335842490196228
0.2722192406654358
0.2696656584739685
0.3184138536453247
0.3023414611816406
0.34343796968460083
0.2989552617073059
0.2898145020008087
0.3428689241409302
0.3797789216041565
0.229730486869812
0.2900989055633545
0.325459748506546
0.3421820402145386
0.3701888918876648
0.3620944917201996
0.3028949201107025
0.23882536590099335
0.3586159348487854
0.3725259006023407
0.3657214045524597
0.35544565320014954
0.3977390229701996
0.370455801486969
0.3607460856437683
0.33647918701171875
0.3435698449611664
0.21933728456497192
0.31510674953460693
0.3178922235965729
0.3590461313724518
0.3932919204235077
0.16287672519683838
0.3781589865684509
0.29343509674072266
0.37132513523101807
0.28643736243247986
0.3857853412628174
0.43064478039741516
0.3232889473438263
0.35282328724861145
0.3476819097995758
0.33549946546554565
0.35039928555488586
0.34905722737312317
0.3249111771583557
0.3051963448524475
0.24307721853256226
0.3379264771938324
0.31845995783805847
0.37189456820487976
0.28649595379829407
0.38052141666412354
0.34534549713134766
0.3251994848251343
0.40982264280319214
0.20107240974903107
0.3876047432422638
0.37921828031539917
0.35079535841941833
0.3239336609840393
0.32143497467041016
0.3159720003604889
0.3382391929626465
0.33011594414711
0.2860931158065796
0.3721795380115509
0.3547409772872925
0.4118954539299011
0.3631507158279419
0.33287525177001953
0.34949323534965515
0.30174851417541504
0.299317866563797
0.27607208490371704
0.33508849143981934
0.32269805669784546
0.3124503791332245
0.2609807848930359
0.23204530775547028
0.25353994965553284
0.2863849997520447
0.3665306866168976
0.26885247230529785
0.2521395981311798
0.30764174461364746
0.30047839879989624
0.35517418384552
0.29961979389190674
0.30867427587509155
0.37812143564224243
0.38737809658050537
0.3692931830883026
0.2761421203613281
0.38370758295059204
0.2721605598926544
0.3338581621646881
0.3288496136665344
0.30156248807907104
0.22089576721191406
0.322654128074646
0.19422830641269684
0.2942073345184326
0.3271174430847168
0.333473265171051
0.36684316396713257
0.2883053123950958
0.2891310155391693
0.19888558983802795
0.34317976236343384
0.34842798113822937
0.23831309378147125
0.28864365816116333
0.2988561987876892
0.3775480389595032
0.33700311183929443
0.3328513503074646
0.30461400747299194
0.37991368770599365
0.31069862842559814
0.20033453404903412
0.2096666693687439
0.30562326312065125
0.3065805733203888
0.26660752296447754
0.23178468644618988
0.298005074262619
0.3503580689430237
0.2876269817352295
0.3737437129020691
0.2991783320903778
0.2580316662788391
0.3175262212753296
0.24876342713832855
0.3708042502403259
0.30171725153923035
0.30405041575431824
0.25426703691482544
0.17975568771362305
0.26586514711380005
0.3860955536365509
0.2461484968662262
0.3261827230453491
0.2629131078720093
0.3505411744117737
0.28164181113243103
0.251472532749176
0.26541972160339355
0.34101396799087524
0.25004225969314575
0.3130742907524109
0.18416768312454224
0.2302091270685196
0.28190353512763977
0.34139037132263184
0.24953016638755798
0.34133970737457275
0.22654160857200623
0.22912947833538055
0.34781068563461304
0.2609334886074066
0.2693544328212738
0.27136191725730896
0.35453590750694275
0.3185742497444153
0.26835471391677856
0.23792076110839844
0.3494735062122345
0.22532664239406586
0.34679633378982544
0.2717933654785156
0.2270474135875702
0.13064348697662354
0.341985821723938
0.2796359360218048
0.2893773317337036
0.3254387676715851
0.17686820030212402
0.23820710182189941
0.22847463190555573
0.31461623311042786
0.29294973611831665
0.135549858212471
0.29687756299972534
0.28662949800491333
0.21532617509365082
0.16671212017536163
0.2831701934337616
0.2888696789741516
0.33689945936203003
0.34227949380874634
0.20842187106609344
0.3101763129234314
0.19938811659812927
0.2656495273113251
0.24667559564113617
0.2284565567970276
0.20091111958026886
0.16501255333423615
0.24917984008789062
0.3597063422203064
0.2741895020008087
0.35821419954299927
0.2408861666917801
0.23315942287445068
0.32222887873649597
0.17755889892578125
0.23357324302196503
0.2149306982755661
0.2809640169143677
0.20816531777381897
0.21274228394031525
0.25232619047164917
0.27469906210899353
0.2080884873867035
0.24477867782115936
0.21730968356132507
0.22818449139595032
0.19831494987010956
0.36292168498039246
0.3141837418079376
0.23114676773548126
0.23673486709594727
0.11632859706878662
0.20796827971935272
0.2866058349609375
0.2502000331878662
0.2755303978919983
0.3186623156070709
0.3051382005214691
0.24224422872066498
0.1534252166748047
0.21540075540542603
0.2916315793991089
0.277128666639328
0.22191384434700012
0.15129372477531433
0.315507173538208
0.238532155752182
0.17656464874744415
0.16069656610488892
0.2478652447462082
0.2943660616874695
0.2902713716030121
0.21950343251228333
0.2477378249168396
0.25156933069229126
0.15157641470432281
0.22191046178340912
0.16872377693653107
0.3043765127658844
0.23774339258670807
0.2130075842142105
0.14201012253761292
0.30493849515914917
0.2552035450935364
0.2411593645811081
0.16855111718177795
0.19956815242767334
0.10432423651218414
0.2957305312156677
0.14575287699699402
0.2798413336277008
0.24836520850658417
0.3123893737792969
0.3137919008731842
0.21600453555583954
0.14598214626312256
0.18570972979068756
0.34181421995162964
0.2742033302783966
0.2615695595741272
0.3271518051624298
0.28606751561164856
0.2929784655570984
0.3104243874549866
0.27732160687446594
0.19748175144195557
0.2905753552913666
0.13300664722919464
0.18919497728347778
0.2312217354774475
0.2537444829940796
0.38860416412353516
0.232526957988739
0.157799631357193
0.06554409861564636
0.3117411732673645
0.1830088496208191
0.21867327392101288
0.31402871012687683
0.22439242899417877
0.3348921537399292
0.23057784140110016
0.2031254768371582
0.39384758472442627
0.33453261852264404
0.29153305292129517
0.2269335389137268
0.2108011394739151
0.18336449563503265
0.16551034152507782
0.21660281717777252
0.31275635957717896
0.18840068578720093
0.29233038425445557
0.19087086617946625
0.34382471442222595
0.2817022204399109
0.21723411977291107
0.2225145697593689
0.09538204967975616
0.32519519329071045
0.2354898303747177
0.10288811475038528
0.3675529956817627
0.20481456816196442
0.28418105840682983
0.20248621702194214
0.26745712757110596
0.20448996126651764
0.257635235786438
0.18197326362133026
0.2887679636478424
0.2089211791753769
0.261435329914093
0.15806707739830017
0.23635214567184448
0.14294016361236572
0.26539039611816406
0.07102817296981812
0.12254125624895096
0.3048853874206543
0.3093566596508026
0.29420873522758484
0.362906277179718
0.297934889793396
0.1729479730129242
0.28421643376350403
0.178458109498024
0.22685222327709198
0.22434669733047485
0.29878395795822144
0.21099062263965607
0.2134483903646469
0.2631007730960846
0.22342966496944427
0.21885539591312408
0.18731936812400818
0.23071300983428955
0.1668175607919693
0.27356672286987305
0.23383258283138275
0.2119608372449875
0.0982639342546463
0.3452552258968353
0.18218815326690674
0.2282714992761612
0.27161985635757446
0.23346303403377533
0.25215503573417664
0.15381796658039093
0.1824595034122467
0.22689172625541687
0.18185308575630188
0.33958786725997925
0.3779647946357727
0.15948915481567383
0.23671965301036835
0.190900981426239
0.22068801522254944
0.2971499264240265
0.20202401280403137
0.23025932908058167
0.29895922541618347
0.1433722972869873
0.2693966031074524
0.24067051708698273
0.19942466914653778
0.25177744030952454
0.15952691435813904
0.18354545533657074
0.11308625340461731
0.19716176390647888
0.3189736008644104
0.3988473415374756
0.14580729603767395
0.2803606688976288
0.2469831258058548
0.23941725492477417
0.37507492303848267
0.2759322226047516
0.18994750082492828
0.1899876743555069
0.2337106168270111
0.31326648592948914
0.2231752872467041
0.27155157923698425
0.2367674708366394
0.14264512062072754
0.17688581347465515
0.3076252043247223
0.28113654255867004
0.22050799429416656
0.2828162908554077
0.19360382854938507
0.18715599179267883
0.20083960890769958
0.187822163105011
0.37582510709762573
0.3203709125518799
0.2573125660419464
0.14851665496826172
0.14708733558654785
0.3112781047821045
0.3283632695674896
0.26260748505592346
0.1378425508737564
0.3091622591018677
0.19895043969154358
0.2870123088359833
0.21574197709560394
0.35340988636016846
0.21669526398181915
0.285079687833786
0.3499221205711365
0.14271505177021027
0.1721494048833847
0.3308420181274414
0.16118453443050385
0.1985778957605362
0.2897180914878845
0.22520694136619568
0.2803018391132355
0.30895525217056274
0.2424038052558899
0.2147463709115982
0.20095965266227722
0.31036049127578735
0.1858801394701004
0.22170007228851318
0.2530769109725952
0.24487897753715515
0.25429874658584595
0.06705769896507263
0.22263571619987488
0.23552080988883972
0.25164568424224854
0.19643670320510864
0.27486082911491394
0.2790721356868744
0.29927006363868713
0.15614338219165802
0.21012122929096222
0.25874894857406616
0.17561590671539307
0.14908914268016815
0.2692547142505646
0.2410573810338974
0.1465865969657898
0.2338860034942627
0.29672005772590637
0.33178049325942993
0.297100305557251
0.256325900554657
0.2193373143672943
0.242812380194664
0.19173604249954224
0.25870978832244873
0.21562068164348602
0.28021013736724854
0.35223084688186646
0.21920260787010193
0.21319884061813354
0.21996042132377625
0.3395810127258301
0.2742215692996979
0.2549448013305664
0.2725394368171692
0.31090646982192993
0.2926144599914551
0.2134564369916916
0.3063136041164398
0.25453123450279236
0.1737247258424759
0.16459757089614868
0.21549759805202484
0.3121624290943146
0.2052403688430786
0.3093860149383545
0.19135236740112305
0.26255321502685547
0.25297826528549194
0.23759229481220245
0.27900969982147217
0.17945215106010437
0.10807088017463684
0.1056997999548912
0.2344561070203781
0.15158668160438538
0.2749411463737488
0.22120854258537292
0.3187227249145508
0.3201226592063904
0.2787419557571411
0.18822553753852844
0.2604398727416992
0.19768327474594116
0.29754722118377686
0.18870192766189575
0.3277311325073242
0.1441233605146408
0.17595502734184265
0.27334702014923096
0.29928770661354065
0.2845938503742218
0.28048282861709595
0.23186330497264862
0.24485112726688385
0.37659868597984314
0.22144386172294617
0.31617534160614014
0.3370136618614197
0.3065322935581207
0.26145240664482117
0.29403719305992126
0.21814019978046417
0.22463181614875793
0.17452001571655273
0.2772974371910095
0.15057964622974396
0.2622675895690918
0.16033154726028442
0.277473121881485
0.21682444214820862
0.29934370517730713
0.23019294440746307
0.17903363704681396
0.24863384664058685
0.3268459141254425
0.2437422126531601
0.19300273060798645
0.15149091184139252
0.3185808062553406
0.307932049036026
0.2640974819660187
0.18084214627742767
0.21139486134052277
0.2992594242095947
0.2046336978673935
0.251907616853714
0.1953011006116867
0.2827143371105194
0.3299684524536133
0.24183771014213562
0.22260086238384247
0.16228535771369934
0.21881817281246185
0.2428727149963379
0.2563309371471405
0.21088632941246033
0.14452192187309265
0.2581656575202942
0.14123819768428802
0.21146027743816376
0.30380702018737793
0.22702382504940033
0.3496463894844055
0.2568052113056183
0.25051453709602356
0.14851120114326477
0.24943913519382477
0.08426533639431
0.1442515254020691
0.32151344418525696
0.2822389006614685
0.3626471161842346
0.3083662986755371
0.11914467066526413
0.15629816055297852
0.12097106873989105
0.27597904205322266
0.293938010931015
0.2348792999982834
0.21541926264762878
0.20131273567676544
0.18450194597244263
0.25962579250335693
0.2757980227470398
0.2880350351333618
0.1845659613609314
0.18643629550933838
0.2967044711112976
0.19974172115325928
0.1786051094532013
0.34272778034210205
0.18701492249965668
0.17341434955596924
0.18182089924812317
0.22813701629638672
0.2665865421295166
0.21431541442871094
0.18664541840553284
0.2240496277809143
0.306350439786911
0.1978946477174759
0.2858506441116333
0.23549826443195343
0.32451170682907104
0.24192945659160614
0.26401659846305847
0.3001885414123535
0.2856144905090332
0.18126127123832703
0.3107631802558899
0.17702798545360565
0.3114317059516907
0.30643901228904724
0.17619505524635315
0.2651687562465668
0.34714847803115845
0.26519909501075745
0.33913758397102356
0.22953052818775177
0.29804012179374695
0.2358938604593277
0.26407918334007263
0.27566075325012207
0.08016127347946167
0.18656931817531586
0.13306443393230438
0.27231547236442566
0.2959851324558258
0.17837491631507874
0.26744344830513
0.20267531275749207
0.18298453092575073
0.22837595641613007
0.22748897969722748
0.1283699870109558
0.2680148780345917
0.10652744024991989
0.2579946219921112
0.2919798493385315
0.2161237597465515
0.34210342168807983
0.2137271612882614
0.1872154176235199
0.22982434928417206
0.3047982454299927
0.2182047963142395
0.18650095164775848
0.279547780752182
0.28197285532951355
0.3622261583805084
0.2807643413543701
0.3093433976173401
0.2091604769229889
0.242669939994812
0.2203533947467804
0.07915772497653961
0.2547447085380554
0.27984827756881714
0.21944962441921234
0.28184565901756287
0.25354987382888794
0.17902755737304688
0.29789483547210693
0.2955038845539093
0.246058389544487
0.2841724157333374
0.2631267309188843
0.3668326437473297
0.24257482588291168
0.29829302430152893
0.2961170971393585
0.19919583201408386
0.2847250699996948
0.3148919343948364
0.3012661337852478
0.26923680305480957
0.13079553842544556
0.16783194243907928
0.14648106694221497
0.3211631774902344
0.14823344349861145
0.26954472064971924
0.19637101888656616
0.2591538429260254
0.24970299005508423
0.18423782289028168
0.332832396030426
0.1957402378320694
0.3236282765865326
0.2318907231092453
0.23079420626163483
0.09273030608892441
0.23336826264858246
0.1864023357629776
0.22386056184768677
0.2135503888130188
0.25674551725387573
0.1814785748720169
0.21868152916431427
0.09912262111902237
0.23452803492546082
0.2076762467622757
0.23443682491779327
0.30547380447387695
0.22128351032733917
0.23223018646240234
0.2935107350349426
0.2542443573474884
0.2889392375946045
0.23048357665538788
0.2103148102760315
0.19486021995544434
0.298912912607193
0.1991269439458847
0.2656203508377075
0.16149063408374786
0.2719479501247406
0.292111337184906
0.21322961151599884
0.23710203170776367
0.2845732271671295
0.16790464520454407
0.2925530970096588
0.2860861122608185
0.2328808754682541
0.23187796771526337
0.230267733335495
0.32726752758026123
0.26500001549720764
0.21713373064994812
0.2068445235490799
0.23210133612155914
0.15737126767635345
0.1961773931980133
0.30538132786750793
0.20858696103096008
0.28751641511917114
0.09364908933639526
0.26807835698127747
0.29711785912513733
0.16765441000461578
0.1844961792230606
0.27446675300598145
0.3704957365989685
0.2175796926021576
0.28354570269584656
0.28735116124153137
0.3166857361793518
0.2449284940958023
0.3532398045063019
0.25449880957603455
0.16180655360221863
0.324004590511322
0.17790453135967255
0.19474530220031738
0.31503644585609436
0.2638140022754669
0.31661859154701233
0.1503562033176422
0.2747344672679901
0.23013608157634735
0.26391080021858215
0.25736430287361145
0.1829734593629837
0.3064540922641754
0.31490960717201233
0.2462395578622818
0.2596840262413025
0.20421834290027618
0.2834319472312927
0.2163374423980713
0.19509196281433105
0.18950138986110687
0.25210198760032654
0.2759999632835388
0.24071849882602692
0.28002139925956726
0.26559633016586304
0.26187559962272644
0.31531813740730286
0.15448588132858276
0.2190258651971817
0.19144153594970703
0.19923359155654907
0.26260116696357727
0.3317330777645111
0.1716078370809555
0.28934812545776367
0.10610055178403854
0.24919068813323975
0.23042304813861847
0.2780110239982605
0.21847699582576752
0.27460795640945435
0.13235104084014893
0.2434617578983307
