0.6171637177467346
0.6243064403533936
0.5803160667419434
0.614569902420044
0.6233409643173218
0.6216118931770325
0.6173490285873413
0.6154559850692749
0.6137053966522217
0.6364178657531738
0.619456946849823
0.6276888251304626
0.6030269861221313
0.566026508808136
0.5720840096473694
0.6331948041915894
0.564264714717865
0.5678582787513733
0.5304701328277588
0.5850058794021606
0.5079535245895386
0.6065016984939575
0.5393164753913879
0.5827992558479309
0.6104416251182556
0.5749036073684692
0.5715159177780151
0.5109183192253113
0.6432756781578064
0.5488293170928955
0.5089777112007141
0.5074449777603149
0.6153531074523926
0.52069491147995
0.5408167243003845
0.5878496766090393
0.48354780673980713
0.588545024394989
0.3934943974018097
0.48007655143737793
0.4346368908882141
0.7732400894165039
0.45403727889060974
0.44617760181427
0.3706800937652588
0.4156329035758972
0.5512957572937012
0.296207994222641
0.5844668745994568
0.5821846723556519
0.3892369568347931
0.47508299350738525
0.7705355286598206
0.6214067935943604
0.5119299292564392
0.484430730342865
0.6522387266159058
0.6527726650238037
0.4572472870349884
0.48131996393203735
0.540037214756012
0.6044489145278931
0.5607351064682007
0.4494163691997528
0.525126039981842
0.5619470477104187
0.4883142411708832
0.5502057671546936
0.5103569626808167
0.5454792976379395
0.5817626714706421
0.5183046460151672
0.5689784288406372
0.533063530921936
0.624130368232727
0.5928452014923096
0.6292104721069336
0.6180189847946167
0.6141546964645386
0.526917576789856
0.5757824778556824
0.6417654752731323
0.5581560134887695
0.6183234453201294
0.5802097320556641
0.6094561219215393
0.6293202042579651
0.6611335873603821
0.58591628074646
0.6293470859527588
0.5645967721939087
0.6015701293945312
0.5569300651550293
0.580691397190094
0.5441771745681763
0.6455019116401672
0.538253128528595
0.5995264649391174
0.6764131188392639
0.6091190576553345
0.6205248832702637
0.5657569169998169
0.6006258726119995
0.5171971917152405
0.5804482698440552
0.6143220663070679
0.6122168302536011
0.5931808352470398
0.6062895655632019
0.5472514629364014
0.5822604894638062
0.6467887163162231
0.5616419315338135
0.6157741546630859
0.681678295135498
0.6051010489463806
0.520852267742157
0.560478687286377
0.6120767593383789
0.6182392239570618
0.5956447720527649
0.47193917632102966
0.6146825551986694
0.49504584074020386
0.6042608618736267
0.604170560836792
0.625554621219635
0.62162184715271
0.6163100004196167
0.6134393811225891
0.6509060263633728
0.6506906747817993
0.6147588491439819
0.6345645785331726
0.5743582248687744
0.617715060710907
0.6025834083557129
0.6288354992866516
0.5859127044677734
0.6378104090690613
0.6030471324920654
0.5491915345191956
0.6254811882972717
0.5992292165756226
0.6197283267974854
0.5770785212516785
0.6552132368087769
0.5862754583358765
0.6053154468536377
0.6117026805877686
0.569729208946228
0.5344226360321045
0.6826257705688477
0.5997153520584106
0.6048012971878052
0.5695971846580505
0.6267203092575073
0.6440297365188599
0.5525386929512024
0.5871967077255249
0.5733144283294678
0.5617836117744446
0.5975387692451477
0.6497827172279358
0.5996124744415283
0.5869916081428528
0.5384536981582642
0.5161182284355164
0.6240338087081909
0.6416082382202148
0.6154671311378479
0.6538498401641846
0.6215146780014038
0.5006705522537231
0.6555349230766296
0.5529813766479492
0.6375318765640259
0.6318020224571228
0.6347139477729797
0.6116437911987305
0.6220073699951172
0.5629166960716248
0.5900473594665527
0.5371314883232117
0.6102100610733032
0.5418043732643127
0.5632290840148926
0.6538156270980835
0.5137690305709839
0.5839179754257202
0.5768705606460571
0.6518069505691528
0.5856777429580688
0.5992571711540222
0.6407651901245117
0.6223320364952087
0.5749638080596924
0.5597033500671387
0.633307933807373
0.5131782293319702
0.5721457600593567
0.5773922204971313
0.6563621759414673
0.5554978251457214
0.6055645942687988
0.43202418088912964
0.6480228304862976
0.5527713298797607
0.6036256551742554
0.6791670322418213
0.6481710076332092
0.6298267841339111
0.6168790459632874
0.5696442723274231
0.5994274616241455
0.6161016225814819
0.585316002368927
0.4835084080696106
0.6426534056663513
0.5626851320266724
0.6261026859283447
0.562027096748352
0.5858702063560486
0.6118096709251404
0.5964521169662476
0.5668156743049622
0.6670255661010742
0.6089616417884827
0.5955836772918701
0.5368428230285645
0.6486994624137878
0.5244301557540894
0.49278947710990906
0.6271265745162964
0.5783882141113281
0.5844011902809143
0.6042718887329102
0.646132230758667
0.6057850122451782
0.5843228697776794
0.6394835710525513
0.5458113551139832
0.5729021430015564
0.6366531848907471
0.5774935483932495
0.6690254807472229
0.6121088862419128
0.6092582941055298
0.6344394683837891
0.5670203566551208
0.6304023265838623
0.652863085269928
0.5761159658432007
0.6714437007904053
0.6064067482948303
0.4888257384300232
0.6393399834632874
0.6472892165184021
0.513616681098938
0.5730457305908203
0.6485638618469238
0.5647602677345276
0.6209486126899719
0.5699033737182617
0.6116821765899658
0.6526114344596863
0.6419780850410461
0.5428847670555115
0.52276211977005
0.5948693752288818
0.5739126205444336
0.6066173911094666
0.6684810519218445
0.5444576740264893
0.6056715250015259
0.6299906373023987
0.5423439741134644
0.5605922937393188
0.4740406572818756
0.6690096855163574
0.5866957902908325
0.6053731441497803
0.4793315529823303
0.4482002258300781
0.569044828414917
0.5362093448638916
0.5895918011665344
0.5015290975570679
0.6072838306427002
0.6348752379417419
0.5514981150627136
0.6177597641944885
0.5981956720352173
0.5985245704650879
0.6229144930839539
0.5289952158927917
0.521525502204895
0.553620457649231
0.5603736639022827
0.6381912231445312
0.5271615982055664
0.6137959957122803
0.5871525406837463
0.5321570038795471
0.6374566555023193
0.5776967406272888
0.5163061618804932
0.5837013721466064
0.6188856363296509
0.47482019662857056
0.6092029213905334
0.646072506904602
0.5951545238494873
0.5740672945976257
0.6071820259094238
0.5326682329177856
0.47999095916748047
0.5216489434242249
0.41860145330429077
0.5332760810852051
0.6013109087944031
0.5198990702629089
0.6643772721290588
0.5984256863594055
0.5836942195892334
0.5880312919616699
0.40599462389945984
0.541842520236969
0.5838948488235474
0.6345951557159424
0.6107763051986694
0.592822253704071
0.5552768707275391
0.5497153401374817
0.6559702157974243
0.5964823365211487
0.5861421227455139
0.5433144569396973
0.5469759106636047
0.5352006554603577
0.661014199256897
0.4956173598766327
0.5971968173980713
0.538875162601471
0.5552118420600891
0.5695247650146484
0.495645672082901
0.49208152294158936
0.4950416386127472
0.4848293960094452
0.5865645408630371
0.5595159530639648
0.5608075261116028
0.4991272985935211
0.50763338804245
0.5830217003822327
0.5832554697990417
0.5427799820899963
0.5585687756538391
0.5955520868301392
0.5311514735221863
0.5336897969245911
0.5813470482826233
0.39799198508262634
0.6237990260124207
0.5263013243675232
0.6535584926605225
0.5947846174240112
0.6029232144355774
0.541458010673523
0.4908200800418854
0.5450736284255981
0.59686279296875
0.6498815417289734
0.5111612677574158
0.5843684673309326
0.5526160001754761
0.6121439933776855
0.62336266040802
0.5741897821426392
0.5055938363075256
0.5561413764953613
0.5875537991523743
0.5837152600288391
0.6230695843696594
0.5174416303634644
0.5186512470245361
0.5483403205871582
0.4976078271865845
0.45891866087913513
0.5380196571350098
0.4638606607913971
0.4920833706855774
0.584775984287262
0.5402460098266602
0.5349364876747131
0.4641416668891907
0.5738714337348938
0.5416758060455322
0.4554060399532318
0.585908830165863
0.5620013475418091
0.5581387877464294
0.4962156116962433
0.6137843728065491
0.4123879373073578
0.5272922515869141
0.6386484503746033
0.4781166613101959
0.5590863823890686
0.6032730937004089
0.5373019576072693
0.6130249500274658
0.5422181487083435
0.6264019012451172
0.5555823445320129
0.5621482729911804
0.4616602659225464
0.5869550108909607
0.5825151801109314
0.4436670243740082
0.6406850218772888
0.40787434577941895
0.5063783526420593
0.5009523630142212
0.5913116335868835
0.5420627593994141
0.5711265802383423
0.6048142910003662
0.5893751382827759
0.48832494020462036
0.3966415822505951
0.5358055233955383
0.509158194065094
0.4717978835105896
0.5364141464233398
0.42746037244796753
0.4544024169445038
0.5595659613609314
0.6106504201889038
0.46161630749702454
0.5465779304504395
0.5588175654411316
0.3756296634674072
0.5421553254127502
0.4803662896156311
0.5430194139480591
0.5978320240974426
0.4572274088859558
0.4866473078727722
0.49727872014045715
0.5077667832374573
0.42094874382019043
0.5586543679237366
0.5421431660652161
0.5829086303710938
0.5096592307090759
0.5287476778030396
0.5341588854789734
0.5574745535850525
0.4472924768924713
0.5536320805549622
0.4727628231048584
0.5164355635643005
0.5107773542404175
0.6595305800437927
0.5385535955429077
0.57037752866745
0.5346437692642212
0.4809134900569916
0.5613425374031067
0.47239160537719727
0.44671034812927246
0.43254977464675903
0.5852442979812622
0.5701426863670349
0.5298961400985718
0.5183199048042297
0.5215075016021729
0.5670921802520752
0.4641142189502716
0.5202003717422485
0.47616007924079895
0.5406564474105835
0.5574990510940552
0.37578603625297546
0.5483376383781433
0.4802275002002716
0.4791105091571808
0.4821804165840149
0.5279679298400879
0.5635594725608826
0.4688224792480469
0.5384696125984192
0.48110100626945496
0.4897099435329437
0.5479905009269714
0.6369215846061707
0.5398383140563965
0.534052848815918
0.5503239035606384
0.4846688508987427
0.3824695944786072
0.5254679918289185
0.503531277179718
0.4792112112045288
0.5212754011154175
0.4691178500652313
0.538293719291687
0.49767789244651794
0.42221513390541077
0.6339825391769409
0.47149205207824707
0.39914003014564514
0.4905613958835602
0.6000503301620483
0.35835546255111694
0.42153680324554443
0.48858559131622314
0.5718540549278259
0.5670501589775085
0.5813456177711487
0.574750542640686
0.5171330571174622
0.4246734082698822
0.5301221013069153
0.3729677200317383
0.5475350022315979
0.5435221791267395
0.5379898548126221
0.5356099009513855
0.5311615467071533
0.48155534267425537
0.3759211599826813
0.5798608064651489
0.4937933087348938
0.4826245605945587
0.4670441448688507
0.3996981978416443
0.5332338809967041
0.48050498962402344
0.5354381203651428
0.5639180541038513
0.5352675914764404
0.5119034051895142
0.4779331684112549
0.5735141634941101
0.5234474539756775
0.5899500250816345
0.5615207552909851
0.46626147627830505
0.5955684781074524
0.5913664698600769
0.35730260610580444
0.44444215297698975
0.5184924006462097
0.504292905330658
0.5221356749534607
0.4617167115211487
0.38058117032051086
0.5351139307022095
0.44683006405830383
0.4562024176120758
0.3875311315059662
0.42941221594810486
0.4540690779685974
0.5481880307197571
0.3946400284767151
0.5187524557113647
0.4867510497570038
0.46188536286354065
0.5491131544113159
0.528129518032074
0.5137863755226135
0.5214436054229736
0.49447619915008545
0.5103729367256165
0.5338366031646729
0.5579130053520203
0.5487936735153198
0.4781273901462555
0.4713250696659088
0.5721789598464966
0.43232274055480957
0.46689778566360474
0.5054240226745605
0.509309709072113
0.5038279891014099
0.5311419367790222
0.3967134654521942
0.5354490280151367
0.4969181418418884
0.5301225185394287
0.5817684531211853
0.5973519086837769
0.5212371945381165
0.429389625787735
0.5792514085769653
0.4901733994483948
0.4788239896297455
0.4906330108642578
0.5198981165885925
0.5762551426887512
0.5084437727928162
0.4320075809955597
0.5253397226333618
0.4862244129180908
0.39389902353286743
0.5683391094207764
0.49632251262664795
0.5263140797615051
0.575969934463501
0.4280596375465393
0.5696387887001038
0.469394713640213
0.49359819293022156
0.5458699464797974
0.5940842628479004
0.5135707259178162
0.48292529582977295
0.5094130039215088
0.5447832942008972
0.38861989974975586
0.48308610916137695
0.6197211742401123
0.5822502374649048
0.5209516286849976
0.4598866105079651
0.5180051922798157
0.5808126926422119
0.43402618169784546
0.4663611352443695
0.4621419906616211
0.5635479688644409
0.46786272525787354
0.44957423210144043
0.3924851417541504
0.3931770920753479
0.5528799891471863
0.5198147892951965
0.4138183295726776
0.6092455387115479
0.5859616994857788
0.5193323493003845
0.4264528453350067
0.4730457663536072
0.5608567595481873
0.6008157730102539
0.42979180812835693
0.4336177706718445
0.48210465908050537
0.43600496649742126
0.5353402495384216
0.4813477694988251
0.5344582796096802
0.4090275764465332
0.5982137322425842
0.4654952883720398
0.5004597902297974
0.48946717381477356
0.4793155789375305
0.3696632385253906
0.5530714988708496
0.3963260352611542
0.5988989472389221
0.5547457337379456
0.5265558958053589
0.4773979187011719
0.5979339480400085
0.6058657765388489
0.530785083770752
0.4929124116897583
0.42565682530403137
0.5248094797134399
0.5260969996452332
0.49935150146484375
0.4700722098350525
0.4848651885986328
0.36285483837127686
0.5981466174125671
0.49588608741760254
0.6173821687698364
0.4487534761428833
0.4545544385910034
0.5290090441703796
0.5307479500770569
0.5081684589385986
0.5145717263221741
0.49922922253608704
0.49619999527931213
0.481607049703598
0.4407051205635071
0.5360803604125977
0.3910226821899414
0.46727046370506287
0.4576106071472168
0.5078242421150208
0.5090882778167725
0.48325908184051514
0.5299074053764343
0.3404864966869354
0.48347920179367065
0.5315821170806885
0.5182535648345947
0.36291515827178955
0.5726304054260254
0.5670795440673828
0.4356776177883148
0.4917456805706024
0.5008703470230103
0.44511833786964417
0.5571768283843994
0.5439786314964294
0.51130610704422
0.5186044573783875
0.5971093773841858
0.5308387875556946
0.5388468503952026
0.47689127922058105
0.489778995513916
0.43240824341773987
0.4300238788127899
0.6078038215637207
0.5569053292274475
0.5529916882514954
0.49697375297546387
0.44962579011917114
0.5301885008811951
0.5469902157783508
0.5753933191299438
0.5396201014518738
0.5363973379135132
0.5689586997032166
0.6267778873443604
0.49467527866363525
0.49955376982688904
0.5043970346450806
0.5881859660148621
0.37330353260040283
0.5869044065475464
0.49860963225364685
0.4831695258617401
0.4840185344219208
0.3824872076511383
0.5154908299446106
0.513801097869873
0.5439854264259338
0.44806841015815735
0.4520493149757385
0.5540785193443298
0.40625229477882385
0.530727207660675
0.6043884754180908
0.4917193353176117
0.568517804145813
0.5123212933540344
0.5059562921524048
0.5300688743591309
0.49466729164123535
0.42921537160873413
0.5746341347694397
0.5191295146942139
0.5350387692451477
0.4684235155582428
0.524787425994873
0.5203201770782471
0.44751274585723877
0.5466941595077515
0.5559953451156616
0.5787707567214966
0.5075740814208984
0.5419422388076782
0.402533620595932
0.4885118901729584
0.5529634952545166
0.4951150715351105
0.5551221966743469
0.46926605701446533
0.6644320487976074
0.5571931004524231
0.462304025888443
0.46453747153282166
0.628139078617096
0.4979792833328247
0.5573988556861877
0.5207014679908752
0.46575313806533813
0.5309439897537231
0.5684619545936584
0.5332030653953552
0.4796973764896393
0.6139828562736511
0.5115986466407776
0.48053884506225586
0.5819554328918457
0.5029755234718323
0.5160630345344543
0.49342018365859985
0.4820302724838257
0.516598641872406
0.49769094586372375
0.5701978802680969
0.48224514722824097
0.510871171951294
0.5898786187171936
0.47337016463279724
0.5399942398071289
0.4792931377887726
0.5199747681617737
0.5810474157333374
0.5330680012702942
0.5050085783004761
0.5839816331863403
0.5740250945091248
0.5294764637947083
0.4880320131778717
0.5167241096496582
0.47130340337753296
0.5828994512557983
0.41152194142341614
0.5691524744033813
0.3943249583244324
0.5403292179107666
0.5277723670005798
0.49211788177490234
0.5338873267173767
0.49741098284721375
0.5978180170059204
0.43875330686569214
0.4735374450683594
0.4621354639530182
0.5255261659622192
0.4929804503917694
0.5645712018013
0.5312313437461853
0.5942868590354919
0.46111828088760376
0.5330042839050293
0.524540901184082
0.47428184747695923
0.39678138494491577
0.46378040313720703
0.5021145939826965
0.5382782816886902
0.5237524509429932
0.6012939214706421
0.5661141872406006
0.4573834240436554
0.5107424259185791
0.573460578918457
0.41473060846328735
0.5274035334587097
0.5158054232597351
0.5494868755340576
0.5148555636405945
0.33001598715782166
0.4996894299983978
0.4715723991394043
0.4568745195865631
0.5107646584510803
0.5061177015304565
0.5310218334197998
0.6001424193382263
0.5919768214225769
0.5586962699890137
0.5104399919509888
0.5428052544593811
0.6106460690498352
0.5153584480285645
0.5682035088539124
0.5147532820701599
0.5085163712501526
0.544802188873291
0.4386201500892639
0.4881308078765869
0.4029923975467682
0.5168427228927612
0.5194880366325378
0.5895229578018188
0.5156694650650024
0.5792199969291687
0.4733929932117462
0.5322856307029724
0.5602530241012573
0.5276642441749573
0.5590669512748718
0.47372663021087646
0.49750661849975586
0.528794527053833
0.5683367252349854
0.4857252240180969
0.564116358757019
0.3944736421108246
0.6148194074630737
0.608379602432251
0.4566742181777954
0.47453853487968445
0.5012618899345398
0.46567660570144653
0.46519502997398376
0.5859516859054565
0.3917694389820099
0.5427252054214478
0.6066778898239136
0.6096172332763672
0.47371554374694824
0.5479460954666138
0.5596259832382202
0.622218668460846
0.5154025554656982
0.5072408318519592
0.5842933654785156
0.5878235101699829
0.5487390756607056
0.5320914387702942
0.5620141625404358
0.4950493276119232
0.5586451888084412
0.532598078250885
0.5281546711921692
0.5674955248832703
0.5215157270431519
0.5607032179832458
0.4909782111644745
0.543514609336853
0.5176646709442139
0.4907120168209076
0.5505228042602539
0.5528865456581116
0.5673802495002747
0.4962267279624939
0.4632071256637573
0.5836045145988464
0.454001247882843
0.6288466453552246
0.6088156700134277
0.5343931317329407
0.5345818400382996
0.5063133835792542
0.5254529714584351
0.5366299748420715
0.5823339223861694
0.5688605308532715
0.4232334494590759
0.4526054859161377
0.4530739188194275
0.45996570587158203
0.49712133407592773
0.5913676023483276
0.5716254711151123
0.5545757412910461
0.4717407524585724
0.5760495066642761
0.584351122379303
0.4849933385848999
0.5706444978713989
0.4887114465236664
0.6212875247001648
0.5150986909866333
0.43811747431755066
0.4412468373775482
0.4493371844291687
0.5452987551689148
0.502215564250946
0.6079068183898926
0.5391471982002258
0.5135398507118225
0.5268760323524475
0.3943076729774475
0.44517794251441956
0.45211872458457947
0.5501860976219177
0.5797610878944397
0.5280452966690063
0.5476028919219971
0.5935298204421997
0.49146074056625366
0.5209730863571167
0.4615938067436218
0.6039044260978699
0.5514283180236816
0.523338794708252
0.5066872239112854
0.5191614627838135
0.4390416145324707
0.5911059379577637
0.48962289094924927
0.5210862755775452
0.47505471110343933
0.5738112926483154
0.5146966576576233
0.47355690598487854
0.5331203937530518
0.4824329614639282
0.538267195224762
0.531558096408844
0.5356496572494507
0.572828471660614
0.5720601677894592
0.5579864382743835
