0.26852938532829285
0.28122466802597046
0.26764681935310364
0.26562997698783875
0.27685385942459106
0.2689112722873688
0.2676555812358856
0.2637167274951935
0.27702856063842773
0.2795077860355377
0.2578173279762268
0.28724241256713867
0.2840815484523773
0.2073754072189331
0.25774461030960083
0.2622777223587036
0.24965550005435944
0.2460251897573471
0.1862904280424118
0.26325711607933044
0.22923694550991058
0.2764260768890381
0.262482613325119
0.27039337158203125
0.29429712891578674
0.26520729064941406
0.27402734756469727
0.26803889870643616
0.2740812599658966
0.2742345333099365
0.2863030433654785
0.26470717787742615
0.2523639500141144
0.2633071839809418
0.31009042263031006
0.2923976480960846
0.26732927560806274
0.24074915051460266
0.26294198632240295
0.2940172553062439
0.2630360424518585
0.18204835057258606
0.22040356695652008
0.21305932104587555
0.2561209797859192
0.2922501862049103
0.2738693952560425
0.2984673082828522
0.2527367174625397
0.2735127806663513
0.23863565921783447
0.253836989402771
0.20849409699440002
0.26614391803741455
0.2512228786945343
0.20953527092933655
0.26273611187934875
0.2717114984989166
0.2461322695016861
0.2787507474422455
0.2714356780052185
0.29625436663627625
0.2899915874004364
0.2740190625190735
0.26842644810676575
0.28945913910865784
0.26901155710220337
0.23418381810188293
0.2733559012413025
0.24755744636058807
0.2386137843132019
0.27439504861831665
0.2224307507276535
0.269335001707077
0.2732560336589813
0.2090536653995514
0.26895979046821594
0.2603052854537964
0.26735377311706543
0.29624947905540466
0.21733535826206207
0.2648957371711731
0.2558133602142334
0.27984365820884705
0.2800913155078888
0.26888617873191833
0.27534130215644836
0.23882445693016052
0.23862621188163757
0.20874224603176117
0.3261415958404541
0.20017920434474945
0.26093703508377075
0.26195192337036133
0.18421511352062225
0.21705082058906555
0.23274055123329163
0.2888030707836151
0.301901251077652
0.26745107769966125
0.3160305917263031
0.2074025273323059
0.26885730028152466
0.13820908963680267
0.19282114505767822
0.25144925713539124
0.23767751455307007
0.2637879550457001
0.19172942638397217
0.23190174996852875
0.26666271686553955
0.22756169736385345
0.16740594804286957
0.2329685539007187
0.24985195696353912
0.240975022315979
0.20976044237613678
0.2535710632801056
0.24823492765426636
0.21714815497398376
0.1340806633234024
0.19844205677509308
0.09585447609424591
0.2312128245830536
0.18645654618740082
0.13799864053726196
0.20527972280979156
0.2336525321006775
0.24074436724185944
0.163319393992424
0.12450181692838669
0.14827917516231537
0.18144898116588593
0.1341787874698639
0.18599890172481537
0.2321060746908188
0.2503395080566406
0.2089983969926834
0.1866367757320404
0.17406077682971954
0.23902148008346558
0.20652708411216736
0.23132091760635376
0.2483009248971939
0.17344887554645538
0.13101726770401
0.0912633016705513
0.1637844443321228
0.12083356082439423
0.12251682579517365
0.07988902926445007
0.11274293065071106
0.2051846981048584
0.14178599417209625
0.08903683722019196
0.13344025611877441
0.14652438461780548
0.12908710539340973
0.09715580940246582
0.17290855944156647
0.12556716799736023
0.0853675976395607
0.1593543291091919
0.18121476471424103
0.16470925509929657
0.14650088548660278
0.1373695731163025
0.14218547940254211
0.09657049924135208
0.14556913077831268
0.18436478078365326
0.17662104964256287
0.14295801520347595
0.08135277777910233
0.07264869660139084
0.07317768037319183
0.13359993696212769
0.1864471435546875
0.14366020262241364
0.12141034007072449
0.038905370980501175
0.07948273420333862
0.10475162416696548
0.05973920598626137
0.13524197041988373
0.08170365542173386
0.12271428853273392
0.13585174083709717
0.1531035453081131
0.1710515171289444
0.13313060998916626
0.11242730170488358
0.15821623802185059
0.16143713891506195
0.08842404931783676
0.16166844964027405
0.17007960379123688
0.08732371777296066
0.12986378371715546
0.12750361859798431
0.08140798658132553
0.08899550139904022
0.1648384928703308
0.12494896352291107
0.11051980406045914
0.12614960968494415
0.09041623026132584
0.09167015552520752
0.10831131786108017
0.17720699310302734
0.13678191602230072
0.12537458539009094
0.05594952404499054
0.11371760070323944
0.08159054815769196
0.10845379531383514
0.18367989361286163
0.1805383265018463
0.061708007007837296
0.09489990025758743
0.11412155628204346
0.1239074319601059
0.1665807068347931
0.18615861237049103
0.1683724969625473
0.08125990629196167
0.0758369192481041
0.1045185774564743
0.048944663256406784
0.13492164015769958
0.1342698037624359
0.06259564310312271
0.10684429109096527
0.09479809552431107
0.09790033102035522
0.1342432200908661
0.1128092035651207
0.0857827365398407
0.10439269989728928
0.07720348238945007
0.07557447999715805
0.11162269860506058
0.08477785438299179
0.08961443603038788
0.11150021106004715
0.0719074234366417
0.07386166602373123
0.10892362147569656
0.12809735536575317
0.11478801816701889
0.10903777927160263
0.07806986570358276
0.12159858644008636
0.10639221221208572
0.09795352816581726
0.061261508613824844
0.017097050324082375
0.062215328216552734
0.12249860167503357
0.11599791049957275
0.06993889808654785
0.06231185048818588
0.04817967116832733
0.03877955302596092
0.11357910186052322
0.12108181416988373
0.0352516807615757
0.031124353408813477
0.03432631492614746
0.03599764034152031
0.05226857587695122
0.10042999684810638
0.044826097786426544
0.06054288521409035
0.017430534586310387
0.10665707290172577
0.05402457341551781
0.09027433395385742
0.06687131524085999
0.045749373733997345
0.06188259273767471
0.08690308034420013
0.0652017816901207
0.052008338272571564
0.03400960937142372
0.018985513597726822
0.05861390754580498
0.03293514996767044
0.05467731133103371
0.0649307444691658
0.05717058852314949
0.04368359223008156
0.053821735084056854
0.036185067147016525
0.02351226843893528
0.08190639317035675
0.03943963721394539
0.0415770448744297
0.03489363566040993
0.023752499371767044
0.08824590593576431
0.010273097082972527
0.05407627671957016
0.050722356885671616
0.026910627260804176
0.029359551146626472
0.015763260424137115
0.02861628495156765
0.04905865341424942
0.026896435767412186
0.018576715141534805
0.06547591835260391
0.06468208134174347
0.03786681964993477
0.04610701650381088
0.04089547321200371
0.02345610037446022
0.11245373636484146
0.08780672401189804
0.055011119693517685
0.08579336851835251
0.03280903771519661
0.05017513036727905
0.042911700904369354
0.01828310638666153
0.04652190953493118
0.03271549195051193
0.04202296584844589
0.04179039224982262
0.01560106873512268
0.03352869674563408
0.06878422945737839
0.04034045338630676
0.07078971713781357
0.06572060286998749
0.020635433495044708
0.06207552179694176
0.051473695784807205
0.028023742139339447
0.03444378077983856
0.045243341475725174
0.02322274073958397
0.07697456330060959
0.09283727407455444
0.029494555667042732
0.07264424115419388
0.014672399498522282
0.047274015843868256
0.05736802890896797
0.042167842388153076
0.03772919252514839
0.061700522899627686
0.04167596995830536
0.031097818166017532
0.07065514475107193
0.06167124956846237
0.017400899901986122
0.02554728277027607
0.029340548440814018
0.037604860961437225
0.0365036241710186
0.015495185740292072
0.04698236659169197
0.01686866395175457
0.013162853196263313
0.051608916372060776
0.018791809678077698
0.03897175192832947
0.03833329305052757
0.028125809505581856
0.06304799020290375
0.013540650717914104
0.01973012089729309
0.01967826671898365
0.05884041637182236
0.023852376267313957
0.037483517080545425
0.024134047329425812
0.01994658261537552
0.06951399892568588
0.02352915331721306
0.04294503480195999
0.07297009974718094
0.017314458265900612
0.050641123205423355
0.04173607379198074
0.02670799195766449
0.025040173903107643
0.03478621318936348
0.0321589857339859
0.04833365976810455
0.018461797386407852
0.01845709979534149
0.023611007258296013
0.015311223454773426
0.018465319648385048
0.0592174157500267
0.022977134212851524
0.04168427363038063
0.044721461832523346
0.05772973224520683
0.06999769061803818
0.03609176352620125
0.03503015637397766
0.02542675845324993
0.03147650137543678
0.04695138707756996
0.026598390191793442
0.022911207750439644
0.055195402354002
0.022038932889699936
0.041083864867687225
0.028797626495361328
0.01722540520131588
0.022703751921653748
0.0337943397462368
0.030110789462924004
0.05610276013612747
0.015139168128371239
0.023227989673614502
0.012610863894224167
0.009824937209486961
0.06883713603019714
0.03191876783967018
0.07055404782295227
0.05362662672996521
0.01911936327815056
0.024598242715001106
0.09896023571491241
0.024335013702511787
0.02730078250169754
0.025226889178156853
0.030088746920228004
0.040948934853076935
0.01166499312967062
0.010853515937924385
0.06466826796531677
0.022906022146344185
0.031104881316423416
0.03984512761235237
0.04730606451630592
0.02298104763031006
0.013383517041802406
0.023720087483525276
0.01659172587096691
0.015244921669363976
0.05702317878603935
0.015932945534586906
0.01769806072115898
0.01876039430499077
0.0145588843151927
0.02738938108086586
0.014218129217624664
0.02845390886068344
0.05340240150690079
0.014764955267310143
0.006731310859322548
0.01839412748813629
0.017337070778012276
0.025680916383862495
0.013378823176026344
0.024189768359065056
0.020087268203496933
0.009178646840155125
0.017901711165905
0.013045205734670162
0.012459454126656055
0.0262431837618351
0.012854982167482376
0.022627435624599457
0.054606977850198746
0.032988373190164566
0.021107040345668793
0.019462063908576965
0.03629649057984352
0.022468362003564835
0.020516224205493927
0.015463728457689285
0.007531726732850075
0.03920632228255272
0.04111097380518913
0.02752816118299961
0.019174695014953613
0.019321508705615997
0.018722878769040108
0.03308984637260437
0.01763353869318962
0.019970733672380447
0.030754301697015762
0.02238755114376545
0.03157353028655052
0.007168750278651714
0.013645845465362072
0.06334877759218216
0.040103815495967865
0.021072205156087875
0.015572506003081799
0.022952891886234283
0.015523431822657585
0.030250059440732002
0.0648277997970581
0.01822902448475361
0.013426012359559536
0.015282943844795227
0.022862030193209648
0.021617557853460312
0.0208427831530571
0.007079116068780422
0.016032302752137184
0.021391764283180237
0.03522840514779091
0.029031120240688324
0.019545596092939377
0.021986765787005424
0.02198754996061325
0.014482763595879078
0.03365391865372658
0.016023438423871994
0.029217176139354706
0.02212424762547016
0.028175797313451767
0.009065920487046242
0.014277474954724312
0.022169625386595726
0.01089465618133545
0.020667491480708122
0.010621834546327591
0.016946271061897278
0.020090818405151367
0.013068131171166897
0.02853141538798809
0.013854687102138996
0.019010597839951515
0.011554207652807236
0.02554110623896122
0.05996403843164444
0.025514528155326843
0.030668070539832115
0.009691622108221054
0.024911053478717804
0.013617168180644512
0.015832236036658287
0.010727868415415287
0.017883768305182457
0.023458760231733322
0.013563590124249458
0.01240586768835783
0.016547543928027153
0.006880063097923994
0.01562618650496006
0.014180924743413925
0.020094899460673332
0.011451875790953636
0.015225963667035103
0.025379007682204247
0.02729438804090023
0.016216522082686424
0.008367758244276047
0.010479656979441643
0.008128219284117222
0.014891858212649822
0.013692854903638363
0.010723439045250416
0.018470121547579765
0.02599591389298439
0.014423960819840431
0.008196257054805756
0.027929283678531647
0.012004414573311806
0.012770544737577438
0.026835987344384193
0.004625428467988968
0.00932343304157257
0.03175170719623566
0.0146771389991045
0.011768369004130363
0.00799262523651123
0.013589033856987953
0.01949726790189743
0.011353341862559319
0.009199847467243671
0.007337870541960001
0.017948517575860023
0.00889643281698227
0.005386894568800926
0.011463076807558537
0.02520291693508625
0.012232750654220581
0.015677154064178467
0.009812537580728531
0.01156039722263813
0.008332595229148865
0.007794172037392855
0.018936671316623688
0.016850760206580162
0.004693863447755575
0.012842772528529167
0.008923359215259552
0.003354686312377453
0.006430701352655888
0.0062906378880143166
0.010831535793840885
0.01279611699283123
0.009870892390608788
0.0078206742182374
0.003970052115619183
0.0018780454993247986
0.018565990030765533
0.04628868028521538
0.012554802931845188
0.02290501445531845
0.011831176467239857
0.01534321904182434
0.005923590622842312
0.016774609684944153
0.019275860860943794
0.01151223573833704
0.014902382157742977
0.005457298830151558
0.018750833347439766
0.01053355261683464
0.013619933277368546
0.012704488821327686
0.013422200456261635
0.006968677043914795
0.019657310098409653
0.014894888736307621
0.01583113707602024
0.0074569787830114365
0.009392576292157173
0.022475896403193474
0.011372520588338375
0.010594334453344345
0.011529132723808289
0.010244004428386688
0.016619224101305008
0.008903241716325283
0.012270085513591766
0.01530478149652481
0.00930781476199627
0.012279470451176167
0.009085341356694698
0.013887256383895874
0.01017776783555746
0.0049616689793765545
0.015879835933446884
0.009646774269640446
0.030426571145653725
0.02245800383388996
0.004786784294992685
0.007004821673035622
0.007051773834973574
0.007662861607968807
0.005980140529572964
0.004864763468503952
0.01018489245325327
0.013908736407756805
0.00681841466575861
0.011644442565739155
0.022180315107107162
0.005114797968417406
0.011851552873849869
0.013984646648168564
0.009413717314600945
0.011557791382074356
0.01502806693315506
0.010622642934322357
0.00487544247880578
0.008794485591351986
0.0073168398812413216
0.00861447211354971
0.007290267385542393
0.008910576812922955
0.011392222717404366
0.02702709101140499
0.0071625057607889175
0.015886781737208366
0.00398341054096818
0.01284407265484333
0.01616615429520607
0.013382339850068092
0.013445294462144375
0.005102037452161312
0.005376111716032028
0.014852248132228851
0.011743780225515366
0.012971138581633568
0.006137632764875889
0.005123519338667393
0.013777441345155239
0.009914265014231205
0.01393944676965475
0.006926171015948057
0.014080628752708435
0.015475639142096043
0.010161809623241425
0.010417215526103973
0.025408761575818062
0.0033836860675364733
0.008442903868854046
0.006425297819077969
0.012941041961312294
0.005705705378204584
0.009536141529679298
0.009671525098383427
0.010500600561499596
0.0170269887894392
0.007537845056504011
0.006686070468276739
0.0037568453699350357
0.02254115417599678
0.0067625874653458595
0.017807865515351295
0.01146801095455885
0.009211051277816296
0.0072309342212975025
0.005224127322435379
0.005797878839075565
0.009869826026260853
0.006617529317736626
0.03264017030596733
0.02389196678996086
0.017490124329924583
0.0073175192810595036
0.01832166686654091
0.012812800705432892
0.00842447578907013
0.011767242103815079
0.007339130621403456
0.01940316893160343
0.010722676292061806
0.02355198748409748
0.008360357023775578
0.012792404741048813
0.009022087790071964
0.014573796652257442
0.004479001276195049
0.0145871015265584
0.0638585090637207
0.002260078676044941
0.006117634009569883
0.018521634861826897
0.014318752102553844
0.009151572361588478
0.00968931894749403
0.010162711143493652
0.007729769684374332
0.011504451744258404
0.011796392500400543
0.01135062612593174
0.017838722094893456
0.007006719708442688
0.010801013559103012
0.0038315176498144865
0.00853964127600193
0.0073112742975354195
0.008472184650599957
0.006129604764282703
0.00599272595718503
0.00889807753264904
0.002597293583676219
0.011853712610900402
0.005300075747072697
0.01683788374066353
0.006474481429904699
0.0027459226548671722
0.005574384704232216
0.009613128378987312
0.006287542171776295
0.007468518801033497
0.010586815886199474
0.006608420982956886
0.01176907867193222
0.009808823466300964
0.007302686106413603
0.004253407474607229
0.04132067784667015
0.011460972018539906
0.01183078158646822
0.006902605760842562
0.007064439356327057
0.008882139809429646
0.013941234908998013
0.003500680672004819
0.016693145036697388
0.008827246725559235
0.008157037198543549
0.019075363874435425
0.01252283900976181
0.023329177871346474
0.020060118287801743
0.019090695306658745
0.00820677075535059
0.011986118741333485
0.013919336721301079
0.01450612023472786
0.008871747180819511
0.005456260405480862
0.010787535458803177
0.009433893486857414
0.014632811769843102
0.014996255747973919
0.01002525445073843
0.006602834910154343
0.01661829464137554
0.013688472099602222
0.012547643855214119
0.00544240977615118
0.008271267637610435
0.024044698104262352
0.007028189022094011
0.014362543821334839
0.00993475504219532
0.010981024242937565
0.0014582255389541388
0.016453688964247704
0.013512184843420982
0.009406907483935356
0.010908303782343864
0.002830788493156433
0.006035903003066778
0.01334541104733944
0.0101175457239151
0.012718448415398598
0.010063298977911472
0.005433369427919388
0.018064279109239578
0.01600104570388794
0.007999269291758537
0.009313606657087803
0.00788581371307373
0.008656835183501244
0.010092100128531456
0.007094798609614372
0.005900200456380844
0.012555385008454323
0.015109146013855934
0.007399845868349075
0.00809247512370348
0.01746438629925251
0.014539901167154312
0.01899232715368271
0.006422220729291439
0.009104935452342033
0.0069595081731677055
0.006889884825795889
0.013075759634375572
0.012177553027868271
0.008164883591234684
0.01811005175113678
0.009377710521221161
0.011567702516913414
0.007617708295583725
0.007052607834339142
0.0015869991621002555
0.014002695679664612
0.00834653154015541
0.01825978234410286
0.007580653764307499
0.014961941167712212
0.008366805501282215
0.010895699262619019
0.004125156439840794
0.03211553394794464
0.017885245382785797
0.01074475422501564
0.010687178932130337
0.00471718842163682
0.005564807914197445
0.009794364683330059
0.009147648699581623
0.009415555745363235
0.009367423132061958
0.009603706188499928
0.008312072604894638
0.010822336189448833
0.009961917996406555
0.015584749169647694
0.0035597539972513914
0.009475326165556908
0.01347525417804718
0.009517344646155834
0.006437132600694895
0.016950204968452454
0.007712391205132008
0.00961995404213667
0.005801967810839415
0.016771366819739342
0.008630076423287392
0.007961216382682323
0.0012231807922944427
0.006674826145172119
0.012336472049355507
0.004372025839984417
0.010679332539439201
0.01725287362933159
0.00966405589133501
0.0074293725192546844
0.003233752679079771
0.0127480523660779
0.004518167581409216
0.007774812169373035
0.00813104584813118
0.005760627333074808
0.015078923664987087
0.010698335245251656
0.012749522924423218
0.0038354950957000256
0.009691575542092323
0.010183483362197876
0.005905705504119396
0.00627606175839901
0.0069961827248334885
0.0036644875071942806
0.00471873814240098
0.0036553426180034876
0.013685968704521656
0.003154938807711005
0.009315571747720242
0.008955092169344425
0.007121650036424398
0.003641525749117136
0.014093033969402313
0.017031703144311905
0.009811542928218842
0.007508520968258381
0.0033040486741811037
0.011075538583099842
0.007161358371376991
0.006077804137021303
0.007010794710367918
0.01715158112347126
0.017527565360069275
0.0039878543466329575
0.007671262137591839
0.00782689731568098
0.007452629506587982
0.010058724321424961
0.00831079576164484
0.005363549571484327
0.0025175511837005615
0.008401826024055481
0.010164754465222359
0.006896244827657938
0.013546813279390335
0.007624833844602108
0.014036598615348339
0.00594836100935936
-0.0001239808916579932
0.002204791409894824
0.007500115782022476
0.0023629008792340755
0.007933718152344227
0.011994725093245506
0.004930262453854084
0.00687854690477252
0.0036202671471983194
0.005794047378003597
0.008789307437837124
0.005547757726162672
0.006029336713254452
0.0034016543067991734
0.00678303511813283
0.00701401149854064
0.013647248968482018
0.007602119818329811
0.0071729328483343124
0.008968424052000046
0.010259161703288555
0.005024431273341179
0.013581221923232079
0.016899269074201584
0.004283514805138111
0.005135213490575552
0.0031405268236994743
0.007497948594391346
0.0037828763015568256
0.007026523817330599
0.007653525099158287
0.010330570861697197
0.010107376612722874
0.007890715263783932
0.00633038068190217
0.003397502237930894
0.002752449829131365
0.003448489122092724
0.006457704119384289
0.008940731175243855
0.002608493436127901
0.0074813091196119785
0.00668704230338335
0.0028990707360208035
0.003637756686657667
0.008722998201847076
0.015374599024653435
0.007960348390042782
0.006148036103695631
0.010039973072707653
0.016634652391076088
0.005646420177072287
