0.7114149928092957
0.7059435844421387
0.6864539980888367
0.7052083015441895
0.7145277261734009
0.7123399376869202
0.7019855976104736
0.7114056348800659
0.7046245336532593
0.717922568321228
0.6990368962287903
0.715796709060669
0.7006157636642456
0.6701772212982178
0.6793302893638611
0.7162841558456421
0.6721097826957703
0.685459315776825
0.6528633832931519
0.6765280365943909
0.6305563449859619
0.6994696855545044
0.6414039731025696
0.6803379058837891
0.7103964686393738
0.6863125562667847
0.694675862789154
0.6284685730934143
0.7099990248680115
0.6873058080673218
0.6622520685195923
0.6678439378738403
0.7468163371086121
0.6710251569747925
0.6403143405914307
0.710970938205719
0.6207123398780823
0.7078163623809814
0.5515053868293762
0.58367520570755
0.5996654033660889
0.7517842650413513
0.5366220474243164
0.4536170959472656
0.5442511439323425
0.4032188653945923
0.5576397776603699
0.38032323122024536
0.5595955848693848
0.698622465133667
0.506584882736206
0.6453655958175659
0.8622636198997498
0.6584967374801636
0.5969372391700745
0.610511839389801
0.7455256581306458
0.7920815944671631
0.5924074053764343
0.6851312518119812
0.6907024383544922
0.7929686307907104
0.6560413837432861
0.6804711818695068
0.6752499341964722
0.684336245059967
0.6221842765808105
0.6935597658157349
0.613635241985321
0.6753553152084351
0.67909836769104
0.6480618119239807
0.6582961678504944
0.6785439252853394
0.7264907360076904
0.7052093744277954
0.737147331237793
0.7089228630065918
0.6938043236732483
0.6871052384376526
0.6866677403450012
0.7436525225639343
0.6625807285308838
0.7043272852897644
0.7106258869171143
0.6773142218589783
0.737809956073761
0.7378774285316467
0.7070264220237732
0.7175024151802063
0.6925127506256104
0.690510094165802
0.6831932663917542
0.7051405906677246
0.6594716906547546
0.73361736536026
0.6423780918121338
0.7330841422080994
0.7493649125099182
0.7185381054878235
0.7426038980484009
0.6709559559822083
0.7102063894271851
0.6493955254554749
0.6779177188873291
0.7008661031723022
0.6890844702720642
0.7130966782569885
0.694758415222168
0.6636817455291748
0.6935321092605591
0.7429457306861877
0.6731711030006409
0.7177724838256836
0.7568182349205017
0.6992006897926331
0.6344594359397888
0.6934186220169067
0.7268723249435425
0.7346125245094299
0.7032046914100647
0.6555987000465393
0.7175097465515137
0.6343086957931519
0.7339364290237427
0.7176807522773743
0.7191111445426941
0.7167192697525024
0.7381318807601929
0.7173072695732117
0.7375072836875916
0.7500596046447754
0.6990105509757996
0.7334114909172058
0.6912832260131836
0.7119137048721313
0.7026631236076355
0.7141069769859314
0.7426441311836243
0.7017555832862854
0.6661935448646545
0.7621259093284607
0.6941235661506653
0.7001993060112
0.6998098492622375
0.7221261858940125
0.676755964756012
0.6998493671417236
0.6845810413360596
0.6902867555618286
0.7267249822616577
0.7256166934967041
0.6327000856399536
0.6834421753883362
0.6829434037208557
0.6732635498046875
0.7118143439292908
0.6996635794639587
0.7276163101196289
0.7346740365028381
0.7040689587593079
0.7375282645225525
0.667627215385437
0.6681429743766785
0.6908667087554932
0.7041104435920715
0.7113060355186462
0.7130244374275208
0.704302966594696
0.6998873353004456
0.7234253883361816
0.6943638920783997
0.7099136114120483
0.7147855758666992
0.719477117061615
0.7014097571372986
0.7320789098739624
0.7103736996650696
0.6758015155792236
0.7251574993133545
0.7361845970153809
0.6722604632377625
0.7014549374580383
0.6735377907752991
0.7339420318603516
0.7187857031822205
0.6962946653366089
0.665889322757721
0.7071065306663513
0.7037782669067383
0.7222673296928406
0.7070762515068054
0.7148478627204895
0.6887703537940979
0.7287303805351257
0.709621012210846
0.7206074595451355
0.7100799083709717
0.6835888624191284
0.7349833846092224
0.7006838917732239
0.7283045053482056
0.6585224866867065
0.7398238182067871
0.6957738995552063
0.7226988673210144
0.7018822431564331
0.7331923246383667
0.6903681755065918
0.6871846318244934
0.7075052857398987
0.6923505067825317
0.6814022064208984
0.7051804661750793
0.7428195476531982
0.751253068447113
0.7135558128356934
0.704205334186554
0.7163674831390381
0.7272385954856873
0.7412628531455994
0.6908534169197083
0.7114914655685425
0.736416220664978
0.6386711597442627
0.721048891544342
0.7189590334892273
0.718136727809906
0.6893216967582703
0.7215457558631897
0.7227524518966675
0.6922940015792847
0.7440154552459717
0.6919910907745361
0.7533271312713623
0.7194139957427979
0.6675886511802673
0.6663000583648682
0.7169329524040222
0.6883144974708557
0.7005872130393982
0.7208908796310425
0.7225224375724792
0.6415910720825195
0.6925791501998901
0.7159422636032104
0.6686141490936279
0.7044079899787903
0.7286341190338135
0.7003640532493591
0.6796454191207886
0.7110757827758789
0.6971482038497925
0.697059690952301
0.7640054225921631
0.6927161812782288
0.7453404068946838
0.7036301493644714
0.7122402787208557
0.7121393084526062
0.7264671921730042
0.7214515209197998
0.6440891027450562
0.6703994870185852
0.7000025510787964
0.7294471859931946
0.6811313033103943
0.7159934639930725
0.7151354551315308
0.7099012136459351
0.6662188172340393
0.6572619676589966
0.6967321038246155
0.7125288248062134
0.6734393239021301
0.7005444169044495
0.7289407849311829
0.7357655167579651
0.6954768896102905
0.6882233023643494
0.6917179226875305
0.6688685417175293
0.6642696261405945
0.693557620048523
0.6631692051887512
0.7012434601783752
0.7312821745872498
0.7247290015220642
0.6924625039100647
0.7005211710929871
0.6796125173568726
0.6688089966773987
0.7001929879188538
0.7159776091575623
0.6848795413970947
0.6984490752220154
0.6867985725402832
0.7042688131332397
0.7187953591346741
0.7370328307151794
0.7203835248947144
0.7042117714881897
0.7375787496566772
0.6568880081176758
0.6655528545379639
0.7019529938697815
0.7077136039733887
0.7337952256202698
0.7432159185409546
0.6967781186103821
0.7442258596420288
0.6859406232833862
0.7108250856399536
0.6536377668380737
0.7266871929168701
0.6398152112960815
0.7031492590904236
0.7134234309196472
0.7020348906517029
0.7099220156669617
0.7228571772575378
0.6898363828659058
0.7039405703544617
0.6953434944152832
0.7305968999862671
0.7204911112785339
0.7574687600135803
0.7163978815078735
0.6699655652046204
0.7382720112800598
0.7072354555130005
0.7147001028060913
0.6910754442214966
0.720382571220398
0.7222073674201965
0.6932005286216736
0.6897422671318054
0.7079916000366211
0.704863965511322
0.7297627329826355
0.7309986352920532
0.7307641506195068
0.7109370231628418
0.7450951337814331
0.6716510057449341
0.7169719934463501
0.6854568719863892
0.7116820812225342
0.6676942110061646
0.7150090932846069
0.6659125685691833
0.7148718237876892
0.6473683714866638
0.7471791505813599
0.7053160071372986
0.6773529648780823
0.7213147878646851
0.6586119532585144
0.6786125898361206
0.676429271697998
0.712245762348175
0.6910374760627747
0.687351405620575
0.6628856658935547
0.6834717988967896
0.7169018387794495
0.7069981098175049
0.7092032432556152
0.7335267663002014
0.7443625330924988
0.6878930926322937
0.6916570067405701
0.6934698820114136
0.6873767375946045
0.7015669941902161
0.7263808250427246
0.7216456532478333
0.7036463022232056
0.7186310291290283
0.7437953948974609
0.6971954107284546
0.6816306114196777
0.7130907773971558
0.7275684475898743
0.6888071298599243
0.6917346119880676
0.7143061757087708
0.7128458619117737
0.7081533074378967
0.7054958939552307
0.7104848623275757
0.7400581240653992
0.6893884539604187
0.6987648606300354
0.7530407905578613
0.6903074383735657
0.7139459252357483
0.6385676860809326
0.6596673727035522
0.7261160612106323
0.7549604773521423
0.6191927790641785
0.6820032596588135
0.7277771234512329
0.6986570358276367
0.6574451923370361
0.7417882680892944
0.738844633102417
0.7245659828186035
0.7088371515274048
0.7320461869239807
0.6855388283729553
0.7164211869239807
0.7242681980133057
0.6734492778778076
0.6817553043365479
0.6695750951766968
0.6764539480209351
0.7289531230926514
0.7196585536003113
0.7197884321212769
0.7378604412078857
0.6951282024383545
0.6891812086105347
0.7035994529724121
0.7027240991592407
0.7213031649589539
0.72283536195755
0.7170175313949585
0.6939440965652466
0.7361754775047302
0.7063748836517334
0.6761348843574524
0.735182523727417
0.700586199760437
0.7105966806411743
0.728948175907135
0.6390653848648071
0.6743747591972351
0.6958730816841125
0.7020155191421509
0.7108274698257446
0.6949591636657715
0.7368281483650208
0.7087258696556091
0.7322139739990234
0.7281709313392639
0.6959236860275269
0.6824221611022949
0.710763692855835
0.6731137633323669
0.6482334136962891
0.6805918216705322
0.6994296312332153
0.7363046407699585
0.6626928448677063
0.7516645193099976
0.7205008864402771
0.6745357513427734
0.6607495546340942
0.7380265593528748
0.723401665687561
0.6618231534957886
0.7418315410614014
0.7391756772994995
0.6859744787216187
0.703346848487854
0.7350109815597534
0.6749170422554016
0.7181068658828735
0.7425880432128906
0.6837935447692871
0.7045471668243408
0.7195659875869751
0.7045294046401978
0.6813892722129822
0.6749697923660278
0.6707434058189392
0.7111157178878784
0.7575928568840027
0.7117215991020203
0.7249100804328918
0.6735166311264038
0.6714451909065247
0.6648817658424377
0.7101302146911621
0.6985059976577759
0.7261260747909546
0.7189224362373352
0.7162551283836365
0.6983054280281067
0.7255855798721313
0.7087569236755371
0.7032245397567749
0.6281467080116272
0.7428598403930664
0.6429365277290344
0.7138909101486206
0.687433660030365
0.682548999786377
0.7269222736358643
0.7004991173744202
0.7139489054679871
0.702741265296936
0.7162898778915405
0.7113203406333923
0.6741969585418701
0.6551611423492432
0.7154862880706787
0.7223986387252808
0.7305011749267578
0.6939374208450317
0.7038880586624146
0.7252260446548462
0.6992617845535278
0.6598951816558838
0.7234732508659363
0.6672914028167725
0.7196812033653259
0.7167572379112244
0.7064282298088074
0.7109116315841675
0.6561967730522156
0.6757510900497437
0.7267290949821472
0.7281873822212219
0.724416971206665
0.7159813642501831
0.6984319686889648
0.6844510436058044
0.7129485607147217
0.7209386229515076
0.7327389717102051
0.6867245435714722
0.724643886089325
0.7231322526931763
0.700036883354187
0.6698577404022217
0.6981435418128967
0.6858764290809631
0.6995038390159607
0.6320404410362244
0.6771195530891418
0.7114105224609375
0.742348313331604
0.6926019787788391
0.6265562772750854
0.7200126647949219
0.7034934163093567
0.702718198299408
0.6716382503509521
0.6983305811882019
0.7153409719467163
0.7068721055984497
0.6918514370918274
0.7118501663208008
0.6740936040878296
0.6707922220230103
0.6690053343772888
0.6991934180259705
0.6902521252632141
0.7096836566925049
0.7369834184646606
0.7477591633796692
0.6821898221969604
0.6510909795761108
0.6880118250846863
0.7113467454910278
0.7264982461929321
0.7311341762542725
0.7168210744857788
0.7192885279655457
0.6901273131370544
0.7328552007675171
0.696012556552887
0.7034928798675537
0.6984546780586243
0.7229047417640686
0.711470901966095
0.6759805679321289
0.6958522200584412
0.6813113689422607
0.7191128730773926
0.6840555667877197
0.7032974362373352
0.6965399384498596
0.7126057744026184
0.7257034778594971
0.6950784921646118
0.6926920413970947
0.6957960724830627
0.7189038991928101
0.6150297522544861
0.6710557341575623
0.7044646739959717
0.7215765118598938
0.6514818072319031
0.7204328179359436
0.719656765460968
0.7137149572372437
0.6697190999984741
0.6770133376121521
0.7111395597457886
0.7174515128135681
0.7040660381317139
0.7315366864204407
0.6934010982513428
0.6709690690040588
0.7107574343681335
0.7200453877449036
0.6424572467803955
0.7046529054641724
0.7181207537651062
0.7322567105293274
0.6793947219848633
0.7165899276733398
0.6788185834884644
0.6996666789054871
0.7195380926132202
0.7006050944328308
0.7061647176742554
0.7169053554534912
0.7172292470932007
0.6983854174613953
0.6926068067550659
0.6773165464401245
0.7343869805335999
0.746365487575531
0.7028079628944397
0.6913326382637024
0.7300694584846497
0.7003539204597473
0.6767668128013611
0.7082511186599731
0.7270569801330566
0.6984987854957581
0.7139039039611816
0.6809868812561035
0.731917142868042
0.7006416916847229
0.7036012411117554
0.7169052958488464
0.7246705293655396
0.6947960257530212
0.7029600143432617
0.7134014368057251
0.7244077324867249
0.7193219065666199
0.7061767578125
0.7142894268035889
0.7321375012397766
0.6968750953674316
0.7185695171356201
0.7188578248023987
0.7090321183204651
0.7143959403038025
0.7246836423873901
0.7324476838111877
0.716493546962738
0.7366302013397217
0.7221314311027527
0.6869630217552185
0.6900137662887573
0.7233754992485046
0.7097886800765991
0.7148839235305786
0.7325701713562012
0.6758132576942444
0.6666744947433472
0.7136439085006714
0.6880651116371155
0.7089797854423523
0.7539339065551758
0.7123106122016907
0.7275359034538269
0.6865528225898743
0.7156562805175781
0.7243139743804932
0.6837252974510193
0.7079405784606934
0.7017698287963867
0.6676930785179138
0.6916448473930359
0.6599153876304626
0.6537640690803528
0.654583215713501
0.6983925700187683
0.711821973323822
0.6868000626564026
0.7103500366210938
0.7168448567390442
0.7085500955581665
0.7048150300979614
0.6890555620193481
0.6870766878128052
0.7188038229942322
0.6994578242301941
0.7031574845314026
0.6851948499679565
0.697956919670105
0.7052338123321533
0.68257737159729
0.6976314187049866
0.6896311640739441
0.6674236059188843
0.7208244800567627
0.7104432582855225
0.6724590063095093
0.7158066630363464
0.6835021376609802
0.7070078253746033
0.6813845038414001
0.6941192150115967
0.6907691359519958
0.6905264258384705
0.6991568207740784
0.6940613389015198
0.7085174918174744
0.6718465089797974
0.6708102822303772
0.7054349780082703
0.7033597230911255
0.6474281549453735
0.6662449836730957
0.7016432285308838
0.7308818697929382
0.6726550459861755
0.7163232564926147
0.7238990664482117
0.7347599267959595
0.6915539503097534
0.6672243475914001
0.66729336977005
0.7011927366256714
0.7001399397850037
0.7118708491325378
0.7311768531799316
0.7515450716018677
0.7459668517112732
0.7367917895317078
0.7123998999595642
0.6724259853363037
0.7353167533874512
0.7033324837684631
0.700332760810852
0.705751359462738
0.6884467601776123
0.7345926761627197
0.6914953589439392
0.6678040027618408
0.7249618768692017
0.7268940806388855
0.7102742195129395
0.6949345469474792
0.6633418202400208
0.7297902703285217
0.7283260822296143
0.7264029383659363
0.7367107272148132
0.6346285343170166
0.7192372679710388
0.7034109234809875
0.7057834267616272
0.6849002242088318
0.7473675012588501
0.7117468118667603
0.7506153583526611
0.7086785435676575
0.644251823425293
0.7402185201644897
0.6968116760253906
0.695503294467926
0.6535662412643433
0.7331836819648743
0.691652238368988
0.6918812394142151
0.7308530807495117
0.6683503985404968
0.6977308988571167
0.6955851316452026
0.690919041633606
0.6824897527694702
0.7004261016845703
0.6766999363899231
0.7318497896194458
0.7266461849212646
0.6834395527839661
0.7108523845672607
0.6946969032287598
0.6830788254737854
0.7169356942176819
0.71021568775177
0.6289281845092773
0.6614750027656555
0.65909343957901
0.6840105056762695
0.688326895236969
0.7332468032836914
0.6733116507530212
0.6892581582069397
0.7208771705627441
0.6902613639831543
0.7126851081848145
0.6950883269309998
0.7342744469642639
0.7012333273887634
0.7066835165023804
0.6659347414970398
0.6905607581138611
0.7062517404556274
0.6725034713745117
0.7115651965141296
0.7194265723228455
0.7037709355354309
0.7295373678207397
0.6652988195419312
0.7307868003845215
0.7048894762992859
0.6998209357261658
0.7178003191947937
0.7188791632652283
0.7007829546928406
0.6684896349906921
0.6737915277481079
0.6701774597167969
0.7071112990379333
0.6971869468688965
0.7178314924240112
0.6729816794395447
0.7335007786750793
0.7113884687423706
0.7071837782859802
0.6544536352157593
0.7047321200370789
0.7255107760429382
0.7093862295150757
0.6922011375427246
0.7272568345069885
0.7174082398414612
0.7066638469696045
0.67314612865448
0.7051303386688232
0.679673969745636
0.6937059760093689
0.6930636763572693
0.662567675113678
0.6962119936943054
0.7156016230583191
0.7243230938911438
0.7267960906028748
0.6984454393386841
0.7120561003684998
0.7096202969551086
0.6905536651611328
0.7219097018241882
0.6809000372886658
0.6929108500480652
0.6885765790939331
0.6911719441413879
0.6913341879844666
0.6487331390380859
0.7076334357261658
0.6923829913139343
0.737597644329071
0.7330800294876099
0.6597248315811157
0.6520180106163025
0.6931366920471191
0.6935136914253235
0.6967491507530212
0.7333715558052063
0.7147409915924072
0.6986150741577148
0.6880849599838257
0.7013363838195801
0.7503047585487366
0.735029935836792
0.6873133182525635
0.6837007999420166
0.6979027390480042
0.698252260684967
0.7209531664848328
0.6640186309814453
0.7155646681785583
0.693152666091919
0.6562727689743042
0.6732843518257141
0.6444025039672852
0.6644388437271118
0.7315564155578613
0.6781538724899292
0.7425705790519714
0.6564623117446899
0.7106257081031799
0.7189152836799622
0.7174457907676697
0.7247973084449768
0.7379847168922424
0.7100703716278076
0.6869710683822632
0.6951041221618652
0.6880130767822266
0.6738749146461487
0.7469645738601685
0.702720582485199
0.7017937898635864
0.7310187220573425
0.6999693512916565
0.7060786485671997
0.7169046401977539
0.6773190498352051
0.7413249611854553
0.7211847305297852
0.6885387301445007
0.6633389592170715
0.6981137990951538
0.6650058031082153
0.6870484352111816
0.6980050206184387
0.7032235860824585
0.737087607383728
0.6826213598251343
0.7218921780586243
0.5576545596122742
0.7172651290893555
0.6990793943405151
0.7113363146781921
0.701690673828125
0.7126246690750122
0.6964564323425293
0.6964778900146484
0.7099896669387817
0.6824356317520142
0.6949586272239685
0.7225633859634399
0.7184014320373535
0.7086480855941772
0.7150578498840332
0.6890697479248047
0.7142537832260132
0.690936803817749
0.6809729933738708
0.7172073721885681
0.7352743744850159
0.6350820660591125
0.656291127204895
0.7322783470153809
0.7060263752937317
0.7276993989944458
0.711642861366272
0.68744957447052
0.6896603107452393
0.6886498332023621
0.7379953861236572
0.6629858613014221
0.7197269201278687
0.7098824381828308
0.6711248159408569
0.6794398427009583
0.7203251719474792
0.7531128525733948
0.6792096495628357
0.7416062355041504
0.7067714333534241
0.6654587388038635
0.7220625281333923
0.7060901522636414
0.6589233875274658
0.6880204677581787
0.7088951468467712
0.7248847484588623
0.7326168417930603
0.7122315168380737
0.6519667506217957
0.7018136978149414
0.7035220265388489
0.6574963927268982
0.6912805438041687
0.7196201086044312
0.7095543742179871
0.691033124923706
0.664466917514801
0.7021702527999878
0.6456761360168457
0.691705048084259
0.6547348499298096
0.6760686039924622
0.6790889501571655
0.6656398177146912
0.7078309655189514
0.7125955820083618
0.7078353762626648
0.6953030824661255
0.7334323525428772
0.7066699862480164
0.6786702275276184
0.7315331697463989
0.666287899017334
0.6969478726387024
0.6997737884521484
