0.25809964537620544
0.26186615228652954
0.23634615540504456
0.25715991854667664
0.2589758634567261
0.2572290599346161
0.25421667098999023
0.2561018466949463
0.2554008662700653
0.2696031332015991
0.24608619511127472
0.2613983154296875
0.25174933671951294
0.2075388878583908
0.22560656070709229
0.2672968804836273
0.22608451545238495
0.22763356566429138
0.18150189518928528
0.22730094194412231
0.1816316843032837
0.24981877207756042
0.2085801064968109
0.23144128918647766
0.25102686882019043
0.23186317086219788
0.24271468818187714
0.1844618320465088
0.2685381770133972
0.22645801305770874
0.21256551146507263
0.20438271760940552
0.26700103282928467
0.20728519558906555
0.20691950619220734
0.2569800913333893
0.17861631512641907
0.26664143800735474
0.07797710597515106
0.162660613656044
0.12398337572813034
0.35916274785995483
0.07660912722349167
0.13569022715091705
0.20501384139060974
0.1529102623462677
0.27600347995758057
0.07422135025262833
0.2721521854400635
0.30748486518859863
0.1698373705148697
0.1946556270122528
0.4277172088623047
0.3346751928329468
0.17475254833698273
0.1827513426542282
0.30387961864471436
0.2976996898651123
0.20185615122318268
0.19623452425003052
0.26491621136665344
0.264037162065506
0.23879949748516083
0.17913612723350525
0.22602912783622742
0.226041778922081
0.16924640536308289
0.2266225814819336
0.20598441362380981
0.21228595077991486
0.24337227642536163
0.20738257467746735
0.21065790951251984
0.20310209691524506
0.2640054225921631
0.24425362050533295
0.27079135179519653
0.2641982436180115
0.25103554129600525
0.2241208553314209
0.2303629368543625
0.2798781394958496
0.21214914321899414
0.2600249946117401
0.24615003168582916
0.2349015772342682
0.2807232737541199
0.2890201807022095
0.2349308729171753
0.2635137140750885
0.2328576147556305
0.23556092381477356
0.2229534387588501
0.2412489652633667
0.19902680814266205
0.2820705473423004
0.19013699889183044
0.27026665210723877
0.3016278147697449
0.25181910395622253
0.2822616398334503
0.22745256125926971
0.24678686261177063
0.19655746221542358
0.21387282013893127
0.23967470228672028
0.24006007611751556
0.25635626912117004
0.2286328226327896
0.20441675186157227
0.23771962523460388
0.2796635627746582
0.20994392037391663
0.26319271326065063
0.29701530933380127
0.25043556094169617
0.18562161922454834
0.22297827899456024
0.2695602774620056
0.27178332209587097
0.2589787244796753
0.18401730060577393
0.2592814564704895
0.1767236590385437
0.2631151080131531
0.25875648856163025
0.25226086378097534
0.25213688611984253
0.2653166353702545
0.26606449484825134
0.28252720832824707
0.284518837928772
0.24933750927448273
0.2701123356819153
0.23537114262580872
0.2518342137336731
0.2529515027999878
0.2792171537876129
0.21111227571964264
0.23247188329696655
0.29227977991104126
0.2609619200229645
0.19665494561195374
0.23878082633018494
0.2621055841445923
0.23506666719913483
0.24598294496536255
0.21124066412448883
0.23355793952941895
0.2156069278717041
0.2539534866809845
0.2760652005672455
0.24656973779201508
0.22986674308776855
0.23763930797576904
0.2519557774066925
0.262662798166275
0.11899002641439438
0.24898001551628113
0.26431921124458313
0.2580097019672394
0.26639148592948914
0.25150489807128906
0.24751082062721252
0.24718154966831207
0.23335525393486023
0.23431873321533203
0.23834143579006195
0.28005167841911316
0.25872713327407837
0.22666770219802856
0.24200531840324402
0.2679508328437805
0.2595243453979492
0.2657395005226135
0.21892736852169037
0.24248120188713074
0.2589837908744812
0.2178022712469101
0.27404481172561646
0.21671833097934723
0.2538733184337616
0.28861144185066223
0.22830285131931305
0.23868761956691742
0.21989570558071136
0.22986142337322235
0.2824106216430664
0.2583513557910919
0.2350037395954132
0.2754850387573242
0.2231091409921646
0.282349169254303
0.21639102697372437
0.22016964852809906
0.23419363796710968
0.25763076543807983
0.20369860529899597
0.272420734167099
0.21969467401504517
0.21072103083133698
0.255867063999176
0.1975249946117401
0.257436066865921
0.2470305860042572
0.27090901136398315
0.2431352436542511
0.22766061127185822
0.22297871112823486
0.17918731272220612
0.26548466086387634
0.23406487703323364
0.21254472434520721
0.28061872720718384
0.2552110552787781
0.2649841010570526
0.24147433042526245
0.20804861187934875
0.273662269115448
0.2692345082759857
0.23076169192790985
0.22758406400680542
0.22022956609725952
0.23894423246383667
0.2585982382297516
0.23445677757263184
0.25816822052001953
0.27607661485671997
0.24225816130638123
0.2277051955461502
0.24406784772872925
0.19832205772399902
0.23325511813163757
0.22478075325489044
0.2609386444091797
0.17306584119796753
0.22260497510433197
0.2406681478023529
0.2226109653711319
0.2224588841199875
0.26109200716018677
0.25930312275886536
0.1583166867494583
0.2467140555381775
0.2661134898662567
0.17583338916301727
0.25133654475212097
0.22934077680110931
0.24234703183174133
0.2563176155090332
0.20640139281749725
0.24921728670597076
0.2477821409702301
0.22272326052188873
0.2635047733783722
0.24447129666805267
0.27404657006263733
0.26595574617385864
0.2754172682762146
0.2711770534515381
0.2523275911808014
0.258151113986969
0.2143409103155136
0.2692524492740631
0.22239276766777039
0.2539394795894623
0.2579277753829956
0.265967458486557
0.2205827236175537
0.27423611283302307
0.2418045848608017
0.20888981223106384
0.19400238990783691
0.2466195970773697
0.2631618082523346
0.2268732190132141
0.2631192207336426
0.22943560779094696
0.23636546730995178
0.2688588500022888
0.2531313896179199
0.27901214361190796
0.2235560119152069
0.23299919068813324
0.2273527979850769
0.25671443343162537
0.22869645059108734
0.2702603340148926
0.25575095415115356
0.25427019596099854
0.20407627522945404
0.26620373129844666
0.2502012252807617
0.23027575016021729
0.17422127723693848
0.14104148745536804
0.2441645860671997
0.23883289098739624
0.2398073673248291
0.2595879137516022
0.27739912271499634
0.20102912187576294
0.19029797613620758
0.23489713668823242
0.26038986444473267
0.2581331431865692
0.23711279034614563
0.2331860065460205
0.258656769990921
0.2559013068675995
0.22677400708198547
0.2125207632780075
0.2415272444486618
0.2303418219089508
0.2401963621377945
0.1870141327381134
0.22424004971981049
0.25868189334869385
0.2197163701057434
0.23662897944450378
0.2693469524383545
0.26197361946105957
0.20157895982265472
0.24542005360126495
0.2702116370201111
0.291928231716156
0.24360746145248413
0.2345307320356369
0.2779255211353302
0.23142650723457336
0.24409136176109314
0.19815102219581604
0.19924461841583252
0.26828432083129883
0.22149546444416046
0.2558000981807709
0.242680162191391
0.2156616747379303
0.23498854041099548
0.24636609852313995
0.19647930562496185
0.23506394028663635
0.25318199396133423
0.2442249357700348
0.25669780373573303
0.24692487716674805
0.2153550237417221
0.21749353408813477
0.22354021668434143
0.2734580934047699
0.23192505538463593
0.23697465658187866
0.26290255784988403
0.229073628783226
0.22629597783088684
0.21891403198242188
0.2126445472240448
0.26924747228622437
0.2263275384902954
0.2215132713317871
0.2554045021533966
0.2393895834684372
0.23351067304611206
0.20330172777175903
0.2547748386859894
0.23439987003803253
0.23084226250648499
0.22671186923980713
0.20312699675559998
0.2638285458087921
0.2087252140045166
0.21744166314601898
0.25253766775131226
0.2274717390537262
0.21391582489013672
0.24235892295837402
0.20523861050605774
0.2219214290380478
0.25652286410331726
0.22361735999584198
0.23377348482608795
0.2086825966835022
0.23830866813659668
0.26976367831230164
0.17448073625564575
0.2553965449333191
0.2600811719894409
0.16488420963287354
0.23029373586177826
0.24640294909477234
0.2655586302280426
0.2147703766822815
0.21471285820007324
0.283409059047699
0.21374252438545227
0.21760256588459015
0.2761779725551605
0.20763356983661652
0.22264358401298523
0.21473783254623413
0.19996152818202972
0.251812607049942
0.2545722723007202
0.2334461361169815
0.24557243287563324
0.2660788297653198
0.1939692497253418
0.21577215194702148
0.25264039635658264
0.23551718890666962
0.24562200903892517
0.24150577187538147
0.26561564207077026
0.22086459398269653
0.2887210249900818
0.22195038199424744
0.2730499804019928
0.19346731901168823
0.26125332713127136
0.261210560798645
0.23632174730300903
0.23864953219890594
0.2354644536972046
0.2730225920677185
0.22620946168899536
0.23839090764522552
0.2615308165550232
0.19533589482307434
0.22253920137882233
0.19641035795211792
0.19371333718299866
0.2352009266614914
0.2615962624549866
0.24665328860282898
0.26537778973579407
0.2461083084344864
0.2617710530757904
0.23640495538711548
0.2616920471191406
0.24400268495082855
0.21522921323776245
0.1947324573993683
0.1879601925611496
0.21325959265232086
0.2672275900840759
0.20087292790412903
0.23076245188713074
0.239458829164505
0.2295452058315277
0.2420138418674469
0.185275599360466
0.2063949555158615
0.25842875242233276
0.22947834432125092
0.24297328293323517
0.1870904266834259
0.24289651215076447
0.27505725622177124
0.19518309831619263
0.26325222849845886
0.1829097718000412
0.24877196550369263
0.19820870459079742
0.20354989171028137
0.14735685288906097
0.2444130927324295
0.21074959635734558
0.25977587699890137
0.22544240951538086
0.17567752301692963
0.2216697335243225
0.2357374131679535
0.1841074675321579
0.12340503931045532
0.23527860641479492
0.21506553888320923
0.21932271122932434
0.20554591715335846
0.1740388572216034
0.24804159998893738
0.24180057644844055
0.2669375240802765
0.2081034779548645
0.24801510572433472
0.2454811930656433
0.21063470840454102
0.20427529513835907
0.22143268585205078
0.21876640617847443
0.2547633945941925
0.2193475365638733
0.2592657506465912
0.17275047302246094
0.23975908756256104
0.15416380763053894
0.2010602504014969
0.2723753750324249
0.2459116131067276
0.16802029311656952
0.21925583481788635
0.22008170187473297
0.18382476270198822
0.21283043920993805
0.19426536560058594
0.23156370222568512
0.1337425708770752
0.19950617849826813
0.1575687825679779
0.23701876401901245
0.12056279182434082
0.2749592065811157
0.26439571380615234
0.18869534134864807
0.2531665563583374
0.2549923360347748
0.27130699157714844
0.24087078869342804
0.23256224393844604
0.26041316986083984
0.2224159985780716
0.2726368308067322
0.26289719343185425
0.17752832174301147
0.2454339563846588
0.23005539178848267
0.19158613681793213
0.2649119198322296
0.1689143180847168
0.2675364017486572
0.14407485723495483
0.2283150553703308
0.2386309802532196
0.16366921365261078
0.20653358101844788
0.20385468006134033
0.21419398486614227
0.20815476775169373
0.18419110774993896
0.26629599928855896
0.2406657636165619
0.17266152799129486
0.20944646000862122
0.23500312864780426
0.2491469532251358
0.17683953046798706
0.1156097799539566
0.23188060522079468
0.16123215854167938
0.14796103537082672
0.18991093337535858
0.20371949672698975
0.24756595492362976
0.1976052075624466
0.24490024149417877
0.1947433054447174
0.16464293003082275
0.25353899598121643
0.2768530249595642
0.22787587344646454
0.1874057650566101
0.2039632350206375
0.23332220315933228
0.22558969259262085
0.14699456095695496
0.2185230851173401
0.23474857211112976
0.18227827548980713
0.18281026184558868
0.24729621410369873
0.2604794502258301
0.21684639155864716
0.19391797482967377
0.19073761999607086
0.16854189336299896
0.19461344182491302
0.23594895005226135
0.12361001968383789
0.21972118318080902
0.143715500831604
0.14442841708660126
0.21128256618976593
0.22264260053634644
0.18349629640579224
0.10943064838647842
0.2127217799425125
0.16234426200389862
0.1826106160879135
0.21548448503017426
0.21134819090366364
0.1632716953754425
0.2036716490983963
0.20131021738052368
0.1275900900363922
0.2673284411430359
0.23191356658935547
0.1759706437587738
0.2320130169391632
0.21378570795059204
0.22058767080307007
0.2384353131055832
0.24272744357585907
0.21739338338375092
0.19413980841636658
0.2432475984096527
0.23321042954921722
0.21884068846702576
0.10902519524097443
0.22333145141601562
0.22095641493797302
0.17415732145309448
0.21237902343273163
0.2160000205039978
0.24561041593551636
0.219325453042984
0.19558057188987732
0.22791293263435364
0.19783957302570343
0.19313962757587433
0.2054458111524582
0.1652626097202301
0.215724915266037
0.2464209347963333
0.08841782808303833
0.24061141908168793
0.12904636561870575
0.1889958679676056
0.2067543864250183
0.1641295701265335
0.25089189410209656
0.1429002583026886
0.199194997549057
0.14219734072685242
0.22331982851028442
0.17059668898582458
0.2160390019416809
0.1766439825296402
0.15930762887001038
0.1664968878030777
0.17605158686637878
0.20103789865970612
0.18103674054145813
0.24542482197284698
0.25594058632850647
0.23370929062366486
0.21027734875679016
0.20888006687164307
0.18724873661994934
0.27295607328414917
0.16681157052516937
0.26581403613090515
0.13681083917617798
0.2199636995792389
0.11437207460403442
0.18800190091133118
0.21269768476486206
0.18529394268989563
0.18100230395793915
0.23152656853199005
0.2370554506778717
0.2051210105419159
0.14174748957157135
0.19032227993011475
0.2033049613237381
0.11114181578159332
0.18769122660160065
0.18263429403305054
0.19078458845615387
0.1650269329547882
0.18732984364032745
0.16747605800628662
0.21700602769851685
0.2128227949142456
0.23842592537403107
0.18488729000091553
0.045091934502124786
0.1472281813621521
0.2248176485300064
0.18711650371551514
0.12383583933115005
0.22229185700416565
0.23497863113880157
0.22443541884422302
0.2323485165834427
0.1391662061214447
0.12958009541034698
0.26402634382247925
0.17243121564388275
0.17300374805927277
0.13438726961612701
0.16802126169204712
0.14386619627475739
0.209439218044281
0.18343043327331543
0.14251776039600372
0.17698298394680023
0.19106373190879822
0.1534438580274582
0.19816021621227264
0.15126559138298035
0.1656637042760849
0.17538601160049438
0.24006697535514832
0.1761532723903656
0.18235567212104797
0.20847879350185394
0.09030847996473312
0.21260026097297668
0.17033901810646057
0.22757376730442047
0.16363728046417236
0.13665494322776794
0.16703522205352783
0.2371431440114975
0.21118764579296112
0.11301634460687637
0.12485995143651962
0.18331630527973175
0.14016440510749817
0.12167544662952423
0.19918397068977356
0.22150206565856934
0.15672235190868378
0.1758759617805481
0.13720062375068665
0.21121174097061157
0.1492346227169037
0.1825413703918457
0.08465594053268433
0.14100922644138336
0.15420223772525787
0.09097785502672195
0.170426145195961
0.11342387646436691
0.16797426342964172
0.15542173385620117
0.09979679435491562
0.15979500114917755
0.17527663707733154
0.14232178032398224
0.17749559879302979
0.12393200397491455
0.11585362255573273
0.15437205135822296
0.17984919250011444
0.17071028053760529
0.15563388168811798
0.13673992455005646
0.14304330945014954
0.15983454883098602
0.15630488097667694
0.11899656057357788
0.14443771541118622
0.1656719148159027
0.1884346306324005
0.16323322057724
0.14679279923439026
0.1222878247499466
0.1715775728225708
0.18164391815662384
0.14979039132595062
0.15981680154800415
0.15334361791610718
0.1498093605041504
0.1632378250360489
0.15205617249011993
0.17764481902122498
0.10883785039186478
0.15744520723819733
0.0940709188580513
0.13853110373020172
0.20029789209365845
0.05801921337842941
0.1532566249370575
0.13441576063632965
0.17315493524074554
0.2135494351387024
0.1534624695777893
0.20280338823795319
0.19317518174648285
0.08647391200065613
0.14297933876514435
0.18307852745056152
0.09443391114473343
0.19276776909828186
0.13100197911262512
0.14347624778747559
0.15002816915512085
0.15017539262771606
0.1399768590927124
0.11103851348161697
0.03491584211587906
0.16624993085861206
0.12158666551113129
0.1590489149093628
0.10439552366733551
0.0691877156496048
0.13950225710868835
0.14701656997203827
0.1404549777507782
0.07450607419013977
0.12868589162826538
0.10691311955451965
0.15647098422050476
0.05517566204071045
0.09446627646684647
0.10286958515644073
0.11584866046905518
0.03187650442123413
0.11011256277561188
0.11954271793365479
0.10896888375282288
0.17006058990955353
0.06097643822431564
0.09233646839857101
0.13998094201087952
0.09977401793003082
0.1188506931066513
0.10322906076908112
0.2029954195022583
0.08677724748849869
0.13235193490982056
0.0962587296962738
0.10596488416194916
0.14971473813056946
0.11206523329019547
0.11112324893474579
0.09710684418678284
0.08538784086704254
0.1664455384016037
0.1427260786294937
0.11035654693841934
0.052892547100782394
0.11850369721651077
0.08069079369306564
0.12015043944120407
0.11331380158662796
0.09630228579044342
0.16000188887119293
0.11132753640413284
0.1264979988336563
0.14682283997535706
0.07534123212099075
0.14822085201740265
0.08369465917348862
0.1360536366701126
0.06709719449281693
0.11888459324836731
0.12586386501789093
0.087173230946064
0.1113700121641159
0.15847048163414001
0.0665186420083046
0.10678297281265259
0.06874951720237732
0.060823243111371994
0.0897422656416893
0.09246495366096497
0.10662032663822174
0.07070185244083405
0.05729713290929794
0.12576158344745636
0.0494442917406559
0.09776988625526428
0.08809332549571991
0.1287277489900589
0.09565986692905426
0.0700279176235199
0.08692218363285065
0.062218327075242996
0.04570867493748665
0.11686539649963379
0.09631122648715973
0.06954356282949448
0.0652790367603302
0.05953764170408249
0.06923744827508926
0.12635965645313263
0.13007034361362457
0.09981715679168701
0.09414845705032349
0.12920504808425903
0.08575291931629181
0.062090061604976654
0.09097505360841751
0.08707071840763092
0.1324094980955124
0.10819193720817566
0.05478360503911972
0.10539554059505463
0.11691677570343018
0.02996143326163292
0.09729404747486115
0.11557750403881073
0.11414767801761627
0.07027769088745117
0.0727577805519104
0.06115182116627693
0.08469683676958084
0.09856121987104416
0.12401464581489563
0.05975963920354843
0.11944355815649033
0.009049085900187492
0.029351647943258286
0.08418326824903488
0.0900108814239502
0.10283519327640533
0.11579103767871857
0.04682355374097824
0.09637431800365448
0.08404816687107086
0.07384264469146729
0.06246885284781456
0.06946787238121033
0.09115411341190338
0.03417156636714935
0.11358189582824707
0.05441670119762421
0.11752045154571533
0.09998403489589691
0.05140189081430435
0.05855124071240425
0.08012202382087708
0.1394369751214981
0.15697431564331055
0.046498969197273254
0.06255868077278137
0.12036707997322083
0.09735355526208878
0.09906260669231415
0.09807920455932617
0.14342951774597168
0.0886322408914566
0.05518826097249985
0.08324889093637466
0.07908514142036438
0.07057224214076996
0.14082905650138855
0.1252007633447647
0.07614415138959885
0.07571080327033997
0.06316116452217102
0.08722148835659027
0.06518412381410599
0.07375793159008026
0.05259429290890694
0.04794932156801224
0.05400967597961426
0.0673060193657875
0.043716005980968475
0.13647820055484772
0.06180949509143829
0.06241067498922348
0.08100534230470657
0.13553392887115479
0.07902636379003525
0.048531364649534225
0.10591566562652588
0.1082078143954277
0.07233916223049164
0.034828729927539825
0.08860863745212555
0.08615471422672272
0.08968377113342285
0.061094604432582855
0.08922386169433594
0.1360802948474884
0.13933998346328735
0.03726750239729881
0.11279402673244476
0.06418494880199432
0.06084362044930458
0.05782706290483475
0.03164279833436012
0.12991240620613098
0.08239427208900452
0.05710058659315109
0.0751686543226242
0.05381583049893379
0.051550909876823425
0.03849540278315544
0.054403215646743774
0.10815787315368652
0.10634306073188782
0.09284204244613647
0.10657868534326553
-0.007006896659731865
0.07797540724277496
0.057226888835430145
0.0319661945104599
0.10923334956169128
0.09273001551628113
0.06275017559528351
0.10492444783449173
0.14117248356342316
0.11181576550006866
0.04502025991678238
0.051397256553173065
0.12002149969339371
0.12145473062992096
