0.6291957497596741
0.6283961534500122
0.5999040007591248
0.6241996884346008
0.6333886384963989
0.6312755346298218
0.6236319541931152
0.6281025409698486
0.6236218810081482
0.6415948867797852
0.6230649948120117
0.6359614133834839
0.6170088648796082
0.5817400813102722
0.5936279296875
0.6379433870315552
0.5854606032371521
0.5931963324546814
0.5639647841453552
0.5955799221992493
0.539386510848999
0.6185268759727478
0.5567895174026489
0.6007697582244873
0.629307746887207
0.6013665795326233
0.6028138399124146
0.5338003039360046
0.6480259299278259
0.5909907817840576
0.5703707337379456
0.5615003705024719
0.6536380052566528
0.5613305568695068
0.5722337365150452
0.6246631145477295
0.5299381613731384
0.6143631339073181
0.4702848792076111
0.5049077272415161
0.4500788152217865
0.8019709587097168
0.41276314854621887
0.40876445174217224
0.3693929612636566
0.426672101020813
0.5543960928916931
0.3224818706512451
0.5300732851028442
0.614372968673706
0.3802199363708496
0.5259708762168884
0.7884260416030884
0.6348776817321777
0.48061251640319824
0.5189099311828613
0.6819573044776917
0.6974510550498962
0.494533509016037
0.5343761444091797
0.573202908039093
0.6476466059684753
0.5751868486404419
0.5186247825622559
0.5397686958312988
0.5952188372612
0.5076894760131836
0.5895430445671082
0.5332608819007874
0.5675826668739319
0.5916967391967773
0.5439009666442871
0.579037070274353
0.5708759427070618
0.63957679271698
0.6120994091033936
0.6470142006874084
0.619897723197937
0.6112382411956787
0.5650827288627625
0.5967061519622803
0.6569791436195374
0.5696306228637695
0.6234991550445557
0.6092387437820435
0.6071532368659973
0.6517396569252014
0.6593610644340515
0.6112803816795349
0.6303205490112305
0.5949245095252991
0.6050730347633362
0.5792492628097534
0.6055011749267578
0.5700335502624512
0.6578691601753235
0.5559608340263367
0.6322150230407715
0.6638593673706055
0.6269035339355469
0.649487316608429
0.5817080736160278
0.617963969707489
0.5518216490745544
0.5969470739364624
0.6190515160560608
0.6139909029006958
0.6154565215110779
0.6132601499557495
0.5732854604721069
0.6055512428283691
0.6551469564437866
0.5859183669090271
0.6302124857902527
0.6841796040534973
0.6138504147529602
0.5443295836448669
0.5873039364814758
0.6379233002662659
0.6488470435142517
0.6036766767501831
0.5166864395141602
0.6285255551338196
0.5391638278961182
0.642249584197998
0.6260064840316772
0.6339083313941956
0.6308188438415527
0.6408764123916626
0.6311709880828857
0.659672737121582
0.6622103452682495
0.6204553842544556
0.6439540386199951
0.59406977891922
0.6253138184547424
0.6146668791770935
0.6184133887290955
0.5785226821899414
0.6509222388267517
0.6121696829795837
0.6258692741394043
0.5883641839027405
0.6559082269668579
0.656402587890625
0.6472985148429871
0.6122177243232727
0.6364747881889343
0.6060246825218201
0.5865805149078369
0.5906436443328857
0.6542635560035706
0.6972811818122864
0.6286225318908691
0.6282217502593994
0.6758691072463989
0.6563828587532043
0.5535387396812439
0.5849757194519043
0.5655548572540283
0.6090678572654724
0.6679887175559998
0.6425266265869141
0.626800000667572
0.6073107719421387
0.6130720376968384
0.6032480001449585
0.5882993340492249
0.6283137202262878
0.5668135285377502
0.6354855298995972
0.652264416217804
0.6235531568527222
0.5759760141372681
0.6456754207611084
0.6095804572105408
0.6420387625694275
0.5537894368171692
0.6133788228034973
0.6097930669784546
0.5482926368713379
0.6302305459976196
0.59236741065979
0.6416228413581848
0.6431515216827393
0.5345408916473389
0.6213895082473755
0.6399902105331421
0.6290526986122131
0.6189862489700317
0.6219260692596436
0.5747116208076477
0.6345305442810059
0.6343112587928772
0.6164070963859558
0.5961938500404358
0.6240024566650391
0.5840052366256714
0.6120434403419495
0.6404250860214233
0.6324342489242554
0.6554589867591858
0.6249711513519287
0.6622768044471741
0.658218502998352
0.6234206557273865
0.6544833779335022
0.5584750771522522
0.6217066645622253
0.5022790431976318
0.6383736729621887
0.5461812615394592
0.5999638438224792
0.5965657830238342
0.6344121694564819
0.6421211957931519
0.6139448881149292
0.6543764472007751
0.6088903546333313
0.578048825263977
0.5838994383811951
0.6672136187553406
0.6418507695198059
0.655124843120575
0.5940596461296082
0.6174139976501465
0.6192659139633179
0.6188288927078247
0.6048187613487244
0.6733636260032654
0.5988363027572632
0.6417719721794128
0.5791836380958557
0.5862476825714111
0.6436287760734558
0.6229456663131714
0.5544244050979614
0.5841487646102905
0.5724650621414185
0.6451817154884338
0.6084213256835938
0.654849112033844
0.6300587058067322
0.6120383739471436
0.5575054883956909
0.648313045501709
0.6025890111923218
0.5934880375862122
0.6209782958030701
0.5764131546020508
0.6003162860870361
0.65315181016922
0.6113017201423645
0.6083722710609436
0.5737659931182861
0.5929351449012756
0.600138247013092
0.5895056128501892
0.5925623178482056
0.6446169018745422
0.6250474452972412
0.6169931292533875
0.6258020401000977
0.5971564054489136
0.6186606884002686
0.5999488234519958
0.5815957188606262
0.5779507160186768
0.6096702814102173
0.6267834901809692
0.6075232625007629
0.5842377543449402
0.6049695014953613
0.6178483366966248
0.6257452368736267
0.6600574851036072
0.6108559370040894
0.6237478256225586
0.6135764718055725
0.5992202758789062
0.6402899026870728
0.5815243124961853
0.6293365955352783
0.5882797837257385
0.5946875214576721
0.6434801816940308
0.6018903255462646
0.5758577585220337
0.6005014777183533
0.5759634971618652
0.5690361261367798
0.574312150478363
0.5914868712425232
0.580478310585022
0.6596761345863342
0.61072838306427
0.6378627419471741
0.6460853815078735
0.6422045826911926
0.5752987265586853
0.5727354288101196
0.6102157831192017
0.5722731947898865
0.6107940673828125
0.6038974523544312
0.6431313157081604
0.5232433080673218
0.6110723614692688
0.6335610747337341
0.5745485424995422
0.6174249649047852
0.6343888640403748
0.597156822681427
0.6042457222938538
0.6110768914222717
0.6005523800849915
0.596343994140625
0.5335646867752075
0.6556426882743835
0.5915576219558716
0.625807523727417
0.6036701798439026
0.6229555606842041
0.640259325504303
0.6379632353782654
0.6287353038787842
0.6268057227134705
0.5590762495994568
0.5688303709030151
0.5883310437202454
0.6148823499679565
0.5607035160064697
0.6239997148513794
0.5313562750816345
0.6232287883758545
0.6349250674247742
0.6460390686988831
0.5891983509063721
0.5730080604553223
0.6194371581077576
0.579555332660675
0.5931337475776672
0.5163312554359436
0.5845668911933899
0.6476820707321167
0.6428276300430298
0.6149109601974487
0.5724354982376099
0.6343052983283997
0.5558971762657166
0.5563070774078369
0.6042545437812805
0.6689226031303406
0.5862399935722351
0.572545051574707
0.6494930386543274
0.6376597881317139
0.5710001587867737
0.6328637003898621
0.6399191617965698
0.6131588220596313
0.6167430281639099
0.6154639720916748
0.5717374086380005
0.5552234649658203
0.6071552038192749
0.572353184223175
0.629879355430603
0.5680530071258545
0.6033254861831665
0.6212429404258728
0.6168619394302368
0.5639965534210205
0.6153372526168823
0.6109810471534729
0.5911787152290344
0.6611164808273315
0.5779750347137451
0.5940055251121521
0.602570652961731
0.5995223522186279
0.5919880270957947
0.5794903039932251
0.6326079964637756
0.5899723172187805
0.6175418496131897
0.6200335621833801
0.6033693552017212
0.6734126806259155
0.650757908821106
0.6423587799072266
0.5891611576080322
0.6561328768730164
0.6375992298126221
0.6096354126930237
0.6311600208282471
0.594685435295105
0.5322685241699219
0.5148767232894897
0.5873624086380005
0.6024308800697327
0.5693288445472717
0.623113214969635
0.6474266648292542
0.5690135359764099
0.6550295352935791
0.654899001121521
0.6109259724617004
0.5886299014091492
0.6236257553100586
0.6554857492446899
0.5449104309082031
0.5706117153167725
0.6095491051673889
0.6048784255981445
0.6185019612312317
0.6371281743049622
0.5813736915588379
0.6012579202651978
0.6214389801025391
0.6136953234672546
0.5985069274902344
0.5980215072631836
0.5870861411094666
0.5512190461158752
0.5079835057258606
0.6527535319328308
0.646888017654419
0.5665659308433533
0.5814972519874573
0.6175017952919006
0.5720012784004211
0.6023041605949402
0.613152027130127
0.542468249797821
0.6090332865715027
0.6472779512405396
0.5878097414970398
0.5261521339416504
0.6364307999610901
0.6101509928703308
0.586242139339447
0.6413172483444214
0.621579647064209
0.6460860967636108
0.5549429059028625
0.5869921445846558
0.5957703590393066
0.49948808550834656
0.4737694561481476
0.5867565870285034
0.6421878337860107
0.5484930276870728
0.6039674878120422
0.5757640600204468
0.5769640803337097
0.5401390194892883
0.635351836681366
0.5722371935844421
0.6246715784072876
0.6185542345046997
0.5105845332145691
0.5910566449165344
0.6170728206634521
0.6381886601448059
0.6133806705474854
0.5823529362678528
0.5768188834190369
0.5860934853553772
0.5995388031005859
0.5893937349319458
0.5486183762550354
0.5619327425956726
0.6240228414535522
0.4375046491622925
0.6047501564025879
0.5946489572525024
0.6224623918533325
0.6080748438835144
0.6579566597938538
0.6191213130950928
0.5604165196418762
0.6486856341362
0.5572034120559692
0.6021396517753601
0.5535928010940552
0.6038260459899902
0.5981772541999817
0.6237828135490417
0.6340473294258118
0.5916569232940674
0.5717672109603882
0.5264133214950562
0.5687533020973206
0.628753125667572
0.6825560331344604
0.574050784111023
0.5670379400253296
0.5447242856025696
0.5484532713890076
0.5608537197113037
0.5501036643981934
0.5390233397483826
0.6191376447677612
0.5818865299224854
0.642805278301239
0.5377452373504639
0.6549739241600037
0.6073542237281799
0.5770424604415894
0.6600863337516785
0.5671144723892212
0.6020805835723877
0.5652406215667725
0.5986839532852173
0.5733428001403809
0.6163327693939209
0.5776835680007935
0.5617969036102295
0.4930310845375061
0.6107240319252014
0.6005627512931824
0.6113306283950806
0.580572783946991
0.5309796333312988
0.6029704213142395
0.5731160044670105
0.589989185333252
0.6134949326515198
0.575468897819519
0.6360207200050354
0.5821879506111145
0.6539883017539978
0.5746870636940002
0.5603926777839661
0.6201944947242737
0.6690611243247986
0.5916928052902222
0.6535428762435913
0.5979323983192444
0.5680310726165771
0.595598042011261
0.5899901390075684
0.5495717525482178
0.5843634009361267
0.6024287939071655
0.6234567761421204
0.5644236207008362
0.5272977352142334
0.5029711127281189
0.6143738031387329
0.5873017907142639
0.6175861954689026
0.6051015257835388
0.6235712170600891
0.6311234831809998
0.6196242570877075
0.5645785927772522
0.543343186378479
0.5904510021209717
0.6291422843933105
0.5912474989891052
0.6508108377456665
0.590592086315155
0.5781554579734802
0.5822356343269348
0.58685302734375
0.6064533591270447
0.5790131688117981
0.5753310918807983
0.6467172503471375
0.6213611960411072
0.5823593735694885
0.5862014889717102
0.6177316904067993
0.5975915789604187
0.5450935959815979
0.6508435606956482
0.6168285608291626
0.5432112216949463
0.6407216787338257
0.5868853330612183
0.6550318002700806
0.6206884384155273
0.6305097341537476
0.6092481017112732
0.6210737228393555
0.6146255731582642
0.6724667549133301
0.47498685121536255
0.6077623963356018
0.6705524921417236
0.6118847727775574
0.5983069539070129
0.614015519618988
0.594810962677002
0.61765056848526
0.5215041637420654
0.5222558379173279
0.6286744475364685
0.589318037033081
0.6528692841529846
0.5738620758056641
0.5525070428848267
0.5739226937294006
0.5623704195022583
0.5697776675224304
0.5824572443962097
0.6165550947189331
0.631656289100647
0.4732882082462311
0.5256475210189819
0.5678920745849609
0.5406200885772705
0.5972659587860107
0.6354357004165649
0.5371072292327881
0.5381089448928833
0.4962151050567627
0.5971083641052246
0.5849490761756897
0.5254167914390564
0.6092017889022827
0.6263435482978821
0.6137281656265259
0.4415239691734314
0.49838343262672424
0.5652440190315247
0.545099139213562
0.5805474519729614
0.6521613001823425
0.5255568623542786
0.6249457001686096
0.5767207741737366
0.5208988785743713
0.5672313570976257
0.5957257151603699
0.5882182717323303
0.6296082139015198
0.5222797393798828
0.6045434474945068
0.6432204246520996
0.5890285968780518
0.5540923476219177
0.5572863221168518
0.5280914306640625
0.5864339470863342
0.49858710169792175
0.6062901020050049
0.5498658418655396
0.5958192944526672
0.6223568916320801
0.5677606463432312
0.5526220798492432
0.5273405909538269
0.6475688815116882
0.5727891325950623
0.575916051864624
0.5686236619949341
0.5202237367630005
0.5416781306266785
0.5818608403205872
0.5604437589645386
0.6768687963485718
0.6344362497329712
0.632733941078186
0.5391721725463867
0.6368772387504578
0.5739225149154663
0.5676935911178589
0.5927251577377319
0.4434443712234497
0.6114067435264587
0.5669877529144287
0.5686153173446655
0.5940776467323303
0.6026313900947571
0.6619773507118225
0.5884246826171875
0.6434040069580078
0.5161713361740112
0.556505024433136
0.4608058035373688
0.6197529435157776
0.585738480091095
0.6047466993331909
0.5665462017059326
0.5066931247711182
0.5692421197891235
0.5516742467880249
0.6230670809745789
0.6032381057739258
0.6067601442337036
0.5813801288604736
0.5251978039741516
0.6273964643478394
0.5728359222412109
0.5109719038009644
0.5881639122962952
0.633985698223114
0.6217371225357056
0.5948691368103027
0.5626037120819092
0.49732810258865356
0.6362422704696655
0.511025071144104
0.5000545382499695
0.6163512468338013
0.5597861409187317
0.5711593627929688
0.5377658605575562
0.5042017698287964
0.592644453048706
0.5918582081794739
0.6066527366638184
0.5970238447189331
0.5999934673309326
0.5540324449539185
0.539986789226532
0.583716094493866
0.5634317398071289
0.6065564155578613
0.49016982316970825
0.627933144569397
0.588754415512085
0.46245062351226807
0.5280636548995972
0.5083047151565552
0.6442487239837646
0.5599165558815002
0.5879886746406555
0.611835241317749
0.6302455067634583
0.6012071371078491
0.46995124220848083
0.6066389679908752
0.5281777381896973
0.5301211476325989
0.6600244641304016
0.624503493309021
0.5909836888313293
0.6563469171524048
0.4713384807109833
0.6421942114830017
0.6100410223007202
0.6249956488609314
0.6248073577880859
0.5517472624778748
0.621095597743988
0.6348233222961426
0.5482704639434814
0.5809975266456604
0.5814200043678284
0.5670567154884338
0.6326064467430115
0.583001971244812
0.57976233959198
0.5627297163009644
0.6412574052810669
0.5453472137451172
0.5229209661483765
0.5827569961547852
0.43823033571243286
0.5716803073883057
0.5391451120376587
0.6074820756912231
0.550708532333374
0.5230899453163147
0.6330206394195557
0.5630214810371399
0.616166353225708
0.5494534373283386
0.5700961351394653
0.6028152704238892
0.5508544445037842
0.6125408411026001
0.6240535974502563
0.6062269806861877
0.5757886171340942
0.5399798154830933
0.5436275601387024
0.5646006464958191
0.5346208214759827
0.5291028022766113
0.5608160495758057
0.6034366488456726
0.6187388300895691
0.6379154920578003
0.4768466055393219
0.5814214944839478
0.5316733121871948
0.5659294724464417
0.5613684058189392
0.575468897819519
0.5627972483634949
0.6269845366477966
0.551159679889679
0.5906355381011963
0.6221204400062561
0.6545677781105042
0.5627225041389465
0.6242741346359253
0.6425391435623169
0.6357271075248718
0.5694841742515564
0.48378413915634155
0.6106114983558655
0.5530418157577515
0.40734416246414185
0.6099111437797546
0.5289528965950012
0.5768622159957886
0.5725235342979431
0.5260671973228455
0.6338933110237122
0.5460675358772278
0.5700634717941284
0.5785277485847473
0.6222350597381592
0.5591731667518616
0.6437207460403442
0.6080248355865479
0.5310636162757874
0.5624576807022095
0.5511236190795898
0.5611937642097473
0.5904944539070129
0.6207186579704285
0.5032271146774292
0.544325590133667
0.6338695287704468
0.49454784393310547
0.6089769601821899
0.5961300134658813
0.5515111088752747
0.5954889059066772
0.5864983201026917
0.6102938055992126
0.6118369698524475
0.5531405210494995
0.5892294645309448
0.6344804763793945
0.6093399524688721
0.6244999766349792
0.43243715167045593
0.6683990955352783
0.5599554181098938
0.563167929649353
0.5045373439788818
0.4654063284397125
0.5971691012382507
0.5866925716400146
0.5623070001602173
0.644431471824646
0.6127868294715881
0.5628902912139893
0.5581870079040527
0.5733171105384827
0.6386709809303284
0.6149271130561829
0.5681106448173523
0.6230796575546265
0.6515776515007019
0.5641679763793945
0.5816982984542847
0.5963531732559204
0.5854018926620483
0.6212682723999023
0.5998092889785767
0.5414599180221558
0.6304131150245667
0.5859870314598083
0.5889337062835693
0.6201010942459106
0.5824766755104065
0.5546305179595947
0.5698334574699402
0.5474024415016174
0.5974912643432617
0.6142363548278809
0.5349621176719666
0.6076521873474121
0.541205108165741
0.6092706322669983
0.5980526208877563
0.6194586753845215
0.5905160903930664
0.5515565276145935
0.6277047991752625
0.5694353580474854
0.5084222555160522
0.5450215935707092
0.5666844844818115
0.5733104348182678
0.5304393768310547
0.6448827981948853
0.6373656392097473
0.6045569777488708
0.6115370392799377
0.6650456786155701
0.5518484115600586
0.6113249063491821
0.6005141139030457
0.580830991268158
0.4951997697353363
0.49843746423721313
0.5984340906143188
0.5659090280532837
0.6118935346603394
0.48428279161453247
0.5375481843948364
0.5402318239212036
0.6094096899032593
0.5058076977729797
0.574853241443634
0.49669116735458374
0.6464406251907349
0.6432546973228455
0.581879198551178
0.46410396695137024
0.6452590227127075
0.47238317131996155
0.5563393831253052
0.5509854555130005
0.5965364575386047
0.5748391151428223
0.5904460549354553
0.45730483531951904
0.5752077698707581
0.605715811252594
0.5222949981689453
0.6120984554290771
0.6540001034736633
0.482619047164917
0.520370602607727
0.47959330677986145
0.6030949354171753
0.5826893448829651
0.5891069769859314
0.5735949277877808
0.6043935418128967
0.5635169148445129
0.5701695084571838
0.6377583146095276
0.5469322204589844
0.5800034999847412
0.5901656150817871
0.5916289687156677
0.6425843834877014
0.6427207589149475
0.6153844594955444
0.6363216638565063
0.6470293402671814
0.6340131759643555
0.6399267911911011
0.5713856220245361
0.5836095809936523
0.5887840390205383
0.5815383195877075
0.5654947757720947
0.5699009299278259
0.48539870977401733
0.6005569696426392
0.5852234959602356
0.55970299243927
0.5883806943893433
0.5057932734489441
0.6422744393348694
0.6134163737297058
0.6812612414360046
0.6002775430679321
0.6309874057769775
0.5622901320457458
0.5613613128662109
0.5917150378227234
0.6275342702865601
0.5064564347267151
0.586979329586029
0.5936717391014099
0.6023676991462708
0.6021945476531982
0.5537934303283691
0.63918536901474
0.601643979549408
0.5096458792686462
0.5067124366760254
0.5711408853530884
0.6044171452522278
0.611042320728302
0.6158373355865479
0.5945153832435608
0.5911245346069336
0.5214778184890747
0.5143905878067017
0.4544600248336792
0.5904816389083862
0.5888420343399048
0.6020283102989197
0.5323902368545532
0.615801990032196
