0.19884178042411804
0.22059006989002228
0.1625797152519226
0.20273789763450623
0.2022121697664261
0.20131954550743103
0.20594705641269684
0.19578996300697327
0.20022349059581757
0.2238340973854065
0.2009974718093872
0.20642831921577454
0.189207524061203
0.14624878764152527
0.15045693516731262
0.22147010266780853
0.15204432606697083
0.14276137948036194
0.08795388042926788
0.17136166989803314
0.08560314774513245
0.19669611752033234
0.1401940882205963
0.16666129231452942
0.18280859291553497
0.1496683657169342
0.14980128407478333
0.10675951093435287
0.22276395559310913
0.10365802049636841
0.08023526519536972
0.06518678367137909
0.14769789576530457
0.08733897656202316
0.06043494492769241
0.13561514019966125
0.058964915573596954
0.18504579365253448
-0.1316480040550232
0.04168015718460083
0.05217273533344269
0.2569912075996399
0.017140276730060577
0.07157370448112488
0.2953084111213684
0.03448420763015747
0.27671605348587036
0.0748693197965622
0.2894717752933502
0.17826564610004425
0.11236684024333954
0.08335371315479279
0.30445927381515503
0.35484352707862854
0.06463442742824554
0.02938721515238285
0.22860005497932434
0.2570872902870178
0.0898972600698471
0.06119736284017563
0.15762554109096527
0.14242541790008545
0.17005318403244019
-0.002771954983472824
0.15316295623779297
0.14917267858982086
0.10371807217597961
0.13534116744995117
0.10431453585624695
0.13909542560577393
0.182115837931633
0.11461961269378662
0.16553902626037598
0.11428676545619965
0.20136764645576477
0.1762210577726364
0.20549501478672028
0.22628232836723328
0.21712727844715118
0.15212589502334595
0.16820500791072845
0.23235100507736206
0.16053728759288788
0.21219997107982635
0.18203195929527283
0.2040395587682724
0.20915988087654114
0.26446589827537537
0.16436637938022614
0.2263798862695694
0.15081438422203064
0.18981541693210602
0.143784761428833
0.17263174057006836
0.11962554603815079
0.2239016890525818
0.11143092066049576
0.18153369426727295
0.2667143642902374
0.18846070766448975
0.22096151113510132
0.1509377658367157
0.17023922502994537
0.08790034055709839
0.15516561269760132
0.19247078895568848
0.1904691606760025
0.19641736149787903
0.17076879739761353
0.12732410430908203
0.1550004482269287
0.22707083821296692
0.1292688250541687
0.19945469498634338
0.26012086868286133
0.19135387241840363
0.10685895383358002
0.13860240578651428
0.21362154185771942
0.18041664361953735
0.21733936667442322
0.08752942830324173
0.21089088916778564
0.06562842428684235
0.1724013388156891
0.18901070952415466
0.20882463455200195
0.2066248208284378
0.1957639902830124
0.19226425886154175
0.23179003596305847
0.22323718667030334
0.20642255246639252
0.23513440787792206
0.15371698141098022
0.11673587560653687
0.10938507318496704
0.22312623262405396
0.1816834807395935
0.2299851030111313
0.18840433657169342
0.20018494129180908
0.14766167104244232
0.14032936096191406
0.20652231574058533
0.13962025940418243
0.17484426498413086
0.16234472393989563
0.2006688117980957
0.24354824423789978
0.22337332367897034
0.22655537724494934
0.1313328593969345
0.19643516838550568
0.2201816290616989
0.24130898714065552
0.1586250364780426
0.19945722818374634
0.16482481360435486
0.13411147892475128
0.1898941546678543
0.15244969725608826
0.23429431021213531
0.2479483187198639
0.18222670257091522
0.1312474012374878
0.2154720276594162
0.18954207003116608
0.2114764302968979
0.2183394432067871
0.1971716284751892
0.14070121943950653
0.23754042387008667
0.18733853101730347
0.25111454725265503
0.1988363116979599
0.21149110794067383
0.23112210631370544
0.18600228428840637
0.20413242280483246
0.15831920504570007
0.20791301131248474
0.2589254081249237
0.18773894011974335
0.19589294493198395
0.26013776659965515
0.10275384038686752
0.2054227888584137
0.1347552090883255
0.0659312754869461
0.1687462031841278
0.1397019773721695
0.22699151933193207
0.2263571172952652
0.20159278810024261
0.21334128081798553
0.19705908000469208
0.12792697548866272
0.02366030216217041
0.1990295946598053
0.22489362955093384
0.1380532681941986
0.17554150521755219
0.21929630637168884
0.155198335647583
0.2521792948246002
0.18617351353168488
0.19377785921096802
0.22206832468509674
0.17908063530921936
0.21593034267425537
0.18784649670124054
0.20671778917312622
0.13135799765586853
0.15145954489707947
0.21162720024585724
0.25226595997810364
0.26309698820114136
0.18946994841098785
0.0882885679602623
0.18501488864421844
0.1515638381242752
0.2176356464624405
0.2564801275730133
0.07549795508384705
0.18742996454238892
0.1237432211637497
0.20404459536075592
0.2071039229631424
0.21519818902015686
0.20302240550518036
0.13950800895690918
0.18064916133880615
0.22978776693344116
0.16118283569812775
0.21622680127620697
0.1574392020702362
0.2391948103904724
0.15482978522777557
0.1782638132572174
0.2107214331626892
0.14427897334098816
0.23722100257873535
0.2043834924697876
0.24343346059322357
0.11993367969989777
0.15585286915302277
0.21385619044303894
0.10122662782669067
0.22779592871665955
0.16892237961292267
0.13009415566921234
0.19574159383773804
0.18605215847492218
0.15052348375320435
0.23473455011844635
0.14894090592861176
0.17443716526031494
0.2117799073457718
0.22616694867610931
0.23178596794605255
0.13875500857830048
0.2170277237892151
0.20568320155143738
0.1200793907046318
0.20923927426338196
0.15373355150222778
0.2443263977766037
0.200110524892807
0.21417099237442017
0.2149425745010376
0.23742379248142242
0.18078693747520447
0.17317940294742584
0.1781844198703766
0.1510968804359436
0.18863162398338318
0.12346138060092926
0.17394188046455383
0.15706846117973328
0.19079335033893585
0.23707105219364166
0.14877644181251526
0.21207892894744873
0.20386850833892822
0.1855410635471344
0.2676693797111511
0.2131439745426178
0.18052393198013306
0.15885093808174133
0.2619897425174713
0.20879177749156952
0.2558649480342865
0.23989616334438324
0.21867617964744568
0.22345702350139618
0.1445818841457367
0.1991073191165924
0.21930105984210968
0.20202180743217468
0.158025860786438
0.2532782554626465
0.1392781138420105
0.23582448065280914
0.19091805815696716
0.19360123574733734
0.11808887124061584
0.11348246783018112
0.1514478623867035
0.1517605036497116
0.2795591950416565
0.18407556414604187
0.1345708817243576
0.13248172402381897
0.20036356151103973
0.12176747620105743
0.15998680889606476
0.23468241095542908
0.08721715211868286
0.17341402173042297
0.19646702706813812
0.23655664920806885
0.17553040385246277
0.13327628374099731
0.11905821412801743
0.18636450171470642
0.12215591222047806
0.21983176469802856
0.19592203199863434
0.08752258867025375
0.22341740131378174
0.15400493144989014
0.13454210758209229
0.25015848875045776
0.2152838259935379
0.16394755244255066
0.08887578547000885
0.19757354259490967
0.153919517993927
0.22545713186264038
0.11987998336553574
0.14128664135932922
0.13563525676727295
0.2526564300060272
0.20826055109500885
0.2265438735485077
0.09450718760490417
0.16611948609352112
0.1755821257829666
0.20849408209323883
0.19622042775154114
0.17814277112483978
0.17624911665916443
0.19907315075397491
0.14549535512924194
0.15500546991825104
0.184821218252182
0.1505182832479477
0.18502271175384521
0.19757720828056335
0.19495172798633575
0.1020703911781311
0.19291120767593384
0.21330715715885162
0.13134987652301788
0.139916330575943
0.17414948344230652
0.1860303431749344
0.15772351622581482
0.07955463230609894
0.14609339833259583
0.22360578179359436
0.03562984615564346
0.11080534011125565
0.11705488711595535
0.2475140392780304
0.17820262908935547
0.2304374873638153
0.12751036882400513
0.15751025080680847
0.14465774595737457
0.12433278560638428
0.17470228672027588
0.2173096239566803
0.18909405171871185
0.12816573679447174
0.12680459022521973
0.10839968919754028
0.17291001975536346
0.14817966520786285
0.12979957461357117
0.1792639046907425
0.1732059270143509
0.13455504179000854
0.20901310443878174
0.17709891498088837
0.17538580298423767
0.125444233417511
0.20203542709350586
0.13028666377067566
0.1736149936914444
0.1794818788766861
0.14925357699394226
0.18969768285751343
0.14871397614479065
0.10725396126508713
0.16353723406791687
0.24834582209587097
0.2132555991411209
0.183632493019104
0.20063577592372894
0.22306793928146362
0.23818771541118622
0.14525122940540314
0.18314842879772186
0.16563953459262848
0.1298098862171173
0.23677228391170502
0.10674461722373962
0.13167157769203186
0.20786158740520477
0.1426018923521042
0.19854353368282318
0.17828410863876343
0.18679794669151306
0.14775574207305908
0.24329155683517456
0.1277526170015335
0.2027699500322342
0.15703894197940826
0.2022184580564499
0.19156360626220703
0.13575753569602966
0.21994732320308685
0.2372591495513916
0.18209011852741241
0.16309013962745667
0.1487986147403717
0.1709042340517044
0.22028155624866486
0.16180458664894104
0.2080979198217392
0.1725417673587799
0.20105749368667603
0.2262989729642868
0.16893167793750763
0.15925057232379913
0.21208614110946655
0.17576448619365692
0.13915912806987762
0.1782660186290741
0.1446685791015625
0.09928996115922928
0.1487218737602234
0.14408640563488007
0.10917037725448608
0.19846215844154358
0.20523518323898315
0.20403823256492615
0.23586925864219666
0.11323042958974838
0.1762925088405609
0.1753217577934265
0.12429472804069519
0.1728653609752655
0.17032712697982788
0.21617437899112701
0.16124436259269714
0.20758208632469177
0.1408218890428543
0.19454312324523926
0.18501871824264526
0.20693787932395935
0.16370858252048492
0.1574854552745819
0.19109071791172028
0.15783709287643433
0.11005165427923203
0.13918080925941467
0.20790889859199524
0.08726537227630615
0.13965527713298798
0.21861763298511505
0.026991214603185654
0.15393567085266113
0.21610696613788605
0.13202297687530518
0.19483137130737305
0.13223028182983398
0.11895133554935455
0.14404357969760895
0.17833885550498962
0.21707473695278168
0.12381108105182648
0.05869773030281067
0.19137048721313477
0.18860939145088196
0.14731630682945251
0.2146092653274536
0.2712332606315613
0.0957125872373581
0.16092149913311005
0.09029771387577057
0.10964643955230713
0.1810857504606247
0.21471509337425232
0.2202843725681305
0.24328133463859558
0.25063028931617737
0.0960574597120285
0.18744079768657684
0.1282416582107544
0.21043768525123596
0.1726682186126709
0.16517969965934753
0.16040962934494019
0.156767338514328
0.11436597257852554
0.06347706913948059
0.20927555859088898
0.1902896910905838
0.16864949464797974
0.16548338532447815
0.08506450057029724
0.19913458824157715
0.17155908048152924
0.2115468680858612
0.15576212108135223
0.1771695464849472
0.1274501234292984
0.1463235467672348
0.07532700896263123
0.2065071016550064
0.13657866418361664
0.18310940265655518
0.11468050628900528
0.14119715988636017
0.18299724161624908
0.03483706712722778
0.1541668325662613
0.11827266216278076
0.1478707194328308
0.1386803686618805
0.20070122182369232
0.15616612136363983
0.15084724128246307
0.07828161120414734
0.11604158580303192
0.19609281420707703
0.18785926699638367
0.16324391961097717
0.17973445355892181
0.22129890322685242
0.1849878430366516
0.15731802582740784
0.0637107789516449
0.09216217696666718
0.10917611420154572
0.13213059306144714
0.20769372582435608
0.18935729563236237
0.13649272918701172
0.09570383280515671
0.21142056584358215
0.13204829394817352
0.11064939200878143
0.17884039878845215
0.1612626016139984
0.05818150192499161
0.19908617436885834
0.10525830835103989
0.09335102140903473
0.06597652286291122
0.03815644234418869
0.20275378227233887
0.18639478087425232
0.19516220688819885
0.1203760951757431
0.1538723260164261
0.09044535458087921
0.16448073089122772
0.13855385780334473
0.2082926481962204
0.15562759339809418
0.13117378950119019
0.06348398327827454
0.024626990780234337
0.13565704226493835
0.1261805295944214
0.1639828085899353
0.07750044763088226
0.16201657056808472
0.20408380031585693
0.15565666556358337
0.22226183116436005
0.1578327864408493
0.09242907166481018
0.2061331421136856
0.1440107673406601
0.11900867521762848
0.12727411091327667
0.19688409566879272
0.12044272571802139
0.1275281310081482
0.09859906882047653
0.17326553165912628
0.18752124905586243
0.11540181934833527
0.2170838862657547
0.18164019286632538
0.07347425818443298
0.15653939545154572
0.14471155405044556
0.09345539659261703
0.1755659431219101
0.20979468524456024
0.11573240906000137
0.1584310382604599
0.18568816781044006
0.11649944633245468
0.1554783582687378
0.14618846774101257
0.1545826494693756
0.15417563915252686
0.1740865409374237
0.10360030829906464
0.13623414933681488
0.16746565699577332
0.10525092482566833
0.12183926999568939
0.22278949618339539
0.16561947762966156
0.15320998430252075
0.0720672458410263
0.08631624281406403
0.15980559587478638
0.18636628985404968
0.15197749435901642
0.08586868643760681
0.09810939431190491
0.13591483235359192
0.11208286881446838
0.12545748054981232
0.16536638140678406
0.12910079956054688
0.1481555700302124
0.1928907334804535
0.10923472046852112
0.15745672583580017
0.20659379661083221
0.18571136891841888
0.10775493830442429
0.13833315670490265
0.16708765923976898
0.07708673179149628
0.14697404205799103
0.12666700780391693
0.18766987323760986
0.15714110434055328
0.20494836568832397
0.21792662143707275
0.10850801318883896
0.2163769006729126
0.1592969000339508
0.08615945279598236
0.10107691586017609
0.12655635178089142
0.18472006916999817
0.17676807940006256
0.08212226629257202
0.06772629916667938
0.09089089930057526
0.10569363832473755
0.13016536831855774
0.03357906639575958
0.21308651566505432
0.13261564075946808
0.16286537051200867
-0.03668434917926788
0.11794894188642502
0.13186903297901154
0.1113661378622055
0.07069571316242218
0.028697751462459564
0.13789211213588715
0.15562988817691803
0.15797053277492523
0.05733022093772888
0.10498868674039841
0.06697122752666473
0.1744314432144165
0.0835055410861969
0.004584435373544693
0.0965041071176529
0.07893257588148117
0.10996974259614944
0.21726471185684204
0.12422343343496323
0.14353084564208984
0.1243632584810257
0.17812561988830566
0.21631106734275818
0.13876861333847046
-0.026426035910844803
0.06666967272758484
0.11180062592029572
0.2056870013475418
0.14860960841178894
0.027038458734750748
0.08687584102153778
0.13570447266101837
0.11968374252319336
0.13956278562545776
0.19471073150634766
0.15050917863845825
0.1406988799571991
0.06817895919084549
0.04794449359178543
0.05205867812037468
0.05049688369035721
0.1323474794626236
0.03814265877008438
0.07124973833560944
0.0939764529466629
0.07633402943611145
0.03569565713405609
0.1507701873779297
0.1561497449874878
0.17751595377922058
0.10808303207159042
0.17621542513370514
0.07565447688102722
0.08195779472589493
0.09953369945287704
0.06843359768390656
0.15641890466213226
0.1291673183441162
0.20118798315525055
0.15925875306129456
0.1677706241607666
0.1382134109735489
-0.015457242727279663
0.1368086338043213
0.1098773181438446
0.07755545526742935
0.12343888729810715
0.1550692319869995
0.1357761174440384
0.159097358584404
0.10933109372854233
0.04046732187271118
0.24220232665538788
0.013130143284797668
0.1466643214225769
0.04354725778102875
0.15457604825496674
0.07827816158533096
-0.0007653292268514633
0.08219857513904572
0.13260820508003235
0.15319927036762238
0.11719104647636414
0.04034378007054329
0.13359743356704712
0.14168474078178406
0.07692238688468933
0.16353584825992584
0.16017168760299683
0.14068078994750977
-0.012824758887290955
0.11870873719453812
0.16476082801818848
0.09709759056568146
0.0934554785490036
0.14112839102745056
-0.03740169480443001
0.18199637532234192
0.08197251707315445
0.015322447754442692
0.07731957733631134
0.08236268907785416
0.13714207708835602
0.1514834761619568
0.012364557012915611
0.1309317946434021
0.01682560332119465
0.07546935230493546
0.10036152601242065
0.2135293036699295
-0.0413234606385231
0.09240531921386719
0.018155328929424286
0.20689715445041656
0.028508851304650307
0.08358754217624664
0.12876513600349426
0.04825976490974426
0.12030011415481567
0.004392843693494797
0.07875605672597885
0.021587714552879333
0.14214858412742615
0.12125547975301743
0.11310271173715591
-0.037200044840574265
0.08697663247585297
0.060007140040397644
0.08618062734603882
0.026471467688679695
0.06344442069530487
0.09962593019008636
0.1009012758731842
0.08823275566101074
0.1927412450313568
0.018645599484443665
0.155427023768425
0.05452992767095566
0.06406380236148834
0.0749088004231453
0.12979859113693237
-0.09466688334941864
0.04639463126659393
0.14658968150615692
0.07762478291988373
0.09367669373750687
0.12414737045764923
0.09232499450445175
0.023144826292991638
0.07394330948591232
0.049558885395526886
0.02961696684360504
0.12597106397151947
0.1151990294456482
0.024626480415463448
0.03746018186211586
-0.07340127229690552
0.08203181624412537
0.1391185224056244
0.0207565575838089
0.20525354146957397
-0.06343001127243042
0.0733608603477478
0.08240897953510284
0.06866444647312164
0.05859681963920593
-0.029084917157888412
0.053923215717077255
0.15212373435497284
0.17283125221729279
0.16103848814964294
0.06284463405609131
-0.003045693039894104
0.052093811333179474
0.15289725363254547
0.17521603405475616
0.10087957978248596
0.1282092034816742
-0.000689065083861351
0.09999768435955048
0.12095225602388382
0.18294407427310944
0.054746970534324646
-0.004513639956712723
0.1652338057756424
0.06839751452207565
0.07243715971708298
0.07664754986763
0.06217319145798683
0.15358582139015198
0.04566408693790436
0.071443572640419
0.15342527627944946
-0.06045004725456238
0.1204349547624588
0.16616101562976837
0.15183015167713165
0.0950973778963089
0.10216425359249115
0.06835468858480453
0.055691927671432495
0.08717164397239685
0.07129224389791489
0.04510322958230972
0.016198620200157166
0.1309952735900879
0.019277304410934448
0.11279308795928955
0.009538969956338406
0.09231527149677277
0.17846813797950745
0.07721617817878723
0.09323195368051529
0.11807186901569366
-0.035218603909015656
0.03196846321225166
0.14804412424564362
0.0031195469200611115
0.07051856070756912
0.052362117916345596
0.0042158327996730804
-0.015523653477430344
0.10895059257745743
0.04242954030632973
0.1271744668483734
0.0745907723903656
0.1963624358177185
0.09619896113872528
0.14661139249801636
-0.028511229902505875
0.03246528282761574
0.09751047194004059
0.09585097432136536
0.02991003543138504
-0.01764141209423542
0.1635282039642334
0.009786946699023247
0.0362267792224884
0.05206941068172455
0.07388553023338318
0.09352189302444458
-0.019274873659014702
0.1037626639008522
0.14954958856105804
0.09908096492290497
-0.047773197293281555
0.09174325317144394
0.03939676657319069
0.14379790425300598
0.12054437398910522
0.10925430059432983
0.012113943696022034
0.0037473831325769424
0.08555707335472107
0.12385831773281097
0.05577656626701355
0.09889614582061768
0.07739768922328949
0.16980242729187012
-0.08359050750732422
-0.03917398303747177
0.1400807499885559
0.1129448264837265
0.11419284343719482
0.07061386108398438
-0.005482904613018036
0.11160130798816681
0.14332520961761475
0.06704308092594147
0.0757596343755722
-0.004637930542230606
0.12496375292539597
0.18570977449417114
0.08551022410392761
0.091982901096344
0.12680193781852722
-0.10003264993429184
-0.01945810765028
0.03656778484582901
0.09116688370704651
0.06507359445095062
0.15763288736343384
0.04934054985642433
0.0718332976102829
0.005462583154439926
0.055858515202999115
0.09914588928222656
0.05953742563724518
0.13948954641819
0.04990053549408913
0.15428592264652252
0.02981099672615528
0.12930828332901
0.024506719782948494
0.10557954013347626
0.12705282866954803
0.03797149285674095
0.09367795288562775
-0.01471971720457077
0.14918825030326843
0.15259136259555817
-0.06954395025968552
0.03114953264594078
-0.0001500062644481659
0.17409169673919678
0.09935180842876434
0.08165020495653152
0.06363783776760101
0.16189581155776978
0.039323873817920685
0.12333367764949799
0.08760662376880646
0.041164007037878036
0.04000305384397507
0.08430437743663788
0.10618819296360016
0.1477711796760559
0.046903371810913086
0.19359175860881805
-0.04845177382230759
0.058426737785339355
