0.49216359853744507
0.49930644035339355
0.4553163945674896
0.4895699918270111
0.49834078550338745
0.49661171436309814
0.4923488199710846
0.4904559850692749
0.488705039024353
0.5114177465438843
0.49445652961730957
0.502689003944397
0.4780268371105194
0.44102638959884644
0.44708389043807983
0.5081954598426819
0.4392649233341217
0.4428584575653076
0.40546998381614685
0.46000558137893677
0.3829534649848938
0.4815016984939575
0.4143162667751312
0.4577990174293518
0.48544174432754517
0.4499036371707916
0.44651588797569275
0.3859183192253113
0.5182754993438721
0.42382892966270447
0.3839772045612335
0.3824451267719269
0.49035319685935974
0.39569467306137085
0.41581645607948303
0.463104248046875
0.3585474193096161
0.46354442834854126
0.26954662799835205
0.3554297387599945
0.31915077567100525
0.6555479764938354
0.3351105749607086
0.34863030910491943
0.28531384468078613
0.3248192071914673
0.4467936158180237
0.1939294934272766
0.47579407691955566
0.4668084681034088
0.3182348310947418
0.36815011501312256
0.5848352909088135
0.5213186740875244
0.3996008336544037
0.3504958748817444
0.5320436954498291
0.5298051834106445
0.3602703809738159
0.3641624450683594
0.4227123260498047
0.4813714027404785
0.43713587522506714
0.33025261759757996
0.4060365557670593
0.44099074602127075
0.3741779625415802
0.4313942790031433
0.3961876332759857
0.4263817369937897
0.46306419372558594
0.4012886881828308
0.44511404633522034
0.41246482729911804
0.499546080827713
0.4709305763244629
0.506321907043457
0.49749788641929626
0.4913874864578247
0.40666326880455017
0.45152029395103455
0.5166803598403931
0.4362826645374298
0.4959219694137573
0.4627268314361572
0.48397624492645264
0.505033552646637
0.5401782989501953
0.45928487181663513
0.5064939260482788
0.44292572140693665
0.47698265314102173
0.4387395679950714
0.4570498764514923
0.41876643896102905
0.5201151967048645
0.41658273339271545
0.4766387641429901
0.5531700849533081
0.48600924015045166
0.49646157026290894
0.4435325562953949
0.4760904610157013
0.39340606331825256
0.4510648846626282
0.49020326137542725
0.4887964725494385
0.47091153264045715
0.4780537784099579
0.4218243658542633
0.4605526328086853
0.5220398306846619
0.4326673746109009
0.49243083596229553
0.5556864738464355
0.4840075373649597
0.3970378637313843
0.4414456784725189
0.49074608087539673
0.4929068088531494
0.4785056412220001
0.35007286071777344
0.4906373620033264
0.37474751472473145
0.47933077812194824
0.4843757748603821
0.4987468123435974
0.49371692538261414
0.4947492778301239
0.48904213309288025
0.526076078414917
0.5246633291244507
0.4923045039176941
0.5107662081718445
0.4486706256866455
0.5107566118240356
0.4849448800086975
0.5027593970298767
0.5214629173278809
0.49574366211891174
0.4850682318210602
0.5155702829360962
0.5204482674598694
0.45821279287338257
0.5112418532371521
0.5177558660507202
0.4466029405593872
0.4667772948741913
0.46130335330963135
0.43482261896133423
0.4708710312843323
0.45478829741477966
0.4989405870437622
0.4723924696445465
0.4446161091327667
0.36834678053855896
0.4731599688529968
0.47159820795059204
0.46902304887771606
0.4166575074195862
0.4609942138195038
0.4910917282104492
0.3907114267349243
0.5082657337188721
0.5036270618438721
0.4161422848701477
0.4811977744102478
0.500156819820404
0.4696956276893616
0.5116398334503174
0.5125463008880615
0.4848254919052124
0.45658472180366516
0.5188016891479492
0.5050143599510193
0.4023574888706207
0.4809487760066986
0.41388770937919617
0.42475542426109314
0.49270278215408325
0.49430355429649353
0.4007960855960846
0.3668023943901062
0.4580349326133728
0.4997347891330719
0.4669293761253357
0.43661245703697205
0.36538562178611755
0.4135071635246277
0.5052454471588135
0.566457211971283
0.49191105365753174
0.4390866160392761
0.47170937061309814
0.4923638701438904
0.5104565024375916
0.557041585445404
0.4036535322666168
0.5314518809318542
0.46709921956062317
0.39520263671875
0.46228671073913574
0.4780485928058624
0.4679858088493347
0.46684110164642334
0.503879964351654
0.43601322174072266
0.38661524653434753
0.47445812821388245
0.4274825155735016
0.4620867967605591
0.4763348400592804
0.40346986055374146
0.46869081258773804
0.4229799211025238
0.46502596139907837
0.4635484516620636
0.4921427369117737
0.4707764983177185
0.48180514574050903
0.4749934673309326
0.5073807835578918
0.46871092915534973
0.4798494577407837
0.47772854566574097
0.41084083914756775
0.4409705400466919
0.43002307415008545
0.4133054316043854
0.5008777976036072
0.4749242961406708
0.3994199335575104
0.4567895531654358
0.5251792073249817
0.5109713673591614
0.48903408646583557
0.4352946877479553
0.4729313850402832
0.46680766344070435
0.5121220350265503
0.49781203269958496
0.4273364245891571
0.39698752760887146
0.4125192165374756
0.4541260898113251
0.4120379686355591
0.47240856289863586
0.4530337154865265
0.5088450312614441
0.4038137197494507
0.45261168479919434
0.41395753622055054
0.5044212341308594
0.49306216835975647
0.46012043952941895
0.48335349559783936
0.4677585959434509
0.529740571975708
0.49740150570869446
0.4950771927833557
0.4139021337032318
0.43503570556640625
0.46588408946990967
0.462124764919281
0.4911620318889618
0.5512319207191467
0.4497588574886322
0.44858425855636597
0.42040693759918213
0.46036458015441895
0.5400155782699585
0.48720818758010864
0.5332546234130859
0.5250236392021179
0.4696914553642273
0.43807652592658997
0.429298996925354
0.4927435517311096
0.44930243492126465
0.38740310072898865
0.4300897717475891
0.4063524603843689
0.5210444927215576
0.4650760591030121
0.4846693277359009
0.5269622802734375
0.3927678167819977
0.43566280603408813
0.40541791915893555
0.5378228425979614
0.4331360459327698
0.45097774267196655
0.47393903136253357
0.47890350222587585
0.46630463004112244
0.5060290098190308
0.4445243775844574
0.4004485011100769
0.4121803045272827
0.48150551319122314
0.47195345163345337
0.49320948123931885
0.4735807478427887
0.47586435079574585
0.4408576190471649
0.39542943239212036
0.43197470903396606
0.39776021242141724
0.40109819173812866
0.4640597701072693
0.48471567034721375
0.4457942843437195
0.4721723794937134
0.5337015986442566
0.4298192262649536
0.47601935267448425
0.3803892731666565
0.48220235109329224
0.2830629050731659
0.41280290484428406
0.4653991460800171
0.47911137342453003
0.3937247693538666
0.48237964510917664
0.4615883529186249
0.48393604159355164
0.4539157450199127
0.455756813287735
0.38557788729667664
0.3226694166660309
0.47624069452285767
0.43582475185394287
0.43881577253341675
0.5175259113311768
0.4319596588611603
0.451805055141449
0.5143325328826904
0.3912867605686188
0.4119989275932312
0.4610666036605835
0.4165423512458801
0.47968071699142456
0.5190004706382751
0.4744868874549866
0.5053176283836365
0.464585542678833
0.44508469104766846
0.38906198740005493
0.3717573881149292
0.40535008907318115
0.44595471024513245
0.316205769777298
0.438888818025589
0.3044068515300751
0.47231796383857727
0.43469715118408203
0.4665582478046417
0.4275180995464325
0.5323044061660767
0.22407057881355286
0.4322971701622009
0.4440288543701172
0.5332599878311157
0.4515650272369385
0.4608611762523651
0.43463778495788574
0.3563269078731537
0.42102548480033875
0.4253123998641968
0.417257696390152
0.42418721318244934
0.4603734016418457
0.438059002161026
0.517090380191803
0.4386501610279083
0.3514062166213989
0.296225905418396
0.46043509244918823
0.40732893347740173
0.4195381999015808
0.41710570454597473
0.4824821949005127
0.30397704243659973
0.4930674433708191
0.443482369184494
0.3905166685581207
0.3807458281517029
0.3738488554954529
0.3154459595680237
0.42540791630744934
0.46534281969070435
0.3994039297103882
0.36462023854255676
0.4111018180847168
0.4313727021217346
0.30987945199012756
0.3474169075489044
0.31231462955474854
0.41457557678222656
0.3268600106239319
0.37560945749282837
0.3102991282939911
0.43891122937202454
0.3764427900314331
0.37657636404037476
0.43197235465049744
0.381654292345047
0.3100626766681671
0.42884698510169983
0.3167043924331665
0.36438503861427307
0.46124279499053955
0.4922749400138855
0.4027990698814392
0.37211161851882935
0.46263933181762695
0.37592601776123047
0.3913365304470062
0.3903197646141052
0.3824252486228943
0.39064863324165344
0.32415515184402466
0.44063225388526917
0.4081279933452606
0.40016770362854004
0.36000972986221313
0.3967943489551544
0.3634378910064697
0.39472830295562744
0.4251585006713867
0.4817826449871063
0.35268861055374146
0.37324339151382446
0.2203216254711151
0.3878583312034607
0.3147425353527069
0.2995680272579193
0.43087753653526306
0.4102242887020111
0.3517495393753052
0.28451284766197205
0.4256138205528259
0.34600335359573364
0.3153260350227356
0.39927855134010315
0.3383358418941498
0.29467105865478516
0.40671858191490173
0.4047936499118805
0.4112127125263214
0.34700435400009155
0.41583526134490967
0.40234026312828064
0.4245406985282898
0.4103713631629944
0.41034120321273804
0.36855369806289673
0.3860965967178345
0.3251098394393921
0.44244542717933655
0.34132158756256104
0.3619460463523865
0.2934243381023407
0.4260469675064087
0.31826841831207275
0.3512655794620514
0.30570510029792786
0.37599220871925354
0.3834396004676819
0.49459993839263916
0.34417542815208435
0.3438946306705475
0.4972459673881531
0.37853482365608215
0.41907522082328796
0.41814225912094116
0.5239754915237427
0.4310947060585022
0.23115673661231995
0.39532390236854553
0.2894607186317444
0.48165082931518555
0.1893848478794098
0.2965608537197113
0.35108482837677
0.3549831509590149
0.2871110141277313
0.34847599267959595
0.24256283044815063
0.4076252579689026
0.3593442440032959
0.39254048466682434
0.36764588952064514
0.3841233253479004
0.42436835169792175
0.4269762933254242
0.3375949561595917
0.34176620841026306
0.3987390398979187
0.2633097767829895
0.3975444734096527
0.3713480234146118
0.4207344055175781
0.23840788006782532
0.34236380457878113
0.3336244225502014
0.3846745789051056
0.42695245146751404
0.3871750235557556
0.26989930868148804
0.40361103415489197
0.40857940912246704
0.25575047731399536
0.43717241287231445
0.38784003257751465
0.4492398500442505
0.3553493618965149
0.31056851148605347
0.345594584941864
0.4065447449684143
0.4444679021835327
0.3435385823249817
0.40712645649909973
0.3681781589984894
0.42789459228515625
0.4451775550842285
0.4207803010940552
0.33330702781677246
0.3256635367870331
0.2544240653514862
0.24252291023731232
0.37904858589172363
0.35948336124420166
0.27910304069519043
0.347019225358963
0.3349686861038208
0.40332767367362976
0.29636484384536743
0.35091087222099304
0.33943963050842285
0.22060951590538025
0.37626126408576965
0.34890687465667725
0.4026208817958832
0.41915613412857056
0.4121945798397064
0.4217704236507416
0.34832853078842163
0.4574395418167114
0.4246377944946289
0.4505009055137634
0.30712059140205383
0.37947240471839905
0.42251652479171753
0.41734495759010315
0.23473460972309113
0.37074223160743713
0.2316419780254364
0.4067014157772064
0.459648460149765
0.4000759422779083
0.44430798292160034
0.4242056608200073
0.3955345153808594
0.3216841518878937
0.4451628625392914
0.3565758764743805
0.3587157130241394
0.40303757786750793
0.3742254078388214
0.4332094192504883
0.38249075412750244
0.40590572357177734
0.27843165397644043
0.435312956571579
0.34165307879447937
0.43082621693611145
0.36489051580429077
0.3615921139717102
0.40926435589790344
0.35431623458862305
0.3523353040218353
0.2664492130279541
0.3323958218097687
0.44490131735801697
0.41435083746910095
0.41992610692977905
0.39061295986175537
0.17531318962574005
0.36585232615470886
0.34767547249794006
0.3441285192966461
0.3038445711135864
0.28571468591690063
0.3686266243457794
0.4008197784423828
0.39327022433280945
0.4007183015346527
0.3953198790550232
0.35584670305252075
0.42039236426353455
0.43033984303474426
0.40545642375946045
0.37329038977622986
0.3344634771347046
0.35191258788108826
0.41772618889808655
0.3230834901332855
0.31693002581596375
0.3607594072818756
0.38740354776382446
0.3620002865791321
0.4039177894592285
0.3800048530101776
0.3898482918739319
0.3919578790664673
0.39734023809432983
0.3647075593471527
0.38881510496139526
0.35293126106262207
0.47418779134750366
0.3208736181259155
0.3119490444660187
0.4677301347255707
0.27719998359680176
0.3380861282348633
0.48675987124443054
0.37790727615356445
0.2575479745864868
0.38433000445365906
0.45027899742126465
0.4153288006782532
0.4708506166934967
0.4550902545452118
0.433317631483078
0.26034408807754517
0.22157014906406403
0.3473888039588928
0.4099062979221344
0.30798497796058655
0.4331076741218567
0.39050862193107605
0.3996850252151489
0.3744545876979828
0.44525277614593506
0.39595991373062134
0.387601375579834
0.32046961784362793
0.34009116888046265
0.39018774032592773
0.3171039819717407
0.4051743745803833
0.4172039330005646
0.2831011116504669
0.26566046476364136
0.3802340626716614
0.4472525119781494
0.3988061249256134
0.3748883008956909
0.44710615277290344
0.43381252884864807
0.3795108497142792
0.3624088764190674
0.31218022108078003
0.4671196937561035
0.3622206747531891
0.3762262761592865
0.46751922369003296
0.27323436737060547
0.3005257844924927
0.4254817068576813
0.3211444318294525
0.3297421932220459
0.3003341555595398
0.32292190194129944
0.29646822810173035
0.34662923216819763
0.2957739531993866
0.2934240996837616
0.45128577947616577
0.3155178427696228
0.48747512698173523
0.28563836216926575
0.2938552498817444
0.3416755795478821
0.40971648693084717
0.2533439099788666
0.2386247217655182
0.3762414753437042
0.45099031925201416
0.3860706090927124
0.42668241262435913
0.2941083014011383
0.3256103992462158
0.3551974296569824
0.3871327340602875
0.49364128708839417
0.26376768946647644
0.3505718410015106
0.2919330596923828
0.39639517664909363
0.2578224539756775
0.29788118600845337
0.45129090547561646
0.42911627888679504
0.41347309947013855
0.41971778869628906
0.3146530091762543
0.45595285296440125
0.4350935220718384
0.34732991456985474
0.3571084439754486
0.38111546635627747
0.4683529734611511
0.49015048146247864
0.34537944197654724
0.34127673506736755
0.2915993332862854
0.43363049626350403
0.3745356500148773
0.3799516260623932
0.3577631115913391
0.4254499077796936
0.4163323938846588
0.4137842059135437
0.3598656952381134
0.323088139295578
0.3561974763870239
0.5214142799377441
0.3744138479232788
0.36588254570961
0.3301491439342499
0.2529448866844177
0.32779908180236816
0.4341641068458557
0.2914305627346039
0.5168108940124512
0.34178462624549866
0.3701815903186798
0.33353275060653687
0.3353915810585022
0.41443920135498047
0.35080257058143616
0.4712708592414856
0.475236713886261
0.44938069581985474
0.46585118770599365
0.3071996569633484
0.32687076926231384
0.4130932092666626
0.47001680731773376
0.24066300690174103
0.26729804277420044
0.2955121099948883
0.3852699398994446
0.3838252127170563
0.42727962136268616
0.42245015501976013
0.3325176537036896
0.3885662257671356
0.34012290835380554
0.23992502689361572
0.2916345000267029
0.4260452389717102
0.3867885172367096
0.46715718507766724
0.32880669832229614
0.44602373242378235
0.3536868989467621
0.2955258786678314
0.47190403938293457
0.42184415459632874
0.43201935291290283
0.37650424242019653
0.4005652964115143
0.23779097199440002
0.366341769695282
0.41984090209007263
0.1831870824098587
0.36840394139289856
0.28452783823013306
0.3600078225135803
0.36790984869003296
0.2837904393672943
0.342658668756485
0.38082319498062134
0.3796190917491913
0.32757920026779175
0.2590946555137634
0.3896118700504303
0.34749269485473633
0.3107159435749054
0.40372321009635925
0.38487565517425537
0.4025203585624695
0.3145271837711334
0.4078531265258789
0.492973268032074
0.34033066034317017
0.3523765802383423
0.4439772367477417
0.4465516209602356
0.5145205855369568
0.3100360631942749
0.36552107334136963
0.27788829803466797
0.33402448892593384
0.3949407935142517
0.3639836609363556
0.44997745752334595
0.3270672857761383
0.33131110668182373
0.5108922719955444
0.3740794360637665
0.2957919239997864
0.4170639216899872
0.22705675661563873
0.3860199451446533
0.29652339220046997
0.4323294758796692
0.3277985155582428
0.37313276529312134
0.29902395606040955
0.37970706820487976
0.4490373432636261
0.38059309124946594
0.24783119559288025
0.3956020474433899
0.2974323332309723
0.3353903293609619
0.40453028678894043
0.3463503420352936
0.3731277585029602
0.3687115013599396
0.4538366198539734
0.2759234309196472
0.4369018077850342
0.3900628387928009
0.39629605412483215
0.21379448473453522
0.32838860154151917
0.40151405334472656
0.3651416599750519
0.33913061022758484
0.4278549253940582
0.3208695352077484
0.36860740184783936
0.3846636414527893
0.351152241230011
0.3908498287200928
0.4515860080718994
0.43122363090515137
0.2935968041419983
0.2826542854309082
0.3629843592643738
0.2567799389362335
0.43165504932403564
0.4647923707962036
0.30248594284057617
0.3170302212238312
0.4383644759654999
0.35554081201553345
0.12360529601573944
0.3813842833042145
0.282386839389801
0.43671536445617676
0.3934890329837799
0.3738621771335602
0.2937314808368683
0.38114306330680847
0.31658846139907837
0.459918737411499
0.4354686141014099
0.2517849802970886
0.32440516352653503
0.26144999265670776
0.2812129259109497
0.35228562355041504
0.26108992099761963
0.3576704263687134
0.39953500032424927
0.36384397745132446
0.330035001039505
0.3351599872112274
0.4562416672706604
0.3222062587738037
0.3783705234527588
0.4162440896034241
0.40231114625930786
0.35961592197418213
0.278304785490036
0.31840085983276367
0.44736549258232117
0.4077906012535095
0.48798298835754395
0.2370298206806183
0.3669849634170532
0.4708954393863678
0.3521255850791931
0.3819429874420166
0.3723675012588501
0.4182419180870056
0.3930639922618866
0.3155349791049957
0.48644739389419556
0.4221556484699249
0.4001012146472931
0.37163424491882324
0.32513588666915894
0.32655730843544006
0.40450745820999146
0.4232587218284607
0.385982483625412
0.41299203038215637
0.44464394450187683
0.387968510389328
0.30684199929237366
0.3950898349285126
0.43094396591186523
0.3105289340019226
0.32108908891677856
0.41120949387550354
0.3232182264328003
0.4118008613586426
0.38109105825424194
0.4605332314968109
0.28240957856178284
0.25669190287590027
0.3485754430294037
0.3216847777366638
0.380318820476532
0.3676835894584656
0.1890052855014801
0.44597747921943665
0.44806766510009766
0.38998109102249146
0.4475938081741333
0.3294534981250763
0.42695173621177673
0.3795468509197235
0.2928551733493805
0.3858739733695984
0.36230671405792236
0.2545960247516632
0.45582425594329834
0.33401545882225037
0.39530327916145325
0.42899736762046814
0.35844042897224426
0.3587556779384613
0.3259575068950653
0.5167865753173828
0.4479047954082489
0.38963884115219116
0.34796810150146484
0.4227224588394165
0.28875741362571716
0.43518227338790894
0.407951682806015
0.39009368419647217
0.38741689920425415
0.42177802324295044
0.4480534791946411
0.4325213134288788
0.3401685059070587
0.3973383605480194
0.3666919469833374
0.3341881036758423
0.3972571790218353
0.3242133557796478
0.38770592212677
0.44362106919288635
0.4241935908794403
0.3493332266807556
0.46849513053894043
0.4317008852958679
0.4402371644973755
0.4272388517856598
0.3979414105415344
0.44337183237075806
0.3377693295478821
0.44164711236953735
0.3942987620830536
0.41523277759552
0.42231035232543945
0.31703266501426697
0.32654857635498047
0.42319023609161377
0.36016684770584106
0.3572937250137329
0.42717546224594116
0.3000663220882416
0.34375330805778503
0.4055468440055847
0.4291771650314331
0.5112688541412354
0.37980446219444275
0.3785852789878845
0.4015968143939972
0.36832961440086365
