0.2434285581111908
0.25116148591041565
0.20962031185626984
0.23972830176353455
0.24915307760238647
0.24654781818389893
0.2423933744430542
0.24220290780067444
0.23924919962882996
0.26292455196380615
0.24440261721611023
0.2525852620601654
0.22922849655151367
0.1914190948009491
0.19786909222602844
0.2591111660003662
0.19210603833198547
0.19922953844070435
0.15555161237716675
0.2103150188922882
0.139815554022789
0.23147577047348022
0.16525229811668396
0.20880690217018127
0.2374691665172577
0.20391470193862915
0.20155069231987
0.13969483971595764
0.2702937722206116
0.17766687273979187
0.1394519954919815
0.13868354260921478
0.24091437458992004
0.14815276861190796
0.16909603774547577
0.22123445570468903
0.12090112268924713
0.23721495270729065
0.0380411297082901
0.12157709151506424
0.12087889015674591
0.4324476718902588
0.1417316049337387
0.1985442340373993
0.14318372309207916
0.1779378354549408
0.27153733372688293
0.03552792966365814
0.27751219272613525
0.25288569927215576
0.14382953941822052
0.1506408005952835
0.3352900743484497
0.30810022354125977
0.18538379669189453
0.13980792462825775
0.3002471327781677
0.2899620532989502
0.13775275647640228
0.1413005292415619
0.1917327344417572
0.17241019010543823
0.19637742638587952
0.09425273537635803
0.17993229627609253
0.20997759699821472
0.12331584095954895
0.1874021589756012
0.1613379418849945
0.18960383534431458
0.2237103432416916
0.16793066263198853
0.1981903314590454
0.1719668060541153
0.2522237300872803
0.2290160357952118
0.25674110651016235
0.25269579887390137
0.245709627866745
0.16306978464126587
0.2042444944381714
0.26748475432395935
0.19506056606769562
0.24779784679412842
0.21864289045333862
0.23620355129241943
0.255754679441452
0.2907071113586426
0.21418404579162598
0.25769269466400146
0.19624346494674683
0.2285192310810089
0.20224954187870026
0.21281710267066956
0.1737562119960785
0.2743391990661621
0.1740652620792389
0.2280971109867096
0.30478817224502563
0.23892942070960999
0.24128739535808563
0.204071044921875
0.22751891613006592
0.1581796258687973
0.20181384682655334
0.24169141054153442
0.24133913218975067
0.2233579158782959
0.22651010751724243
0.17732639610767365
0.21656498312950134
0.2720118761062622
0.18378420174121857
0.24519973993301392
0.302257776260376
0.23986345529556274
0.15694499015808105
0.19793593883514404
0.24167148768901825
0.24844440817832947
0.2342623472213745
0.11575067043304443
0.2426142692565918
0.13533970713615417
0.22607675194740295
0.2388361692428589
0.24392065405845642
0.24172420799732208
0.24564576148986816
0.2447163462638855
0.2777140438556671
0.2731153666973114
0.2465079426765442
0.2616652846336365
0.2045498937368393
0.23814880847930908
0.21683156490325928
0.19076240062713623
0.27257204055786133
0.24601271748542786
0.22609028220176697
0.2616052031517029
0.25853660702705383
0.24317193031311035
0.2579159140586853
0.20702995359897614
0.22792866826057434
0.22050054371356964
0.23141615092754364
0.19661036133766174
0.2492864429950714
0.22154635190963745
0.2593315839767456
0.18799874186515808
0.22731399536132812
0.26164111495018005
0.16844865679740906
0.17379054427146912
0.26762476563453674
0.1855890303850174
0.21847674250602722
0.2060643583536148
0.23448100686073303
0.27070534229278564
0.23086842894554138
0.21610237658023834
0.20224595069885254
0.2364043891429901
0.2791125774383545
0.20118655264377594
0.18537679314613342
0.21738454699516296
0.2000073790550232
0.2297298163175583
0.22135373950004578
0.23302742838859558
0.22123810648918152
0.25389665365219116
0.20984715223312378
0.25001728534698486
0.24944429099559784
0.27166688442230225
0.19394201040267944
0.18098585307598114
0.23182274401187897
0.26729217171669006
0.22563302516937256
0.22982081770896912
0.23573222756385803
0.2440566122531891
0.1754133701324463
0.23817400634288788
0.23811092972755432
0.246966153383255
0.23074579238891602
0.20883092284202576
0.18763206899166107
0.2551085948944092
0.2257004678249359
0.21588832139968872
0.2939038574695587
0.1681337058544159
0.23430922627449036
0.2325412929058075
0.17936111986637115
0.2542773187160492
0.22355115413665771
0.13852372765541077
0.2005792260169983
0.2746354043483734
0.21684172749519348
0.2820321321487427
0.2624967396259308
0.17309707403182983
0.2019239068031311
0.16485416889190674
0.11940479278564453
0.20251110196113586
0.22485840320587158
0.1808708906173706
0.23315420746803284
0.19275373220443726
0.21010833978652954
0.2114894688129425
0.19897550344467163
0.18419018387794495
0.19006335735321045
0.2667675018310547
0.21782618761062622
0.2408895045518875
0.1956632435321808
0.2163921743631363
0.2096164971590042
0.1905023157596588
0.17953190207481384
0.08780605345964432
0.2779282331466675
0.2254144251346588
0.2617000341415405
0.2650449573993683
0.2504095435142517
0.27880507707595825
0.2276918888092041
0.1979261338710785
0.18507981300354004
0.24602621793746948
0.14828144013881683
0.18420299887657166
0.21180815994739532
0.2225562036037445
0.24024143815040588
0.21712687611579895
0.13555273413658142
0.18344315886497498
0.2387794703245163
0.09127233922481537
0.24163100123405457
0.22954148054122925
0.20616492629051208
0.2164265215396881
0.21595832705497742
0.19470591843128204
0.23313680291175842
0.23952144384384155
0.16516916453838348
0.22833096981048584
0.2821849584579468
0.24716803431510925
0.2641419768333435
0.21410301327705383
0.19198383390903473
0.2627512216567993
0.2119920551776886
0.20176449418067932
0.25667065382003784
0.1639578938484192
0.24639703333377838
0.1993779093027115
0.2599529027938843
0.25221142172813416
0.18857283890247345
0.23379302024841309
0.18046985566616058
0.27054473757743835
0.1610993891954422
0.18062782287597656
0.1922900378704071
0.1656041294336319
0.2393304407596588
0.2613409161567688
0.21377861499786377
0.14206255972385406
0.1941733956336975
0.1422048658132553
0.23519602417945862
0.23067706823349
0.1657687872648239
0.25459206104278564
0.25831156969070435
0.22305385768413544
0.16506777703762054
0.12370052933692932
0.26780474185943604
0.22118856012821198
0.19209395349025726
0.18306201696395874
0.17241765558719635
0.1583491414785385
0.1428850144147873
0.15657126903533936
0.22346988320350647
0.17300164699554443
0.1302730292081833
0.189782977104187
0.2018316090106964
0.22512021660804749
0.19553974270820618
0.15440846979618073
0.14882835745811462
0.1357211470603943
0.11337511986494064
0.05248543620109558
0.14638158679008484
0.20655633509159088
0.1939663589000702
0.15582223236560822
0.21954166889190674
0.2181866466999054
0.13938581943511963
0.20238648355007172
0.19726300239562988
0.24074169993400574
0.18124987185001373
0.07697711884975433
0.16923552751541138
0.07902982831001282
0.15400201082229614
0.14140035212039948
0.0962795615196228
0.21259450912475586
0.16896694898605347
0.06883727759122849
0.16020402312278748
0.19818352162837982
0.12708643078804016
0.13391822576522827
0.24035415053367615
0.2669934034347534
0.2087324857711792
0.12583714723587036
0.18003186583518982
0.20218247175216675
0.08325108140707016
0.09847873449325562
0.21659839153289795
0.09759189188480377
0.1606227457523346
0.14278170466423035
0.12549228966236115
0.15356677770614624
0.14325310289859772
0.17194607853889465
0.20475761592388153
0.15384793281555176
0.10966072976589203
0.19838276505470276
0.07835377752780914
0.20208902657032013
0.1554131805896759
0.19861507415771484
0.09797893464565277
0.09743206948041916
0.19141237437725067
0.08907146006822586
0.1517551839351654
0.11115313321352005
0.20330122113227844
0.1642114222049713
0.089120052754879
0.08867961168289185
0.10302523523569107
0.17021992802619934
0.08847630023956299
0.11117953062057495
0.07877463847398758
0.1611683964729309
0.1049572303891182
0.06639780849218369
0.17163047194480896
0.13414214551448822
0.18741710484027863
0.16907966136932373
0.0660410225391388
0.27274513244628906
0.048035066574811935
0.1038016527891159
0.19471636414527893
0.19930212199687958
0.13123495876789093
0.1632957011461258
0.2001204788684845
0.10560342669487
0.11936581879854202
0.17995500564575195
0.13760730624198914
0.21894711256027222
0.04962264001369476
0.17660364508628845
0.16427193582057953
0.15994912385940552
0.06606848537921906
0.16415105760097504
0.12313157320022583
0.10906659811735153
0.0906233936548233
0.1585512012243271
0.13642287254333496
0.146419957280159
0.09435881674289703
0.2196025401353836
0.11607429385185242
0.13791823387145996
0.14258864521980286
0.031405579298734665
0.27428436279296875
0.2512906789779663
0.05544015020132065
0.12436493486166
0.18253590166568756
0.09613446146249771
0.20938913524150848
0.167948916554451
0.10934439301490784
0.1915053427219391
0.056750692427158356
0.18270879983901978
0.16259519755840302
0.1455676555633545
0.12630152702331543
0.09866473078727722
0.23323580622673035
0.10432614386081696
0.1423855423927307
0.057254593819379807
0.18397559225559235
0.16324938833713531
0.076851986348629
0.13145382702350616
0.07331103086471558
0.08630472421646118
0.1859140694141388
0.1772170066833496
0.059524402022361755
0.21205458045005798
0.13417264819145203
0.3130093216896057
0.07375814765691757
0.1616053283214569
0.10497725009918213
0.12791231274604797
0.2308267503976822
0.13297690451145172
0.060717180371284485
0.1968952715396881
0.27348095178604126
0.13406988978385925
0.18898887932300568
0.09875795245170593
-0.07248418033123016
0.04967711120843887
0.11515037715435028
0.0948910117149353
0.06366932392120361
0.16308467090129852
0.10818265378475189
0.05285229533910751
0.09369957447052002
0.08582685887813568
0.09365804493427277
0.046854354441165924
0.18635058403015137
0.10032167285680771
0.14540709555149078
0.2101660519838333
0.028720807284116745
0.1140018105506897
0.11187076568603516
0.09507986903190613
0.16520866751670837
0.062490373849868774
0.04778303951025009
0.16622284054756165
-0.028230175375938416
0.15202799439430237
0.09869958460330963
0.12011103332042694
0.15814274549484253
0.1272851675748825
0.13248832523822784
-0.00019594281911849976
0.11906598508358002
0.07392974197864532
0.15980970859527588
0.0807381421327591
0.0791797861456871
0.1644340306520462
0.08493725210428238
0.057401906698942184
0.11263301968574524
0.1720430850982666
0.03305928781628609
0.11650366336107254
0.06669983267784119
0.15568991005420685
0.10379349440336227
0.3021577000617981
0.16657324135303497
0.23741313815116882
0.09095531702041626
0.10479803383350372
0.12135399878025055
0.03958858549594879
0.13395291566848755
0.10301358997821808
0.11046446114778519
0.16480587422847748
0.010618407279253006
0.15964332222938538
0.1007966473698616
0.16290846467018127
0.10752493143081665
0.08622469753026962
0.02885500341653824
0.18764767050743103
0.11615367233753204
0.13807876408100128
0.08124341815710068
0.07937659323215485
0.18304947018623352
0.10814797133207321
0.15802130103111267
0.11100058257579803
0.007505498826503754
0.1688874065876007
0.13134817779064178
0.10121990740299225
0.1690751016139984
0.14313681423664093
0.1046292632818222
0.12837432324886322
0.11241070926189423
0.05282612144947052
0.12745065987110138
0.10586553066968918
0.13374730944633484
0.06162399798631668
0.10711665451526642
0.13673417270183563
0.14001399278640747
0.06776174157857895
0.021750785410404205
0.048539020121097565
0.03363142907619476
0.09594124555587769
0.0536184161901474
-0.007197961211204529
0.2552587389945984
0.12726791203022003
0.055119626224040985
0.08844955265522003
0.08366523683071136
0.0763954147696495
0.11247546970844269
0.08032155781984329
0.10083233565092087
0.0421978197991848
0.11963951587677002
0.10235737264156342
0.09183191508054733
0.15814679861068726
0.1460828185081482
0.1679893285036087
0.06157451122999191
0.09993460774421692
0.020464785397052765
0.09993050992488861
0.16620253026485443
0.20411896705627441
0.04620368778705597
0.11263041198253632
0.16459883749485016
0.07419917732477188
0.09125278890132904
0.23343540728092194
0.1675804704427719
0.06707601249217987
0.059933990240097046
0.2016754448413849
-0.04995240271091461
0.20306244492530823
0.13370145857334137
0.1025473102927208
0.09465648978948593
0.15214110910892487
0.19317325949668884
0.06813707202672958
0.12322390079498291
0.09598379582166672
0.11234090477228165
0.03330925479531288
0.11605821549892426
0.15255001187324524
0.1109243631362915
0.08544401824474335
0.1386670172214508
0.09030930697917938
0.08238424360752106
0.14445367455482483
0.17579105496406555
0.21552202105522156
0.051310569047927856
0.088665671646595
0.045922353863716125
0.1718859225511551
0.08430349081754684
-0.00922459363937378
0.0606561154127121
0.2696497440338135
0.13784196972846985
0.0818462148308754
0.049367755651474
0.02112574130296707
-0.00429198145866394
0.12825146317481995
0.13965237140655518
0.11315061151981354
0.12972843647003174
0.16022995114326477
0.08514085412025452
0.145680233836174
0.09971490502357483
-0.0015061646699905396
0.20354196429252625
0.17188328504562378
0.21233046054840088
0.1526002287864685
0.07713042944669724
0.04821232706308365
0.09432793408632278
0.18574942648410797
0.11336003988981247
0.13314031064510345
0.018937021493911743
0.04467508941888809
0.08032067865133286
0.11562548577785492
0.01404624804854393
-0.0052075013518333435
0.19140742719173431
0.21935594081878662
0.07554048299789429
0.10000619292259216
0.058081138879060745
0.07209660112857819
0.11602393537759781
0.13761162757873535
0.15483754873275757
0.12115976214408875
0.10483120381832123
0.10834475606679916
-0.0021013617515563965
0.08009073138237
0.10677393525838852
0.06131119281053543
0.09432568401098251
-0.022293075919151306
0.019282236695289612
0.17666052281856537
0.10487395524978638
0.04158996045589447
0.07942219823598862
0.1905105710029602
0.04693824052810669
0.22544437646865845
0.053519971668720245
0.07406464219093323
-0.009771987795829773
0.17848311364650726
0.14183001220226288
0.1568879336118698
0.05611646547913551
0.1660653054714203
0.1327112466096878
0.22105230391025543
0.010759323835372925
0.163227841258049
0.015477892011404037
0.12418203055858612
0.23982858657836914
0.14225952327251434
0.20566025376319885
0.10681931674480438
0.16741907596588135
0.02469320222735405
0.2217884212732315
0.049709219485521317
0.13981838524341583
0.06711259484291077
0.13670110702514648
0.1359231323003769
0.09696805477142334
-0.002958238124847412
0.10046312212944031
0.07871206849813461
0.07028759270906448
0.13861261308193207
0.16134627163410187
0.24100156128406525
0.018543895334005356
0.07548929750919342
0.03363289311528206
0.1874173879623413
0.1011827141046524
0.09856957942247391
0.04707258194684982
0.1539357602596283
0.09684036672115326
0.06618066877126694
0.06784550100564957
-0.016143672168254852
0.20099982619285583
0.09362228214740753
0.06946340948343277
0.057386890053749084
0.03262113034725189
0.10018213838338852
0.1633213609457016
0.05422346293926239
0.11947920173406601
0.08517561107873917
0.04566948488354683
0.2117287665605545
0.15576106309890747
0.08982327580451965
0.11874828487634659
0.12597432732582092
0.15765514969825745
0.06820425391197205
0.08031267672777176
-0.006777472794055939
0.13617344200611115
0.1214812770485878
0.12990637123584747
0.09257149696350098
0.018651433289051056
0.07359249889850616
0.03752414509654045
0.01414002850651741
0.12045460194349289
0.13222381472587585
0.04199334233999252
0.1378949135541916
0.12712040543556213
0.06454825401306152
0.09239718317985535
0.1338711827993393
0.12748315930366516
0.13625848293304443
0.05296865850687027
0.09396107494831085
0.15950345993041992
0.1947828233242035
0.05041782185435295
0.09950374066829681
0.0024411678314208984
0.0318320095539093
0.1282051056623459
0.12804950773715973
0.14088499546051025
0.04922308027744293
0.15444566309452057
0.13150721788406372
0.15313109755516052
0.07926733791828156
0.07817647606134415
0.08742886781692505
0.12531061470508575
-0.015672922134399414
0.07894126325845718
0.2280721366405487
0.13589803874492645
0.2338990569114685
0.0442548431456089
0.09331808984279633
0.07439280301332474
0.05877883359789848
0.05481630936264992
-0.031411487609148026
0.21082302927970886
0.10294805467128754
0.08944438397884369
0.035588379949331284
0.008824601769447327
0.11367364227771759
0.08322661370038986
0.16764220595359802
0.052749261260032654
0.09416738897562027
-0.019184164702892303
0.11648353189229965
0.12437290698289871
0.14519773423671722
0.02868865430355072
0.08041727542877197
-0.0013147443532943726
0.21959935128688812
0.027613990008831024
0.049768462777137756
0.24213355779647827
0.09033726155757904
0.0673663318157196
0.14730148017406464
0.10321027040481567
0.1171196773648262
0.020855505019426346
0.009062275290489197
0.1466047614812851
0.07925522327423096
0.14112436771392822
0.09845364838838577
0.10654502362012863
-0.04229635000228882
0.06171434372663498
0.13762906193733215
0.058420196175575256
0.1725531816482544
0.09120002388954163
0.08185666799545288
0.1354200392961502
0.0328865572810173
0.07820318639278412
0.02271316945552826
0.03707237169146538
0.08999046683311462
0.07778049260377884
0.07717547565698624
0.02333216369152069
0.302975058555603
0.05172835290431976
0.08699429780244827
0.06923522800207138
0.032304659485816956
0.026720315217971802
0.12609469890594482
0.23342743515968323
0.11842799931764603
0.08137018233537674
0.17138424515724182
0.07785341143608093
0.07762408256530762
0.03373945131897926
-0.012749649584293365
0.09731185436248779
0.016719672828912735
-0.04098191484808922
0.10258536040782928
0.13398700952529907
0.17212805151939392
0.16667573153972626
0.10344365239143372
0.0868600457906723
-0.030675925314426422
0.10276547819375992
0.04574384167790413
0.017400607466697693
0.13755419850349426
0.06944771856069565
-0.011482343077659607
0.13479605317115784
0.050960540771484375
0.07093360275030136
0.05537061765789986
0.13518185913562775
0.046758826822042465
0.10732751339673996
0.09343570470809937
0.19631138443946838
0.16221603751182556
0.05141052231192589
0.027324002236127853
0.04363171383738518
0.1130327582359314
0.10939934104681015
0.1078851968050003
0.0850677490234375
0.12497654557228088
0.06787833571434021
0.0958983451128006
0.12721331417560577
0.10645364224910736
0.039260685443878174
-0.031253788620233536
0.14218905568122864
0.2102159708738327
0.03619004413485527
0.024519197642803192
-0.01986120641231537
0.08477043360471725
0.07336265593767166
0.007994621992111206
0.04404264688491821
0.03184124827384949
0.06699676066637039
0.12926781177520752
0.1217266246676445
0.05830257385969162
0.1058097705245018
0.12377441674470901
0.16883064806461334
0.0727691501379013
-0.030528031289577484
0.06658247113227844
0.0867658257484436
0.16985709965229034
0.09772177040576935
0.09139569848775864
-0.031026795506477356
0.04452396184206009
0.08839075267314911
0.08140666037797928
0.13932743668556213
0.015937119722366333
0.02855846658349037
0.15499694645404816
-0.06241161748766899
0.07083282619714737
-0.02705484628677368
0.10621532052755356
0.23457956314086914
0.12703807651996613
0.14248500764369965
0.13593614101409912
0.09162433445453644
0.112547867000103
0.1236865371465683
0.11791414767503738
0.00754266232252121
0.02497675269842148
0.06326410919427872
0.14112107455730438
0.1610415130853653
0.07456240803003311
0.007918842136859894
0.08658972382545471
0.09480325877666473
0.19582685828208923
0.06307321041822433
0.14681029319763184
0.04773889482021332
0.18724526464939117
0.178170844912529
0.047266989946365356
0.043972551822662354
0.11008628457784653
-0.01171644777059555
0.09348075091838837
0.016649596393108368
0.02398001030087471
0.06648626178503036
0.11689191311597824
0.1516362875699997
0.05006645992398262
0.03495286777615547
0.08196955919265747
0.0782647654414177
0.12067174166440964
0.04853641986846924
0.0819324404001236
-0.0526437982916832
0.1789301484823227
0.02204665169119835
0.18642009794712067
0.12614604830741882
0.20241069793701172
0.11553353071212769
-0.13677221536636353
0.08206797391176224
0.04443373531103134
0.14683109521865845
0.1555577516555786
0.06420911848545074
0.06548871099948883
0.13313663005828857
0.1163492426276207
0.06187603622674942
-0.04062853008508682
0.07310011237859726
0.06518249213695526
0.19001972675323486
0.10336365550756454
