0.2926313877105713
0.30780765414237976
0.2480267733335495
0.29227176308631897
0.30073800683021545
0.2992377281188965
0.29857924580574036
0.29053550958633423
0.2912220358848572
0.31817299127578735
0.3032500445842743
0.30674561858177185
0.27618521451950073
0.238349050283432
0.23807281255722046
0.31622493267059326
0.2297535091638565
0.23094427585601807
0.18570470809936523
0.2617303729057312
0.16367179155349731
0.2817445695400238
0.20686966180801392
0.2514219880104065
0.2791813015937805
0.2372761070728302
0.22851091623306274
0.17399412393569946
0.3216830790042877
0.1870453953742981
0.1385902762413025
0.13772524893283844
0.2592414319515228
0.1671476513147354
0.19188612699508667
0.2313605546951294
0.12483392655849457
0.2378155142068863
0.005697362124919891
0.11788421869277954
0.14221030473709106
0.43743759393692017
0.176097571849823
0.21646460890769958
0.22362364828586578
0.18429088592529297
0.3139135241508484
0.030623339116573334
0.3245878517627716
0.3023698627948761
0.14991681277751923
0.14007070660591125
0.33524543046951294
0.3641830086708069
0.21819603443145752
0.13429997861385345
0.31980055570602417
0.33754223585128784
0.15944184362888336
0.14730793237686157
0.21292217075824738
0.18369020521640778
0.24000003933906555
0.07897387444972992
0.21258573234081268
0.2355940043926239
0.1734427809715271
0.21604274213314056
0.18419373035430908
0.22170555591583252
0.26605650782585144
0.19077318906784058
0.2496039718389511
0.20208674669265747
0.29704752564430237
0.27139580249786377
0.3049492835998535
0.3148247301578522
0.30874934792518616
0.2116064429283142
0.2476174533367157
0.32023829221725464
0.24479645490646362
0.30290335416793823
0.26226669549942017
0.2964272201061249
0.2977753281593323
0.3581935167312622
0.2522810101509094
0.3229641914367676
0.23355929553508759
0.28619322180747986
0.23604774475097656
0.25397300720214844
0.20671463012695312
0.31794238090515137
0.20781934261322021
0.2630283832550049
0.3659960627555847
0.28843986988067627
0.29359185695648193
0.24343621730804443
0.2695816159248352
0.17252594232559204
0.2450045347213745
0.29730063676834106
0.29335829615592957
0.2780471444129944
0.2798454165458679
0.21041718125343323
0.24853897094726562
0.32733356952667236
0.22157256305217743
0.2929772138595581
0.36189377307891846
0.29012978076934814
0.19000309705734253
0.2312474101781845
0.29643934965133667
0.27606886625289917
0.3007407784461975
0.1601540595293045
0.30330759286880493
0.1538127362728119
0.25032103061676025
0.28161150217056274
0.30040109157562256
0.2986941337585449
0.2936263680458069
0.28521478176116943
0.33103418350219727
0.32256802916526794
0.2988840937614441
0.33136940002441406
0.24445228278636932
0.3347126841545105
0.30273157358169556
0.3003053367137909
0.3327051103115082
0.3245081305503845
0.1937219351530075
0.3588985204696655
0.288886159658432
0.3047223687171936
0.21576198935508728
0.18406617641448975
0.30330890417099
0.3220975995063782
0.29784268140792847
0.3244397044181824
0.2844972014427185
0.3083217740058899
0.24028047919273376
0.36095306277275085
0.27343466877937317
0.336944043636322
0.260485976934433
0.24429377913475037
0.2643577456474304
0.2782018780708313
0.3405197858810425
0.2503276467323303
0.28362637758255005
0.3144153654575348
0.3595751225948334
0.3213272988796234
0.31368565559387207
0.23039647936820984
0.19174057245254517
0.30223196744918823
0.31111353635787964
0.2250199168920517
0.2421569526195526
0.27596181631088257
0.2948184013366699
0.24173472821712494
0.3234784007072449
0.3034593462944031
0.3199668526649475
0.3607075810432434
0.2902314364910126
0.28829362988471985
0.21505369246006012
0.2839541435241699
0.3354453146457672
0.24964073300361633
0.2777138948440552
0.2194805145263672
0.3369450867176056
0.28911909461021423
0.29524001479148865
0.24481119215488434
0.2762435972690582
0.24889512360095978
0.2113741934299469
0.21465682983398438
0.322010338306427
0.3102690577507019
0.31573283672332764
0.2364501953125
0.1869000643491745
0.3058221936225891
0.31364357471466064
0.313118577003479
0.32635509967803955
0.21995602548122406
0.08155059069395065
0.30321717262268066
0.23563429713249207
0.2747759521007538
0.20695556700229645
0.2928852438926697
0.2361672818660736
0.3284853398799896
0.33403849601745605
0.29781481623649597
0.23181216418743134
0.2778175473213196
0.24880072474479675
0.3092559278011322
0.24735860526561737
0.29586654901504517
0.16320161521434784
0.2143121063709259
0.23406755924224854
0.29086148738861084
0.2865370512008667
0.2937500774860382
0.3248056471347809
0.32543545961380005
0.323696494102478
0.29825127124786377
0.30567556619644165
0.23200272023677826
0.26290807127952576
0.2987871468067169
0.22015930712223053
0.2164359986782074
0.2458074688911438
0.19057826697826385
0.23741313815116882
0.23438316583633423
0.20286321640014648
0.3494150638580322
0.20057199895381927
0.29538390040397644
0.29849082231521606
0.28713834285736084
0.2891148328781128
0.19220618903636932
0.3083980977535248
0.30003058910369873
0.3428334593772888
0.26860058307647705
0.2377561330795288
0.282453715801239
0.24547067284584045
0.3258534073829651
0.24743381142616272
0.2184058576822281
0.2787204384803772
0.2815031409263611
0.29825326800346375
0.27618980407714844
0.28028544783592224
0.2915308475494385
0.26112300157546997
0.2670736014842987
0.2543522119522095
0.3091275691986084
0.21461480855941772
0.2939984202384949
0.23450776934623718
0.1916901171207428
0.22377431392669678
0.1773301661014557
0.2668340802192688
0.2566509246826172
0.25557267665863037
0.3183766007423401
0.22288239002227783
0.2328469157218933
0.3297543525695801
0.2877517640590668
0.2271559089422226
0.2804615795612335
0.3452249765396118
0.28037187457084656
0.3054826259613037
0.3254971504211426
0.24445626139640808
0.2962386906147003
0.2670942544937134
0.23282945156097412
0.26217877864837646
0.31254273653030396
0.17896392941474915
0.2725332975387573
0.23467692732810974
0.2576904892921448
0.28564736247062683
0.23962470889091492
0.24304524064064026
0.26361241936683655
0.22984212636947632
0.28274810314178467
0.2853749096393585
0.2188582420349121
0.18081429600715637
0.10674843192100525
0.2118961066007614
0.2738655209541321
0.1405232697725296
0.2852105498313904
0.21791529655456543
0.21357940137386322
0.23472431302070618
0.23900601267814636
0.13820984959602356
0.13753020763397217
0.30863815546035767
0.3220691978931427
0.25008654594421387
0.26138219237327576
0.24734744429588318
0.2210245132446289
0.28732067346572876
0.2706020176410675
0.3089236617088318
0.2234766185283661
0.3272760510444641
0.23422306776046753
0.22775468230247498
0.23945820331573486
0.25101664662361145
0.18171685934066772
0.12536069750785828
0.1792658120393753
0.22739015519618988
0.1303614377975464
0.14753152430057526
0.12442687153816223
0.17567379772663116
0.3119494616985321
0.2919549345970154
0.24157613515853882
0.21081078052520752
0.2458404004573822
0.2139405906200409
0.18103882670402527
0.3032516539096832
0.3098493814468384
0.1462940126657486
0.2740400731563568
0.28786423802375793
0.26977550983428955
0.22194108366966248
0.13146831095218658
0.23885478079319
0.25388821959495544
0.12657001614570618
0.20124545693397522
0.3076755404472351
0.19069911539554596
0.24859681725502014
0.21272721886634827
0.1428961455821991
0.18161380290985107
0.326652854681015
0.24456891417503357
0.27170830965042114
0.21189360320568085
0.25314009189605713
0.28521430492401123
0.20941513776779175
0.20238560438156128
0.24148502945899963
0.26072123646736145
0.12403464317321777
0.1332656443119049
0.25156137347221375
0.2157762497663498
0.22395437955856323
0.11514593660831451
0.23617184162139893
0.27131450176239014
0.23333893716335297
0.14594301581382751
0.3071589171886444
0.13130053877830505
0.15118534862995148
0.11673867702484131
0.2015426754951477
0.2457093596458435
0.22785818576812744
0.1884673535823822
0.15948769450187683
0.23389557003974915
0.1677299439907074
0.11154988408088684
0.2313137948513031
0.18317252397537231
0.11249848455190659
0.07691313326358795
0.2569303810596466
0.13461345434188843
0.25748422741889954
0.16919463872909546
0.1068074181675911
0.1217949315905571
0.2652069330215454
0.11305417865514755
0.1914215236902237
0.22811973094940186
0.06796585023403168
0.17408224940299988
0.20460277795791626
0.22432532906532288
0.3025605082511902
0.19469629228115082
0.2101265788078308
0.2354312241077423
0.0018091946840286255
0.19127073884010315
0.05170806497335434
0.24134650826454163
0.17912554740905762
0.07662009447813034
0.1382702738046646
0.09690167009830475
0.15247203409671783
0.06366896629333496
0.29295819997787476
0.14982806146144867
0.12699556350708008
0.25920945405960083
0.14316432178020477
0.09029019623994827
0.14902739226818085
0.12676557898521423
0.13967815041542053
0.09826517850160599
0.22248432040214539
0.18990835547447205
0.17351728677749634
0.11521616578102112
0.17675620317459106
0.24404749274253845
0.20718035101890564
0.16887961328029633
0.18645335733890533
0.251190185546875
0.13428983092308044
0.13793602585792542
0.28196805715560913
0.12287992984056473
0.2965505123138428
0.12373614311218262
0.1783057004213333
0.1103670597076416
0.21644239127635956
0.026720337569713593
0.22628164291381836
0.05657428875565529
0.11277876794338226
0.3101420998573303
-0.028104908764362335
0.11915814876556396
0.0834513008594513
0.18353232741355896
0.10892225056886673
0.09998586028814316
0.06408466398715973
0.17201489210128784
0.25228387117385864
0.09477773308753967
0.03294990956783295
0.04208593815565109
0.0358029380440712
0.12063481658697128
0.0584220252931118
0.07689602673053741
0.2583467364311218
-0.006072878837585449
0.13586416840553284
0.102067731320858
0.1542021632194519
0.2031964361667633
0.16660736501216888
0.18620023131370544
0.1701476275920868
0.044568002223968506
0.14020678400993347
0.20962026715278625
0.17502088844776154
0.12877407670021057
0.15630123019218445
0.0444318950176239
0.22734031081199646
0.16808608174324036
0.03954233229160309
0.1691083163022995
0.1322047859430313
0.07907281816005707
0.09513139724731445
0.2017640471458435
0.03359989821910858
0.1415799856185913
0.15407231450080872
0.21353088319301605
0.15810684859752655
0.05871038883924484
0.09788533300161362
0.11159370094537735
0.1169571578502655
-0.0077755749225616455
0.20082026720046997
0.1179356575012207
0.2532273530960083
0.17138899862766266
0.09072088450193405
0.16686151921749115
0.11349377036094666
0.17910408973693848
0.14521566033363342
0.1239573210477829
0.03231530636548996
0.13859853148460388
0.22150608897209167
0.1307390034198761
0.026306703686714172
0.1662176549434662
0.1401320993900299
0.15131178498268127
0.18001502752304077
0.07201819121837616
0.10895197838544846
0.09669140726327896
0.06690015643835068
0.23450905084609985
0.13773725926876068
0.23795922100543976
0.12734876573085785
0.11628149449825287
0.1187923401594162
0.17958897352218628
0.23340001702308655
0.22723647952079773
0.2566419243812561
0.20518724620342255
0.032030776143074036
0.1280796080827713
0.20208965241909027
0.0699213296175003
0.007492266595363617
0.1755751669406891
0.19566866755485535
-0.038815245032310486
0.14976760745048523
0.16130191087722778
0.1389642357826233
0.18277475237846375
0.17775624990463257
-0.03212431073188782
0.12446068227291107
0.27702796459198
0.08885273337364197
0.09333544224500656
0.18576963245868683
0.121774822473526
0.07246159017086029
0.15661753714084625
0.21600469946861267
0.14752492308616638
0.054885562509298325
0.16067151725292206
0.16454963386058807
0.02223958820104599
0.06725980341434479
0.10527399182319641
0.20120468735694885
0.18563121557235718
0.035921595990657806
-0.009318269789218903
0.2406809777021408
-0.020061612129211426
0.2724771797657013
0.10691449791193008
0.2053535133600235
0.1541626751422882
0.1940392553806305
0.2768525779247284
0.016909100115299225
0.21748191118240356
0.09984083473682404
0.22312605381011963
0.06645102053880692
0.07755113393068314
-0.06832248717546463
0.23397012054920197
0.19676971435546875
0.08210361003875732
0.101494200527668
0.2865043878555298
0.1606559455394745
0.07540253549814224
0.2548072934150696
0.18039283156394958
0.1393669992685318
0.1765163391828537
0.04272843524813652
0.002321295440196991
0.1009797751903534
0.2917795181274414
0.10723544657230377
0.25068649649620056
0.04422318562865257
0.1990823745727539
0.10632991045713425
0.1787424087524414
0.2301248461008072
0.13014240562915802
0.0690196305513382
0.037214457988739014
0.09598441421985626
0.0970487892627716
0.06819598376750946
0.19168344140052795
0.16655008494853973
0.0758620947599411
0.19160883128643036
0.17130398750305176
0.16696327924728394
0.14123189449310303
0.12497591972351074
0.1779712736606598
0.04961124062538147
0.11898951977491379
0.1596948206424713
0.047049880027770996
0.19440385699272156
0.08591737598180771
0.046648286283016205
0.13791526854038239
0.3132842779159546
0.06550739705562592
0.1984056532382965
0.10837982594966888
0.1022215187549591
0.16151684522628784
0.00641893595457077
0.2282128632068634
0.18042631447315216
0.1212075874209404
0.215580552816391
0.3294758200645447
0.09413904696702957
0.24348771572113037
0.2453516721725464
0.09553144872188568
0.04136095196008682
0.05578584596514702
0.1221708208322525
0.19608423113822937
0.2615649700164795
-0.00810888409614563
0.16951797902584076
0.13433179259300232
0.03045102208852768
0.09093507379293442
0.10594096034765244
0.14599500596523285
0.20270559191703796
0.16509249806404114
0.11295926570892334
0.16174739599227905
0.1695052832365036
0.1575559377670288
0.06339143961668015
0.17028139531612396
0.20749527215957642
0.20518264174461365
0.09082400798797607
0.05294590815901756
0.08715592324733734
0.06015866994857788
0.12025825679302216
0.10697972029447556
0.15937834978103638
0.06801337748765945
0.18569299578666687
0.00024013221263885498
0.13836178183555603
0.30477434396743774
0.15769070386886597
0.08931824564933777
0.15785488486289978
0.0379999577999115
0.11028537154197693
0.11604572087526321
0.07610130310058594
0.0725092664361
0.11712555587291718
0.13227735459804535
0.15123578906059265
0.20871615409851074
0.044270358979701996
0.2119617462158203
0.12781170010566711
0.14453920722007751
0.2546706199645996
0.005805671215057373
0.15032601356506348
0.16948926448822021
0.18166038393974304
0.2602125108242035
0.23222556710243225
0.18328183889389038
-0.05711738020181656
0.10446682572364807
0.10686454176902771
0.16126684844493866
0.12287814915180206
0.1955455243587494
0.09542184323072433
0.07000960409641266
0.06435798108577728
0.19137899577617645
0.05072639137506485
0.09607049822807312
0.07424481958150864
0.16996145248413086
0.16585834324359894
0.13585546612739563
0.25504833459854126
0.21112263202667236
0.17365995049476624
0.17942382395267487
0.13722345232963562
0.16497403383255005
0.11442440748214722
0.11926961690187454
0.19867080450057983
0.15977740287780762
0.20359334349632263
-0.026732712984085083
0.21741768717765808
0.10883669555187225
0.12097784131765366
0.12950414419174194
0.0826781690120697
0.24823305010795593
0.23411411046981812
0.08633142709732056
0.14412164688110352
0.2182401716709137
0.1385369598865509
0.17104998230934143
0.051054082810878754
0.04469652473926544
0.09334393590688705
0.28805315494537354
0.19924861192703247
0.14750483632087708
0.17700858414173126
0.12058025598526001
0.2366158366203308
0.19745314121246338
0.10015922784805298
0.054567161947488785
0.15151511132717133
0.1709512621164322
0.25143373012542725
0.26278170943260193
0.24256372451782227
0.10020709037780762
0.13851456344127655
0.002550549805164337
0.18838302791118622
0.1373787224292755
0.11946142464876175
0.19549208879470825
0.2063753753900528
0.1836082637310028
0.021326012909412384
0.11068319529294968
0.2708870768547058
0.14310474693775177
0.151948943734169
0.05913391709327698
0.04840399697422981
0.18744906783103943
0.02224937081336975
0.056646592915058136
0.16399328410625458
0.22354882955551147
0.13812243938446045
0.15892639756202698
0.142058327794075
0.19593793153762817
0.09510789811611176
0.0726785957813263
0.05901294946670532
0.020741276443004608
0.15604716539382935
0.16151443123817444
0.14509224891662598
0.19522002339363098
-0.0005928874015808105
0.10373805463314056
0.19086024165153503
0.06720921397209167
0.2611197233200073
0.11965147405862808
0.10263677686452866
0.08868499100208282
0.12697535753250122
0.10620800405740738
0.11605674028396606
0.041502006351947784
0.1508173644542694
0.12302455306053162
0.0808335691690445
0.08516758680343628
0.20556731522083282
0.13545851409435272
0.10740620642900467
0.012396790087223053
0.16985195875167847
0.03605549782514572
0.14259116351604462
0.1482950896024704
0.18320026993751526
0.1405211091041565
0.13403618335723877
0.17024998366832733
0.1468733847141266
0.0303264781832695
0.1766166388988495
0.2138277292251587
0.14355458319187164
0.24302531778812408
0.1192919984459877
0.0795092061161995
0.0894702672958374
0.14883990585803986
0.12061014771461487
0.18889811635017395
0.08833961933851242
0.21654221415519714
0.19670289754867554
0.1709134578704834
0.20313721895217896
0.20715583860874176
0.19495099782943726
0.11748769879341125
0.07152184098958969
0.20884095132350922
0.13098901510238647
0.1252325028181076
0.1892230361700058
0.1843855381011963
0.16491751372814178
0.16410428285598755
0.17040285468101501
0.144685298204422
-0.056350983679294586
0.13739725947380066
0.21963243186473846
0.08400231599807739
0.17926424741744995
0.06531241536140442
0.2890402674674988
0.055198390036821365
0.15648847818374634
0.21515966951847076
0.23822325468063354
0.07546462118625641
0.19384253025054932
0.16535110771656036
0.15702222287654877
0.20127058029174805
0.07269509136676788
0.049183234572410583
0.12293430417776108
0.18483132123947144
0.2550121545791626
0.21785509586334229
0.1289059966802597
0.12476055324077606
0.10925094783306122
0.18722543120384216
0.1871415227651596
0.008529119193553925
0.1824556440114975
0.17360948026180267
0.18043729662895203
0.157280832529068
0.05837118253111839
0.10415875166654587
0.057668305933475494
0.24787382781505585
0.0661720484495163
0.250695139169693
0.2214461863040924
0.1037808284163475
0.1281517744064331
0.10748706758022308
0.11128631234169006
0.10259440541267395
0.1967405080795288
0.24070370197296143
0.11231479048728943
0.15589645504951477
0.17467862367630005
0.06106288731098175
0.11880822479724884
0.0671028345823288
0.05960824340581894
0.18319225311279297
0.2919280529022217
0.15574783086776733
0.15245991945266724
0.03594271466135979
0.14455871284008026
0.2031911313533783
0.19934025406837463
0.12416379898786545
0.11448687314987183
0.13958103954792023
0.25706255435943604
0.26964038610458374
0.22514723241329193
0.17728254199028015
0.23379504680633545
0.1137109249830246
0.21531720459461212
0.08483316004276276
0.2312197983264923
0.26832687854766846
0.131790891289711
0.1798703819513321
0.16826319694519043
0.12071489542722702
0.2315032184123993
0.2486433982849121
0.20409515500068665
0.17314445972442627
0.10240393877029419
0.12694254517555237
0.16567282378673553
0.14246885478496552
0.141614630818367
0.23592300713062286
0.2010873258113861
0.12387563288211823
0.1901451051235199
0.10277962684631348
0.19077003002166748
0.0826152116060257
0.0573749877512455
0.1642114520072937
0.10172972828149796
0.11886129528284073
0.25615009665489197
0.06135637313127518
0.059264011681079865
0.13772790133953094
0.19096626341342926
0.12919262051582336
0.1781640350818634
0.16393235325813293
0.14431938529014587
0.09323783963918686
0.06268610805273056
0.13760848343372345
0.26238375902175903
0.2503352761268616
0.24433071911334991
0.13325746357440948
0.20784585177898407
0.1537197381258011
0.20319390296936035
0.1269504427909851
0.20462605357170105
0.1371702253818512
0.1538255214691162
0.15907394886016846
0.05161339044570923
0.25078001618385315
0.21957801282405853
0.07287006080150604
0.17683376371860504
0.1290116310119629
0.17055034637451172
0.07463948428630829
0.18713703751564026
0.09983313828706741
0.1404726207256317
0.28325355052948
