0.228746235370636
0.25889790058135986
0.18171174824237823
0.23545405268669128
0.2322593480348587
0.23443955183029175
0.24202273786067963
0.22283177077770233
0.23089517652988434
0.25983911752700806
0.23786261677742004
0.23949027061462402
0.21724824607372284
0.16927631199359894
0.16928604245185852
0.2572929561138153
0.170272558927536
0.15688277781009674
0.0912494882941246
0.202024444937706
0.08784930408000946
0.22917266190052032
0.1601591259241104
0.18702757358551025
0.20585863292217255
0.1646166890859604
0.15905971825122833
0.11860103905200958
0.25543031096458435
0.09602908790111542
0.0650976151227951
0.04780516028404236
0.1454876959323883
0.0818677470088005
0.04555791988968849
0.13020482659339905
0.048261404037475586
0.1970878392457962
-0.19460836052894592
0.03500494733452797
0.04769063740968704
0.21952687203884125
-0.004888985771685839
0.04833730682730675
0.38187989592552185
0.060545798391103745
0.33181777596473694
0.10618818551301956
0.3177534341812134
0.20811982452869415
0.1366334855556488
0.1440422534942627
0.2984258234500885
0.4001277685165405
0.0603400394320488
-0.011862706393003464
0.24122409522533417
0.2861088216304779
0.06114353612065315
0.03645758703351021
0.15331342816352844
0.12971122562885284
0.18227773904800415
-0.044242098927497864
0.16453243792057037
0.15715079009532928
0.10753340274095535
0.1368490606546402
0.10654256492853165
0.14986373484134674
0.20251545310020447
0.11912036687135696
0.19041866064071655
0.11903136968612671
0.22653931379318237
0.19101393222808838
0.23090267181396484
0.2640143036842346
0.25183388590812683
0.1673656404018402
0.19063253700733185
0.2628649175167084
0.18254265189170837
0.244744673371315
0.20499706268310547
0.24144020676612854
0.23122142255306244
0.3111306428909302
0.17788651585578918
0.26691076159477234
0.15976448357105255
0.21964524686336517
0.15639786422252655
0.19193094968795776
0.13054420053958893
0.25544100999832153
0.12485180050134659
0.19801212847232819
0.3102113604545593
0.21382743120193481
0.24730822443962097
0.16640570759773254
0.18988603353500366
0.08556270599365234
0.17892464995384216
0.2186560183763504
0.2195890247821808
0.22508803009986877
0.1967751532793045
0.1389726847410202
0.1677779257297516
0.2589277923107147
0.1425773948431015
0.22063815593719482
0.300836443901062
0.21664826571941376
0.11907046288251877
0.15020519495010376
0.24044686555862427
0.19121986627578735
0.2547113299369812
0.08553095906972885
0.2427799105644226
0.05795149505138397
0.18556486070156097
0.20969939231872559
0.23916202783584595
0.2414807677268982
0.2162177562713623
0.20919989049434662
0.26384437084198
0.25161489844322205
0.2392413169145584
0.2707890570163727
0.17020118236541748
0.17135639488697052
0.26135915517807007
0.18623681366443634
0.172556534409523
0.27661585807800293
0.17340205609798431
0.24173910915851593
0.1568438857793808
0.21222546696662903
0.24979597330093384
0.29065436124801636
0.21376635134220123
0.15974712371826172
0.22402824461460114
0.2509559392929077
0.18301862478256226
0.29812008142471313
0.22739318013191223
0.22466576099395752
0.20424962043762207
0.2605363130569458
0.2484743595123291
0.2786104083061218
0.22404223680496216
0.18845213949680328
0.2153913825750351
0.31667500734329224
0.2649514973163605
0.2982582449913025
0.2387477606534958
0.24540181457996368
0.09147421270608902
0.30933570861816406
0.22877080738544464
0.206252321600914
0.1768995076417923
0.2611803412437439
0.25428295135498047
0.22501122951507568
0.22623202204704285
0.2365606427192688
0.22366423904895782
0.19048205018043518
0.2470821589231491
0.3096908926963806
0.12666183710098267
0.14477968215942383
0.13898171484470367
0.2143278419971466
0.2885538935661316
0.22178713977336884
0.16822461783885956
0.23264053463935852
0.24830865859985352
0.2732057571411133
0.1674150675535202
0.1585748791694641
0.21807096898555756
0.18534250557422638
0.23588095605373383
0.24173042178153992
0.2142394483089447
0.17497996985912323
0.224014014005661
0.29822927713394165
0.250325471162796
0.22828273475170135
0.3124389052391052
0.2737840712070465
0.16919183731079102
0.21616485714912415
0.2376193404197693
0.23312318325042725
0.24785849452018738
0.2375786155462265
0.2348499298095703
0.14734594523906708
0.2753441333770752
0.2221725881099701
0.23834985494613647
0.18708810210227966
0.24055127799510956
0.09382934868335724
0.12660761177539825
0.11996259540319443
0.21267682313919067
0.2903132736682892
0.19357216358184814
0.205126091837883
0.2471242994070053
0.19525457918643951
0.24914275109767914
0.2483244240283966
0.17549151182174683
0.21405893564224243
0.03563714772462845
0.2711919844150543
0.15076926350593567
0.17853061854839325
0.25183725357055664
0.17207574844360352
0.23552969098091125
0.21201074123382568
0.1893552988767624
0.18101434409618378
0.19801528751850128
0.1550871729850769
0.22007670998573303
0.23391997814178467
0.1527140885591507
0.26721832156181335
0.20556670427322388
0.15946398675441742
0.2530503273010254
0.1599961370229721
0.26011624932289124
0.22756898403167725
0.25165536999702454
0.22386084496974945
0.27456918358802795
0.2815989851951599
0.23046700656414032
0.2715549170970917
0.2520225942134857
0.22466447949409485
0.2847966253757477
0.17609383165836334
0.11363599449396133
0.16247759759426117
0.19553910195827484
0.2110062688589096
0.25847241282463074
0.2615763247013092
0.1409955620765686
0.245580792427063
0.241276353597641
0.15498584508895874
0.25321826338768005
0.22002090513706207
0.23077520728111267
0.10014500468969345
0.23819316923618317
0.19074100255966187
0.2519848644733429
0.20548053085803986
0.18833224475383759
0.189653679728508
0.11213725060224533
0.23127339780330658
0.13407498598098755
0.08230167627334595
0.2600717544555664
0.1716911345720291
0.19397781789302826
0.2612563371658325
0.1923120766878128
0.281001478433609
0.1880502551794052
0.167740136384964
0.24752891063690186
0.2233986258506775
0.2681581377983093
0.22918686270713806
0.29948118329048157
0.15390942990779877
0.13761065900325775
-0.027776002883911133
0.20729321241378784
0.25229811668395996
0.198764830827713
0.1281978338956833
0.2409791350364685
0.17386342585086823
0.12630757689476013
0.2662414014339447
0.19810180366039276
0.2441866248846054
0.20782892405986786
0.2112618088722229
0.22199507057666779
0.15237309038639069
0.16523560881614685
0.08298337459564209
0.2618583142757416
0.2287849634885788
0.20315143465995789
0.1505080759525299
0.2080027163028717
0.20700855553150177
0.2315884828567505
0.31206873059272766
0.2840850055217743
0.273481160402298
0.2541263997554779
0.23660896718502045
0.04963119700551033
0.238357812166214
0.14165160059928894
0.2146269977092743
0.21025115251541138
0.18959680199623108
0.2543282210826874
0.21617014706134796
0.2206551879644394
0.21777139604091644
0.25552529096603394
0.11102110892534256
0.2544853091239929
0.20461736619472504
0.24672958254814148
0.16532161831855774
0.13594858348369598
0.2604244351387024
0.19529320299625397
0.12861965596675873
0.14072491228580475
0.22707940638065338
0.16853384673595428
0.20972944796085358
0.1333858072757721
0.25352299213409424
0.2529510259628296
0.24767301976680756
0.14485149085521698
0.18825723230838776
0.29989227652549744
0.2713909447193146
0.12491395324468613
0.23357149958610535
0.178228959441185
0.21234329044818878
0.15444833040237427
0.16792342066764832
0.22437381744384766
0.18476901948451996
0.23138684034347534
0.22911116480827332
0.07161575555801392
0.1347609907388687
0.1782003790140152
0.192201167345047
0.19483084976673126
0.24279147386550903
0.13830997049808502
0.1856813132762909
0.2408592700958252
0.16759996116161346
0.22819408774375916
0.2839142084121704
0.21763095259666443
0.18442049622535706
0.22902338206768036
0.2665565609931946
0.24523323774337769
0.1633833795785904
0.23865120112895966
0.21865344047546387
0.18679900467395782
0.15449121594429016
0.15985441207885742
0.24781784415245056
0.21781837940216064
0.1430513560771942
0.2480049729347229
0.14956048130989075
0.28599977493286133
0.10911404341459274
0.14048881828784943
0.1728842705488205
0.18560422956943512
0.16371139883995056
0.1772698014974594
0.11408498883247375
0.2683902084827423
0.1885489821434021
0.1375940889120102
0.18842466175556183
0.24525459110736847
0.22174958884716034
0.20828187465667725
0.2321052849292755
0.16854582726955414
0.12864409387111664
0.2074640393257141
0.14927853643894196
0.22347241640090942
0.17575150728225708
0.21186496317386627
0.19011566042900085
0.2496839016675949
0.11199340224266052
0.10911402106285095
0.2261715978384018
0.24431517720222473
0.19525755941867828
0.1575985848903656
0.22563545405864716
0.16044557094573975
0.24217842519283295
0.18361660838127136
0.05129682645201683
0.16734668612480164
0.17296381294727325
0.05729326605796814
0.25254252552986145
0.2232120931148529
0.22479291260242462
0.12631849944591522
0.19967204332351685
0.1627839058637619
0.126175194978714
0.23845449090003967
0.19754010438919067
0.23494012653827667
0.21952463686466217
0.13409754633903503
0.2211826890707016
0.16966025531291962
0.13287077844142914
0.17723745107650757
0.13944490253925323
0.24064390361309052
0.3122972249984741
0.22354018688201904
0.18633213639259338
0.19242680072784424
0.2132224291563034
0.24501080811023712
0.11785564571619034
0.1415613889694214
0.19683250784873962
0.17089666426181793
0.13573776185512543
0.17538785934448242
0.15187707543373108
0.19754454493522644
0.22455275058746338
0.18408319354057312
0.21886004507541656
0.20842620730400085
0.25664418935775757
0.13593177497386932
0.23477934300899506
-0.04045633226633072
0.15952998399734497
0.24158482253551483
0.09349389374256134
0.16864322125911713
0.15183426439762115
0.15151019394397736
0.10797357559204102
0.1494009792804718
0.27665960788726807
0.23964327573776245
0.1926376223564148
0.07874298840761185
0.20526790618896484
0.16665078699588776
0.2191781997680664
-0.004475217778235674
0.1231360211968422
0.12611225247383118
0.12130922079086304
0.25945937633514404
0.13707542419433594
0.22014214098453522
0.11004012823104858
0.17055806517601013
0.18838109076023102
0.047389235347509384
0.09134319424629211
0.20353521406650543
0.1653885692358017
0.15897218883037567
0.11931859701871872
0.20557397603988647
0.17959311604499817
0.15280458331108093
0.20730751752853394
0.14808489382266998
0.15180809795856476
0.0928594246506691
0.08388499915599823
0.18292132019996643
0.23205584287643433
0.20944787561893463
0.190803661942482
0.1001172661781311
0.18652194738388062
0.13931356370449066
0.109107606112957
0.1270860880613327
0.18082037568092346
0.20155510306358337
0.12877044081687927
0.0700576975941658
0.10738510638475418
0.12984144687652588
0.11180028319358826
0.04674096032977104
0.11980292201042175
0.15393151342868805
0.15486042201519012
0.25212153792381287
0.25995883345603943
0.17154130339622498
0.15414993464946747
0.2351083755493164
0.1881290078163147
0.11178165674209595
0.16802093386650085
0.15416930615901947
0.21304798126220703
0.19289261102676392
0.09056823700666428
0.1922827810049057
0.21736447513103485
0.16913393139839172
0.21301767230033875
0.17779164016246796
0.11704254895448685
0.21237048506736755
0.25391486287117004
0.04526018351316452
0.14561781287193298
0.06349429488182068
0.11023680120706558
0.09871150553226471
0.19367516040802002
0.23269063234329224
0.19870436191558838
0.11870947480201721
0.15929719805717468
0.21327289938926697
0.039015233516693115
0.17800790071487427
0.15785947442054749
0.09491762518882751
0.23175424337387085
0.13415884971618652
0.20059584081172943
0.21790441870689392
0.19991330802440643
0.08892680704593658
0.19804450869560242
0.14477568864822388
0.12706583738327026
0.18700651824474335
0.15314336121082306
0.17283427715301514
0.13738349080085754
0.1444845199584961
0.16060881316661835
0.27173081040382385
-0.08503063768148422
0.15763713419437408
0.15700413286685944
0.06620980054140091
0.14669924974441528
0.17652754485607147
0.12192466109991074
0.08683226257562637
0.19385534524917603
0.18089109659194946
0.1792818307876587
-0.005711465608328581
0.008325748145580292
0.08786790817975998
0.03612368926405907
0.13570690155029297
0.18351393938064575
0.10112918168306351
0.11608751118183136
0.09006275236606598
0.16731587052345276
0.1076212152838707
0.09800504148006439
0.16970472037792206
0.154384046792984
0.004685046151280403
0.04017011076211929
0.10493181645870209
0.1972053349018097
0.2023952603340149
0.1763562262058258
0.12420659512281418
0.13205285370349884
0.1530645340681076
0.0517069436609745
0.15198369324207306
0.18663567304611206
0.037589654326438904
0.028910286724567413
0.11673089116811752
0.180643692612648
0.09329870343208313
0.09444739669561386
0.10975614190101624
0.13941819965839386
0.057414907962083817
0.08466382324695587
0.15822967886924744
0.18616896867752075
0.1600160002708435
0.046107690781354904
0.18399108946323395
0.1330215036869049
0.18262821435928345
0.14712123572826385
0.12512870132923126
0.11303646862506866
0.04987199231982231
0.10914206504821777
0.1874304860830307
0.18569360673427582
0.11477705091238022
0.14976748824119568
0.16679324209690094
0.003091498976573348
0.20560629665851593
0.12316969782114029
0.09084502607584
0.23520231246948242
0.12856030464172363
0.14411237835884094
0.02283376269042492
-0.0020080418325960636
0.15317462384700775
0.043647557497024536
0.13583984971046448
0.07176277041435242
0.13265253603458405
0.04318755120038986
0.1278596669435501
0.18263298273086548
0.023830752819776535
0.14346635341644287
0.23921765387058258
0.11683137714862823
0.19087566435337067
0.15525378286838531
0.005118140950798988
0.21541444957256317
-0.07412844896316528
0.16005076467990875
0.1586163192987442
0.139037624001503
-0.15569710731506348
0.07183932512998581
0.10518989711999893
0.14043834805488586
0.06183132156729698
0.09500312060117722
0.19351524114608765
0.16381624341011047
0.2103058397769928
0.09160808473825455
0.15244875848293304
0.01689298264682293
0.02175353467464447
0.12957614660263062
0.1474699229001999
0.19060829281806946
0.025679565966129303
0.1501612812280655
0.10464993864297867
0.05133460462093353
0.1980639398097992
0.15202534198760986
0.24868258833885193
0.12389452755451202
0.07450950145721436
0.14001139998435974
-0.00804787129163742
0.13619355857372284
0.03768164664506912
0.18337896466255188
0.1630321741104126
0.16036584973335266
0.04732338339090347
-0.016091464087367058
0.144093856215477
0.10839511454105377
-0.013563718646764755
0.06350436806678772
0.1185312494635582
0.06708197295665741
0.06934022158384323
0.025084523484110832
0.10426152497529984
0.09105842560529709
0.12949500977993011
0.12239545583724976
0.10230276733636856
0.21549583971500397
0.07657500356435776
0.006820608861744404
0.06125424802303314
0.16828283667564392
0.07067940384149551
-0.058489859104156494
0.011366110295057297
0.03822935372591019
0.16086934506893158
0.004310075659304857
-0.05515550076961517
0.12515398859977722
0.09694074094295502
0.11106383055448532
0.19205933809280396
0.04781751334667206
0.06414932012557983
0.005582847166806459
0.11921413987874985
0.1272820085287094
-0.02821090631186962
0.12220975756645203
0.05262389034032822
0.010172206908464432
0.11525577306747437
0.16797345876693726
0.04830499738454819
0.14172367751598358
0.056325480341911316
0.09399326890707016
0.1323990821838379
0.12370707094669342
0.057768937200307846
0.034433379769325256
0.15585100650787354
0.13695111870765686
0.10875812917947769
0.15150633454322815
0.09039435535669327
0.15526436269283295
0.13341426849365234
0.22960498929023743
0.04278499633073807
0.2144303172826767
0.09946351498365402
0.027806028723716736
0.024457819759845734
0.033380553126335144
0.11579345166683197
0.01569952629506588
0.07591847330331802
-0.0890500545501709
0.0016623428091406822
0.1893879622220993
0.04446611553430557
0.13346825540065765
0.061690278351306915
0.09687083214521408
0.14832168817520142
0.01828746125102043
0.06943464279174805
-0.026098456233739853
0.07227954268455505
0.14120067656040192
0.06709688901901245
0.049393340945243835
0.18512997031211853
-0.0472734197974205
0.03196272253990173
0.0848480612039566
0.1454017609357834
0.01581234112381935
0.05711090564727783
0.1449606865644455
0.2248374968767166
0.04524289071559906
-0.006155797280371189
-0.0034645991399884224
0.11874189972877502
0.02186404913663864
0.17951348423957825
0.060959525406360626
0.07456440478563309
-0.04032018035650253
0.20745307207107544
0.13359029591083527
0.19164569675922394
0.1308971643447876
0.00722825713455677
0.15072745084762573
0.1160905584692955
0.18076170980930328
0.01168974582105875
0.1520732194185257
-0.020315013825893402
0.11176491528749466
0.05694553256034851
-0.030822934582829475
0.12326816469430923
0.07507289946079254
0.12167998403310776
0.07125841081142426
0.16350886225700378
0.1256134808063507
0.09970783442258835
0.11787485331296921
0.1542729288339615
0.05426963046193123
0.15651366114616394
0.09834341704845428
0.09074140340089798
0.047236695885658264
0.07925912737846375
0.02832164242863655
0.1055612713098526
0.10465243458747864
-0.0045479293912649155
0.1573377400636673
0.16046585142612457
0.052688583731651306
0.10216113924980164
0.21480199694633484
0.11615393310785294
0.05834755301475525
0.09643460810184479
0.1330399066209793
0.12031659483909607
0.00046872952952980995
0.04318446293473244
-0.08458247780799866
0.14488473534584045
-0.0504002720117569
0.010178431868553162
-0.06404165923595428
0.009613036178052425
0.002935784636065364
0.007381067611277103
0.22997668385505676
0.07200399041175842
0.16949144005775452
0.0826667994260788
-0.0020962106063961983
0.15144887566566467
0.0568033903837204
0.12948308885097504
-0.004992681089788675
0.031029678881168365
-0.00330453272908926
0.040256183594465256
-0.03948542848229408
0.04653997719287872
0.10373795032501221
0.13995122909545898
0.037030868232250214
0.04227416217327118
0.03569406270980835
0.008666671812534332
0.009643548168241978
0.1294437050819397
0.11928179860115051
0.04507187008857727
-0.023062599822878838
0.1163506954908371
0.1989753097295761
0.20752257108688354
0.06205807998776436
0.022459518164396286
-0.02630109339952469
0.18069396913051605
0.015478651039302349
-0.08630754053592682
0.2044183760881424
0.10253750532865524
0.1514211744070053
0.08066608011722565
0.17750521004199982
-0.0379854254424572
0.13757114112377167
-0.017485620453953743
0.06386252492666245
0.12139137834310532
0.0653882548213005
-0.07012224942445755
0.09672912955284119
0.05943400412797928
0.08383813500404358
0.10145462304353714
0.18304668366909027
0.14872612059116364
0.22796915471553802
-0.023978661745786667
-0.018566228449344635
-0.04593910649418831
0.02134925127029419
0.0708465725183487
0.12201689928770065
0.13283635675907135
0.027519753202795982
0.08877477049827576
0.02274026721715927
-0.005645391996949911
-0.10794923454523087
-0.014691212214529514
-0.0413033626973629
0.07206141203641891
0.06767868250608444
0.34225162863731384
0.05581400543451309
0.15666261315345764
0.12672989070415497
-0.029032433405518532
-0.05142092704772949
0.12786166369915009
0.06717627495527267
0.12841255962848663
0.10420750826597214
0.13919378817081451
0.1251356452703476
-0.013279219157993793
0.10928785800933838
0.03564318269491196
0.08386565744876862
-0.08345133066177368
0.2906173765659332
-0.0428227037191391
0.1927061527967453
0.12968285381793976
0.0374414399266243
0.10988310724496841
0.16011261940002441
0.16443219780921936
0.12081282585859299
0.13819368183612823
0.2237151563167572
0.22517924010753632
0.011968240141868591
0.1440279483795166
0.059470973908901215
0.07217109203338623
0.1911906898021698
-0.06781373918056488
0.04709002375602722
0.1815738081932068
0.1758641004562378
0.04093576967716217
0.046791478991508484
0.017515389248728752
0.144524946808815
0.08795318752527237
0.18835261464118958
0.02636105939745903
0.050017502158880234
0.05695466324687004
0.03673906251788139
0.027056310325860977
0.1426626294851303
0.05284002423286438
0.02637271024286747
0.0492854118347168
0.12637431919574738
0.1111297458410263
0.09371038526296616
0.05398780107498169
0.05690356343984604
0.08922611176967621
0.15819695591926575
0.07975436747074127
0.1015959158539772
0.11361278593540192
0.12081228941679001
