0.2560931444168091
0.2561880052089691
0.2313704788684845
0.24945810437202454
0.25957176089286804
0.2561948895454407
0.24875646829605103
0.25577303767204285
0.24934053421020508
0.2688993215560913
0.24805361032485962
0.26058050990104675
0.2438926100730896
0.20719408988952637
0.21942156553268433
0.2641977369785309
0.21490204334259033
0.2278902530670166
0.1888488233089447
0.22137519717216492
0.1744098663330078
0.2437620460987091
0.18398511409759521
0.22701911628246307
0.2570861279964447
0.23186150193214417
0.23495471477508545
0.16478130221366882
0.2753830552101135
0.2223430871963501
0.20321209728717804
0.19506555795669556
0.27970942854881287
0.1887931525707245
0.20071537792682648
0.2585567235946655
0.1764489710330963
0.2549970746040344
0.12185689806938171
0.15922001004219055
0.1506550908088684
0.46748095750808716
0.12515446543693542
0.1839006096124649
0.15743184089660645
0.21235708892345428
0.284610390663147
0.09133349359035492
0.25910791754722595
0.2917025089263916
0.1862485557794571
0.2212275117635727
0.4009258449077606
0.3133903741836548
0.19256222248077393
0.18674851953983307
0.34114471077919006
0.30836039781570435
0.18284791707992554
0.19712293148040771
0.2312564253807068
0.25286853313446045
0.21446560323238373
0.16271284222602844
0.20330658555030823
0.24214264750480652
0.14643269777297974
0.22106818854808807
0.1939656138420105
0.21131916344165802
0.23436304926872253
0.19555486738681793
0.20616133511066437
0.20592008531093597
0.2660900056362152
0.24600782990455627
0.26839131116867065
0.25410616397857666
0.2454216480255127
0.19142122566699982
0.22027713060379028
0.2782480716705322
0.2074454128742218
0.2543114423751831
0.23951014876365662
0.233443021774292
0.2717939019203186
0.28167515993118286
0.2356036752462387
0.25661519169807434
0.22164025902748108
0.22940576076507568
0.2283560037612915
0.23638547956943512
0.19864827394485474
0.2895379364490509
0.1946042776107788
0.2579837739467621
0.29593950510025024
0.2567591667175293
0.2564220726490021
0.2219809889793396
0.24392148852348328
0.2004925012588501
0.21743187308311462
0.24313847720623016
0.24006441235542297
0.24086976051330566
0.2264578491449356
0.1998005509376526
0.2390381544828415
0.27617567777633667
0.20399069786071777
0.26065462827682495
0.30175185203552246
0.24999146163463593
0.1794661283493042
0.22237201035022736
0.2569245398044586
0.27440598607063293
0.24282333254814148
0.15415364503860474
0.24915499985218048
0.16993869841098785
0.253534734249115
0.2550225853919983
0.24289287626743317
0.24557605385780334
0.2638423442840576
0.26017847657203674
0.2800891101360321
0.2803977429866791
0.25556105375289917
0.263024240732193
0.22810819745063782
0.23665809631347656
0.23054425418376923
0.25607830286026
0.25887900590896606
0.2589360177516937
0.24089422821998596
0.18790555000305176
0.18723607063293457
0.2415568232536316
0.23330405354499817
0.2502007782459259
0.24819141626358032
0.22179371118545532
0.28455162048339844
0.24600708484649658
0.272632896900177
0.21714365482330322
0.2665625810623169
0.24480509757995605
0.23544485867023468
0.2147471010684967
0.2390943169593811
0.28161412477493286
0.2771245539188385
0.2819397449493408
0.2645955979824066
0.23415136337280273
0.21042215824127197
0.1916397213935852
0.21909579634666443
0.25319695472717285
0.24535250663757324
0.23256643116474152
0.24001049995422363
0.2577252686023712
0.20489969849586487
0.20157524943351746
0.22129249572753906
0.20909762382507324
0.2279873639345169
0.25324881076812744
0.24692925810813904
0.20165276527404785
0.2603960931301117
0.2834494113922119
0.24595673382282257
0.26610124111175537
0.24369078874588013
0.22926472127437592
0.25649353861808777
0.23730462789535522
0.24117232859134674
0.2678815424442291
0.24079957604408264
0.19284391403198242
0.24303191900253296
0.24938014149665833
0.227772518992424
0.23070746660232544
0.2501019239425659
0.18839965760707855
0.1991978883743286
0.26265856623649597
0.19024178385734558
0.21591755747795105
0.249399334192276
0.25087103247642517
0.2056119590997696
0.20551571249961853
0.2949334681034088
0.23075810074806213
0.2389196902513504
0.22311821579933167
0.18084114789962769
0.2587781548500061
0.25330692529678345
0.2257828712463379
0.18261700868606567
0.25321444869041443
0.25280851125717163
0.1618398129940033
0.20235155522823334
0.2683311104774475
0.20539116859436035
0.19433896243572235
0.2193378359079361
0.17796796560287476
0.21843215823173523
0.16949205100536346
0.17311206459999084
0.2322101593017578
0.26262375712394714
0.27560368180274963
0.23487679660320282
0.24364152550697327
0.1928243488073349
0.23576655983924866
0.24730345606803894
0.25726523995399475
0.22746410965919495
0.19394691288471222
0.21728363633155823
0.17190037667751312
0.19294053316116333
0.06818954646587372
0.24564917385578156
0.23354633152484894
0.24311737716197968
0.1621951311826706
0.21397316455841064
0.23738250136375427
0.23944514989852905
0.189252570271492
0.20616698265075684
0.24228322505950928
0.20767198503017426
0.2615092694759369
0.25003212690353394
0.2151196300983429
0.254332572221756
0.13016019761562347
0.13303032517433167
0.18479742109775543
0.21526777744293213
0.20285101234912872
0.2289513796567917
0.24250328540802002
0.22917470335960388
0.23340091109275818
0.23718039691448212
0.20632606744766235
0.17375558614730835
0.21498966217041016
0.27629557251930237
0.1873985379934311
0.22986435890197754
0.19908693432807922
0.1838497370481491
0.2831248939037323
0.23131658136844635
0.1585419923067093
0.20954276621341705
0.09336887300014496
0.16235662996768951
0.246129110455513
0.19433355331420898
0.24331162869930267
0.23632396757602692
0.16617807745933533
0.1550128310918808
0.19187387824058533
0.1696702241897583
0.22155974805355072
0.20102861523628235
0.22398820519447327
0.1428951919078827
0.16412915289402008
0.22476619482040405
0.21762000024318695
0.19855326414108276
0.18560437858104706
0.18871410191059113
0.2521423101425171
0.20366865396499634
0.16923005878925323
0.25678959488868713
0.16096307337284088
0.10253925621509552
0.14755065739154816
0.16115820407867432
0.12414978444576263
0.19235610961914062
0.18356943130493164
0.21677446365356445
0.16304616630077362
0.12237731367349625
0.19756650924682617
0.18606245517730713
0.18858793377876282
0.22480203211307526
0.16183920204639435
0.09641861915588379
0.1528153270483017
0.24689479172229767
0.14115996658802032
0.12482074648141861
0.172188401222229
0.22152209281921387
0.16910558938980103
0.15961168706417084
0.16218560934066772
0.18865031003952026
0.23630698025226593
0.1659126877784729
0.23106662929058075
0.17558427155017853
0.19058507680892944
0.07834985852241516
0.16387155652046204
0.2293369174003601
0.18011288344860077
0.1086956113576889
0.1496618390083313
0.18163035809993744
0.12370748817920685
0.22271358966827393
0.13317275047302246
0.15862329304218292
0.21549105644226074
0.17942805588245392
0.15709753334522247
0.15689489245414734
0.1464615911245346
0.11863294988870621
0.1357394903898239
0.16603800654411316
0.17444896697998047
0.12957674264907837
0.14509713649749756
0.12205567210912704
0.20447757840156555
0.07992955297231674
0.11576927453279495
0.20573683083057404
0.17260779440402985
0.07160992920398712
0.1516680121421814
0.09788838773965836
0.08586186170578003
0.08036871254444122
0.1797330379486084
0.13394945859909058
0.08797715604305267
0.12618780136108398
0.1617712676525116
0.15064936876296997
0.15751047432422638
0.17630261182785034
0.11699890345335007
0.1674378365278244
0.1352137327194214
0.1284615844488144
0.13327133655548096
0.15995542705059052
0.09396715462207794
0.12569141387939453
0.19390299916267395
0.1454445868730545
0.1338644176721573
0.05787956342101097
0.13554798066616058
0.08872658014297485
0.11311298608779907
0.05841017886996269
0.1561553180217743
0.14040598273277283
0.11360868066549301
0.14152789115905762
0.13511833548545837
0.15776124596595764
0.07874477654695511
0.09483449161052704
0.08240390568971634
0.12208658456802368
0.10852394998073578
0.15879951417446136
0.03002054989337921
0.062167245894670486
0.18781395256519318
0.11381520330905914
0.10713393241167068
0.1638878434896469
0.12340809404850006
0.15155334770679474
0.08396311104297638
0.11012347042560577
0.07319629192352295
0.14926783740520477
0.12854786217212677
0.13632309436798096
0.11294887959957123
0.0997268557548523
0.10072502493858337
0.11139240860939026
0.09271368384361267
0.10425203293561935
0.04489968717098236
0.1597760170698166
0.1480366289615631
0.08822017908096313
0.10870218276977539
0.10355039685964584
0.14444349706172943
0.04763078689575195
0.02859584242105484
0.21344149112701416
0.08544608950614929
0.07610394060611725
0.09867852181196213
0.09383200109004974
0.06892707198858261
0.11346699297428131
0.1127580925822258
0.08588355034589767
0.15446525812149048
0.06384281069040298
0.09874618053436279
0.10254000872373581
0.07492879778146744
0.11377544701099396
0.06896108388900757
0.08638747781515121
0.07936334609985352
0.06617002189159393
0.11490575969219208
0.05001920089125633
0.09968556463718414
0.17067334055900574
0.09596739709377289
0.07781520485877991
0.11194763332605362
0.12615840137004852
0.13749507069587708
0.006257840432226658
0.08489885926246643
0.05592411756515503
0.09467111527919769
0.15796998143196106
0.10632471740245819
0.06706942617893219
0.04962662607431412
0.09805428981781006
0.08477874845266342
0.04861472174525261
0.03398566693067551
0.11305756866931915
0.09291505813598633
0.13397930562496185
0.16400998830795288
0.06943953037261963
0.05497783422470093
0.10781258344650269
0.0861072987318039
0.09324033558368683
0.10058224201202393
0.09780170768499374
0.18043123185634613
0.12096726894378662
0.13493983447551727
0.09956201910972595
0.11795409023761749
0.06879504024982452
0.058613941073417664
0.13302767276763916
0.12570969760417938
0.09165734052658081
0.17211322486400604
0.06977871805429459
0.13426996767520905
0.154245987534523
0.023740611970424652
0.09947922825813293
0.14484934508800507
0.1367754340171814
0.023790748789906502
0.05404580384492874
0.08844567835330963
0.1303255558013916
0.08315260708332062
0.11815808713436127
0.027839114889502525
0.07545289397239685
0.11618775874376297
0.06240484118461609
0.10777248442173004
0.11722828447818756
0.127165749669075
0.09596666693687439
0.06305421143770218
0.119427889585495
0.11177851259708405
0.10845819115638733
0.01259482279419899
0.08395852148532867
0.1109997108578682
0.05081917718052864
0.11873535811901093
0.11324982345104218
0.04953114688396454
0.08471125364303589
0.03824811801314354
0.05546410381793976
0.09115807712078094
0.09779195487499237
0.08600951731204987
0.10192130506038666
0.0637861043214798
0.03614151477813721
0.06931888312101364
0.04282671585679054
0.14541569352149963
0.0714239701628685
0.09274478256702423
0.04850219190120697
0.07564888149499893
0.11160635203123093
0.15816211700439453
0.12218392640352249
0.13373897969722748
0.07781678438186646
0.12306953966617584
0.05965535715222359
0.07689518481492996
0.13337767124176025
0.10652953386306763
0.059782229363918304
0.13979116082191467
0.09147993475198746
0.09176108986139297
0.09200986474752426
0.06713983416557312
0.07799862325191498
0.08556952327489853
0.03711681440472603
0.042462289333343506
0.06883889436721802
0.11981139332056046
0.08039944618940353
0.0967438817024231
0.15171822905540466
0.10604763776063919
0.09971631318330765
0.1353570967912674
0.11864124238491058
0.1482338011264801
0.12498347461223602
0.13884291052818298
0.1517314314842224
0.08014969527721405
0.10566087812185287
0.04358166083693504
0.08867776393890381
0.05750894173979759
0.10985156148672104
0.037949711084365845
0.12444142252206802
0.06488102674484253
0.08425721526145935
0.08797553926706314
0.13658620417118073
0.07204130291938782
0.07341452687978745
0.07786041498184204
0.126680389046669
0.04204715043306351
0.1674107313156128
0.10123046487569809
0.10780006647109985
0.05357489362359047
0.05501443147659302
0.06589853763580322
0.09182784706354141
0.08762088418006897
0.04353201761841774
0.14826951920986176
0.0711960718035698
0.09236183762550354
0.06899970769882202
0.06579256802797318
0.10979042202234268
0.12700612843036652
0.10238288342952728
0.08319530636072159
0.13012608885765076
0.13327768445014954
0.12535540759563446
0.16872331500053406
0.11089606583118439
0.10328347235918045
0.03386540710926056
0.11000290513038635
0.16276182234287262
0.014926610514521599
0.11520089209079742
0.12257009744644165
0.10859654098749161
0.011859767138957977
0.15503452718257904
0.06840349733829498
0.07874426245689392
0.06797584891319275
0.10090626031160355
0.09621560573577881
0.10514699667692184
0.13666731119155884
0.12503020465373993
0.15139678120613098
0.11859185993671417
0.1116187795996666
0.08747304975986481
0.09917908906936646
0.06594643741846085
0.052906960248947144
0.13089832663536072
0.044062741100788116
0.06390489637851715
0.08199019730091095
0.04000154882669449
0.1731998771429062
0.09897025674581528
0.13151860237121582
0.12713998556137085
0.07311829924583435
-0.006460152566432953
0.08319733291864395
0.08595714718103409
0.13318224251270294
0.1283598691225052
0.11806383728981018
0.14348722994327545
0.11213618516921997
0.17953243851661682
0.09411994367837906
0.08417799323797226
0.06739474087953568
0.07331396639347076
0.046696219593286514
0.08871910721063614
0.1731438934803009
0.053033020347356796
0.034928418695926666
0.10897582769393921
0.07012718915939331
0.11165805906057358
0.06829194724559784
0.12633268535137177
0.10324839502573013
0.10681861639022827
0.118901327252388
0.17212513089179993
0.07106036692857742
0.09527531266212463
0.1334153115749359
0.13950228691101074
0.052823565900325775
0.06663498282432556
0.01409335620701313
0.07305050641298294
0.11768309772014618
0.10409694910049438
0.035257428884506226
0.08811382949352264
0.01602127030491829
0.08382352441549301
0.0895531177520752
0.13054290413856506
0.07031401991844177
0.07303348183631897
0.08564213663339615
0.11464852094650269
0.14344045519828796
0.06624280661344528
0.06058192625641823
0.06053857132792473
0.14915695786476135
0.07314551621675491
0.0976114273071289
0.12093568593263626
0.08070631325244904
0.02180550806224346
0.0094943568110466
0.1260697990655899
0.13017456233501434
0.03132282942533493
0.02549600787460804
0.09922783821821213
0.07152561098337173
0.1011224091053009
0.11281697452068329
0.14510810375213623
0.07174866646528244
0.05671451985836029
0.04085641726851463
0.05531999468803406
0.12268903106451035
0.05928627401590347
0.06059052795171738
0.0673280581831932
0.04572348669171333
0.05881594866514206
0.031053442507982254
0.019799886271357536
-0.0007958542555570602
0.08463849872350693
0.06973952054977417
0.11120142042636871
0.08409061282873154
0.02969076670706272
0.059751659631729126
0.05544314160943031
-0.0026178788393735886
0.06821919232606888
0.05113731324672699
0.050078146159648895
0.08727087825536728
0.08674590289592743
0.09268991649150848
0.060296591371297836
0.09033103287220001
0.06472575664520264
0.09129522740840912
0.08699437975883484
0.05504627898335457
0.007404218427836895
0.1668451726436615
0.03360050916671753
-0.007559861987829208
0.1488809883594513
0.06377056986093521
0.105817511677742
0.15086020529270172
0.08288232982158661
0.042083825916051865
0.07491244375705719
0.0634540319442749
0.05858379602432251
0.11258632689714432
0.08950714766979218
0.10442580282688141
0.0540345162153244
0.039648160338401794
0.11787848174571991
0.015415645204484463
0.09166283160448074
0.1033511608839035
0.07740438729524612
0.048680033534765244
0.03206878527998924
0.07241407781839371
0.005491584539413452
0.023166872560977936
0.026193756610155106
0.050091348588466644
0.1132652685046196
0.05613412335515022
0.14380024373531342
0.08843164145946503
0.08073004335165024
0.05948596075177193
0.10195332765579224
0.04503175988793373
0.13326646387577057
0.09973165392875671
0.05716346576809883
0.12030601501464844
0.08761604130268097
0.050968337804079056
-0.0005590617656707764
0.03547273203730583
0.08997873961925507
0.025378216058015823
0.002429043874144554
0.0855783075094223
0.02521464042365551
0.04292480647563934
0.08134831488132477
0.08062943816184998
0.04685868322849274
0.044493578374385834
0.1293964684009552
0.11769001185894012
0.08341504633426666
0.03715012967586517
0.023923594504594803
0.07132036238908768
0.03733687847852707
0.11663949489593506
0.09605811536312103
0.07434850931167603
0.0561303086578846
0.038450855761766434
0.12129060178995132
0.002890452742576599
0.011779086664319038
0.030290672555565834
0.08050279319286346
0.09355470538139343
0.01443086750805378
0.03105252981185913
0.0687260851264
0.05028371885418892
0.06516894698143005
0.03339773416519165
0.12777386605739594
0.07462649047374725
0.07774175703525543
0.05786547064781189
0.024727294221520424
0.055303461849689484
0.1520954668521881
0.011596607975661755
0.10291977226734161
0.06048354506492615
-0.020495165139436722
0.06384525448083878
0.020253146067261696
0.032670874148607254
0.13513249158859253
0.13154083490371704
-0.005561825819313526
-0.021232321858406067
-0.009856007061898708
0.1023598462343216
0.09316153824329376
0.05069999396800995
0.022691741585731506
0.06819191575050354
0.061272088438272476
0.007717379368841648
0.0715223178267479
0.05025126039981842
0.06506282836198807
0.04307388514280319
0.028748299926519394
0.07120516896247864
0.06210837513208389
0.016298465430736542
0.02637045830488205
0.0940486341714859
0.058030180633068085
0.08380067348480225
0.026505246758461
0.07033251225948334
0.015545513480901718
0.030364470556378365
0.03988032042980194
0.0914398729801178
0.053749650716781616
0.02842269092798233
0.08684299886226654
0.01875493861734867
0.051630862057209015
0.05952860414981842
0.08431690186262131
0.10092321038246155
0.05153841897845268
0.03912714123725891
0.10672524571418762
0.026620429009199142
0.039585795253515244
0.09360100328922272
0.08041764795780182
0.06367327272891998
0.010261050425469875
0.1114862933754921
-0.001338510774075985
0.03405370935797691
0.04425495117902756
0.03514699265360832
0.04485560581088066
0.18957999348640442
0.028370864689350128
0.08442290872335434
0.0294511578977108
0.054491374641656876
0.014144839718937874
0.02755516767501831
0.05511339753866196
0.06157628074288368
0.03220580145716667
0.0740726888179779
0.0775814950466156
0.0957503393292427
0.03583157807588577
0.01094909943640232
0.03022623062133789
0.046739645302295685
0.03190569579601288
0.10788359493017197
0.06491915881633759
0.05444985628128052
0.040247317403554916
0.03206644207239151
0.0569118931889534
0.08444596827030182
0.040748480707407
0.03208558261394501
0.023147858679294586
0.043479882180690765
0.06816506385803223
0.0757007896900177
0.10650382936000824
0.02128547988831997
0.0026084119454026222
0.03930176794528961
0.021001096814870834
0.07624150812625885
0.035354357212781906
0.11323394626379013
0.0751117691397667
0.06617508828639984
0.05800880864262581
0.021580684930086136
-0.018623244017362595
0.14906534552574158
0.03238804265856743
0.042504750192165375
0.012897254899144173
0.08096511662006378
0.07139834761619568
0.1258237659931183
0.07832515239715576
0.025951344519853592
0.04584451764822006
0.11885113269090652
0.07438657432794571
0.0805320143699646
0.08070330321788788
0.06211743503808975
0.12041572481393814
0.056048471480607986
0.10977159440517426
0.031902506947517395
0.015881074592471123
0.20438680052757263
0.1366724967956543
0.08237750828266144
0.011033395305275917
0.1842612624168396
0.03702808916568756
0.0697130560874939
0.12308692932128906
0.07040402293205261
0.046527739614248276
0.05438147485256195
0.05965280160307884
0.01865406334400177
0.07758553326129913
0.04484770447015762
0.01803717203438282
0.04369158297777176
0.11024938523769379
0.05743610858917236
0.08446504175662994
0.09712736308574677
0.06925727427005768
0.08283746987581253
0.06338430941104889
0.05283994972705841
0.054559413343667984
0.04504295438528061
0.08532432466745377
0.06982222944498062
0.04447338730096817
0.03172815591096878
0.1224791631102562
0.03743390366435051
0.08102697134017944
0.08694332838058472
0.11044876277446747
0.08928996324539185
0.04602540284395218
0.120163194835186
0.05677315220236778
0.08786825090646744
