0.4219312071800232
0.4432162344455719
0.38177311420440674
0.42650535702705383
0.4247162342071533
0.42596668004989624
0.4299611747264862
0.41711345314979553
0.4226512610912323
0.44687554240226746
0.4246223568916321
0.43109947443008423
0.4115544259548187
0.3655342757701874
0.3711671233177185
0.444108247756958
0.371401309967041
0.3604375123977661
0.30465272068977356
0.39379894733428955
0.2992192506790161
0.419938862323761
0.35948142409324646
0.3856337070465088
0.40369635820388794
0.3686251640319824
0.36742517352104187
0.32219648361206055
0.4450138807296753
0.3205469250679016
0.2964150309562683
0.27809861302375793
0.3677394986152649
0.30566611886024475
0.2782537043094635
0.35425668954849243
0.26890429854393005
0.400931179523468
0.06817136704921722
0.2478405386209488
0.24202539026737213
0.4565260112285614
0.19220373034477234
0.21068993210792542
0.4325801730155945
0.15705381333827972
0.4235159754753113
0.19251716136932373
0.4593554139137268
0.3809378743171692
0.2860564589500427
0.2579931914806366
0.520430862903595
0.5518819093704224
0.2484191209077835
0.21380755305290222
0.43704965710639954
0.4675667881965637
0.2686168849468231
0.2584829330444336
0.365440309047699
0.35094285011291504
0.38358208537101746
0.2051004320383072
0.361202597618103
0.3600977063179016
0.3054383099079132
0.348588764667511
0.3191626965999603
0.3529726266860962
0.39507782459259033
0.32293179631233215
0.37905699014663696
0.3239502012729645
0.4235893785953522
0.3899482488632202
0.4271984398365021
0.448224812746048
0.43266022205352783
0.36773669719696045
0.38725635409355164
0.4523653984069824
0.3751373291015625
0.43234771490097046
0.3987419605255127
0.4240034818649292
0.4322667717933655
0.4873370826244354
0.3797660171985626
0.44895505905151367
0.36586934328079224
0.4072502851486206
0.3546355962753296
0.3930918574333191
0.33429819345474243
0.4474259316921234
0.3245512843132019
0.4034164547920227
0.48987215757369995
0.41047927737236023
0.4463791251182556
0.3626643717288971
0.3897450864315033
0.29675760865211487
0.3757155239582062
0.4088192582130432
0.4084915220737457
0.4204312264919281
0.3896128237247467
0.341921865940094
0.3711092472076416
0.4516507387161255
0.34812843799591064
0.41640710830688477
0.4871078133583069
0.40570002794265747
0.31790751218795776
0.35351914167404175
0.4329793453216553
0.3995543420314789
0.4375910758972168
0.296573668718338
0.43308883905410767
0.2740362286567688
0.3961530327796936
0.4045643210411072
0.43334105610847473
0.4318821430206299
0.4188201129436493
0.4087073802947998
0.45181047916412354
0.4488903284072876
0.4252472519874573
0.4576657712459564
0.37303173542022705
0.3040505647659302
0.44895806908607483
0.3337423503398895
0.4083154797554016
0.4456937313079834
0.4442368149757385
0.3596814274787903
0.4281477928161621
0.4311547875404358
0.4491831660270691
0.48683997988700867
0.4734058082103729
0.42530882358551025
0.4597693085670471
0.448591411113739
0.46140244603157043
0.4134409427642822
0.4369394779205322
0.36414408683776855
0.441800594329834
0.30163145065307617
0.4125220477581024
0.4168163239955902
0.4539784789085388
0.4281730055809021
0.3372746706008911
0.37457191944122314
0.41584503650665283
0.41483914852142334
0.3757562041282654
0.37291616201400757
0.4522014558315277
0.40826132893562317
0.4186868667602539
0.4186186194419861
0.4707888662815094
0.4459293782711029
0.4514940083026886
0.420921266078949
0.3907032608985901
0.40894627571105957
0.4408847391605377
0.459153413772583
0.3963046073913574
0.480762779712677
0.4966506063938141
0.24003463983535767
0.4161474108695984
0.38084760308265686
0.4542774260044098
0.44835829734802246
0.37292569875717163
0.4365914762020111
0.3711676597595215
0.4508010745048523
0.38385602831840515
0.3460583984851837
0.18199971318244934
0.40468671917915344
0.42363840341567993
0.4923241138458252
0.31103530526161194
0.3836054801940918
0.37138575315475464
0.3791367709636688
0.43241941928863525
0.4466683864593506
0.33580726385116577
0.519875168800354
0.3676703870296478
0.42624351382255554
0.40113455057144165
0.4076216220855713
0.4285837709903717
0.36077016592025757
0.46685707569122314
0.43651700019836426
0.4428689777851105
0.48246484994888306
0.410308837890625
0.4339876174926758
0.41166573762893677
0.4219551682472229
0.487734317779541
0.41600775718688965
0.4522380530834198
0.35036641359329224
0.47733739018440247
0.4723736643791199
0.4058539569377899
0.4602546989917755
0.3066839575767517
0.42407113313674927
0.46677249670028687
0.41250550746917725
0.39596253633499146
0.3630056381225586
0.3846801519393921
0.31578725576400757
0.4082125723361969
0.4436723589897156
0.35518890619277954
0.42290863394737244
0.4550418257713318
0.40063905715942383
0.3340953588485718
0.3963051438331604
0.3562892973423004
0.4402596056461334
0.4154110550880432
0.36152178049087524
0.458543598651886
0.3905225396156311
0.3673345446586609
0.4080686569213867
0.4183424115180969
0.40130415558815
0.4133642911911011
0.460746705532074
0.42793968319892883
0.4491771459579468
0.4835197329521179
0.43478187918663025
0.45198091864585876
0.40596267580986023
0.48813313245773315
0.44932958483695984
0.3751046061515808
0.35239851474761963
0.4700327515602112
0.3551400303840637
0.4442213177680969
0.44301778078079224
0.44010666012763977
0.32449305057525635
0.44098466634750366
0.41638046503067017
0.43805503845214844
0.3894813358783722
0.42659732699394226
0.45128965377807617
0.37277016043663025
0.4458201825618744
0.43983447551727295
0.44051751494407654
0.4604809284210205
0.36964017152786255
0.39561471343040466
0.4486406445503235
0.4179820418357849
0.4167596101760864
0.355692058801651
0.35365796089172363
0.40568414330482483
0.4007185697555542
0.42997297644615173
0.34692561626434326
0.3928707242012024
0.4421197772026062
0.3955373167991638
0.44618427753448486
0.35924774408340454
0.4084431529045105
0.3881182074546814
0.4417310655117035
0.4329838752746582
0.37091881036758423
0.42571210861206055
0.36273473501205444
0.3556497097015381
0.4047299325466156
0.4158857762813568
0.2811651825904846
0.3845716714859009
0.4121042490005493
0.42877715826034546
0.36722660064697266
0.45969778299331665
0.4599042236804962
0.4235583543777466
0.3524591624736786
0.4641842544078827
0.377774715423584
0.40350478887557983
0.45576903223991394
0.3863300681114197
0.4245452582836151
0.4351017475128174
0.38823288679122925
0.37438541650772095
0.38045620918273926
0.4144033193588257
0.3975653648376465
0.41021299362182617
0.39152833819389343
0.3734235167503357
0.4371611773967743
0.49032384157180786
0.4086553752422333
0.35675281286239624
0.3670662045478821
0.45897555351257324
0.4098743796348572
0.4493912160396576
0.342708557844162
0.3220699429512024
0.4437538683414459
0.4039148688316345
0.42190778255462646
0.44046229124069214
0.25889334082603455
0.42064985632896423
0.4649999141693115
0.38101816177368164
0.4001302719116211
0.4482281804084778
0.4322660565376282
0.36607176065444946
0.3533858060836792
0.43642961978912354
0.46064960956573486
0.4828658998012543
0.38958844542503357
0.38006824254989624
0.45674335956573486
0.3597932457923889
0.4076683521270752
0.42952820658683777
0.38543522357940674
0.3200616240501404
0.24561236798763275
0.4275638163089752
0.35219454765319824
0.400907427072525
0.3512303829193115
0.4611590504646301
0.3497028350830078
0.42112308740615845
0.44544097781181335
0.40846073627471924
0.39379167556762695
0.4656856656074524
0.4233672022819519
0.40359532833099365
0.40464499592781067
0.4117831587791443
0.3817250430583954
0.40534454584121704
0.3367070257663727
0.36558687686920166
0.3559618592262268
0.4446164667606354
0.37451934814453125
0.45351332426071167
0.36190614104270935
0.4671555459499359
0.4397517740726471
0.4502759873867035
0.4025728404521942
0.4400172531604767
0.34710633754730225
0.41713693737983704
0.36169978976249695
0.4866451025009155
0.4611380994319916
0.31917890906333923
0.3808775544166565
0.4083883762359619
0.3104385733604431
0.4024074077606201
0.41856423020362854
0.4535699188709259
0.4624347686767578
0.4020959138870239
0.3461949825286865
0.38454848527908325
0.42066437005996704
0.44481009244918823
0.41758251190185547
0.3998597264289856
0.38830357789993286
0.4058687686920166
0.4088071286678314
0.20876246690750122
0.43547114729881287
0.38994282484054565
0.42874398827552795
0.3622628152370453
0.35557007789611816
0.3995088040828705
0.4705955386161804
0.37610018253326416
0.342200368642807
0.35754653811454773
0.45841366052627563
0.37750494480133057
0.4052928686141968
0.4278707504272461
0.3757207989692688
0.4688681960105896
0.46071285009384155
0.4117901623249054
0.4437958300113678
0.4438394606113434
0.4421507716178894
0.315364807844162
0.43882858753204346
0.31085672974586487
0.4199299216270447
0.2978409230709076
0.4396671652793884
0.3544139862060547
0.4062995910644531
0.4460975229740143
0.3391101658344269
0.4204072952270508
0.4050409197807312
0.40138864517211914
0.4202406406402588
0.34291890263557434
0.42003530263900757
0.3617894947528839
0.3791038691997528
0.4027280807495117
0.38487160205841064
0.39286309480667114
0.3929543197154999
0.42694491147994995
0.3897019028663635
0.36873161792755127
0.38898131251335144
0.47207391262054443
0.33365917205810547
0.4873763620853424
0.45661991834640503
0.45882272720336914
0.3552313446998596
0.3368128836154938
0.42535901069641113
0.34132474660873413
0.411460280418396
0.4125968813896179
0.341846227645874
0.4564463496208191
0.38267940282821655
0.44463974237442017
0.40743792057037354
0.37408703565597534
0.398245245218277
0.4036760628223419
0.44196048378944397
0.29203784465789795
0.44148001074790955
0.39739754796028137
0.37916693091392517
0.370669424533844
0.39772388339042664
0.4231056571006775
0.40404796600341797
0.47797462344169617
0.3655881881713867
0.37342843413352966
0.3348701596260071
0.47076892852783203
0.3953994810581207
0.4367903470993042
0.4076293110847473
0.384868323802948
0.3991825580596924
0.35904568433761597
0.40707793831825256
0.3338780403137207
0.3884342908859253
0.3842458128929138
0.43479907512664795
0.4062172770500183
0.43677669763565063
0.39530861377716064
0.38456955552101135
0.4052313566207886
0.37092116475105286
0.3410199284553528
0.4789253771305084
0.3640439510345459
0.3340926766395569
0.3971608877182007
0.42953628301620483
0.414870023727417
0.44066524505615234
0.46877509355545044
0.40159428119659424
0.3802918791770935
0.29418784379959106
0.3452310562133789
0.39623212814331055
0.33806294202804565
0.39129433035850525
0.4708261489868164
0.3523901104927063
0.3405052423477173
0.4725669324398041
0.41807615756988525
0.29238858819007874
0.4470294713973999
0.35776448249816895
0.41730690002441406
0.39966773986816406
0.3315977156162262
0.3902815580368042
0.35535091161727905
0.41081681847572327
0.35023918747901917
0.345307320356369
0.32388830184936523
0.35791322588920593
0.3246852457523346
0.3654767572879791
0.27795666456222534
0.4222540855407715
0.37923532724380493
0.3560975193977356
0.3528262674808502
0.3445303440093994
0.318794310092926
0.35999584197998047
0.35355257987976074
0.42709895968437195
0.42152321338653564
0.37997061014175415
0.4524173438549042
0.4327844977378845
0.351273775100708
0.4104773998260498
0.36763373017311096
0.3537064790725708
0.45234787464141846
0.4374743700027466
0.42534711956977844
0.4460291862487793
0.3254064917564392
0.4107024073600769
0.32295840978622437
0.30862122774124146
0.33483830094337463
0.41319453716278076
0.35881319642066956
0.4748556911945343
0.36057910323143005
0.3839883804321289
0.4375534951686859
0.45658761262893677
0.40116727352142334
0.4265229403972626
0.40664756298065186
0.3883475065231323
0.35239776968955994
0.45899060368537903
0.40446001291275024
0.4546542167663574
0.3204581141471863
0.3856658637523651
0.39306730031967163
0.32384711503982544
0.43201249837875366
0.4412887394428253
0.3886011242866516
0.378290057182312
0.4387817978858948
0.42518216371536255
0.22582872211933136
0.4065731167793274
0.4179166257381439
0.3656812906265259
0.45426902174949646
0.3710758090019226
0.38503527641296387
0.24387821555137634
0.3615821599960327
0.4030059278011322
0.4041787087917328
0.41129010915756226
0.30464112758636475
0.3585160970687866
0.4192293882369995
0.37715908885002136
0.40495991706848145
0.3132269084453583
0.39920663833618164
0.36383089423179626
0.31882375478744507
0.3949662446975708
0.3938659429550171
0.4337223470211029
0.41183578968048096
0.3697415888309479
0.41990700364112854
0.41833701729774475
0.3939400017261505
0.4170873165130615
0.4166083335876465
0.42740994691848755
0.39417320489883423
0.4316653907299042
0.4400804340839386
0.37459808588027954
0.24829250574111938
0.4000526964664459
0.39483243227005005
0.3523831069469452
0.40374666452407837
0.4330812096595764
0.29599398374557495
0.35979360342025757
0.3814689517021179
0.3385578989982605
0.2981007397174835
0.40294063091278076
0.39032429456710815
0.44005805253982544
0.43795865774154663
0.4277421534061432
0.15479952096939087
0.38487985730171204
0.39450499415397644
0.4123706817626953
0.43277719616889954
0.34220635890960693
0.33179596066474915
0.4143804907798767
0.3072957992553711
0.3838350772857666
0.27283939719200134
0.38558733463287354
0.3831426501274109
0.3796382546424866
0.43091362714767456
0.4083715081214905
0.3407898545265198
0.3678445816040039
0.3950809836387634
0.26050764322280884
0.36786121129989624
0.45214229822158813
0.37587839365005493
0.28326112031936646
0.3924243152141571
0.33669042587280273
0.3760892152786255
0.4345327615737915
0.3513586223125458
0.42222192883491516
0.39661070704460144
0.3471464514732361
0.3573525547981262
0.3645325303077698
0.4414093792438507
0.33038586378097534
0.35358527302742004
0.38549721240997314
0.3565039336681366
0.31470876932144165
0.3543906509876251
0.20604969561100006
0.3841747045516968
0.37211155891418457
0.3869428038597107
0.3625674843788147
0.3364447355270386
0.4143593907356262
0.39777153730392456
0.30909091234207153
0.38142573833465576
0.25190529227256775
0.35051479935646057
0.33334583044052124
0.43697166442871094
0.3395693302154541
0.3716510236263275
0.30197224020957947
0.3916837275028229
0.2587776482105255
0.37137603759765625
0.38974887132644653
0.29431208968162537
0.30301761627197266
0.3497832417488098
0.2770000696182251
0.412172794342041
0.33793145418167114
0.32346612215042114
0.42004722356796265
0.4032022953033447
0.3763542175292969
0.40608665347099304
0.3062993288040161
0.41154760122299194
0.36909040808677673
0.35114574432373047
0.3564993441104889
0.30140334367752075
0.37592482566833496
0.377817839384079
0.406818687915802
0.4066450595855713
0.29306042194366455
0.22887931764125824
0.35023370385169983
0.3955545127391815
0.3564561903476715
0.33377718925476074
0.4447680711746216
0.3755985498428345
0.31268510222435
0.38386982679367065
0.41341713070869446
0.3768209218978882
0.3797818124294281
0.4107378125190735
0.3403269648551941
0.3542976379394531
0.3608092665672302
0.3176059424877167
0.3451617956161499
0.3765842318534851
0.4115298390388489
0.36438629031181335
0.27688586711883545
0.4033240079879761
0.43050670623779297
0.3072846829891205
0.3147503435611725
0.20649346709251404
0.39084845781326294
0.2513596713542938
0.3578983545303345
0.22468939423561096
0.3480849862098694
0.32102248072624207
0.2968609929084778
0.4496477246284485
0.33046895265579224
0.41543975472450256
0.3204667568206787
0.409590482711792
0.3466430604457855
0.35089239478111267
0.23934586346149445
0.44093242287635803
0.4016551971435547
0.23917341232299805
0.3941192030906677
0.28607821464538574
0.4558686316013336
0.2896229326725006
0.4364526569843292
0.36247849464416504
0.38667428493499756
0.35457998514175415
0.33993780612945557
0.3606938421726227
0.2511201500892639
0.2756325900554657
0.3025776147842407
0.40983468294143677
0.43630021810531616
0.36055850982666016
0.38372790813446045
0.27365636825561523
0.37860918045043945
0.25968047976493835
0.42098039388656616
0.4083369970321655
0.42633071541786194
0.29343128204345703
0.2517654597759247
0.3598504066467285
0.3517517149448395
0.3456905484199524
0.16144444048404694
0.3638423979282379
0.3065730631351471
0.2808409333229065
0.2681163549423218
0.35412076115608215
0.286233514547348
0.37219786643981934
0.40494924783706665
0.35828083753585815
0.22580111026763916
0.3271012008190155
0.3405591547489166
0.3689527213573456
0.2980867028236389
0.3329153060913086
0.30227023363113403
0.37648874521255493
0.40881848335266113
0.36745119094848633
0.3479720652103424
0.197670117020607
0.39563775062561035
0.372507244348526
0.30669721961021423
0.1838582158088684
0.38343676924705505
0.4054192900657654
0.3366631269454956
0.36613819003105164
0.34275826811790466
0.2750624418258667
0.32439449429512024
0.27765363454818726
0.3787115216255188
0.37105250358581543
0.3940936326980591
0.3862544596195221
0.3229028880596161
0.41335710883140564
0.3427554965019226
0.30526167154312134
0.1815357208251953
0.33032768964767456
0.2965264916419983
0.31796252727508545
0.26464563608169556
0.3028046190738678
0.26987501978874207
0.3402709364891052
0.30215004086494446
0.4227880537509918
0.3565077781677246
0.3606320917606354
0.27597036957740784
0.36444270610809326
0.3630238175392151
0.3481435477733612
0.47121113538742065
0.35573649406433105
0.3925371766090393
0.35409608483314514
0.362997829914093
0.38961660861968994
0.38769134879112244
0.4428556561470032
0.3035268187522888
0.2571057081222534
0.3407234847545624
0.3820502758026123
0.3563629686832428
0.37854668498039246
0.3675547242164612
0.34605729579925537
0.21416586637496948
0.38833051919937134
0.40485578775405884
0.38768571615219116
0.393285870552063
0.15980646014213562
0.3585703372955322
0.3000192940235138
0.2745690941810608
0.3524704873561859
0.26837360858917236
0.31273871660232544
0.4102228283882141
0.23264910280704498
0.27100518345832825
0.3647698163986206
0.38816124200820923
0.4151468873023987
0.2881085276603699
0.38457903265953064
0.31177687644958496
0.3109694719314575
0.2868766486644745
0.14807693660259247
0.3477192223072052
0.3279556334018707
0.35877618193626404
0.3340010941028595
0.35034629702568054
0.33828848600387573
0.3203236162662506
0.3492630124092102
0.3610992729663849
0.34013980627059937
0.32779496908187866
0.23132963478565216
0.3462751507759094
0.2857438921928406
0.341295063495636
0.2258889526128769
0.27300283312797546
0.22974926233291626
0.41320598125457764
0.34696638584136963
0.3313034176826477
0.3038044571876526
0.3797837495803833
0.32674866914749146
0.37758731842041016
0.36672452092170715
0.23124614357948303
0.2715955078601837
0.25954464077949524
0.35861214995384216
0.35349369049072266
0.2109762579202652
0.46041202545166016
0.35958778858184814
0.4458193778991699
0.24838832020759583
0.2942122220993042
0.38303816318511963
0.38780003786087036
0.3263431787490845
0.17369922995567322
0.3494572341442108
0.3542953431606293
0.3303333818912506
0.3927049934864044
0.340198278427124
0.3121308982372284
0.23386786878108978
0.25072920322418213
0.3316781222820282
0.32121542096138
0.36052602529525757
0.2786334753036499
0.26130619645118713
0.2677881121635437
0.29402774572372437
0.3703441321849823
0.28797781467437744
0.31379589438438416
0.289667546749115
0.36182695627212524
0.33427703380584717
0.36406081914901733
0.32535532116889954
0.28680187463760376
0.366971492767334
0.3305412232875824
0.3135772943496704
0.3054733872413635
0.37904977798461914
0.3960358798503876
0.30256226658821106
0.3726940453052521
0.25409844517707825
0.30893397331237793
0.3556019067764282
0.24843399226665497
0.1793319284915924
0.25598254799842834
0.3810017704963684
0.3433537185192108
0.354289710521698
0.36600837111473083
0.33751705288887024
0.3710566759109497
0.33123093843460083
0.3433977961540222
0.2990429997444153
0.26811257004737854
