0.819191575050354
0.8222271203994751
0.7937143445014954
0.8195131421089172
0.8208573460578918
0.8198160529136658
0.8165832757949829
0.8172438740730286
0.8177028298377991
0.8306180238723755
0.8085809946060181
0.8241318464279175
0.8132859468460083
0.7702159881591797
0.7873444557189941
0.8288607597351074
0.7858023047447205
0.7810124158859253
0.744067907333374
0.7892400622367859
0.7352087497711182
0.8120563626289368
0.769894003868103
0.7931379675865173
0.8104862570762634
0.7884959578514099
0.7991127967834473
0.7444960474967957
0.8287896513938904
0.783097505569458
0.7705562710762024
0.7568405866622925
0.8251419067382812
0.7674267292022705
0.7719884514808655
0.8173014521598816
0.7233439683914185
0.8216214179992676
0.6106555461883545
0.701464831829071
0.6269398927688599
0.8928210735321045
0.564255952835083
0.4997457265853882
0.5936805605888367
0.48715266585350037
0.6664021015167236
0.3926064074039459
0.6827123165130615
0.7590848207473755
0.638333261013031
0.714446485042572
0.9815902709960938
0.853501558303833
0.665789783000946
0.7139233946800232
0.8430947065353394
0.8430676460266113
0.7180390954017639
0.7259262204170227
0.791276216506958
0.8867053985595703
0.7823448181152344
0.724283754825592
0.7747743129730225
0.7764973044395447
0.7313773036003113
0.7869080305099487
0.7455986142158508
0.765430748462677
0.7953152060508728
0.7471647262573242
0.7670277953147888
0.7554464340209961
0.8265414834022522
0.7940850257873535
0.8346980214118958
0.8232573866844177
0.8082509636878967
0.772835373878479
0.7920646667480469
0.8418101072311401
0.7655030488967896
0.8213715553283691
0.8005630970001221
0.7942802309989929
0.8447123169898987
0.8520853519439697
0.791443943977356
0.822242259979248
0.7858760356903076
0.7929425239562988
0.7676460146903992
0.8008162379264832
0.7572582960128784
0.8433560132980347
0.7409862875938416
0.8275572657585144
0.8655470013618469
0.8101377487182617
0.842749297618866
0.7755824327468872
0.8057882189750671
0.7361031174659729
0.7793712615966797
0.8018057942390442
0.7981157302856445
0.8197652101516724
0.7995294332504272
0.7586030960083008
0.7942876219749451
0.8434690833091736
0.7690212726593018
0.8178955316543579
0.8661242723464966
0.8062770962715149
0.7388210296630859
0.7799009680747986
0.8290759325027466
0.8364944458007812
0.8089302778244019
0.7219907641410828
0.8198601007461548
0.7318741679191589
0.8296976089477539
0.8170286417007446
0.8220592141151428
0.8211302161216736
0.8305317163467407
0.8217757940292358
0.8470790386199951
0.8513891696929932
0.8107264041900635
0.8342341780662537
0.7868446707725525
0.826835572719574
0.686242401599884
0.7828071713447571
0.7909772992134094
0.8160915374755859
0.8092443346977234
0.7906000018119812
0.8097614645957947
0.7888302206993103
0.8357812166213989
0.7937540411949158
0.813378632068634
0.7757498621940613
0.8047762513160706
0.7527481317520142
0.7871836423873901
0.8034835457801819
0.820184051990509
0.8156283497810364
0.8268176913261414
0.8586018681526184
0.8118055462837219
0.7917510271072388
0.8122043013572693
0.8469290137290955
0.8462967276573181
0.7553994059562683
0.8343912959098816
0.7890681028366089
0.8275713920593262
0.8452814817428589
0.8024865984916687
0.8403221368789673
0.7811463475227356
0.7901946902275085
0.8145300149917603
0.8100347518920898
0.8312051296234131
0.7336869835853577
0.7910199761390686
0.8615247011184692
0.7825335264205933
0.8154960870742798
0.8511742353439331
0.8130877614021301
0.8067407608032227
0.7475025653839111
0.8436777591705322
0.8089766502380371
0.8178178071975708
0.7502377033233643
0.7532668709754944
0.8289712071418762
0.8183879852294922
0.8007680177688599
0.812457799911499
0.7850250601768494
0.8007853627204895
0.7639298439025879
0.8303912281990051
0.8481777906417847
0.8077986836433411
0.8314107656478882
0.8665578365325928
0.8129016757011414
0.823013424873352
0.837824821472168
0.7863958477973938
0.8134099841117859
0.8045417070388794
0.8231630921363831
0.7897730469703674
0.7767564058303833
0.7159450650215149
0.799302875995636
0.7974939346313477
0.8049076199531555
0.8035821914672852
0.8021977543830872
0.8275803923606873
0.7733649611473083
0.760002613067627
0.8259375095367432
0.809144914150238
0.8105275630950928
0.7963039875030518
0.7772077918052673
0.7307835817337036
0.8322529792785645
0.7958877086639404
0.8397930860519409
0.8468925356864929
0.8324816823005676
0.8549731969833374
0.7949687838554382
0.8101993203163147
0.8277258276939392
0.8320484757423401
0.7091951966285706
0.833489179611206
0.7782078981399536
0.7904658913612366
0.7898391485214233
0.8194079399108887
0.6803960800170898
0.7927449345588684
0.7969001531600952
0.8132957816123962
0.6864846348762512
0.7688270807266235
0.8214125633239746
0.8253158330917358
0.8138578534126282
0.8018808960914612
0.8247623443603516
0.8243891000747681
0.800468921661377
0.8278251886367798
0.8010388612747192
0.8331828713417053
0.7767561674118042
0.8007535934448242
0.753040075302124
0.7866301536560059
0.7918451428413391
0.8441459536552429
0.8271644115447998
0.7808229923248291
0.8104275465011597
0.8318477869033813
0.7770477533340454
0.7863356471061707
0.8157826066017151
0.8433849811553955
0.7668153643608093
0.8395748734474182
0.8296056389808655
0.8068410158157349
0.8338276743888855
0.7877328395843506
0.8307065963745117
0.8276389837265015
0.8507640361785889
0.7808260917663574
0.7806668281555176
0.8316548466682434
0.8007705211639404
0.7481740713119507
0.7951188683509827
0.8037205338478088
0.77288419008255
0.8089149594306946
0.7606287002563477
0.7744688987731934
0.7941678762435913
0.8303095102310181
0.8253961801528931
0.7965465784072876
0.8276961445808411
0.8533429503440857
0.77974933385849
0.847771406173706
0.8073052167892456
0.7900955080986023
0.8423016667366028
0.829110324382782
0.8351011872291565
0.8007857799530029
0.8289324641227722
0.7731849551200867
0.7626808881759644
0.8517277240753174
0.8118829727172852
0.7996264696121216
0.8067348599433899
0.79360032081604
0.8040825724601746
0.8184946179389954
0.7743367552757263
0.8332914710044861
0.80394047498703
0.7969800233840942
0.8237768411636353
0.7735128402709961
0.7965847253799438
0.8438250422477722
0.8041993379592896
0.8137542009353638
0.8152275681495667
0.715067982673645
0.8035899996757507
0.8260385990142822
0.8088250756263733
0.7588145136833191
0.809027910232544
0.7363907098770142
0.7829084992408752
0.7434552311897278
0.7164808511734009
0.8467817306518555
0.7971004843711853
0.7849088907241821
0.8144755363464355
0.7596853971481323
0.8143916130065918
0.7043263912200928
0.6658209562301636
0.8064637184143066
0.7540348172187805
0.812989354133606
0.7747301459312439
0.7948833107948303
0.7642083764076233
0.7287024855613708
0.767905592918396
0.7239145040512085
0.8042576313018799
0.8236196041107178
0.8400853872299194
0.7927438616752625
0.8265066146850586
0.7755016088485718
0.7468540668487549
0.7402361035346985
0.8232429623603821
0.7967387437820435
0.7992503046989441
0.6975817680358887
0.8418996334075928
0.8003721833229065
0.8068045377731323
0.8005033135414124
0.8276768326759338
0.8175478577613831
0.7929007411003113
0.806164562702179
0.8077582716941833
0.8301901817321777
0.8059980273246765
0.8199907541275024
0.7973009347915649
0.7949691414833069
0.8101277351379395
0.8342207074165344
0.8035033941268921
0.7822674512863159
0.8089612722396851
0.7651969194412231
0.7967749238014221
0.7794938087463379
0.8238025903701782
0.8173456788063049
0.7991763949394226
0.7585911154747009
0.8096093535423279
0.7962335348129272
0.7575684785842896
0.7823612093925476
0.7818245887756348
0.8048286437988281
0.7324024438858032
0.843571126461029
0.776984453201294
0.83204185962677
0.8132082223892212
0.8304736018180847
0.8120937943458557
0.7768996357917786
0.7718794345855713
0.8173325061798096
0.8134282827377319
0.7682409286499023
0.8024051785469055
0.7648677229881287
0.7603293657302856
0.7408064007759094
0.765448808670044
0.8176618814468384
0.8091461062431335
0.733141303062439
0.7698516845703125
0.8104714155197144
0.7303085923194885
0.8432285785675049
0.8480883836746216
0.773909330368042
0.7860637903213501
0.7743434906005859
0.8166272640228271
0.7397575974464417
0.7655777931213379
0.8357458114624023
0.7802863121032715
0.7461576461791992
0.834708034992218
0.7800084352493286
0.7920108437538147
0.786485493183136
0.8341922163963318
0.77015221118927
0.8004519939422607
0.8271796703338623
0.7902979850769043
0.8197497129440308
0.7909829616546631
0.8003614544868469
0.7368614077568054
0.804175078868866
0.7311497926712036
0.8437290191650391
0.8177787661552429
0.7795447707176208
0.785121738910675
0.8023366928100586
0.8060465455055237
0.7877294421195984
0.8393237590789795
0.7459143996238708
0.7936259508132935
0.7461430430412292
0.7813766002655029
0.7517297863960266
0.7988943457603455
0.8255794048309326
0.8008886575698853
0.7858004570007324
0.764537513256073
0.7555885314941406
0.8177931904792786
0.7692617774009705
0.8261004686355591
0.8315103650093079
0.791110098361969
0.7661452889442444
0.7886945605278015
0.8449772000312805
0.7500197887420654
0.6818699240684509
0.790450930595398
0.7757198810577393
0.8273205161094666
0.8535011410713196
0.8156063556671143
0.7976015210151672
0.8072538375854492
0.8312727212905884
0.7721267342567444
0.7907596826553345
0.8114562034606934
0.8084844946861267
0.8515844941139221
0.8419854640960693
0.8298379182815552
0.7860726714134216
0.8342751860618591
0.8324307203292847
0.824396014213562
0.7827969193458557
0.7570894956588745
0.806932806968689
0.8054412007331848
0.7480118870735168
0.8262327313423157
0.7175008058547974
0.7962944507598877
0.8170189261436462
0.808260977268219
0.8316696882247925
0.8023907542228699
0.830513060092926
0.8446445465087891
0.76920485496521
0.8269495368003845
0.6971014738082886
0.7957208156585693
0.8256078958511353
0.8233727216720581
0.8242248296737671
0.8288747668266296
0.798545241355896
0.7601075768470764
0.7767871618270874
0.7465727925300598
0.7354292273521423
0.7648822665214539
0.7990928292274475
0.7131192088127136
0.7808261513710022
0.794211208820343
0.7486668825149536
0.7657461762428284
0.8040943145751953
0.8110219240188599
0.8262271285057068
0.7933472394943237
0.8340058922767639
0.6964267492294312
0.8034112453460693
0.751712441444397
0.7201915383338928
0.6539663076400757
0.7582756280899048
0.7973434329032898
0.79331374168396
0.8053545355796814
0.7870975732803345
0.7676914930343628
0.8101620078086853
0.8130900859832764
0.8146108984947205
0.7699483633041382
0.8117029666900635
0.8041387796401978
0.7936083674430847
0.7883039116859436
0.8430752754211426
0.7726317048072815
0.8192522525787354
0.7863386273384094
0.7761505842208862
0.7982988357543945
0.7761886119842529
0.8194350600242615
0.8349781036376953
0.8041250109672546
0.7358843684196472
0.7656311988830566
0.7658340930938721
0.7811203598976135
0.8395677208900452
0.808241069316864
0.768099308013916
0.7557254433631897
0.7661551237106323
0.8125213980674744
0.7521990537643433
0.7851515412330627
0.7816197872161865
0.8183940649032593
0.8103691339492798
0.8426679372787476
0.834984540939331
0.8122888803482056
0.7646297216415405
0.7898576855659485
0.7862046957015991
0.7905953526496887
0.7916162610054016
0.7452675104141235
0.6705062985420227
0.7863389253616333
0.757405161857605
0.7050203680992126
0.7907403707504272
0.8246530294418335
0.8330194354057312
0.7983293533325195
0.8249679207801819
0.8465334177017212
0.8082565665245056
0.7283167243003845
0.7646847367286682
0.8263508081436157
0.8137360215187073
0.8101092576980591
0.8071687817573547
0.83156818151474
0.7937337160110474
0.8191524147987366
0.7911087870597839
0.6894305348396301
0.8134441375732422
0.8226685523986816
0.796265721321106
0.7556236982345581
0.7350215911865234
0.7869760394096375
0.844046950340271
0.8133648037910461
0.7927072048187256
0.7902734279632568
0.7797123193740845
0.7791555523872375
0.743640124797821
0.7718242406845093
0.780822217464447
0.7744402885437012
0.8192099332809448
0.8503209352493286
0.7746012210845947
0.8526557683944702
0.7662039995193481
0.7537879943847656
0.7393487095832825
0.7976904511451721
0.7621292471885681
0.763154923915863
0.7934097051620483
0.7838516235351562
0.7719577550888062
0.7884916067123413
0.8174095153808594
0.7833539843559265
0.753246009349823
0.7768508195877075
0.8275531530380249
0.8235652446746826
0.7592242956161499
0.7622513771057129
0.7886621952056885
0.7854664325714111
0.7996079921722412
0.7556055188179016
0.7655134797096252
0.7937011122703552
0.7336206436157227
0.7635399699211121
0.7576720118522644
0.8156879544258118
0.7739408612251282
0.8294754028320312
0.7941456437110901
0.7635605335235596
0.7771520018577576
0.835584819316864
0.8205246925354004
0.786005437374115
0.8034512400627136
0.7110244035720825
0.7838680744171143
0.8198440074920654
0.7979024052619934
0.7817338109016418
0.7627319693565369
0.822777271270752
0.7916572093963623
0.7796290516853333
0.7895298004150391
0.8137321472167969
0.6881073713302612
0.6629509329795837
0.80730801820755
0.7634838223457336
0.678310215473175
0.8530092835426331
0.7886197566986084
0.8109533786773682
0.7762641906738281
0.7940309643745422
0.8377265930175781
0.7081440091133118
0.787564218044281
0.8481337428092957
0.7643703818321228
0.7307207584381104
0.7134212255477905
0.8121978044509888
0.8166559338569641
0.6605578064918518
0.824593186378479
0.7985569834709167
0.7795758843421936
0.6895852088928223
0.7231557965278625
0.7834656238555908
0.7822587490081787
0.7036312818527222
0.7798159718513489
0.8232083320617676
0.7657192349433899
0.8318647146224976
0.786138117313385
0.8003559112548828
0.7590100765228271
0.7694422006607056
0.8264108300209045
0.800413191318512
0.793444037437439
0.7995587587356567
0.7056123614311218
0.7785969376564026
0.7968076467514038
0.8322033286094666
0.8044370412826538
0.7326841950416565
0.7052684426307678
0.7547209858894348
0.7977727651596069
0.8160616159439087
0.7733064293861389
0.7007274627685547
0.7691537141799927
0.7933684587478638
0.7642459869384766
0.801273763179779
0.7238703966140747
0.7961198091506958
0.7762962579727173
0.7340813875198364
0.8350038528442383
0.8167005777359009
0.749480664730072
0.7460407018661499
0.8127725720405579
0.7637040615081787
0.7940449714660645
0.779308021068573
0.7187550663948059
0.7800471782684326
0.7109378576278687
0.7669762372970581
0.7416402697563171
0.660521388053894
0.794692873954773
0.7681008577346802
0.815449595451355
0.7457886934280396
0.7434684634208679
0.8343174457550049
0.8202947974205017
0.7793978452682495
0.7350410223007202
0.7946643233299255
0.7996348738670349
0.8210355043411255
0.7444136142730713
0.7164945006370544
0.7708503007888794
0.8158459067344666
0.7509387731552124
0.718551754951477
0.8203266263008118
0.7848799228668213
0.767024040222168
0.7250292301177979
0.810915470123291
0.8029621243476868
0.7865506410598755
0.717866063117981
0.7569067478179932
0.695888876914978
0.8246265053749084
0.8025642037391663
0.8052234053611755
0.7242151498794556
0.7388917803764343
0.8084686994552612
0.8379068374633789
0.743761420249939
0.7110452055931091
0.7475069761276245
0.8405749201774597
0.7611355781555176
0.7277888059616089
0.8157707452774048
0.7117561101913452
0.7568426132202148
0.768150806427002
0.8238599896430969
0.7325950860977173
0.7792196273803711
0.7200352549552917
0.6686030030250549
0.7563172578811646
0.7777911424636841
0.8593056201934814
0.7922534942626953
0.7815904021263123
0.697628915309906
0.8205398321151733
0.7861936092376709
0.8203116655349731
0.8110847473144531
0.7952365875244141
0.7715442776679993
0.8113007545471191
0.802424430847168
0.7992616891860962
0.7227509617805481
0.6847944259643555
0.7568706274032593
0.8002095818519592
0.7998788952827454
0.6206163167953491
0.7955324649810791
0.7802563905715942
0.7173433899879456
0.7741450667381287
0.7450345754623413
0.8101130723953247
0.8671700954437256
0.7885175943374634
0.8164398670196533
0.7916618585586548
0.7476810812950134
0.7408074140548706
0.809076726436615
0.7599048018455505
0.712009608745575
0.7866584658622742
0.7908908724784851
0.7941877245903015
0.7819135189056396
0.7854740023612976
0.7990450263023376
0.8210052847862244
0.7622146606445312
0.8128623366355896
0.792905330657959
0.7478316426277161
0.7864701747894287
0.7782682180404663
0.7606988549232483
0.7284373044967651
0.7810675501823425
0.7267377972602844
0.7726829051971436
0.7025567889213562
0.6722325086593628
0.8175974488258362
0.7824546694755554
0.7374486923217773
0.7543084621429443
0.7541360259056091
0.7923874258995056
0.638827383518219
0.8363342881202698
0.746468722820282
0.6372441053390503
0.8067638874053955
0.7714009881019592
0.7951352000236511
0.7414564490318298
0.7300564050674438
0.8003197908401489
0.6874973177909851
0.7578545808792114
0.7588245272636414
0.8149685263633728
0.7881454825401306
0.8009362816810608
0.7964248657226562
0.7977344393730164
0.7650991678237915
0.8145289421081543
0.7197625041007996
0.8192504048347473
0.7728471755981445
0.7952291965484619
0.7455494403839111
0.7400804758071899
0.8355128169059753
0.8178394436836243
0.7319625020027161
0.7857052087783813
0.7235966920852661
0.7636809945106506
0.7740492820739746
0.8243285417556763
0.714348316192627
0.7668282985687256
0.8074860572814941
0.723344624042511
0.8052560091018677
0.7512127757072449
0.7299802303314209
0.7378435730934143
0.7963330745697021
0.7015672326087952
0.8091001510620117
0.77400803565979
0.7021570205688477
0.7628510594367981
0.7069159746170044
0.7970229387283325
0.8198168873786926
0.7954798936843872
0.7598352432250977
0.7963384985923767
0.6839715242385864
0.831455647945404
0.8287869095802307
0.779330313205719
0.7071771025657654
0.7509794235229492
0.7406880855560303
0.6945199966430664
0.7819246649742126
0.7756702899932861
0.7925524711608887
0.7759367823600769
0.7964929342269897
0.6948143243789673
0.7546999454498291
0.7782240509986877
0.7098328471183777
0.7161625027656555
0.7967150807380676
0.7954586744308472
0.6774203181266785
0.7186569571495056
0.7341057062149048
0.7556026577949524
0.6699419021606445
0.7200385928153992
0.6782332062721252
0.7757284045219421
0.6973592042922974
0.716970682144165
0.7405000329017639
0.7258018255233765
0.7076022028923035
0.7613169550895691
0.8040999174118042
0.7758429050445557
0.8042583465576172
0.7940691113471985
0.7942991256713867
0.799726665019989
0.7123528122901917
0.7586191296577454
0.7090939283370972
0.6396023631095886
0.6669282913208008
0.7799744009971619
0.7495169043540955
0.7579250335693359
0.7435073256492615
0.7077434062957764
0.8057982325553894
0.7784274220466614
0.7443253397941589
0.7628737688064575
0.8150103688240051
0.7922236919403076
0.7491368055343628
0.8184561133384705
0.7986552715301514
0.7989819645881653
0.7803712487220764
0.8013077974319458
0.6987811923027039
0.7751339673995972
0.701900839805603
0.7119788527488708
0.659114420413971
0.7211008071899414
0.7605152130126953
0.6556562781333923
0.7525554299354553
0.7204124927520752
0.4838857352733612
0.7720067501068115
0.6971931457519531
0.6671772599220276
0.7777235507965088
0.6576272249221802
0.7497091889381409
0.7630335688591003
0.8166064023971558
0.6838271021842957
0.7675809860229492
0.7885156273841858
0.7952961325645447
0.7108475565910339
