0.12581661343574524
0.11943463981151581
0.11971774697303772
0.11663541942834854
0.12982165813446045
0.11933189630508423
0.10977964103221893
0.12845881283283234
0.11734345555305481
0.12699644267559052
0.10201036185026169
0.11522434651851654
0.12057074904441833
0.09362946450710297
0.09893108904361725
0.12477786093950272
0.10334930568933487
0.11628509312868118
0.08234397321939468
0.10227091610431671
0.08403227478265762
0.09561900794506073
0.0986841470003128
0.0771184042096138
0.0947709009051323
0.1023431047797203
0.11174463480710983
0.10450449585914612
0.09925484657287598
0.1010749489068985
0.0941198393702507
0.0923638567328453
0.08659175038337708
0.088267020881176
0.08264262229204178
0.0934395045042038
0.06996846199035645
0.08915489166975021
0.05425238236784935
0.07771985232830048
0.09943511337041855
0.09969348460435867
0.10104705393314362
0.10798339545726776
0.11512502282857895
0.0771816074848175
0.11951033025979996
0.09096654504537582
0.08612461388111115
0.10259345173835754
0.09420978277921677
0.10318229347467422
0.09924449771642685
0.07727715373039246
0.07460437715053558
0.08046799898147583
0.0940084382891655
0.08328827470541
0.08541737496852875
0.058068983256816864
0.07698886841535568
0.06767954677343369
0.11066267639398575
0.09614013880491257
0.07772179692983627
0.10177931189537048
0.07882092148065567
0.07415945827960968
0.09895186871290207
0.09910445660352707
0.08766982704401016
0.0991748571395874
0.10610383003950119
0.07486679404973984
0.09184200316667557
0.11786534637212753
0.08898366987705231
0.09168552607297897
0.07579348236322403
0.06049889326095581
0.08299271017313004
0.07373744994401932
0.09776143729686737
0.08590672165155411
0.11894068121910095
0.09008677303791046
0.07372477650642395
0.08424561470746994
0.08957640081644058
0.07637100666761398
0.11744187772274017
0.10997241735458374
0.0993005782365799
0.09374489635229111
0.08734887838363647
0.10294842720031738
0.0972537025809288
0.07846162468194962
0.07306399941444397
0.06870119273662567
0.052984386682510376
0.12533192336559296
0.08498286455869675
0.09407071769237518
0.082250215113163
0.10051849484443665
0.06739790737628937
0.09351292252540588
0.07804019004106522
0.11089898645877838
0.11406426131725311
0.08922014385461807
0.0926838144659996
0.08059074729681015
0.08449012041091919
0.08991435170173645
0.09437770396471024
0.07515058666467667
0.09973321855068207
0.07640524953603745
0.09022457152605057
0.07273972034454346
0.08060552924871445
0.05554875731468201
0.08921035379171371
0.07653440535068512
0.07496540248394012
0.08055905252695084
0.08899535983800888
0.10150725394487381
0.05756693705916405
0.08787640184164047
0.084694042801857
0.09544146806001663
0.09193550050258636
0.07445899397134781
0.10856463760137558
0.06600330770015717
0.07950993627309799
0.10615411400794983
0.07371370494365692
0.07043405622243881
0.0765487402677536
0.07496041804552078
0.10164650529623032
0.06149427592754364
0.09061466157436371
0.06033595651388168
0.1158786341547966
0.05650840327143669
0.06669475138187408
0.07954241335391998
0.10305391997098923
0.10989054292440414
0.10516823083162308
0.0727207288146019
0.08978958427906036
0.0913144126534462
0.09752308577299118
0.07887253165245056
0.07775124162435532
0.06353072822093964
0.09201397001743317
0.08830802887678146
0.09538702666759491
0.08324164897203445
0.09244447201490402
0.09399739652872086
0.08697795867919922
0.08674140274524689
0.0664498507976532
0.08751511573791504
0.08131737262010574
0.07363136112689972
0.08818286657333374
0.0961737260222435
0.07987956702709198
0.0871242880821228
0.094808429479599
0.10307781398296356
0.06951387226581573
0.08225850760936737
0.08976691961288452
0.05986045300960541
0.0774085596203804
0.06358407437801361
0.11142050474882126
0.0871436670422554
0.10388797521591187
0.08981650322675705
0.08135605603456497
0.08518189191818237
0.10646083205938339
0.09023039788007736
0.053915414959192276
0.07109101861715317
0.0930047556757927
0.06105726212263107
0.08684861660003662
0.07266122102737427
0.0986967608332634
0.08742155134677887
0.08597774803638458
0.10400417447090149
0.12902578711509705
0.08321110904216766
0.07347019761800766
0.08316192775964737
0.07783178985118866
0.09124939143657684
0.07415839284658432
0.08621732145547867
0.07827495783567429
0.07962913811206818
0.08645489811897278
0.11968320608139038
0.0789034515619278
0.0810771957039833
0.058471471071243286
0.0916423499584198
0.08765193819999695
0.07266359031200409
0.07076653093099594
0.09108802676200867
0.0810462012887001
0.07975617796182632
0.07680077850818634
0.07172227650880814
0.11642449349164963
0.1097981259226799
0.07461779564619064
0.07855331897735596
0.09081506729125977
0.10120321810245514
0.08032924681901932
0.06342334300279617
0.08543547987937927
0.07647073268890381
0.08949780464172363
0.07365822046995163
0.1000385582447052
0.10457894206047058
0.09225517511367798
0.08965983986854553
0.08770130574703217
0.06396912038326263
0.07170120626688004
0.07095755636692047
0.07371843606233597
0.0730714499950409
0.08566169440746307
0.06499597430229187
0.08808483183383942
0.0823376253247261
0.0912775844335556
0.07097915560007095
0.10138484835624695
0.09710005670785904
0.08949150145053864
0.0847519114613533
0.055708955973386765
0.09415841102600098
0.08646700531244278
0.07819371670484543
0.06513280421495438
0.09261094778776169
0.08137957751750946
0.06793370842933655
0.07400147616863251
0.07128855586051941
0.06113573908805847
0.08294413238763809
0.10350939631462097
0.07195661962032318
0.07556543499231339
0.06296877562999725
0.0635715126991272
0.10253623127937317
0.05763872712850571
0.07945150882005692
0.09681042283773422
0.06596769392490387
0.08631007373332977
0.08614029735326767
0.0881335437297821
0.07433412969112396
0.08562581986188889
0.06742824614048004
0.08194850385189056
0.0646304041147232
0.08069566637277603
0.06491323560476303
0.07149370014667511
0.09648329764604568
0.08368080109357834
0.09023590385913849
0.07431258261203766
0.07762661576271057
0.08033734560012817
0.07259123027324677
0.0696348175406456
0.06516590714454651
0.0789707601070404
0.06415148079395294
0.09437493979930878
0.07860298454761505
0.08151958137750626
0.06858965754508972
0.0848357155919075
0.05465161055326462
0.0743202418088913
0.07267355173826218
0.10672295093536377
0.05864143744111061
0.10122591257095337
0.08605898916721344
0.07963833957910538
0.10094249248504639
0.1046450287103653
0.08061638474464417
0.0800611600279808
0.052702534943819046
0.08710265159606934
0.08767995238304138
0.09472403675317764
0.07843707501888275
0.07521761953830719
0.08753862977027893
0.07839878648519516
0.08557954430580139
0.09637783467769623
0.06889089196920395
0.07038013637065887
0.08192708343267441
0.10375472158193588
0.07315944880247116
0.0951322540640831
0.08833760023117065
0.0776420459151268
0.08291199058294296
0.11675366759300232
0.05383788421750069
0.07909809052944183
0.07505924254655838
0.06164601817727089
0.09536299854516983
0.08303586393594742
0.0597364567220211
0.07148131728172302
0.06746163219213486
0.07418210059404373
0.09882732480764389
0.1062430888414383
0.07130971550941467
0.048784662038087845
0.07314450293779373
0.08996299654245377
0.11948090046644211
0.06899762898683548
0.08287781476974487
0.09891305863857269
0.08262313902378082
0.0657280758023262
0.08390440791845322
0.07174690812826157
0.09528639167547226
0.06291774660348892
0.08149220049381256
0.09932553768157959
0.04708701744675636
0.08558972179889679
0.10045412927865982
0.09800796210765839
0.0732741728425026
0.08989013731479645
0.10983783006668091
0.12705561518669128
0.07087841629981995
0.05717611312866211
0.07814482599496841
0.06351111084222794
0.07166901975870132
0.12754079699516296
0.0801929160952568
0.08688153326511383
0.0670887902379036
0.07095464318990707
0.08582740277051926
0.06506409496068954
0.07607715576887131
0.057630687952041626
0.06966746598482132
0.07710781693458557
0.07531870156526566
0.0896029993891716
0.08108340203762054
0.07084979116916656
0.08416571468114853
0.11116686463356018
0.08596598356962204
0.0872051864862442
0.07998081296682358
0.059397876262664795
0.07354316115379333
0.07801645249128342
0.09417002648115158
0.08620407432317734
0.06242488697171211
0.09073414653539658
0.09855169802904129
0.07864624261856079
0.09256809204816818
0.0763464942574501
0.07848373800516129
0.036018043756484985
0.0684513971209526
0.09680487215518951
0.08287762850522995
0.06992381066083908
0.07098287343978882
0.06049419566988945
0.05033387243747711
0.07147160172462463
0.08356738835573196
0.08409672975540161
0.10350026935338974
0.07542632520198822
0.06174304708838463
0.06590687483549118
0.09105975925922394
0.07895053923130035
0.06836993247270584
0.07807507365942001
0.0756961852312088
0.06601087003946304
0.07573169469833374
0.05346892774105072
0.08428598195314407
0.07832358777523041
0.08492431044578552
0.08963175117969513
0.06925661116838455
0.07292184233665466
0.06498625129461288
0.05568910390138626
0.0674390196800232
0.07638190686702728
0.06434012949466705
0.04925893247127533
0.0654328465461731
0.07892890274524689
0.048005297780036926
0.06347054988145828
0.06671319901943207
0.10353957116603851
0.10112769901752472
0.08590470999479294
0.05647103115916252
0.10430794954299927
0.0631912499666214
0.07217340916395187
0.08537404239177704
0.10362981259822845
0.06940578669309616
0.07436183840036392
0.09967608749866486
0.06546735763549805
0.0815887525677681
0.09014604240655899
0.05946279317140579
0.07948970794677734
0.08801816403865814
0.05079053342342377
0.07817594707012177
0.09713857620954514
0.08071011304855347
0.07401123642921448
0.09508424252271652
0.09398022294044495
0.07293737679719925
0.07969749718904495
0.06561287492513657
0.06890023499727249
0.08875124901533127
0.0706954225897789
0.06047362461686134
0.06399139016866684
0.09190881997346878
0.06580507755279541
0.06268396228551865
0.07940756529569626
0.10259895771741867
0.07311014831066132
0.058430757373571396
0.08697172999382019
0.0774058923125267
0.08029836416244507
0.06993988156318665
0.06854880601167679
0.057026561349630356
0.0866018757224083
0.07826340943574905
0.0827026516199112
0.07452111691236496
0.07547594606876373
0.0838908776640892
0.08574129641056061
0.07497282326221466
0.06297847628593445
0.07182426005601883
0.0967167317867279
0.07586908340454102
0.09593814611434937
0.07447067648172379
0.08659087866544724
0.07634861767292023
0.06587698310613632
0.08456847816705704
0.07204979658126831
0.07416374981403351
0.08439397811889648
0.060882095247507095
0.07308356463909149
0.07726750522851944
0.04280857741832733
0.061130158603191376
0.09304752945899963
0.06420808285474777
0.09035921096801758
0.07300427556037903
0.08082796633243561
0.07630744576454163
0.07839476317167282
0.0773942694067955
0.07762099802494049
0.07249350100755692
0.09546338766813278
0.07439714670181274
0.0907471626996994
0.06700111925601959
0.11652553826570511
0.08060292899608612
0.06296767294406891
0.08536530286073685
0.07209398597478867
0.06250419467687607
0.06109029799699783
0.060144342482089996
0.076361745595932
0.08388929069042206
0.06271427869796753
0.06724295765161514
0.10319061577320099
0.06582079827785492
0.1082073226571083
0.06462640315294266
0.08058679848909378
0.07169017195701599
0.06916718184947968
0.06489158421754837
0.06991901248693466
0.07370509207248688
0.10619133710861206
0.10995226353406906
0.0680488795042038
0.08817069232463837
0.07744354009628296
0.07736967504024506
0.06743500381708145
0.08127661049365997
0.09664132446050644
0.07250665873289108
0.07289081811904907
0.049167655408382416
0.07774893194437027
0.110158771276474
0.09427395462989807
0.10681319981813431
0.08893837779760361
0.08663185685873032
0.09134925156831741
0.06387607753276825
0.08807811886072159
0.0788746178150177
0.08024708181619644
0.07381521910429001
0.050784848630428314
0.10789067298173904
0.06685152649879456
0.06212152913212776
0.06059581786394119
0.07124800235033035
0.09622662514448166
0.09298408031463623
0.05887194350361824
0.06623315811157227
0.0757162868976593
0.0541212223470211
0.07011836022138596
0.08016405254602432
0.08161689341068268
0.10942050814628601
0.06041819229722023
0.0745740681886673
0.08075262606143951
0.06096434220671654
0.05461150035262108
0.06597930938005447
0.06121215969324112
0.0861537903547287
0.06996616721153259
0.09289274364709854
0.057185690850019455
0.08161977678537369
0.05654851719737053
0.06138187274336815
0.0833791047334671
0.07387203723192215
0.06329121440649033
0.061854373663663864
0.09515263140201569
0.09220962971448898
0.07902728021144867
0.08235687762498856
0.08086710423231125
0.06381524354219437
0.058992449194192886
0.08966232091188431
0.09664996713399887
0.08065858483314514
0.05659240856766701
0.07190655171871185
0.07325486838817596
0.06160329654812813
0.08068669587373734
0.06413572281599045
0.05273063853383064
0.060118600726127625
0.06629705429077148
0.10382845997810364
0.06698179244995117
0.07738266885280609
0.07080574333667755
0.09203099459409714
0.06179654970765114
0.05241846293210983
0.06220114231109619
0.07379575073719025
0.06383667886257172
0.07389237731695175
0.09556742012500763
0.06518370658159256
0.10583531111478806
0.08100632578134537
0.0786454826593399
0.0730416551232338
0.10797867923974991
0.05630003288388252
0.07757989317178726
0.09224940091371536
0.06276626884937286
0.06396506726741791
0.08814314007759094
0.06472129374742508
0.07876719534397125
0.06741258502006531
0.09991823881864548
0.07897048443555832
0.07035795599222183
0.04870761185884476
0.07104078680276871
0.08665964007377625
0.07730044424533844
0.07960345596075058
0.06778556853532791
0.08908464014530182
0.08568678796291351
0.06676482409238815
0.06079600006341934
0.10328639298677444
0.07710494846105576
0.08510395884513855
0.0795394703745842
0.07411302626132965
0.07827220857143402
0.0782412588596344
0.07476875185966492
0.07385831326246262
0.062087882310152054
0.07120620459318161
0.05900588631629944
0.08529193699359894
0.085537850856781
0.06280393898487091
0.07874397933483124
0.048619288951158524
0.06040843203663826
0.060493774712085724
0.09224437922239304
0.07476264238357544
0.055134937167167664
0.06996820867061615
0.07710643112659454
0.10040689259767532
0.07221526652574539
0.07024343311786652
0.07316462695598602
0.06555034220218658
0.07518012076616287
0.08317286521196365
0.06399013847112656
0.0594324991106987
0.06893409043550491
0.09373246133327484
0.06456109136343002
0.057375483214855194
0.0966503694653511
0.07291175425052643
0.08513496816158295
0.04995259642601013
0.0766504779458046
0.09215683490037918
0.07611938565969467
0.0796331986784935
0.07217646390199661
0.06745586544275284
0.06131063401699066
0.07414587587118149
0.05692196264863014
0.08198092877864838
0.08019635826349258
0.07332257181406021
0.07833362370729446
0.07515163719654083
0.05971384793519974
0.07315029948949814
0.07977931201457977
0.04962457716464996
0.07877437770366669
0.07902543991804123
0.09936781972646713
0.055359795689582825
0.07522089034318924
0.055440668016672134
0.06860489398241043
0.06370259821414948
0.0887170284986496
0.06693720072507858
0.05909837409853935
0.05687198415398598
0.10142054408788681
0.05838432163000107
0.07316136360168457
0.06928898394107819
0.09079483896493912
0.07462415099143982
0.1237369179725647
0.05358654633164406
0.06674637645483017
0.07820332050323486
0.1025661751627922
0.08077586442232132
0.06133866682648659
0.0914134755730629
0.08427424728870392
0.07150013744831085
0.07126395404338837
0.07012923806905746
0.09422630071640015
0.06668271869421005
0.06567855924367905
0.08604833483695984
0.07161706686019897
0.06475923210382462
0.06471417844295502
0.06839999556541443
0.043096572160720825
0.0661253035068512
0.09531519562005997
0.06024252623319626
0.0796455591917038
0.06598317623138428
0.06810891628265381
0.08218485862016678
0.06528446823358536
0.059863269329071045
0.07791637629270554
0.06293473392724991
0.06720948219299316
0.056973591446876526
0.06822995096445084
0.0892508253455162
0.06276323646306992
0.05752820521593094
0.06742120534181595
0.06594347208738327
0.06327105313539505
0.06462875753641129
0.051787879317998886
0.08343798667192459
0.0927528515458107
0.06922178715467453
0.045482780784368515
0.06659303605556488
0.07328774034976959
0.06326517462730408
0.06857173889875412
0.10555409640073776
0.08117222785949707
0.0789281353354454
0.09249550104141235
0.0794987604022026
0.053206540644168854
0.054257623851299286
0.08462345600128174
0.0601523295044899
0.06092884764075279
0.028536567464470863
0.0690050795674324
0.1065797358751297
0.06264156103134155
0.0680246651172638
0.0775487869977951
0.06092188134789467
0.07885058969259262
0.07621239125728607
0.07111494988203049
0.03659270703792572
0.07245924323797226
0.07203894108533859
0.056706491857767105
0.078096404671669
0.08262462913990021
0.05094604194164276
0.0757996216416359
0.09398382902145386
0.08190219104290009
0.06917110085487366
0.06485462933778763
0.07007746398448944
0.06113840639591217
0.07182029634714127
0.11052065342664719
0.057803720235824585
0.05199477821588516
0.07539280503988266
0.05523708835244179
0.08525907248258591
0.049604613333940506
0.05756033584475517
0.06297758966684341
0.062180258333683014
0.08496619015932083
0.04444991424679756
0.07357793301343918
0.10026789456605911
0.04810764640569687
0.05781169608235359
0.07131607085466385
0.06637359410524368
0.05245046317577362
0.08408169448375702
0.050512563437223434
0.10382471233606339
0.07637828588485718
0.05162164941430092
0.0482727475464344
0.060083307325839996
0.04532529041171074
0.08615691214799881
0.09226477891206741
0.05961119011044502
0.07610630244016647
0.0450388565659523
0.07871701568365097
0.07438123971223831
0.05081435292959213
0.060335658490657806
0.0729292556643486
0.05194753035902977
0.056945279240608215
0.06295707821846008
0.08781995624303818
0.07066161185503006
0.04212621971964836
0.052040159702301025
0.07983685284852982
0.07403818517923355
0.04958098381757736
0.06012028828263283
0.07044202089309692
0.1030859500169754
0.04869654029607773
0.07191670686006546
0.08313444256782532
0.08619939535856247
0.09894721210002899
0.066750168800354
0.0554206520318985
0.0755406990647316
0.047842662781476974
0.04918583855032921
0.05484834313392639
0.06096958741545677
0.09657786041498184
0.08937068283557892
0.07948807626962662
0.06163133308291435
0.06990999728441238
0.07334928214550018
0.09942372143268585
0.08680358529090881
0.057994693517684937
0.09903180599212646
0.061083342880010605
0.08240806311368942
0.0661240741610527
0.06839564442634583
0.03366595506668091
0.0881459042429924
0.07075614482164383
0.06323695182800293
0.06705895811319351
0.06942711770534515
0.06286518275737762
0.09851051867008209
0.06849797070026398
0.08901598304510117
0.0582357756793499
0.07440419495105743
0.09306949377059937
0.048486530780792236
0.052534397691488266
0.07608632743358612
0.06385689228773117
0.06099816784262657
0.06395780295133591
0.05448807030916214
0.05694650858640671
0.05679597705602646
0.05943461135029793
0.06415615230798721
0.05451923981308937
0.0793098658323288
0.04537569731473923
0.07791933417320251
0.07141184061765671
0.05865425616502762
0.05707090348005295
0.06219007819890976
0.07937908172607422
0.04184289276599884
0.07077114284038544
0.09204724431037903
0.06377706676721573
0.07388440519571304
0.054895151406526566
0.06346224993467331
0.04404746741056442
0.059265196323394775
0.10308678448200226
0.07691451907157898
0.06905364990234375
0.08233241736888885
0.04641985520720482
0.040088072419166565
0.06500578671693802
0.05648914352059364
0.06637038290500641
0.05950149893760681
0.09672486782073975
0.07009343802928925
0.10594134777784348
0.04693986847996712
0.061106882989406586
0.06976158916950226
0.09007460623979568
0.045056089758872986
0.049187611788511276
0.0939638614654541
0.09953758120536804
0.05067582428455353
0.0763544887304306
0.05063416436314583
0.06456319987773895
0.04918433725833893
0.060130491852760315
0.04224052652716637
0.04980522766709328
0.07868018746376038
0.06130845844745636
0.08757801353931427
0.06635946035385132
0.04204486683011055
0.04666448384523392
0.048170022666454315
0.03320785611867905
0.0706867203116417
0.08017456531524658
0.06198178604245186
