0.13445812463760376
0.1511702984571457
0.1473415046930313
0.1464674323797226
0.15155622363090515
0.1367805004119873
0.1457609385251999
0.13010145723819733
0.14291538298130035
0.14370083808898926
0.12067456543445587
0.1405908167362213
0.14829066395759583
0.09923851490020752
0.13047371804714203
0.13946740329265594
0.1261090636253357
0.12126270681619644
0.08851170539855957
0.13701844215393066
0.11776366829872131
0.13739368319511414
0.13471835851669312
0.1434531807899475
0.14605920016765594
0.14318536221981049
0.13929705321788788
0.14804251492023468
0.13699381053447723
0.15019048750400543
0.14153525233268738
0.14543113112449646
0.12998555600643158
0.13751982152462006
0.1731313019990921
0.16137029230594635
0.13326887786388397
0.10783003270626068
0.12835097312927246
0.16672255098819733
0.13439235091209412
0.07520277053117752
0.10297428071498871
0.092221699655056
0.10677020996809006
0.15884141623973846
0.1295328289270401
0.16404716670513153
0.12444733828306198
0.13801957666873932
0.11792366951704025
0.12696687877178192
0.09490806609392166
0.1252484917640686
0.13615666329860687
0.10540708154439926
0.13839486241340637
0.14052726328372955
0.1291501373052597
0.14296633005142212
0.13650885224342346
0.1583695113658905
0.1468433439731598
0.14839376509189606
0.14077647030353546
0.14979659020900726
0.13442020118236542
0.11699603497982025
0.1436169147491455
0.10518836975097656
0.12653551995754242
0.14337679743766785
0.10296862572431564
0.13612879812717438
0.13928993046283722
0.11229574680328369
0.1414034515619278
0.13770300149917603
0.14028450846672058
0.1489289104938507
0.07009871304035187
0.14286178350448608
0.11272575706243515
0.1513466238975525
0.13754431903362274
0.1338803470134735
0.14717088639736176
0.11233679950237274
0.10018235445022583
0.13744615018367767
0.14526589214801788
0.11042327433824539
0.12233711779117584
0.126016765832901
0.12253203243017197
0.1290767788887024
0.10674910992383957
0.133965864777565
0.14693471789360046
0.1323099434375763
0.1492495983839035
0.09523794054985046
0.14372940361499786
0.09768935292959213
0.09954597055912018
0.1349641978740692
0.10533519089221954
0.1389157772064209
0.07495798915624619
0.09705644845962524
0.119022436439991
0.13171865046024323
0.1174166202545166
0.12726368010044098
0.1360481232404709
0.11127106845378876
0.08132230490446091
0.13037775456905365
0.11531338840723038
0.13241006433963776
0.11463561654090881
0.08954641222953796
0.10517841577529907
0.12812256813049316
0.11884189397096634
0.13577677309513092
0.11765289306640625
0.11139876395463943
0.10696148872375488
0.10404705256223679
0.07900961488485336
0.09757199138402939
0.099083811044693
0.12957537174224854
0.08997781574726105
0.08105213940143585
0.07828362286090851
0.07519964873790741
0.06107077747583389
0.08650243282318115
0.15202991664409637
0.06931957602500916
0.09948009997606277
0.09988555312156677
0.0460229367017746
0.10004040598869324
0.1286664456129074
0.11490867286920547
0.10369706153869629
0.10646239668130875
0.06508529931306839
0.11319681257009506
0.08156351000070572
0.07730378210544586
0.08497241884469986
0.07202182710170746
0.05597347766160965
0.05152100697159767
0.040573325008153915
0.11378665268421173
0.07714444398880005
0.10965556651353836
0.11861927807331085
0.11322132498025894
0.11458945274353027
0.09079445898532867
0.07553061842918396
0.07953084260225296
0.09556585550308228
0.10154648125171661
0.07987844944000244
0.08867070823907852
0.04551629349589348
0.10799269378185272
0.1478831171989441
0.14418943226337433
0.07976515591144562
0.08596918731927872
0.09428034722805023
0.029471678659319878
0.07967952638864517
0.06864473223686218
0.07875040173530579
0.07266644388437271
0.07180222123861313
0.0669870525598526
0.06335561722517014
0.058254633098840714
0.10221558064222336
0.11517365276813507
0.09169024974107742
0.04556757211685181
0.04128483682870865
0.03744520992040634
0.09824930131435394
0.09710570424795151
0.10592921078205109
0.015927650034427643
0.11657848954200745
0.031436577439308167
0.03304840996861458
0.07512436807155609
0.08426725119352341
0.0643644779920578
0.025405369699001312
0.07149425148963928
0.06266625225543976
0.08256915211677551
0.01569439470767975
0.0314660519361496
0.14180222153663635
0.044625069946050644
0.04726652055978775
0.028641292825341225
0.02852892503142357
0.027589326724410057
0.07367967814207077
0.015043736435472965
0.03958943858742714
0.05921556428074837
0.04167462885379791
0.02294391207396984
0.040581535547971725
0.019259195774793625
0.055973801761865616
0.0844806358218193
0.06346437335014343
0.08736836910247803
0.01311164814978838
0.04527134448289871
0.04399947449564934
0.0670347511768341
0.03130028396844864
0.025117063894867897
0.055934805423021317
0.044330038130283356
0.02957363799214363
0.0586797371506691
0.06537284702062607
0.053627047687768936
0.025988169014453888
0.046550434082746506
0.026508845388889313
0.02498134970664978
0.04226680472493172
0.04976242408156395
0.04878176748752594
0.058301039040088654
0.05482659488916397
0.016956137493252754
0.05364159494638443
0.05568350851535797
0.05744081735610962
0.03127041831612587
0.006956111174076796
0.05494040250778198
0.05053267627954483
0.05323725938796997
0.05938442796468735
0.035693246871232986
0.033616263419389725
0.03143199533224106
0.04220716655254364
0.05443810299038887
0.025708409026265144
0.029825616627931595
0.03646387532353401
0.025137396529316902
0.048957087099552155
0.045908235013484955
0.03584904968738556
0.05286707729101181
0.05068068206310272
0.015957798808813095
0.015378754585981369
0.028865996748209
0.043484143912792206
0.04455915093421936
0.045743152499198914
0.00717543438076973
0.04289687052369118
0.05501826852560043
0.05119543522596359
0.022669747471809387
0.038738276809453964
0.03209546580910683
0.0405154749751091
0.06596048176288605
0.00888094026595354
0.014785937033593655
0.02862660586833954
0.023271646350622177
0.046197764575481415
0.037188202142715454
0.035819798707962036
0.07346408814191818
0.036757782101631165
0.026165880262851715
0.03680615872144699
0.046725161373615265
0.055585525929927826
0.07993440330028534
0.038068681955337524
0.05619974434375763
0.03082667663693428
0.07530297338962555
0.0622299388051033
0.07028853893280029
0.04041094332933426
0.041862789541482925
0.008577956818044186
0.0739898681640625
0.04862786456942558
0.030889827758073807
0.03201315551996231
0.03649280220270157
0.057157427072525024
0.053437378257513046
0.04838033765554428
0.032923370599746704
0.04548463970422745
0.07044333219528198
0.030117489397525787
0.027083564549684525
0.05121617019176483
0.03102845698595047
0.00404766108840704
0.027479790151119232
0.04079736769199371
0.0363517664372921
0.023422449827194214
0.06368644535541534
0.03398370370268822
0.020540693774819374
0.02122439630329609
0.02149101346731186
0.00693792849779129
0.0476105660200119
-0.0011843657121062279
0.04117531329393387
0.030098773539066315
0.0404796227812767
0.023211468011140823
0.03126130625605583
0.0320255346596241
0.05244096368551254
0.013899663463234901
0.03490521013736725
0.02385680191218853
0.013756195083260536
0.02320230007171631
0.020981427282094955
0.04482157528400421
0.023439574986696243
0.06253648549318314
0.03862069547176361
0.01561098825186491
0.030553314834833145
0.035310667008161545
0.0449804812669754
0.033979661762714386
0.06457296013832092
0.05917246639728546
0.04634816572070122
0.024916604161262512
0.04652626812458038
0.05016157776117325
0.03469039499759674
0.027955152094364166
0.02318151295185089
0.044351547956466675
0.07577734440565109
0.031958967447280884
0.03156602755188942
0.053962964564561844
0.019272316247224808
0.03608004003763199
0.026443086564540863
0.02275596559047699
0.0652342215180397
0.036387816071510315
0.003268531057983637
0.051483552902936935
0.01809605024755001
0.01779416762292385
0.02103283628821373
0.03371573984622955
0.021851714700460434
0.0314638689160347
0.0332757793366909
0.031461820006370544
0.02634967304766178
0.03373793512582779
0.05763880908489227
0.023541226983070374
0.03814173489809036
0.049612242728471756
0.03230774402618408
0.050555288791656494
0.010854185558855534
0.02204810455441475
0.030413269996643066
0.031156092882156372
0.03237604349851608
0.012813914567232132
0.04280209541320801
0.03655770793557167
0.03370507061481476
0.023455753922462463
0.035048626363277435
0.02797294408082962
0.006171128246933222
0.03608185052871704
0.046237267553806305
0.026639491319656372
0.033999618142843246
0.022504517808556557
0.032813332974910736
0.08611380308866501
0.005673469975590706
0.02705170027911663
0.05169936269521713
0.002364806132391095
0.030410662293434143
0.03441895917057991
0.08474363386631012
0.03676871210336685
0.020449835807085037
0.029047835618257523
0.05350343883037567
0.002550722099840641
0.040344297885894775
0.024926261976361275
0.01676296815276146
0.02897966466844082
0.04507851228117943
-0.0011136000975966454
0.021152082830667496
0.033216290175914764
0.008174089714884758
0.017258012667298317
-0.005720579996705055
0.024367649108171463
0.031363893300294876
0.021932991221547127
0.02557549998164177
0.016256218776106834
0.005479218438267708
0.048171333968639374
0.02724771946668625
0.036695174872875214
0.03546608239412308
0.015650710090994835
0.0025023750495165586
-0.002574459183961153
0.01728421077132225
0.020469656214118004
0.01578308641910553
0.01648676209151745
0.009763872250914574
0.020581740885972977
0.032691650092601776
0.03662029653787613
0.0235639289021492
0.03296360746026039
0.005829719360917807
0.028912711888551712
0.0012699095532298088
0.021129149943590164
0.023936696350574493
0.027414605021476746
0.030554793775081635
0.011078884825110435
0.03137867897748947
0.015499437227845192
0.010994784533977509
0.04133537411689758
0.002752486616373062
0.07973422110080719
0.010072221979498863
0.007235962897539139
0.02300771325826645
0.00019635120406746864
-0.014225542545318604
0.022911343723535538
0.025191577151417732
0.028471477329730988
0.0276472270488739
0.012554958462715149
0.03154091536998749
0.01945669949054718
0.02361288294196129
0.05949666351079941
0.004583285190165043
0.03365806117653847
0.01713309995830059
-0.0073796664364635944
0.0003066188655793667
0.013159912079572678
0.016843661665916443
0.004229232668876648
0.026034116744995117
0.04806308448314667
0.003075390588492155
0.04438743740320206
0.019954385235905647
0.03819286823272705
0.03411102294921875
0.009486405178904533
0.018476903438568115
0.01465541124343872
0.005804020445793867
0.047622114419937134
0.00852147862315178
0.02244565822184086
0.025048712268471718
0.044667426496744156
0.03790288046002388
0.017651652917265892
0.026805676519870758
0.02653331495821476
0.01914377510547638
0.020040908828377724
0.00018303352408111095
0.028269732370972633
0.030558349564671516
0.01390455849468708
0.0027759228833019733
0.003945172764360905
0.019661016762256622
0.027497662231326103
0.027138136327266693
0.04478876665234566
0.011118773370981216
0.026099734008312225
0.05326583981513977
0.031428974121809006
0.0263573806732893
0.020009201020002365
0.046465352177619934
0.006522033363580704
0.015302847139537334
0.02308649942278862
0.02517019212245941
0.028005141764879227
0.022198449820280075
0.04513142257928848
0.03662116453051567
0.028648922219872475
0.03650780767202377
0.03145070746541023
0.05593511462211609
0.021537231281399727
0.020373515784740448
0.008262036368250847
0.03839627653360367
0.06446291506290436
0.040140435099601746
0.02682407572865486
0.015780393034219742
0.013778005726635456
0.04452407732605934
0.025302547961473465
0.03986410051584244
0.03301785886287689
0.026891976594924927
0.01760067045688629
-0.0018895997200161219
0.021339159458875656
0.0016886834055185318
0.0266855601221323
0.024966824799776077
0.0003414079546928406
0.028551660478115082
0.0029148319736123085
0.07671745866537094
0.011499716900289059
0.04579084366559982
0.017311878502368927
0.04269334673881531
0.014311835169792175
0.014725223183631897
0.02976648136973381
0.0032892385497689247
0.0013942653313279152
-0.002693310845643282
0.02475396916270256
0.008724076673388481
0.014532556757330894
0.012602324597537518
0.017650766298174858
0.01789282076060772
0.020027194172143936
-0.009865169413387775
-0.00798107124865055
0.05144976079463959
0.028919093310832977
0.016835324466228485
0.014498820528388023
0.015488596633076668
-0.002130127977579832
0.047350943088531494
-0.00223970296792686
-0.00042556249536573887
0.001464535016566515
0.009536161087453365
0.036853138357400894
0.01725327968597412
0.01784074306488037
0.0024048546329140663
0.0064217690378427505
0.037592869251966476
0.027913779020309448
-0.009294591844081879
0.036762334406375885
0.01463729701936245
0.013596860691905022
0.004840085748583078
-0.004815937951207161
0.01048894040286541
0.027216995134949684
-0.012363774701952934
0.020783988758921623
0.006002570502460003
0.05038715898990631
0.011708899401128292
0.013219336047768593
0.02939911186695099
0.003984157927334309
0.047365665435791016
0.02121378481388092
-0.002558424137532711
0.05165631324052811
0.029740501195192337
0.03394769877195358
0.006317071616649628
-0.012675238773226738
-0.011128122918307781
0.0034751235507428646
0.0047524310648441315
0.004387729335576296
-0.006574409548193216
0.04048851504921913
0.01632833294570446
0.001236707903444767
0.027894040569663048
0.010347742587327957
0.06419036537408829
0.03430298715829849
0.01080258283764124
0.013140738010406494
0.019857406616210938
0.007743354421108961
0.013328700326383114
0.03676006197929382
0.02028021588921547
0.017928851768374443
0.012107353657484055
-0.0036301803775131702
0.028140462934970856
0.01638558693230152
0.035951681435108185
0.004879574291408062
0.005006865598261356
0.027094904333353043
0.018110860139131546
0.027873441576957703
-7.589999586343765e-05
0.013334568589925766
0.019355248659849167
0.026790017262101173
0.02117351070046425
0.042182549834251404
-0.010134285315871239
0.025211632251739502
0.06348157674074173
0.08857551962137222
0.009259853512048721
0.025543946772813797
0.03003806062042713
0.0363200418651104
0.025888759642839432
0.000647645560093224
0.02650197595357895
-0.0003082389011979103
0.0333951860666275
0.013665322214365005
0.004576160106807947
0.024401694536209106
0.004388624336570501
-0.019928164780139923
0.0049698492512106895
0.04009570926427841
0.0037522916682064533
0.005781915970146656
0.021654540672898293
0.01084833312779665
0.010208855383098125
0.017847184091806412
-0.0005243699997663498
0.015429403632879257
0.03060467541217804
0.005435991566628218
-0.0030386033467948437
0.021943364292383194
0.04253970831632614
0.0375288724899292
0.036918461322784424
3.9422884583473206e-05
-0.005220619961619377
0.015669995918869972
-0.010355333797633648
-0.004680960904806852
0.014482596889138222
0.031910233199596405
0.014977226965129375
0.02273196168243885
0.010812553577125072
0.022035811096429825
-0.00017144577577710152
0.0036846986040472984
0.044424816966056824
0.014219549484550953
0.01294669695198536
0.002389183733612299
0.00024472642689943314
0.02802273817360401
0.005963101051747799
-0.01339265238493681
0.018079359084367752
-0.0004059411585330963
2.5818124413490295e-05
0.015214571729302406
-0.003808906301856041
0.034713566303253174
0.009311907924711704
0.017593618482351303
-0.011629477143287659
0.04346809536218643
0.0028181266970932484
-0.008820829913020134
0.02939429320394993
0.001377214677631855
0.02661799266934395
-0.002328886417672038
-0.0001430218107998371
0.011576182208955288
0.012394553981721401
0.02808690443634987
0.011000171303749084
-0.0009799415711313486
0.00983313750475645
0.022884245961904526
0.014261402189731598
-0.006824328564107418
0.016925448551774025
-0.001366396900266409
0.017096873372793198
0.019561966881155968
0.0014151455834507942
-0.007284664548933506
0.0058760386891663074
0.016569603234529495
-0.003140824381262064
0.04136058688163757
0.015128761529922485
0.07281409949064255
0.007505990099161863
0.022412385791540146
-0.0061194803565740585
0.01546240970492363
0.024929437786340714
0.026353754103183746
-0.0015556789003312588
0.01863129436969757
0.004463220946490765
0.019881227985024452
-0.007095959037542343
0.02020864747464657
0.01263181772083044
0.003982855938374996
-0.009563155472278595
0.01303170993924141
0.020718470215797424
-0.002224581316113472
0.003727867268025875
0.004938746802508831
0.006547362077981234
0.0001277020201086998
0.0182311050593853
0.0011588989291340113
0.020060373470187187
0.014665674418210983
0.016918078064918518
-0.0020697270520031452
0.01942634955048561
0.02403007075190544
0.022999582812190056
0.035441625863313675
-0.00720621831715107
0.0069117313250899315
-0.00993870384991169
0.007453582249581814
0.0008877799846231937
0.006555158644914627
-0.0038552619516849518
-0.010099705308675766
0.028981607407331467
0.03477925434708595
0.023600511252880096
0.03091707080602646
-0.00989864394068718
0.024240346625447273
0.019720925018191338
-0.013563505373895168
-0.0047399913892149925
0.010132167488336563
0.010601959191262722
0.0065088896080851555
-0.01860901713371277
0.01571773737668991
0.004330501891672611
0.025210289284586906
0.009947827085852623
0.013732003048062325
0.00431485939770937
0.026016604155302048
-0.006293657701462507
0.007135946303606033
-0.0024149087257683277
-0.002666768617928028
-0.001528243999928236
-0.003957201261073351
0.0055905780754983425
0.0008064336143434048
0.020390531048178673
-0.00976340752094984
0.014097075909376144
0.010653671808540821
-0.014588294550776482
0.021914653480052948
0.0229667816311121
-0.0011303378269076347
0.004864863585680723
-0.0020383382216095924
0.017735159024596214
0.02922186069190502
0.007925127632915974
-0.009328152984380722
0.04082980751991272
0.013642457313835621
0.032760392874479294
0.016159500926733017
0.006088743917644024
0.0032382344361394644
0.03861159458756447
-0.003704710863530636
0.01809900999069214
0.01978055015206337
-0.01135975681245327
0.007876470685005188
0.005990844685584307
0.027092330157756805
0.010727046988904476
0.003924203105270863
0.023439133539795876
-0.0030089239589869976
0.014933264814317226
0.0009797681123018265
-0.003879050724208355
-0.0011620810255408287
-0.004762084688991308
0.022381924092769623
0.003330339677631855
0.018469002097845078
-0.00428432272747159
0.004159311763942242
-0.006378120742738247
0.051882922649383545
0.053456831723451614
0.012578727677464485
0.014042280614376068
0.03872990235686302
-0.000761847011744976
0.021941052749753
0.008545421063899994
0.00384482741355896
0.006799006834626198
-0.0025230618193745613
0.015906188637018204
0.02163282036781311
0.005359440576285124
-0.0036491919308900833
-0.008603060618042946
0.011511043645441532
0.0045294445008039474
0.010947335511446
0.01608968712389469
0.012564715929329395
0.022255800664424896
0.007777986116707325
0.03640004247426987
0.0016974022146314383
0.014781946316361427
-0.004874246194958687
0.019326718524098396
0.008010299876332283
-0.004185602068901062
-0.008884793147444725
0.005559081211686134
-0.010075028985738754
0.036600515246391296
-0.023276343941688538
0.001983801368623972
0.03732147067785263
-0.015693267807364464
0.006588940974324942
-0.00618202518671751
4.3245963752269745e-05
-0.013614417985081673
-0.010076101869344711
0.0010430091060698032
0.06036270782351494
0.01673862524330616
-0.002773718908429146
0.004768990911543369
-0.003371971659362316
0.0048376512713730335
0.0056465910747647285
0.0028196549974381924
0.004849126096814871
0.020792685449123383
7.829442620277405e-05
0.0379507876932621
-0.0029518241062760353
-0.019968347623944283
0.012199314311146736
0.010420560836791992
0.03599828481674194
0.000953923910856247
0.017369888722896576
0.015939518809318542
0.009950455278158188
0.019050659611821175
0.009611085057258606
0.0002429904998280108
0.025633273646235466
-0.0031116651371121407
0.0058244364336133
0.004156249575316906
0.012882271781563759
0.0031999326311051846
0.01698976755142212
0.013225739821791649
-0.00745149701833725
0.00375173706561327
0.002849140902981162
0.021438706666231155
0.01354955229908228
-0.018000923097133636
0.014062339439988136
0.002549809403717518
0.0029633650556206703
0.002212921855971217
0.0075994147919118404
-0.0029366379603743553
-0.010864396579563618
-0.0028523006476461887
0.0013888126704841852
-0.022833604365587234
0.00032628513872623444
0.025340963155031204
0.04682255536317825
0.006976578384637833
0.010777564719319344
0.024996500462293625
0.0023975716903805733
0.015350257977843285
-0.010043356567621231
0.02335236966609955
0.02067464590072632
-0.0055145397782325745
0.0029184147715568542
0.011988666839897633
0.0036829200107604265
-0.002247199881821871
0.012917928397655487
0.029612233862280846
0.0009244866669178009
0.0074236514046788216
0.03206224739551544
0.019942481070756912
0.019359420984983444
0.0008754146983847022
0.08000297099351883
-0.01318366639316082
-0.015769558027386665
0.00707062054425478
0.0008096033707261086
0.013080176897346973
