0.1256485879421234
0.1491147130727768
0.12481173127889633
0.13181829452514648
0.1403532177209854
0.1299506574869156
0.13466550409793854
0.14741896092891693
0.148966982960701
0.14175820350646973
0.12858092784881592
0.15881018340587616
0.13615766167640686
0.08738198131322861
0.1340174376964569
0.11577876657247543
0.1124977320432663
0.12098708748817444
0.08500268310308456
0.12128514051437378
0.10264603048563004
0.1320767104625702
0.10878139734268188
0.14869578182697296
0.16465024650096893
0.13172376155853271
0.15564249455928802
0.11939924955368042
0.13804218173027039
0.14054973423480988
0.1465248465538025
0.13382908701896667
0.13819867372512817
0.12838225066661835
0.17983107268810272
0.15892000496387482
0.14824503660202026
0.12335663288831711
0.1411801278591156
0.1552499681711197
0.14065887033939362
0.07046078890562057
0.11081036925315857
0.09961707890033722
0.12426427751779556
0.14581529796123505
0.13975828886032104
0.14782613515853882
0.12147104740142822
0.13293534517288208
0.11275696009397507
0.11652754247188568
0.10894892364740372
0.13819101452827454
0.1270975023508072
0.0769253671169281
0.1292629987001419
0.1339731365442276
0.11005939543247223
0.14302058517932892
0.1447034478187561
0.1573890745639801
0.1516771912574768
0.12942856550216675
0.13623665273189545
0.1495523303747177
0.1469734162092209
0.11713448166847229
0.12333854287862778
0.12675821781158447
0.11487889289855957
0.14464406669139862
0.12117552012205124
0.12702572345733643
0.14133228361606598
0.06631648540496826
0.12535367906093597
0.13273656368255615
0.13967373967170715
0.18018494546413422
0.061971515417099
0.11165879666805267
0.13807843625545502
0.13587349653244019
0.14088644087314606
0.11685596406459808
0.16021209955215454
0.13365943729877472
0.08414965867996216
0.11515631526708603
0.15068911015987396
0.1043853908777237
0.12378881126642227
0.13022489845752716
0.07589000463485718
0.08725152164697647
0.07239104062318802
0.10918674618005753
0.12642715871334076
0.0946228951215744
0.12251721322536469
0.08177316933870316
0.10824400931596756
0.09042830020189285
0.12206309288740158
0.09985943883657455
0.11004889011383057
0.13195133209228516
0.08557463437318802
0.09072999656200409
0.13701224327087402
0.1092880517244339
0.08395044505596161
0.10334552824497223
0.12819230556488037
0.10853379219770432
0.09766077250242233
0.1053561195731163
0.10510624945163727
0.12674684822559357
0.08324351906776428
0.0682586058974266
0.12117934972047806
0.07189857959747314
0.08620600402355194
0.11626926064491272
0.09745262563228607
0.10287199169397354
0.09622906148433685
0.08806666731834412
0.0774327889084816
0.10142083466053009
0.09942574054002762
0.10272052139043808
0.11208350956439972
0.08563103526830673
0.1074133813381195
0.07253027707338333
0.08630561828613281
0.06456875801086426
0.10124433040618896
0.062326811254024506
0.10564117878675461
0.08985442668199539
0.10758572816848755
0.0942104384303093
0.11096478253602982
0.09933412820100784
0.08040845394134521
0.09282241016626358
0.08333943784236908
0.09901180118322372
0.07064680010080338
0.07373904436826706
0.08313846588134766
0.0881548598408699
0.08027128875255585
0.0716506764292717
0.07812787592411041
0.09326985478401184
0.0727301687002182
0.09495145827531815
0.10298443585634232
0.10167687386274338
0.053577348589897156
0.07918450236320496
0.08186580240726471
0.10889498889446259
0.09443354606628418
0.07939217984676361
0.08978769183158875
0.07246845960617065
0.10117564350366592
0.10758016258478165
0.07531321793794632
0.06722018867731094
0.09695360064506531
0.08219562470912933
0.06717085838317871
0.0890464335680008
0.07001667469739914
0.0692925900220871
0.0402752049267292
0.10433437675237656
0.08206969499588013
0.07631001621484756
0.08662810176610947
0.08043190091848373
0.11326906830072403
0.08674295991659164
0.0787886306643486
0.06074965372681618
0.10013072937726974
0.04657405987381935
0.10148467868566513
0.07876501977443695
0.05322984606027603
0.069383904337883
0.0704253688454628
0.07929005473852158
0.0701303780078888
0.05735165998339653
0.08050958812236786
0.06328976154327393
0.05357018858194351
0.09864213317632675
0.05139942094683647
0.06766632944345474
0.084103062748909
0.08316373825073242
0.045949142426252365
0.09534454345703125
0.0653386190533638
0.09850940108299255
0.09306757897138596
0.07590294629335403
0.09312252700328827
0.053032297641038895
0.07394248992204666
0.038314398378133774
0.06975801289081573
0.07416503876447678
0.16275323927402496
0.08567638695240021
0.05736885219812393
0.09432969987392426
0.1167530044913292
0.03826006129384041
0.08183403313159943
0.09513543546199799
0.10140861570835114
0.053186170756816864
0.029301950708031654
0.045894984155893326
0.02631918340921402
0.09284427016973495
0.12089546769857407
0.11203658580780029
0.1116209626197815
0.10609506070613861
0.09117478877305984
0.11551080644130707
0.12971936166286469
0.11622212827205658
0.11792605370283127
0.09298532456159592
0.11619303375482559
0.09730550646781921
0.10464615374803543
0.08864674717187881
0.11618607491254807
0.12154541164636612
0.11716996878385544
0.08431142568588257
0.08697489649057388
0.09531008452177048
0.1368843913078308
0.1148739904165268
0.14125828444957733
0.11340679228305817
0.1074611023068428
0.116193488240242
0.11164794862270355
0.08094562590122223
0.09640344977378845
0.11653462052345276
0.10020614415407181
0.10984218120574951
0.1025051474571228
0.10115308314561844
0.11893514543771744
0.09996750950813293
0.10963072627782822
0.08631739765405655
0.10840784758329391
0.10784199088811874
0.09917028248310089
0.09431590884923935
0.08024563640356064
0.10879886150360107
0.10724038630723953
0.12142589688301086
0.1003577709197998
0.09759346395730972
0.12076509743928909
0.10386887937784195
0.09794658422470093
0.09466534852981567
0.10033593326807022
0.0988561287522316
0.0872994214296341
0.1016942635178566
0.11855114996433258
0.09346290677785873
0.10609766095876694
0.0940680131316185
0.10696163773536682
0.09196790307760239
0.08257205784320831
0.11730312556028366
0.06770869344472885
0.08683151751756668
0.09749621152877808
0.07305846363306046
0.07433908432722092
0.10188443213701248
0.10081793367862701
0.09847906976938248
0.117796890437603
0.10269074887037277
0.10115925222635269
0.08614795655012131
0.08362637460231781
0.09172093123197556
0.09798108041286469
0.08877427130937576
0.10426053404808044
0.057747602462768555
0.09077905863523483
0.08738506585359573
0.0721643790602684
0.09534060955047607
0.07275888323783875
0.09375684708356857
0.0584900788962841
0.07658479362726212
0.07251033931970596
0.11848384886980057
0.07324662804603577
0.07111283391714096
0.07795881479978561
0.06459417194128036
0.08196097612380981
0.08363959193229675
0.05769006162881851
0.05550295487046242
0.07375946640968323
0.055849961936473846
0.07909990847110748
0.0793456956744194
0.06523142009973526
0.06716183573007584
0.06607144325971603
0.051072973757982254
0.04811771214008331
0.07451456785202026
0.05220181494951248
0.06886419653892517
0.06575179100036621
0.06670941412448883
0.06765686720609665
0.07703747600317001
0.054668910801410675
0.060957763344049454
0.07960987091064453
0.04104096442461014
0.07839874178171158
0.0747562050819397
0.052095312625169754
0.06211591139435768
0.03444533050060272
0.046449676156044006
0.0391228087246418
0.04631499573588371
0.05323876440525055
0.05281141772866249
0.04257064685225487
0.04357415437698364
0.05350972339510918
0.025004267692565918
0.04122350364923477
0.022080233320593834
0.026459358632564545
0.05607747286558151
0.03956443816423416
0.031910594552755356
0.016997599974274635
0.021050987765192986
0.029769042506814003
0.021524077281355858
0.04930830001831055
0.036802586168050766
0.040368422865867615
0.015435599721968174
0.03579939901828766
0.009131982922554016
0.036107975989580154
0.035514313727617264
0.03495555743575096
0.05864235758781433
0.05576981231570244
0.021512635052204132
0.0961865484714508
0.07480187714099884
0.03832238167524338
0.030396899208426476
0.04199931025505066
0.040117133408784866
0.049419716000556946
0.02410249598324299
0.03501391038298607
0.01003468781709671
0.015144167467951775
0.05213029682636261
0.02226298861205578
0.0328398160636425
0.013065123930573463
0.03260920196771622
0.04100616276264191
0.02073335461318493
0.06120757758617401
0.022756921127438545
0.04213198274374008
0.04252094402909279
0.039595264941453934
0.052934564650058746
0.04496068134903908
0.03434104099869728
0.06191026791930199
0.035949815064668655
0.04517636448144913
0.037415117025375366
0.017341023311018944
0.048405345529317856
0.1284807175397873
0.03163665905594826
0.07732733339071274
0.030671250075101852
0.020653188228607178
0.06097793951630592
0.02576431818306446
0.04005888104438782
0.04074840247631073
0.030716268345713615
0.07464921474456787
0.03625795990228653
0.02774006314575672
0.05200425162911415
0.03973647952079773
0.03384295850992203
0.04748339205980301
0.014166248962283134
0.03186866641044617
0.04305342584848404
0.033121515065431595
0.03657793253660202
0.043179597705602646
0.03595101833343506
0.024476272985339165
0.01960943080484867
0.03853164613246918
0.04000699520111084
0.024710291996598244
0.020003492012619972
0.03501097112894058
0.019242266193032265
0.05137627199292183
0.02628350630402565
0.01854298822581768
0.052000656723976135
0.03314237296581268
0.014942167326807976
0.03162447363138199
0.02032473124563694
0.07324840873479843
0.054100703448057175
0.010784156620502472
0.026031160727143288
0.007057636976242065
0.0465606227517128
0.03456609696149826
0.013594541698694229
0.030866848304867744
0.011928139254450798
0.03768501058220863
0.02816181257367134
0.01730501651763916
0.018990030512213707
0.005324571393430233
0.02515038289129734
0.040715690702199936
0.015929412096738815
0.010852865874767303
0.025719009339809418
0.028441522270441055
0.031947147101163864
0.04021507501602173
0.026130177080631256
0.02319895476102829
0.04782051220536232
0.017788110300898552
0.028913933783769608
0.02783147431910038
0.028287610039114952
0.01467924751341343
0.010097482241690159
0.061787016689777374
0.02513175457715988
0.023379242047667503
0.019260717555880547
0.03198818862438202
0.02824212983250618
0.008745183236896992
0.03996151685714722
0.03146040439605713
0.01857701875269413
0.027373990043997765
0.01640458218753338
0.016543446108698845
0.029824094846844673
0.0194060318171978
0.02294345758855343
0.026960279792547226
0.02072782628238201
0.03930376470088959
0.006158449687063694
0.02357109822332859
0.027428580448031425
0.009768734686076641
0.013457205146551132
0.012829000130295753
0.036982499063014984
0.017490943893790245
0.010829271748661995
0.03867615759372711
0.026947345584630966
0.012795967981219292
0.016026383265852928
0.008787560276687145
0.04169709235429764
0.0013009924441576004
0.025137068703770638
0.01486409455537796
0.009616781026124954
0.020971445366740227
0.01105443760752678
0.017047462984919548
0.015352358110249043
0.005342638120055199
0.03045327216386795
0.0057759773917496204
0.03391925245523453
0.010093869641423225
0.013855758123099804
0.04641660675406456
0.0025168696884065866
0.01752113550901413
0.029610034078359604
0.00601119315251708
0.017167821526527405
0.0351918488740921
0.024884430691599846
0.009422866627573967
0.03318975493311882
0.011458190158009529
0.006119322031736374
0.02365313097834587
0.0071514807641506195
0.016425443813204765
0.018261492252349854
0.022633884102106094
0.02160733938217163
0.014287827536463737
0.018887989223003387
0.013548982329666615
0.011813640594482422
0.00483635812997818
0.007756857201457024
0.0258578322827816
0.011565139517188072
0.028005091473460197
0.019824925810098648
0.013102974742650986
0.02176084741950035
0.016723018139600754
0.044885456562042236
0.014414232224225998
0.018546415492892265
0.01785481534898281
0.031808122992515564
0.029012300074100494
0.005666355602443218
0.016130508854985237
0.009510013274848461
0.007356738671660423
0.03078644908964634
0.008156245574355125
0.0194648876786232
0.009379363618791103
0.011326656676828861
0.01025922317057848
0.013042580336332321
0.014232989400625229
0.013537250459194183
0.014701155945658684
0.00837220810353756
0.010114572942256927
0.006411217153072357
0.004330569878220558
0.020541926845908165
0.015449480153620243
0.01733962818980217
0.007965072989463806
0.0033428873866796494
0.007007556967437267
0.00561502855271101
0.040740691125392914
0.00625508651137352
0.010815778747200966
0.009404056705534458
0.0077240657992661
0.014543980360031128
0.02580205537378788
0.008862223476171494
0.07641369849443436
0.013996356166899204
0.031959157437086105
0.012411743402481079
0.010856881737709045
0.004815789870917797
0.01261206902563572
0.011790910735726357
0.010222415439784527
0.017223462462425232
0.02223830856382847
0.01334447879344225
0.0065779113210737705
0.0072631328366696835
0.010324881412088871
0.007382523268461227
0.005480089690536261
0.009725365787744522
0.006525521632283926
0.021323082968592644
0.009357266128063202
0.008768340572714806
0.004744909703731537
0.008031059056520462
0.004965958185493946
0.008298169821500778
0.005813336465507746
0.011252513155341148
0.0020392974838614464
0.012652022764086723
0.012726198881864548
0.006295763887465
0.010240273550152779
0.012457204982638359
0.011834184639155865
0.007498465478420258
0.009908409789204597
0.007608405780047178
0.002959894249215722
0.0079863416031003
0.006155924405902624
0.003946889191865921
0.0061612557619810104
0.007659144699573517
0.00529117789119482
0.0029859202913939953
0.006759544834494591
0.007019787095487118
0.011072329245507717
0.014800005592405796
0.006141768768429756
0.008105057291686535
0.006764598190784454
0.009068582206964493
0.0066284192726016045
0.007297464646399021
0.006388724781572819
0.005697603337466717
0.005574610084295273
0.005049221217632294
0.0042946962639689445
0.008129163645207882
0.003219065023586154
0.006005679257214069
0.0034263385459780693
0.006670904345810413
0.02386016771197319
0.0023508649319410324
0.010124366730451584
0.004823383875191212
0.010752960108220577
0.005547923967242241
0.01078920066356659
0.0024295207113027573
0.005270191468298435
0.006722865626215935
0.006298326887190342
0.01241166703402996
0.012541200034320354
0.007390454411506653
0.00566776841878891
0.0057417359203100204
0.005950378254055977
0.005916321650147438
0.008051053620874882
0.004147358238697052
0.02015075646340847
0.007033229805529118
0.0069742510095238686
0.008378400467336178
0.0041905734688043594
0.008313779719173908
0.0054214587435126305
0.012798873707652092
0.012234612368047237
0.004700411111116409
0.004541345871984959
0.0045632533729076385
0.011836869642138481
0.005997065454721451
0.006435037590563297
0.004634760785847902
0.01382061094045639
0.01011345162987709
0.007998669520020485
0.0065128072164952755
0.007825163193047047
0.0032472736202180386
0.008065883070230484
0.005738112144172192
0.007815771736204624
0.02017446793615818
0.004370423965156078
0.010664548724889755
0.004392979666590691
0.002915419405326247
0.0032595922239124775
0.00419886689633131
0.016516579315066338
0.007961641997098923
0.004430245608091354
0.005885050632059574
0.006470027379691601
0.00410543754696846
0.00589709123596549
0.003241440514102578
0.00608839699998498
0.004981713369488716
0.00661550834774971
0.003766520880162716
0.003010875079780817
0.011740656569600105
0.00477010291069746
0.004128728527575731
0.005045520141720772
0.004605764988809824
0.006377522833645344
0.012947596609592438
0.006310471799224615
0.007765474729239941
0.004981427453458309
0.0025025284849107265
0.011503143236041069
0.004516889341175556
0.006531372666358948
0.003792800474911928
0.00900962669402361
0.027777517214417458
0.011986522004008293
0.013174036517739296
0.00416213134303689
0.006791333667933941
0.009271342307329178
0.00768102565780282
0.004946981556713581
0.006128992885351181
0.00995707232505083
0.005763812456279993
0.008252913132309914
0.0064431591890752316
0.01418376062065363
0.02219417318701744
0.009442745707929134
0.003457458922639489
0.005978146567940712
0.005564332474023104
0.006618197076022625
0.006710587069392204
0.005125302821397781
0.0056795296259224415
0.010268614627420902
0.005077037960290909
0.009962021373212337
0.010637099854648113
0.00565885566174984
0.0049795364029705524
0.006644681561738253
0.004071544855833054
0.004253125283867121
0.006124025676399469
0.004876208491623402
0.014409516006708145
0.00636028777807951
0.006046785041689873
0.0068149687722325325
0.00521149393171072
0.0029465786647051573
0.00269821984693408
0.006127825938165188
0.004998243413865566
0.002279149368405342
0.017009463161230087
0.003202252322807908
0.003774566575884819
0.005549490451812744
0.005214096046984196
0.004904594272375107
0.004803997464478016
0.004782787524163723
0.0033977036364376545
0.011884214356541634
0.005716294515877962
0.008042475208640099
0.002574745798483491
0.002642659470438957
0.004639350343495607
0.007078187540173531
0.006953938864171505
0.007092484273016453
0.005811008624732494
0.0055963024497032166
0.004638933576643467
0.004180498421192169
0.0033430014736950397
0.007521884515881538
0.0073569235391914845
0.005320191849023104
0.004190834704786539
0.00587907899171114
0.0025215214118361473
0.007884957827627659
0.007049659267067909
0.002979724667966366
0.006057889200747013
0.0038711996749043465
0.004329347051680088
0.0021690723951905966
0.003558698808774352
0.006933879107236862
0.002692008623853326
0.0027768234722316265
0.011149472557008266
0.0026578737888485193
0.00251127895899117
0.006233143154531717
0.007998132146894932
0.007538328878581524
0.00753500871360302
0.006336746737360954
0.007471717894077301
0.0036886290181428194
0.011117646470665932
0.006795135326683521
0.01316545158624649
0.00987970270216465
0.003220551647245884
0.0033584849443286657
0.010968861170113087
0.004122779238969088
0.0066620963625609875
0.00556066632270813
0.007574288174510002
0.01622900366783142
0.004122735001146793
0.003889976069331169
0.006156567949801683
0.009961837902665138
0.006417185999453068
0.004662224091589451
0.004307959228754044
0.0045934394001960754
0.005268224515020847
0.005415866617113352
0.004294048994779587
0.006852379068732262
0.007456828840076923
0.008100634440779686
0.0017084861174225807
0.0035706753842532635
0.0022032938431948423
0.0047529605217278
0.011540326289832592
0.009144526906311512
0.0053276848047971725
0.007772362325340509
0.005685191601514816
0.004588778130710125
0.0058458587154746056
0.011033875867724419
0.0058529917150735855
0.003944643773138523
0.0037012151442468166
0.0045690834522247314
0.00976674072444439
0.003956910222768784
0.002936369739472866
0.013745401985943317
0.005788566078990698
0.00862492248415947
0.002189322840422392
0.0038478593342006207
0.003942857496440411
0.004989314824342728
0.0038909923750907183
0.004328069277107716
0.012526611797511578
0.0037744855508208275
0.01050928607583046
0.004812795203179121
0.004095559939742088
0.0068478770554065704
0.0034960112534463406
0.004061966203153133
0.006356360390782356
0.019204264506697655
0.004113843198865652
0.004632365889847279
0.005138057749718428
0.008467285893857479
0.011203479021787643
0.004032237455248833
0.008558784611523151
0.007409018464386463
0.005431464407593012
0.0031189369037747383
0.00710839219391346
0.0033522769808769226
0.004603277891874313
0.007007705047726631
0.0020809953566640615
0.002331588650122285
0.005606320686638355
0.004383396357297897
0.003486765781417489
0.004780919291079044
0.0034995805472135544
0.004150609485805035
0.0021175129804760218
0.005025936756283045
0.0025598257780075073
0.004099564626812935
0.004781709983944893
0.0030860791448503733
0.0037881750613451004
0.004556808155030012
0.007690699305385351
0.002987200627103448
0.002359215635806322
0.003556373994797468
0.002684570848941803
0.002532754559069872
0.003262866521254182
0.0041411141864955425
0.002814794424921274
0.002674226416274905
0.012956579215824604
0.0053979335352778435
0.004487812519073486
0.003763766959309578
0.008706577122211456
0.008977469988167286
0.006098863668739796
0.0032651806250214577
0.002776382490992546
0.008326152339577675
0.007936529815196991
0.009951853193342686
0.006026347167789936
0.0027804728597402573
0.0025288639590144157
0.005099562928080559
0.005856465548276901
0.007111852988600731
0.0026976382359862328
0.006042202468961477
0.0038510248996317387
0.0053979079239070415
0.00869750790297985
0.0018234156304970384
0.00390123063698411
0.0011397842317819595
0.004414066206663847
0.002773973159492016
0.0032231160439550877
0.004863968584686518
0.005907371640205383
0.007325050886720419
0.00838171411305666
0.0033509854692965746
0.002374136820435524
0.021119367331266403
0.004747978411614895
0.0034531098790466785
0.00451796967536211
0.0031790907960385084
0.004039130639284849
