0.4955613911151886
0.5076199173927307
0.4626346528530121
0.4979710876941681
0.49761462211608887
0.497798889875412
0.49818313121795654
0.4921922981739044
0.49495795369148254
0.51393723487854
0.4916062653064728
0.5029233694076538
0.48675620555877686
0.4424038529396057
0.45407840609550476
0.5112022161483765
0.4533458650112152
0.4453364312648773
0.39941462874412537
0.4662404954433441
0.3917982578277588
0.4911559224128723
0.43940824270248413
0.4649925231933594
0.4824199080467224
0.453532874584198
0.45748478174209595
0.40706950426101685
0.5139860510826111
0.4271908104419708
0.4097574055194855
0.391381174325943
0.4724223017692566
0.4112916588783264
0.39688584208488464
0.45992445945739746
0.3719833493232727
0.4840991199016571
0.21555544435977936
0.38863039016723633
0.3204125165939331
0.5667784810066223
0.26499173045158386
0.2850058972835541
0.3918801546096802
0.2973566949367523
0.45079195499420166
0.12891268730163574
0.47715047001838684
0.39013972878456116
0.33966273069381714
0.38047051429748535
0.6303614377975464
0.5907166004180908
0.3245663344860077
0.3755652606487274
0.5289824604988098
0.5314855575561523
0.36216336488723755
0.35939908027648926
0.45595309138298035
0.4323174059391022
0.45783326029777527
0.3313596844673157
0.42729097604751587
0.4472457766532898
0.374248206615448
0.43793347477912903
0.4086991250514984
0.43087929487228394
0.46799033880233765
0.4052296280860901
0.4454950988292694
0.41261130571365356
0.501823365688324
0.46900445222854614
0.5034469366073608
0.506091833114624
0.49516820907592773
0.4424279034137726
0.4613324999809265
0.5210742950439453
0.4432225823402405
0.5004639625549316
0.46932095289230347
0.48278629779815674
0.5136503577232361
0.5447714328765869
0.4557846188545227
0.5096971988677979
0.45308494567871094
0.4750778377056122
0.4362635016441345
0.46821051836013794
0.4162425398826599
0.5209791660308838
0.40760040283203125
0.4867784380912781
0.5504920482635498
0.48681873083114624
0.51812744140625
0.4427794814109802
0.47151607275009155
0.3924511671066284
0.4493548274040222
0.48453289270401
0.4799641966819763
0.48660558462142944
0.466860830783844
0.42559289932250977
0.4617059826850891
0.5192935466766357
0.4308876395225525
0.4925198554992676
0.5539854168891907
0.4835616946220398
0.40040019154548645
0.43821626901626587
0.5037069916725159
0.49322813749313354
0.4916004240512848
0.37397587299346924
0.4995660185813904
0.37838247418403625
0.4856066405773163
0.48411303758621216
0.5015854239463806
0.4952129125595093
0.4963766038417816
0.48931393027305603
0.5232929587364197
0.5243911147117615
0.49351879954338074
0.5193082690238953
0.45107775926589966
0.5200552344322205
0.4610755443572998
0.5353806018829346
0.5428643226623535
0.40217074751853943
0.47240692377090454
0.5087028741836548
0.4125276803970337
0.49584606289863586
0.47898197174072266
0.49144500494003296
0.5371786952018738
0.49631133675575256
0.48170536756515503
0.4770287871360779
0.47716593742370605
0.5013290643692017
0.49204134941101074
0.42311668395996094
0.44892945885658264
0.4656974673271179
0.4779813885688782
0.5375557541847229
0.5191521048545837
0.4904482960700989
0.44229716062545776
0.4403676688671112
0.4685365855693817
0.4671843647956848
0.4644523859024048
0.5175769329071045
0.5152835845947266
0.5209949612617493
0.43238064646720886
0.5635838508605957
0.4766440987586975
0.5395324230194092
0.4731973111629486
0.4652062952518463
0.5119931697845459
0.4110032916069031
0.46947067975997925
0.4699990153312683
0.48518452048301697
0.4252166748046875
0.47391587495803833
0.5016605854034424
0.46796801686286926
0.467567503452301
0.45641717314720154
0.3996273875236511
0.4971451461315155
0.5350682139396667
0.505152702331543
0.46682024002075195
0.4372219741344452
0.5547529458999634
0.4927311837673187
0.4712550640106201
0.4947991967201233
0.49064895510673523
0.47107961773872375
0.4411039352416992
0.4828578531742096
0.4779689908027649
0.46548646688461304
0.5028222799301147
0.47935083508491516
0.4661462903022766
0.479960560798645
0.5166343450546265
0.43938103318214417
0.4910539984703064
0.4887964427471161
0.37049558758735657
0.5036643743515015
0.4992024898529053
0.47724592685699463
0.46366918087005615
0.5121649503707886
0.3814675509929657
0.419729620218277
0.40989911556243896
0.47243523597717285
0.4535541832447052
0.4853110611438751
0.468605637550354
0.4621780514717102
0.4918844699859619
0.4805959463119507
0.5303190350532532
0.4220118522644043
0.454914391040802
0.4924343228340149
0.4523501396179199
0.4514312148094177
0.5028270483016968
0.4401223957538605
0.45757246017456055
0.507319986820221
0.44615113735198975
0.48491641879081726
0.5010160207748413
0.4708566963672638
0.4761408567428589
0.5302829742431641
0.5194013714790344
0.5063520669937134
0.4785054624080658
0.5441997051239014
0.4100741744041443
0.4505683183670044
0.4653230905532837
0.4917553663253784
0.4610864222049713
0.44449883699417114
0.4994145631790161
0.5019947290420532
0.4570683538913727
0.49315449595451355
0.5174820423126221
0.4801095724105835
0.4696064591407776
0.43896904587745667
0.46915262937545776
0.4470052719116211
0.5117229223251343
0.5097725987434387
0.4517955183982849
0.48957082629203796
0.46820491552352905
0.4586940407752991
0.46713247895240784
0.49631747603416443
0.5323841571807861
0.48717349767684937
0.4883107542991638
0.4963085353374481
0.5309363603591919
0.49669864773750305
0.48911017179489136
0.4810020625591278
0.4192621111869812
0.45977333188056946
0.45036792755126953
0.41002532839775085
0.45314934849739075
0.4467049241065979
0.4989390969276428
0.48864874243736267
0.4737774729728699
0.4326198697090149
0.4713526666164398
0.43509435653686523
0.49740245938301086
0.519828200340271
0.45577889680862427
0.39030444622039795
0.49887463450431824
0.4305346608161926
0.47000405192375183
0.41174212098121643
0.4646395146846771
0.44721949100494385
0.4638243019580841
0.5502970218658447
0.3833121061325073
0.48175233602523804
0.5160837173461914
0.49971240758895874
0.5020402073860168
0.4718286097049713
0.5060335993766785
0.5317476391792297
0.4990043640136719
0.516890823841095
0.4300611913204193
0.5027936697006226
0.42350974678993225
0.46881794929504395
0.42503172159194946
0.5336790680885315
0.4198681116104126
0.45665881037712097
0.49238142371177673
0.4414408802986145
0.520105242729187
0.40768617391586304
0.3968309164047241
0.46959733963012695
0.49952518939971924
0.4326835870742798
0.40439701080322266
0.4432961344718933
0.46006500720977783
0.4648050367832184
0.48297011852264404
0.4832077622413635
0.5253832936286926
0.4340835511684418
0.4983512759208679
0.39990684390068054
0.5275401473045349
0.45671117305755615
0.43278369307518005
0.4436687231063843
0.40095722675323486
0.4779292941093445
0.4519529640674591
0.48902028799057007
0.49954020977020264
0.4568388760089874
0.46896201372146606
0.40802130103111267
0.4819064140319824
0.510729193687439
0.5012233853340149
0.48058396577835083
0.39019474387168884
0.46758532524108887
0.39010369777679443
0.4800417125225067
0.41148146986961365
0.472344309091568
0.3826887011528015
0.5197334885597229
0.4657195806503296
0.40231913328170776
0.46725040674209595
0.42623186111450195
0.3851433992385864
0.491142213344574
0.42439404129981995
0.4746367335319519
0.5125643610954285
0.48048752546310425
0.438469260931015
0.4509908854961395
0.5200276970863342
0.479338139295578
0.4927561581134796
0.44869375228881836
0.3729618787765503
0.4498857259750366
0.4849720895290375
0.4432520270347595
0.5103728771209717
0.41335612535476685
0.5086601376533508
0.4685170650482178
0.4251050055027008
0.4153616428375244
0.4107653796672821
0.4348030388355255
0.5190284848213196
0.4419548213481903
0.4475662112236023
0.3995060920715332
0.44845980405807495
0.4082161784172058
0.4932866394519806
0.3805721402168274
0.48803696036338806
0.47511547803878784
0.4516598582267761
0.44377508759498596
0.5328572988510132
0.5035334825515747
0.3867138624191284
0.3776320517063141
0.4216156601905823
0.45493409037590027
0.4154626131057739
0.48675620555877686
0.4577053189277649
0.5036005973815918
0.4058758318424225
0.48050323128700256
0.4763384759426117
0.4214179813861847
0.38311848044395447
0.4796947240829468
0.48367244005203247
0.2463100701570511
0.49523377418518066
0.45837175846099854
0.42236778140068054
0.42078864574432373
0.46683552861213684
0.43159300088882446
0.4654042422771454
0.47468698024749756
0.4538627564907074
0.4727293848991394
0.448125422000885
0.44271963834762573
0.5149245262145996
0.3757568895816803
0.5083248019218445
0.3681473433971405
0.4843665361404419
0.3802989721298218
0.4679621458053589
0.4546346962451935
0.40314429998397827
0.43713074922561646
0.5162293910980225
0.3131199777126312
0.43085992336273193
0.4668698310852051
0.3908068537712097
0.26611974835395813
0.4155888259410858
0.43817609548568726
0.4534914195537567
0.41725635528564453
0.42114371061325073
0.4749749004840851
0.4625591039657593
0.47399014234542847
0.5350766777992249
0.4758782684803009
0.4425346553325653
0.48511579632759094
0.32858553528785706
0.42783433198928833
0.4298825263977051
0.4797404110431671
0.427479088306427
0.3967604637145996
0.4342498183250427
0.38987424969673157
0.4233359098434448
0.4659065008163452
0.484654039144516
0.4528147578239441
0.4118301272392273
0.530888557434082
0.5181355476379395
0.4189815819263458
0.3535262942314148
0.3450043499469757
0.4336993098258972
0.35881757736206055
0.3950751721858978
0.4853708744049072
0.34539794921875
0.4765810966491699
0.40849554538726807
0.4310290813446045
0.42770740389823914
0.39240190386772156
0.4866834282875061
0.47245359420776367
0.37170934677124023
0.4840337932109833
0.4090757966041565
0.3711118698120117
0.3795495331287384
0.49944400787353516
0.44547346234321594
0.408970445394516
0.45546916127204895
0.44036775827407837
0.40545815229415894
0.5052892565727234
0.5080983638763428
0.4207364320755005
0.40573903918266296
0.4323224723339081
0.3661356568336487
0.49235615134239197
0.4407900273799896
0.4955165386199951
0.45090746879577637
0.2890050709247589
0.3744284510612488
0.4265819191932678
0.4550904631614685
0.5171768069267273
0.42962974309921265
0.4817337691783905
0.38991087675094604
0.3710106313228607
0.3218397796154022
0.4553586542606354
0.4405975341796875
0.4603859484195709
0.44232580065727234
0.4470134377479553
0.42929738759994507
0.43574973940849304
0.4811250567436218
0.43463134765625
0.38262510299682617
0.42025667428970337
0.4280342161655426
0.3806110918521881
0.4668157696723938
0.4981771409511566
0.25280052423477173
0.4031403660774231
0.447105348110199
0.41333478689193726
0.3715030550956726
0.4598217010498047
0.43966013193130493
0.41876038908958435
0.4637986719608307
0.44544094800949097
0.45133882761001587
0.2458677887916565
0.4487262964248657
0.4013544023036957
0.43898582458496094
0.45797204971313477
0.35686561465263367
0.3974009156227112
0.4096064865589142
0.3895956873893738
0.41384246945381165
0.4015863239765167
0.4241945147514343
0.3301527798175812
0.40472036600112915
0.329063355922699
0.43172401189804077
0.41211795806884766
0.46591442823410034
0.3942338824272156
0.3981398642063141
0.3332071602344513
0.4282243251800537
0.39688974618911743
0.4270119369029999
0.35430294275283813
0.41151851415634155
0.4659350514411926
0.4211462736129761
0.4549158215522766
0.4641282558441162
0.4850160777568817
0.4160691201686859
0.32666900753974915
0.39432308077812195
0.34166669845581055
0.44940119981765747
0.4709309935569763
0.33672571182250977
0.40312686562538147
0.46912986040115356
0.37793534994125366
0.4831874370574951
0.3321910500526428
0.3314128816127777
0.40190598368644714
0.3789348006248474
0.46902960538864136
0.3734164237976074
0.4313788414001465
0.31004199385643005
0.3461639881134033
0.19421464204788208
0.25658708810806274
0.4533521831035614
0.3770991265773773
0.4252232611179352
0.366985946893692
0.43887436389923096
0.47291889786720276
0.25722137093544006
0.40999847650527954
0.46826171875
0.2946992516517639
0.5040158629417419
0.32103604078292847
0.36645007133483887
0.43544185161590576
0.48171496391296387
0.4478747844696045
0.37535539269447327
0.3847927153110504
0.4025542438030243
0.2936500012874603
0.4675079584121704
0.4071521461009979
0.25507843494415283
0.4757777154445648
0.4783795475959778
0.44133859872817993
0.3218190670013428
0.4264261722564697
0.33600667119026184
0.39595550298690796
0.41146185994148254
0.31238508224487305
0.4470946788787842
0.35334980487823486
0.35586491227149963
0.4891093969345093
0.3699030876159668
0.43383124470710754
0.3534957468509674
0.29913192987442017
0.43824446201324463
0.44503235816955566
0.4464123845100403
0.4426947236061096
0.35915374755859375
0.4057480990886688
0.42779386043548584
0.49938085675239563
0.3928814232349396
0.2976199686527252
0.44553136825561523
0.34610962867736816
0.3316403925418854
0.3507019877433777
0.4092523157596588
0.4682779312133789
0.42717576026916504
0.4372400939464569
0.3391888737678528
0.35047975182533264
0.3761848211288452
0.47688713669776917
0.4232668876647949
0.49365538358688354
0.42999953031539917
0.43452149629592896
0.3240833282470703
0.3090741038322449
0.316651314496994
0.3924316167831421
0.4518622159957886
0.41184526681900024
0.4717976152896881
0.3964848816394806
0.2745470404624939
0.39136388897895813
0.398712694644928
0.48132652044296265
0.3479709029197693
0.48008471727371216
0.40706443786621094
0.36849290132522583
0.36192330718040466
0.42479029297828674
0.3953213095664978
0.39619091153144836
0.329194575548172
0.4153718650341034
0.35976454615592957
0.23329642415046692
0.44985586404800415
0.45596638321876526
0.36619216203689575
0.3983212411403656
0.2946949899196625
0.3754427134990692
0.36856183409690857
0.3966060280799866
0.26171940565109253
0.3358900845050812
0.42140042781829834
0.3634163737297058
0.44480279088020325
0.45766836404800415
0.4249732792377472
0.48575523495674133
0.38274598121643066
0.45614147186279297
0.36401015520095825
0.33796268701553345
0.3386991322040558
0.38237637281417847
0.45357751846313477
0.38920918107032776
0.3398756682872772
0.39910683035850525
0.38195011019706726
0.37754881381988525
0.356762170791626
0.3461243212223053
0.48473256826400757
0.4563924968242645
0.4521859884262085
0.3586612343788147
0.4644278883934021
0.35833287239074707
0.4591415524482727
0.4822753667831421
0.4028424918651581
0.33016419410705566
0.4636998474597931
0.4157690107822418
0.39828917384147644
0.3554190993309021
0.378238320350647
0.43255549669265747
0.42202338576316833
0.3682791590690613
0.4424996078014374
0.4447997808456421
0.4763551950454712
0.3661866784095764
0.41901519894599915
0.4042254090309143
0.3629433512687683
0.3837915062904358
0.3260718882083893
0.3472461402416229
0.4324378967285156
0.419673889875412
0.5011793375015259
0.45262059569358826
0.40026161074638367
0.40638968348503113
0.3284980356693268
0.2606212794780731
0.3878938853740692
0.39409083127975464
0.4389849603176117
0.37700173258781433
0.4563373923301697
0.3597200810909271
0.37474867701530457
0.37209057807922363
0.40188664197921753
0.32637926936149597
0.5172743797302246
0.3787062466144562
0.40734341740608215
0.3112871050834656
0.4126430153846741
0.3254575729370117
0.2976803481578827
0.40191376209259033
0.3817761540412903
0.3832799196243286
0.4549331068992615
0.4667706787586212
0.40146785974502563
0.4300873875617981
0.48501086235046387
0.38604506850242615
0.4131578505039215
0.35991907119750977
0.3260550796985626
0.4576572775840759
0.42658692598342896
0.30716630816459656
0.45724135637283325
0.3878246247768402
0.37908199429512024
0.3446454703807831
0.39116543531417847
0.37832579016685486
0.42000699043273926
0.4383350610733032
0.19207850098609924
0.36748722195625305
0.3578999638557434
0.3608105480670929
0.35537904500961304
0.3923211097717285
0.42253702878952026
0.4960210919380188
0.370415598154068
0.3498624861240387
0.41733574867248535
0.3422642648220062
0.34902718663215637
0.39511922001838684
0.3289058804512024
0.3659701347351074
0.3986945152282715
0.44144105911254883
0.2521808445453644
0.404399573802948
0.3104514181613922
0.47244003415107727
0.399710476398468
0.4053844213485718
0.42948389053344727
0.3959909677505493
0.3745475113391876
0.4203428030014038
0.3525278568267822
0.3930893540382385
0.4496033191680908
0.42942413687705994
0.3881914019584656
0.30621954798698425
0.39558202028274536
0.3128829896450043
0.43815726041793823
0.46969640254974365
0.3643254041671753
0.32208451628685
0.4148368239402771
0.3619760274887085
0.4353869557380676
0.4904421269893646
0.3296986520290375
0.38396093249320984
0.43361204862594604
0.4194925129413605
0.4629632234573364
0.45309871435165405
0.41396862268447876
0.5153590440750122
0.34941795468330383
0.41834232211112976
0.48738548159599304
0.41534745693206787
0.37379884719848633
0.4215819239616394
0.3129960596561432
0.30478811264038086
0.45165714621543884
0.5269688367843628
0.35508066415786743
0.3067839443683624
0.4288334846496582
0.39115819334983826
0.3121334910392761
0.5306166410446167
0.4462185204029083
0.4688289761543274
0.3899114727973938
0.34765008091926575
0.3446533679962158
0.48679319024086
0.42598187923431396
0.38230669498443604
0.36265313625335693
0.45010676980018616
0.4250689148902893
0.46996361017227173
0.47593259811401367
0.42127352952957153
0.46301862597465515
0.40430283546447754
0.3430730998516083
0.4298676550388336
0.35668399930000305
0.4939173460006714
0.3714480996131897
0.3389814496040344
0.4534599781036377
0.2844959497451782
0.3946474492549896
0.4616518020629883
0.3428344428539276
0.42553791403770447
0.4864323139190674
0.3738180696964264
0.34441933035850525
0.3507442772388458
0.3063214421272278
0.42187249660491943
0.35421380400657654
0.40518373250961304
0.40661031007766724
0.3419828712940216
0.3814551830291748
0.4362908601760864
0.3511434495449066
0.3332131505012512
0.3438524305820465
0.4157509207725525
0.4045233428478241
0.4315505027770996
0.4324806034564972
0.47321319580078125
0.4205031394958496
0.46856653690338135
0.3158996105194092
0.27176257967948914
0.495191752910614
0.36092162132263184
0.47816336154937744
0.409050852060318
0.3229750692844391
0.40079694986343384
0.2358171045780182
0.3356166183948517
0.37376266717910767
0.34396812319755554
0.3257012665271759
0.4160590171813965
0.4104197323322296
0.4403894543647766
0.3616824746131897
0.40314456820487976
0.4147860109806061
0.3813932240009308
0.3191048502922058
0.4253871440887451
0.42705923318862915
0.2937023639678955
0.4260196089744568
0.41664373874664307
0.4534846246242523
0.42445749044418335
0.4108651876449585
0.24918709695339203
0.38782787322998047
0.3528819978237152
0.36777463555336
0.4528945982456207
0.4636961817741394
0.35945379734039307
0.4010474383831024
0.44256266951560974
0.44978824257850647
0.41338109970092773
0.287544846534729
0.4115307629108429
0.3813559114933014
0.2825567126274109
0.3240024447441101
0.41030260920524597
0.27690383791923523
0.44644394516944885
0.3666694164276123
0.320056289434433
0.3227105736732483
0.36971524357795715
0.32561513781547546
0.3949755132198334
0.3639177083969116
0.30605068802833557
0.3946235477924347
0.31428512930870056
0.44535031914711
0.4489012062549591
0.4217034578323364
0.371083527803421
0.3996727168560028
0.3776819407939911
0.40247270464897156
0.3735350966453552
0.442246675491333
0.24341638386249542
0.39843985438346863
0.3103216290473938
0.4716528356075287
0.38634824752807617
0.39804089069366455
0.508981466293335
0.47804564237594604
0.39563286304473877
0.3627156615257263
0.38877326250076294
0.4170677363872528
0.36878541111946106
0.37614697217941284
0.3993951380252838
0.33331480622291565
0.4109446108341217
0.43352842330932617
0.3062450587749481
0.3416520953178406
