0.26369190216064453
0.259229451417923
0.24413377046585083
0.2554069459438324
0.265750527381897
0.2620832622051239
0.25193023681640625
0.2636417746543884
0.25489744544029236
0.2703699767589569
0.2490772306919098
0.264239102602005
0.2523866891860962
0.22033703327178955
0.22880515456199646
0.26706889271736145
0.22774676978588104
0.24690987169742584
0.20299677550792694
0.2276766300201416
0.19237133860588074
0.249027818441391
0.19510963559150696
0.22892281413078308
0.26112017035484314
0.24209344387054443
0.2514374852180481
0.18420828878879547
0.25970983505249023
0.24546538293361664
0.22064019739627838
0.2279277890920639
0.294782429933548
0.22233368456363678
0.18583469092845917
0.24796836078166962
0.1927592158317566
0.27044782042503357
0.13383254408836365
0.16187430918216705
0.18770873546600342
0.31877416372299194
0.1295182853937149
0.161481112241745
0.18431757390499115
0.12418986111879349
0.25655633211135864
0.16637030243873596
0.2466781884431839
0.3656473755836487
0.2296404242515564
0.2824913561344147
0.42376384139060974
0.328616738319397
0.21938690543174744
0.22784852981567383
0.34653687477111816
0.35984691977500916
0.1748959869146347
0.268428236246109
0.2522093653678894
0.32315972447395325
0.20758168399333954
0.2074124813079834
0.22362622618675232
0.2617301940917969
0.19535276293754578
0.24675443768501282
0.18646852672100067
0.2313121259212494
0.23449374735355377
0.20783859491348267
0.21375904977321625
0.23202814161777496
0.27489158511161804
0.25916779041290283
0.2894057035446167
0.2562454044818878
0.2462233155965805
0.23930494487285614
0.23587666451931
0.2917373776435852
0.21745295822620392
0.25483882427215576
0.26295673847198486
0.23728995025157928
0.28424572944641113
0.28872156143188477
0.26011624932289124
0.26740461587905884
0.24562549591064453
0.24376532435417175
0.24722622334957123
0.25111353397369385
0.21709923446178436
0.2906741797924042
0.20367302000522614
0.28337305784225464
0.2994517982006073
0.27194565534591675
0.28468057513237
0.23093391954898834
0.26560601592063904
0.22497479617595673
0.22829538583755493
0.2504250407218933
0.24754387140274048
0.25656452775001526
0.236044242978096
0.21558894217014313
0.24965612590312958
0.2856259047985077
0.22459234297275543
0.2743310332298279
0.3032674193382263
0.2506623864173889
0.1976192444562912
0.2431422621011734
0.2781822085380554
0.28187406063079834
0.2557380199432373
0.21724681556224823
0.2683688998222351
0.19436830282211304
0.2731917202472687
0.2703203856945038
0.26294511556625366
0.26046520471572876
0.27503377199172974
0.27147865295410156
0.28812146186828613
0.2953653335571289
0.25443223118782043
0.28007471561431885
0.25347068905830383
0.26257163286209106
0.2309664487838745
0.289561003446579
0.26171377301216125
0.2814777195453644
0.23006971180438995
0.25595352053642273
0.26914718747138977
0.22377081215381622
0.18703898787498474
0.2560659646987915
0.2758496403694153
0.25387972593307495
0.2824298143386841
0.26269105076789856
0.2782460153102875
0.2569679021835327
0.20728756487369537
0.2637445330619812
0.2671775221824646
0.27601197361946106
0.2533460855484009
0.24664539098739624
0.24995587766170502
0.2563583254814148
0.2675439119338989
0.21799123287200928
0.2654118239879608
0.2342383861541748
0.25433793663978577
0.25809624791145325
0.2684451639652252
0.25069013237953186
0.2202964723110199
0.24692586064338684
0.26487961411476135
0.2811567485332489
0.26539289951324463
0.23213565349578857
0.24121499061584473
0.2832809090614319
0.23300206661224365
0.27131888270378113
0.2462780475616455
0.2469889372587204
0.29154667258262634
0.2253553867340088
0.24042630195617676
0.2613888382911682
0.23054449260234833
0.23396418988704681
0.23239250481128693
0.2883264124393463
0.2576296925544739
0.2539203464984894
0.2554396092891693
0.2329998016357422
0.2696639895439148
0.2898108661174774
0.2566480040550232
0.20324325561523438
0.23152123391628265
0.26429641246795654
0.24926671385765076
0.2479880154132843
0.25565269589424133
0.28607964515686035
0.23331253230571747
0.2753278911113739
0.24084533751010895
0.27128952741622925
0.2706478536128998
0.26603150367736816
0.2951504588127136
0.24177134037017822
0.2203589826822281
0.2836229205131531
0.25927630066871643
0.2758881747722626
0.2777743339538574
0.24697569012641907
0.23388364911079407
0.30253416299819946
0.26210877299308777
0.2503921389579773
0.27556341886520386
0.27731752395629883
0.22668759524822235
0.25347569584846497
0.2633362412452698
0.2893604040145874
0.2267259955406189
0.2425536960363388
0.22182199358940125
0.2202938050031662
0.2561144530773163
0.2565476894378662
0.22730018198490143
0.22222204506397247
0.23726996779441833
0.2772195637226105
0.2598988115787506
0.26848411560058594
0.24569031596183777
0.24927720427513123
0.2772696614265442
0.2505473494529724
0.262967050075531
0.24834398925304413
0.22503972053527832
0.23098458349704742
0.25391846895217896
0.24262301623821259
0.2328692525625229
0.27168768644332886
0.2205071747303009
0.26439401507377625
0.23603034019470215
0.24295638501644135
0.2474682778120041
0.24514098465442657
0.27774950861930847
0.2706742584705353
0.23218931257724762
0.2593607008457184
0.25382155179977417
0.286266028881073
0.2414744347333908
0.263576865196228
0.2565596401691437
0.269477516412735
0.27078238129615784
0.22023744881153107
0.2482576072216034
0.25276923179626465
0.22100871801376343
0.25401416420936584
0.25579872727394104
0.2272823005914688
0.23132064938545227
0.27325892448425293
0.23104427754878998
0.21637453138828278
0.24752992391586304
0.25584495067596436
0.1953224241733551
0.23448799550533295
0.26600581407546997
0.2502845227718353
0.22138185799121857
0.231377974152565
0.25154340267181396
0.26005497574806213
0.2640635073184967
0.2456134706735611
0.19995611906051636
0.22159340977668762
0.2653636038303375
0.2672644555568695
0.26918938755989075
0.245466947555542
0.20820264518260956
0.2716839015483856
0.253980427980423
0.2786427140235901
0.27542346715927124
0.23064659535884857
0.22673849761486053
0.24574002623558044
0.22613370418548584
0.29258203506469727
0.2478700876235962
0.26638010144233704
0.2576604187488556
0.23769879341125488
0.1894592046737671
0.22080203890800476
0.25538530945777893
0.2390967607498169
0.2703184485435486
0.17067831754684448
0.20058900117874146
0.20655201375484467
0.20490777492523193
0.23222123086452484
0.23434267938137054
0.28227561712265015
0.30736011266708374
0.2630577087402344
0.22352753579616547
0.27776241302490234
0.21870970726013184
0.21181195974349976
0.2591603696346283
0.2538420855998993
0.2642757296562195
0.29505741596221924
0.2551548182964325
0.3117936849594116
0.2760305106639862
0.26442575454711914
0.25558120012283325
0.23813964426517487
0.25120845437049866
0.27297455072402954
0.2447613775730133
0.26517078280448914
0.22251847386360168
0.2570473253726959
0.2688198685646057
0.20303326845169067
0.2663802206516266
0.24197402596473694
0.26466941833496094
0.21890226006507874
0.2232067734003067
0.25784504413604736
0.26063382625579834
0.2330634891986847
0.22377720475196838
0.2542324364185333
0.24415506422519684
0.2150326669216156
0.26269805431365967
0.2549625039100647
0.248249813914299
0.19896996021270752
0.28469446301460266
0.23047715425491333
0.2652665078639984
0.24606819450855255
0.21195457875728607
0.2506846785545349
0.23462779819965363
0.22653186321258545
0.27829983830451965
0.2649171054363251
0.2685433030128479
0.26777803897857666
0.25841015577316284
0.2669977843761444
0.2736656069755554
0.23182332515716553
0.25445669889450073
0.24135243892669678
0.2642430067062378
0.2632736265659332
0.24564912915229797
0.20004285871982574
0.26893728971481323
0.24182380735874176
0.2393113225698471
0.2739968001842499
0.22565236687660217
0.2393212914466858
0.24936120212078094
0.19848312437534332
0.2182825207710266
0.22301803529262543
0.22925834357738495
0.2527034282684326
0.2612721621990204
0.2579120695590973
0.23555535078048706
0.2738710343837738
0.25595027208328247
0.2291797697544098
0.21666669845581055
0.24145859479904175
0.2673848271369934
0.27068522572517395
0.23416545987129211
0.23818890750408173
0.20985762774944305
0.2503165602684021
0.2656230926513672
0.2781189978122711
0.27160829305648804
0.20475494861602783
0.24654734134674072
0.2179178148508072
0.26887327432632446
0.25553008913993835
0.22101105749607086
0.2473166286945343
0.276027113199234
0.25046804547309875
0.24091218411922455
0.2452661693096161
0.2356662154197693
0.25980010628700256
0.26820480823516846
0.2779786288738251
0.23702587187290192
0.2584984600543976
0.24579639732837677
0.2506237328052521
0.25761207938194275
0.25622978806495667
0.24583669006824493
0.25009414553642273
0.24842363595962524
0.22890564799308777
0.22310149669647217
0.1972033679485321
0.2539418935775757
0.25565582513809204
0.2609902024269104
0.2264537513256073
0.22952164709568024
0.26139044761657715
0.24904386699199677
0.2504640519618988
0.2307528406381607
0.20870506763458252
0.25569048523902893
0.25767767429351807
0.27275678515434265
0.2480292171239853
0.20592834055423737
0.29478883743286133
0.22804240882396698
0.2575298547744751
0.23994021117687225
0.24348539113998413
0.2599238455295563
0.18786579370498657
0.2515833377838135
0.2345459908246994
0.21941305696964264
0.26577845215797424
0.2760189175605774
0.2646915316581726
0.2568008005619049
0.2175780087709427
0.17373742163181305
0.24871106445789337
0.25240862369537354
0.22677385807037354
0.24974773824214935
0.24025234580039978
0.2882709503173828
0.2528907060623169
0.2401302307844162
0.2525874078273773
0.24759617447853088
0.2760162353515625
0.2564278542995453
0.20877498388290405
0.21502989530563354
0.2596549987792969
0.2355113923549652
0.2515832185745239
0.20079557597637177
0.25752195715904236
0.24727173149585724
0.2788207232952118
0.19701868295669556
0.2485058605670929
0.2508106231689453
0.2750076651573181
0.22546499967575073
0.24158993363380432
0.22967717051506042
0.23523908853530884
0.22614941000938416
0.2570820450782776
0.2583707869052887
0.2242315709590912
0.22890642285346985
0.22908839583396912
0.2450798600912094
0.2411636859178543
0.23508064448833466
0.22206993401050568
0.2418137639760971
0.2328185737133026
0.2235001027584076
0.25053536891937256
0.2066592574119568
0.22079478204250336
0.23279134929180145
0.25706085562705994
0.25764593482017517
0.2702084183692932
0.2230919599533081
0.20849907398223877
0.23685197532176971
0.2642868757247925
0.2537851333618164
0.21402913331985474
0.25829625129699707
0.21794164180755615
0.2500852048397064
0.23622934520244598
0.23216557502746582
0.27303391695022583
0.24102698266506195
0.26329126954078674
0.23366010189056396
0.26901814341545105
0.25908488035202026
0.2361556589603424
0.22826912999153137
0.2841414213180542
0.19361554086208344
0.25725051760673523
0.24931693077087402
0.2610476315021515
0.23328721523284912
0.19211366772651672
0.2726333439350128
0.24030733108520508
0.2582436203956604
0.2487652748823166
0.24046176671981812
0.24974235892295837
0.25587376952171326
0.26773715019226074
0.25404733419418335
0.2506251931190491
0.24758829176425934
0.2739098370075226
0.26938629150390625
0.25583356618881226
0.23539698123931885
0.23847123980522156
0.18172959983348846
0.17104163765907288
0.25559988617897034
0.22026793658733368
0.25813713669776917
0.22071203589439392
0.28312820196151733
0.19559542834758759
0.23236878216266632
0.24766477942466736
0.23118305206298828
0.2552128732204437
0.1821928173303604
0.2243257611989975
0.24201957881450653
0.24822890758514404
0.24409501254558563
0.2670617401599884
0.2019043117761612
0.23748956620693207
0.24529819190502167
0.2577299475669861
0.2383061647415161
0.2496480792760849
0.2841070294380188
0.17791283130645752
0.2743593454360962
0.26693862676620483
0.21771611273288727
0.24943120777606964
0.25991320610046387
0.20668266713619232
0.2145388424396515
0.25783029198646545
0.23540014028549194
0.25761792063713074
0.22495253384113312
0.2501136362552643
0.25791019201278687
0.17348499596118927
0.19660727679729462
0.24292133748531342
0.24397191405296326
0.2606768310070038
0.21811248362064362
0.21132253110408783
0.1912543624639511
0.22990840673446655
0.24268463253974915
0.24236157536506653
0.2572820782661438
0.21224497258663177
0.26720955967903137
0.24118179082870483
0.23550474643707275
0.22903570532798767
0.2625417113304138
0.25099384784698486
0.24303585290908813
0.20189207792282104
0.21991753578186035
0.21705253422260284
0.2238544225692749
0.2580758035182953
0.24984265863895416
0.26988035440444946
0.26418277621269226
0.22962728142738342
0.22613106667995453
0.20043517649173737
0.2734747529029846
0.2199825495481491
0.29894912242889404
0.24746769666671753
0.2456819862127304
0.22949497401714325
0.203740656375885
0.24456439912319183
0.17830799520015717
0.2474365383386612
0.25421789288520813
0.2607102394104004
0.20939768850803375
0.24970018863677979
0.287932425737381
0.23985207080841064
0.23310410976409912
0.21020561456680298
0.2008344531059265
0.20211686193943024
0.22343194484710693
0.23258282244205475
0.21889425814151764
0.2526197135448456
0.2671554684638977
0.21810200810432434
0.2532261610031128
0.2669150233268738
0.28253665566444397
0.20964272320270538
0.25870782136917114
0.22315189242362976
0.2570366859436035
0.29248249530792236
0.2650130093097687
0.260140985250473
0.2140587866306305
0.23310664296150208
0.24591101706027985
0.25132229924201965
0.19781233370304108
0.2374299019575119
0.2555573582649231
0.25344300270080566
0.23060940206050873
0.23782676458358765
0.21247360110282898
0.24118900299072266
0.2501348555088043
0.2151632457971573
0.18494057655334473
0.22847303748130798
0.25979679822921753
0.2533554434776306
0.20905034244060516
0.21774037182331085
0.18351492285728455
0.23751865327358246
0.22633901238441467
0.22106245160102844
0.26308536529541016
0.2094774842262268
0.2379102110862732
0.22915992140769958
0.2449132353067398
0.23965556919574738
0.19082242250442505
0.16001461446285248
0.2237263023853302
0.2291666567325592
0.2194538712501526
0.23007726669311523
0.17550881206989288
0.21170766651630402
0.26837804913520813
0.25185588002204895
0.23053012788295746
0.23322123289108276
0.2293742299079895
0.2722123861312866
0.24759580194950104
0.19169919192790985
0.26612070202827454
0.20337288081645966
0.23532649874687195
0.20886297523975372
0.24803733825683594
0.25390079617500305
0.24738171696662903
0.19034190475940704
0.28251415491104126
0.235948383808136
0.24538813531398773
0.20641107857227325
0.2673951983451843
0.23729349672794342
0.25297772884368896
0.23542501032352448
0.2449670284986496
0.24900341033935547
0.22356610000133514
0.22968174517154694
0.22700151801109314
0.25981757044792175
0.23183724284172058
0.26392582058906555
0.2259998470544815
0.24667713046073914
0.19382445514202118
0.2551315426826477
0.23593971133232117
0.26435157656669617
0.2583405077457428
0.25551190972328186
0.2560352683067322
0.24900519847869873
0.23080889880657196
0.2174815982580185
0.2257245033979416
0.25329405069351196
0.2508804202079773
0.23681217432022095
0.1936378926038742
0.22621726989746094
0.20321989059448242
0.24670149385929108
0.20871813595294952
0.2641605734825134
0.24596187472343445
0.2507026791572571
0.22403177618980408
0.22391556203365326
0.1961323320865631
0.22002916038036346
0.22171951830387115
0.2485060691833496
0.24289311468601227
0.24039927124977112
0.28349077701568604
0.24080444872379303
0.21771378815174103
0.24765700101852417
0.264364093542099
0.2554723024368286
0.20849260687828064
0.23588550090789795
0.271487832069397
0.23621182143688202
0.20812533795833588
0.23867063224315643
0.18515008687973022
0.2330390065908432
0.24022269248962402
0.25921034812927246
0.2648182213306427
0.20697341859340668
0.23307763040065765
0.2606298327445984
0.27624911069869995
0.23168815672397614
0.24882136285305023
0.24317197501659393
0.24481487274169922
0.24162471294403076
0.23726478219032288
0.2091323286294937
0.22786766290664673
0.26916995644569397
0.2363167703151703
0.24000917375087738
0.24941422045230865
0.1979711502790451
0.22025296092033386
0.2718806862831116
0.22234436869621277
0.20676767826080322
0.24225828051567078
0.24011515080928802
0.2580096423625946
0.17680837213993073
0.2603163719177246
0.2319967895746231
0.25627321004867554
0.23780055344104767
0.2378990203142166
0.1875677853822708
0.22991180419921875
0.16677968204021454
0.27645987272262573
0.22711531817913055
0.23750156164169312
0.21463429927825928
0.2409275621175766
0.22512347996234894
0.23270902037620544
0.2460300773382187
0.21627771854400635
0.1917732208967209
0.24306046962738037
0.1790734827518463
0.2719656825065613
0.26798415184020996
0.2706972658634186
0.2552604079246521
0.23410971462726593
0.21215276420116425
0.22093361616134644
0.20148436725139618
0.23689427971839905
0.26512694358825684
0.21200600266456604
0.24636293947696686
0.25273704528808594
0.23065701127052307
0.23173615336418152
0.19536881148815155
0.2295321226119995
0.24506011605262756
0.2879941165447235
0.2650175392627716
0.2191765457391739
0.2569604218006134
0.2714969217777252
0.25324884057044983
0.2504436671733856
0.23259420692920685
0.2047102302312851
0.22176887094974518
0.2505444586277008
0.2021576315164566
0.19963617622852325
0.2391996681690216
0.20610743761062622
0.23027262091636658
0.23832356929779053
0.21307973563671112
0.23696759343147278
0.23800905048847198
0.235833540558815
0.24978399276733398
0.22561541199684143
0.27487713098526
0.2244875729084015
0.21723510324954987
0.24701766669750214
0.22289897501468658
0.21482014656066895
0.23820030689239502
0.2635450065135956
0.22998523712158203
0.21092504262924194
0.25619059801101685
0.2274288535118103
0.2569647431373596
0.25234222412109375
0.20461423695087433
0.24812786281108856
0.2762712240219116
0.22518309950828552
0.18683087825775146
0.24533595144748688
0.23959675431251526
0.2036350667476654
0.20779049396514893
0.20668423175811768
0.19263282418251038
0.23414398729801178
0.25334402918815613
0.24037785828113556
0.23769746720790863
0.2206244170665741
0.22727730870246887
0.2554880976676941
0.11307819187641144
0.1742296814918518
0.1813385784626007
0.2103007733821869
0.2591342031955719
0.22156766057014465
0.2095373272895813
0.23999807238578796
0.25956714153289795
0.268635630607605
0.2024354785680771
0.25553402304649353
0.21610726416110992
0.12493190169334412
0.243319571018219
0.1830647885799408
0.25443926453590393
0.22777943313121796
0.23476222157478333
0.2186436951160431
0.23360112309455872
0.21742288768291473
0.23606270551681519
0.24620321393013
0.24091608822345734
0.2783266305923462
0.19583679735660553
0.2690642476081848
0.20608823001384735
0.224273219704628
0.19874826073646545
0.18986399471759796
0.24572287499904633
0.19926278293132782
0.19981952011585236
0.24058720469474792
0.2362581044435501
0.23435141146183014
0.26113468408584595
0.2007160186767578
0.2667660415172577
0.20584753155708313
0.2511128783226013
0.2393011450767517
0.2243366539478302
0.290652871131897
0.19401223957538605
0.2054726928472519
0.24872197210788727
0.243294358253479
0.23374435305595398
0.248679980635643
0.21432086825370789
0.24616356194019318
0.2040300965309143
0.2710714042186737
0.2817874252796173
0.20660053193569183
0.19276627898216248
0.22951273620128632
0.23309914767742157
0.21357205510139465
0.23493731021881104
0.24282553791999817
0.24657803773880005
0.23382283747196198
0.22728331387043
0.2388290911912918
0.20167139172554016
0.23980972170829773
0.2251916229724884
0.2048243135213852
0.21991077065467834
0.24273867905139923
0.18532970547676086
0.2543822228908539
0.24615783989429474
0.2657525837421417
0.19556713104248047
0.16936355829238892
0.1888475865125656
0.2308897078037262
0.23393628001213074
0.2331528663635254
0.22238153219223022
0.25275909900665283
0.24050509929656982
0.2653774619102478
0.27543342113494873
0.2546986937522888
0.2241956740617752
0.1925971657037735
0.24013851583003998
0.2092171460390091
0.23225700855255127
