0.4441917836666107
0.4472265839576721
0.4187142848968506
0.44451308250427246
0.4458574950695038
0.44481614232063293
0.44158264994621277
0.4422438442707062
0.4427025020122528
0.45561811327934265
0.4335804283618927
0.4491315186023712
0.43828535079956055
0.39521583914756775
0.41234391927719116
0.4538605809211731
0.41080227494239807
0.4060722589492798
0.3690680265426636
0.41424041986465454
0.3602406084537506
0.4370575547218323
0.39489614963531494
0.41813647747039795
0.4354873299598694
0.4136052429676056
0.42411085963249207
0.3694932758808136
0.45378977060317993
0.40809595584869385
0.39555150270462036
0.3819143772125244
0.4501248598098755
0.39242881536483765
0.39702436327934265
0.44228607416152954
0.34900131821632385
0.4467706084251404
0.23665334284305573
0.3314169943332672
0.27240225672721863
0.531417727470398
0.20802335441112518
0.2274869680404663
0.31186020374298096
0.23373395204544067
0.38377663493156433
0.15324921905994415
0.40299099683761597
0.4376012682914734
0.3137323558330536
0.36870017647743225
0.6011339426040649
0.4856128990650177
0.2700979709625244
0.36210763454437256
0.4814070165157318
0.4770858883857727
0.34429046511650085
0.3589121401309967
0.42842572927474976
0.436244398355484
0.4138752222061157
0.3543093800544739
0.3940652310848236
0.4031555950641632
0.3409678041934967
0.40821409225463867
0.3832760453224182
0.3905687928199768
0.4226627051830292
0.3778383135795593
0.38894954323768616
0.3821396231651306
0.4495619833469391
0.4231371581554413
0.45790284872055054
0.44949793815612793
0.4340483844280243
0.4025390148162842
0.41374295949935913
0.466061532497406
0.3935408294200897
0.446664035320282
0.42817404866218567
0.41981208324432373
0.46903082728385925
0.4765874743461609
0.41687625646591187
0.4493374526500702
0.41356512904167175
0.4176381230354309
0.39809873700141907
0.4273350238800049
0.3779939115047455
0.4655809998512268
0.36917245388031006
0.45616939663887024
0.48904263973236084
0.43579721450805664
0.47022292017936707
0.4033481180667877
0.4305399954319
0.3649226725101471
0.39794814586639404
0.42610636353492737
0.4230583906173706
0.4441321790218353
0.41746586561203003
0.38332733511924744
0.4210497736930847
0.4678647816181183
0.3942395746707916
0.4453802704811096
0.4885163903236389
0.4334755837917328
0.360005646944046
0.4050928056240082
0.45418286323547363
0.4568994343280792
0.44028154015541077
0.349499374628067
0.44537514448165894
0.3511997163295746
0.4533337354660034
0.44411560893058777
0.4428289830684662
0.44245895743370056
0.45354151725769043
0.4488430321216583
0.4688316285610199
0.474405437707901
0.43491700291633606
0.45816248655319214
0.4127485752105713
0.42621153593063354
0.4050840735435486
0.38439077138900757
0.41905465722084045
0.42299583554267883
0.40328606963157654
0.46318042278289795
0.393942266702652
0.4373423457145691
0.43236348032951355
0.45564961433410645
0.4095810651779175
0.41168662905693054
0.4786650240421295
0.4197864532470703
0.4509964883327484
0.4351160228252411
0.4456090033054352
0.44685372710227966
0.4649810791015625
0.3610595762729645
0.3750734329223633
0.43901294469833374
0.4165762960910797
0.43630632758140564
0.3971381187438965
0.4318523406982422
0.4002113342285156
0.4277785122394562
0.3282763361930847
0.42055171728134155
0.4558935761451721
0.4589497148990631
0.40285128355026245
0.41932401061058044
0.42170560359954834
0.45109426975250244
0.4178898334503174
0.46145209670066833
0.42065006494522095
0.4404272437095642
0.44631633162498474
0.4282798171043396
0.44969823956489563
0.45443451404571533
0.44014084339141846
0.42527177929878235
0.3648375868797302
0.4154048562049866
0.4287894666194916
0.4462617039680481
0.43309155106544495
0.41886571049690247
0.4420621991157532
0.4175414741039276
0.4044126868247986
0.337526798248291
0.39675164222717285
0.4542829096317291
0.49931859970092773
0.404180645942688
0.4567408859729767
0.4074544608592987
0.4589831531047821
0.4863998591899872
0.43981561064720154
0.3750608563423157
0.4583940804004669
0.4190447926521301
0.4242238700389862
0.4379267692565918
0.4600178301334381
0.41811853647232056
0.4172351360321045
0.42862454056739807
0.4440401494503021
0.4375762939453125
0.46151304244995117
0.40481385588645935
0.37761256098747253
0.41194334626197815
0.4640374481678009
0.40901392698287964
0.41667550802230835
0.4160038232803345
0.4221438467502594
0.41094234585762024
0.44376978278160095
0.40625327825546265
0.4618368148803711
0.42716366052627563
0.42968276143074036
0.3912169933319092
0.38741767406463623
0.44625282287597656
0.41798365116119385
0.40370848774909973
0.39217662811279297
0.4371322989463806
0.4720822870731354
0.4400864839553833
0.42228782176971436
0.4669635593891144
0.3966020941734314
0.4345606565475464
0.44372302293777466
0.36612066626548767
0.43338048458099365
0.4429902136325836
0.38121405243873596
0.43459200859069824
0.38095545768737793
0.41703036427497864
0.4603050947189331
0.3856600821018219
0.4579666554927826
0.45217615365982056
0.40418463945388794
0.4390990138053894
0.4446154832839966
0.46108540892601013
0.42752185463905334
0.44000035524368286
0.4310827851295471
0.42815741896629333
0.4398878514766693
0.42468276619911194
0.3758332431316376
0.4438263475894928
0.43242350220680237
0.4622379541397095
0.4241211712360382
0.4544755220413208
0.3522820770740509
0.41235747933387756
0.4471781551837921
0.38857734203338623
0.4636898934841156
0.33048152923583984
0.31993916630744934
0.45399200916290283
0.4400426149368286
0.4687120318412781
0.4292706847190857
0.3398227393627167
0.4147228002548218
0.4564576745033264
0.46264609694480896
0.43538421392440796
0.39525189995765686
0.43851763010025024
0.37320876121520996
0.41485217213630676
0.4083164930343628
0.39001569151878357
0.4571644067764282
0.41950711607933044
0.4105604290962219
0.4539353549480438
0.39548057317733765
0.46174952387809753
0.4437955617904663
0.37712061405181885
0.43501439690589905
0.3799838423728943
0.4101264774799347
0.4313944876194
0.4148869514465332
0.42717960476875305
0.4303935766220093
0.4029056429862976
0.39874589443206787
0.3950026035308838
0.3929164707660675
0.39748233556747437
0.40799495577812195
0.47064530849456787
0.37200629711151123
0.425220787525177
0.42220842838287354
0.4251158535480499
0.44042056798934937
0.4094461500644684
0.3899327218532562
0.4271695613861084
0.41596320271492004
0.4508364498615265
0.42524316906929016
0.3938717544078827
0.42676419019699097
0.3974722921848297
0.4239934980869293
0.45075714588165283
0.3974967896938324
0.47064465284347534
0.4371233880519867
0.41025272011756897
0.3708197772502899
0.3681075870990753
0.4388553202152252
0.4386550188064575
0.4441583752632141
0.46888962388038635
0.466789573431015
0.4180296063423157
0.4266040623188019
0.44817209243774414
0.4218740165233612
0.42140573263168335
0.39243370294570923
0.39301246404647827
0.4301479756832123
0.3871173560619354
0.3867190480232239
0.3909229636192322
0.4163576364517212
0.4748408794403076
0.40956637263298035
0.4454578757286072
0.42748692631721497
0.4021499454975128
0.3695824146270752
0.3749484419822693
0.3938654959201813
0.4576665759086609
0.4127122759819031
0.3994068503379822
0.4334336519241333
0.4144405424594879
0.34785622358322144
0.43203452229499817
0.43909794092178345
0.438211590051651
0.4409125745296478
0.4318121075630188
0.44285672903060913
0.43925851583480835
0.438995897769928
0.43893373012542725
0.4588800072669983
0.34646251797676086
0.4129509925842285
0.44750240445137024
0.4210977256298065
0.4444313943386078
0.383609801530838
0.43990209698677063
0.36377573013305664
0.385804146528244
0.4575846195220947
0.41352421045303345
0.38674822449684143
0.4699788987636566
0.457223117351532
0.4013853669166565
0.42898839712142944
0.4489390552043915
0.3358197808265686
0.4273087978363037
0.4869610071182251
0.36368316411972046
0.4155845642089844
0.4443085491657257
0.38034120202064514
0.43354079127311707
0.4197661280632019
0.403785765171051
0.4192968010902405
0.4433223605155945
0.41048628091812134
0.34218186140060425
0.4243077039718628
0.44087091088294983
0.439528226852417
0.4194975197315216
0.4596683382987976
0.4507867395877838
0.34297335147857666
0.35544919967651367
0.44718900322914124
0.3806082308292389
0.4397730231285095
0.4361553490161896
0.4361494481563568
0.43622320890426636
0.38977640867233276
0.3871881365776062
0.4314536452293396
0.4442736506462097
0.43831005692481995
0.4275144040584564
0.3977316915988922
0.4178609848022461
0.38201022148132324
0.38689079880714417
0.4511762261390686
0.41423356533050537
0.3709560036659241
0.4577404856681824
0.40964898467063904
0.4528026580810547
0.4047340750694275
0.40259572863578796
0.4502846598625183
0.33804699778556824
0.38018420338630676
0.4037534296512604
0.4750610589981079
0.3671775758266449
0.4065593183040619
0.42658481001853943
0.4195985198020935
0.41280093789100647
0.4461590349674225
0.44587767124176025
0.41906535625457764
0.4012701213359833
0.4363657832145691
0.47457388043403625
0.4365692734718323
0.4214496612548828
0.42512035369873047
0.38690897822380066
0.40835729241371155
0.45684170722961426
0.35274022817611694
0.4298650026321411
0.3866695165634155
0.39912858605384827
0.4048735201358795
0.4112774431705475
0.38125255703926086
0.46061789989471436
0.4358784258365631
0.42933499813079834
0.40010300278663635
0.43664422631263733
0.4365368187427521
0.4107089638710022
0.4117664396762848
0.45542997121810913
0.39991384744644165
0.46319323778152466
0.47704190015792847
0.3762599527835846
0.3950066864490509
0.36199742555618286
0.3627803325653076
0.39072662591934204
0.38044458627700806
0.4675469696521759
0.4075084328651428
0.43828582763671875
0.3925350308418274
0.4588777720928192
0.38684460520744324
0.38829073309898376
0.41747575998306274
0.4417792558670044
0.4486091434955597
0.42252954840660095
0.39428216218948364
0.4359932839870453
0.44002920389175415
0.4000588059425354
0.41205069422721863
0.3524625599384308
0.444450318813324
0.46654027700424194
0.43723171949386597
0.3958747386932373
0.32404476404190063
0.35791656374931335
0.4687265455722809
0.4014008343219757
0.4245600402355194
0.4258657991886139
0.43696585297584534
0.4023301899433136
0.4039994180202484
0.38170158863067627
0.4359375238418579
0.43807199597358704
0.41486304998397827
0.37853485345840454
0.42946958541870117
0.40875938534736633
0.37255674600601196
0.3580249547958374
0.42114660143852234
0.3979075849056244
0.4444221556186676
0.44106459617614746
0.3950585126876831
0.4472378194332123
0.3941557705402374
0.43248051404953003
0.42591992020606995
0.4452935457229614
0.4467875361442566
0.341219425201416
0.41671326756477356
0.41340649127960205
0.38382408022880554
0.3779471814632416
0.4151918292045593
0.3854760527610779
0.3317178189754486
0.33228111267089844
0.4671172499656677
0.4639489948749542
0.367992103099823
0.4422770142555237
0.44915419816970825
0.40659618377685547
0.45591259002685547
0.3716767430305481
0.4131653308868408
0.3857518136501312
0.34580543637275696
0.4025334119796753
0.4334503412246704
0.4097651541233063
0.40379998087882996
0.43988651037216187
0.4257614016532898
0.3743058741092682
0.36892199516296387
0.3919081687927246
0.45414531230926514
0.4043906331062317
0.4238177239894867
0.4542335271835327
0.38244616985321045
0.4157702326774597
0.3858242630958557
0.419466495513916
0.4163653254508972
0.45307835936546326
0.42429807782173157
0.43095412850379944
0.3294875919818878
0.4759731590747833
0.3864053189754486
0.3594740033149719
0.41979846358299255
0.4631956219673157
0.46547645330429077
0.43272125720977783
0.3658481240272522
0.39362701773643494
0.32363393902778625
0.4558063745498657
0.4201224446296692
0.38233357667922974
0.4411482810974121
0.37356674671173096
0.36290913820266724
0.41076675057411194
0.39420950412750244
0.40952375531196594
0.4274260103702545
0.373271107673645
0.4248430132865906
0.42925772070884705
0.4044959843158722
0.40031546354293823
0.3731417655944824
0.4431842863559723
0.3399287462234497
0.4086553156375885
0.3848721385002136
0.32508400082588196
0.41470348834991455
0.4113088846206665
0.4345090389251709
0.31944841146469116
0.46324607729911804
0.3742697834968567
0.41933131217956543
0.35697638988494873
0.39165765047073364
0.37634211778640747
0.324353963136673
0.33361080288887024
0.4792685806751251
0.42722272872924805
0.3684160113334656
0.37891513109207153
0.41763049364089966
0.395269513130188
0.2975066900253296
0.4261718690395355
0.36176422238349915
0.3760738670825958
0.44525012373924255
0.41746073961257935
0.35371002554893494
0.40827447175979614
0.4125557839870453
0.43385010957717896
0.3934008479118347
0.42030951380729675
0.39816737174987793
0.3755291998386383
0.41210228204727173
0.47583872079849243
0.4142747223377228
0.36224085092544556
0.45098286867141724
0.3775077760219574
0.3667673170566559
0.41679149866104126
0.4266364574432373
0.4096947908401489
0.3790106177330017
0.40286052227020264
0.3661588728427887
0.44688746333122253
0.45437633991241455
0.31662169098854065
0.412409245967865
0.4076698422431946
0.4142215847969055
0.2717154920101166
0.41096267104148865
0.34462061524391174
0.4180368185043335
0.3679351508617401
0.39882421493530273
0.4331808090209961
0.3803257942199707
0.36710667610168457
0.4219759702682495
0.2550416886806488
0.32562994956970215
0.353230744600296
0.35304880142211914
0.41699692606925964
0.38097015023231506
0.4404873251914978
0.3541125953197479
0.4349326491355896
0.4326263666152954
0.39880046248435974
0.34297388792037964
0.42924031615257263
0.32763102650642395
0.45255178213119507
0.24364811182022095
0.3906334936618805
0.33672279119491577
0.4094313383102417
0.3672018051147461
0.4241711497306824
0.2987719178199768
0.4211282730102539
0.37418124079704285
0.3307550847530365
0.4422125816345215
0.38943514227867126
0.443324476480484
0.405109703540802
0.43363016843795776
0.4299369156360626
0.4316648244857788
0.38742518424987793
0.391584575176239
0.39077088236808777
0.3525162935256958
0.33500218391418457
0.3840430676937103
0.3534107506275177
0.4408348798751831
0.34890422224998474
0.34189385175704956
0.37085241079330444
0.42237141728401184
0.41039586067199707
0.42298999428749084
0.3739955723285675
0.38666561245918274
0.4050109386444092
0.25916191935539246
0.4449670910835266
0.34005507826805115
0.3971844017505646
0.39168059825897217
0.4411735534667969
0.38931146264076233
0.41100621223449707
0.38179436326026917
0.3600722849369049
0.3964318037033081
0.41743308305740356
0.4523800313472748
0.40510380268096924
0.4131031632423401
0.33181464672088623
0.3646652400493622
0.3885791301727295
0.4631655812263489
0.4462850093841553
0.3085811734199524
0.3894376754760742
0.46277445554733276
0.4111774265766144
0.47097110748291016
0.39836686849594116
0.46246010065078735
0.4365808963775635
0.47111600637435913
0.42882969975471497
0.3813663423061371
0.3446204960346222
0.3868789076805115
0.4202367067337036
0.39257657527923584
0.3616446852684021
0.3936707377433777
0.43635088205337524
0.3157784342765808
0.34907156229019165
0.4073699712753296
0.41435691714286804
0.38804891705513
0.38631847500801086
0.36479514837265015
0.3851222097873688
0.4049545228481293
0.39503440260887146
0.4108778238296509
0.4519749879837036
0.3196481466293335
0.3976452648639679
0.45063281059265137
0.4506992697715759
0.46284180879592896
0.32791420817375183
0.3669036626815796
0.3654714524745941
0.3943713903427124
0.3790183961391449
0.3593366742134094
0.45567798614501953
0.3438132405281067
0.40090230107307434
0.3108074963092804
0.43564677238464355
0.40849921107292175
0.35129794478416443
0.3122052848339081
0.34502848982810974
0.36849331855773926
0.40420615673065186
0.3840533494949341
0.4046888053417206
0.31669825315475464
0.45409905910491943
0.4047021269798279
0.3826703429222107
0.36719074845314026
0.36001306772232056
0.34775832295417786
0.2643481492996216
0.4498767852783203
0.3474462628364563
0.4104767441749573
0.3503872752189636
0.3767614960670471
0.39138343930244446
0.3662235736846924
0.3707602322101593
0.3471572995185852
0.4064285457134247
0.4102843999862671
0.3832896649837494
0.3280566930770874
0.2637827396392822
0.32848870754241943
0.4131147265434265
0.4211726188659668
0.23654471337795258
0.39199796319007874
0.2852606773376465
0.3894426226615906
0.35633063316345215
0.30908656120300293
0.40695905685424805
0.4476161003112793
0.4461764097213745
0.40876084566116333
0.4009755253791809
0.3921222388744354
0.42028453946113586
0.3563230335712433
0.4230366349220276
0.4002736508846283
0.4086809456348419
0.28951066732406616
0.34489360451698303
0.3859620988368988
0.41821324825286865
0.4241197407245636
0.46545886993408203
0.2960631251335144
0.43990814685821533
0.40391501784324646
0.33998891711235046
0.3102263808250427
0.38429537415504456
0.40807369351387024
0.3543667197227478
0.4011794924736023
0.3143503665924072
0.2856189012527466
0.3953671455383301
0.3476788401603699
0.3065267503261566
0.417810320854187
0.4003320634365082
0.3807491958141327
0.37322187423706055
0.32023710012435913
0.3519992232322693
0.3972657322883606
0.3505338430404663
0.39668333530426025
0.41873714327812195
0.35117384791374207
0.3618990182876587
0.29984644055366516
0.37371519207954407
0.29001888632774353
0.45667698979377747
0.36839500069618225
0.3833339810371399
0.3255349099636078
0.40526220202445984
0.3292115032672882
0.35672715306282043
0.41295167803764343
0.40836918354034424
0.36704519391059875
0.41905078291893005
0.3758513033390045
0.4153030812740326
0.37759819626808167
0.4093882143497467
0.3466172516345978
0.332672655582428
0.3775022327899933
0.3284861445426941
0.3781174123287201
0.41577231884002686
0.27946120500564575
0.3332999646663666
0.3410193920135498
0.3954477310180664
0.25513210892677307
0.2786283493041992
0.39136481285095215
0.35216355323791504
0.44357386231422424
0.3901232182979584
0.35431215167045593
0.41775625944137573
0.3387170732021332
0.2753985524177551
0.33553850650787354
0.40527811646461487
0.3480672836303711
0.45944517850875854
0.3973669111728668
0.36481863260269165
0.35981571674346924
0.3218655288219452
0.37847572565078735
0.40436458587646484
0.30830875039100647
0.4145394563674927
0.29718533158302307
0.23632577061653137
0.4109048843383789
0.4157796800136566
0.24627190828323364
0.380440890789032
0.40726161003112793
0.3266860544681549
0.33678892254829407
0.3550126254558563
0.4106065034866333
0.4087541997432709
0.348297119140625
0.4000393748283386
0.4051612615585327
0.36185213923454285
0.35990384221076965
0.4140676259994507
0.3983946144580841
0.31842041015625
0.4000910222530365
0.3253251016139984
0.36353594064712524
0.33345547318458557
0.405629962682724
0.38499656319618225
0.33438992500305176
0.4000776410102844
0.2650763988494873
0.27047038078308105
0.2995104193687439
0.2987258732318878
0.38121992349624634
0.3786318302154541
0.37367451190948486
0.37602439522743225
0.3758980631828308
0.2562638819217682
0.34488481283187866
0.28601711988449097
0.3687252700328827
0.25686728954315186
0.2767850160598755
0.3337025046348572
0.3005443513393402
0.31370770931243896
0.33337369561195374
0.4327186644077301
0.44238004088401794
0.33307892084121704
0.3298397958278656
0.37646687030792236
0.38642072677612305
0.4002060890197754
0.3794938325881958
0.37131670117378235
0.3570352792739868
0.32758551836013794
0.370078980922699
0.3775518536567688
0.3546109199523926
0.36000603437423706
0.22940239310264587
0.3109385669231415
0.4028080701828003
0.401614248752594
0.35971519351005554
0.3911679685115814
0.42354756593704224
0.3661816716194153
0.40127384662628174
0.36846402287483215
0.30687183141708374
0.29017582535743713
0.2870626151561737
0.34950655698776245
0.23398694396018982
0.3980092406272888
0.38939765095710754
0.32290059328079224
0.39112162590026855
0.3360331654548645
0.31639355421066284
0.3142874538898468
