1.008246898651123
1.000118613243103
0.9861799478530884
1.0019081830978394
1.0115476846694946
1.0089539289474487
0.9966988563537598
1.007643699645996
1.0008535385131836
1.0113533735275269
0.9910371899604797
1.0089020729064941
1.0005555152893066
0.9744943380355835
0.9778031706809998
1.0101346969604492
0.9766688942909241
0.985065221786499
0.9503819942474365
0.9779001474380493
0.938884973526001
0.9838608503341675
0.9663686752319336
0.9480358362197876
0.9875380992889404
0.9761826395988464
0.9900911450386047
0.9627416729927063
0.9784398078918457
0.9714891910552979
0.9543064832687378
0.9570764899253845
0.9767954349517822
0.9787387847900391
0.924065887928009
0.950477659702301
0.9596731662750244
0.9830564260482788
0.848875105381012
0.8955750465393066
0.9578698873519897
0.9467483162879944
1.0511225461959839
0.9825425148010254
0.9880563616752625
0.9128734469413757
1.0442091226577759
0.8989631533622742
0.9488739371299744
0.9247064590454102
0.923865795135498
0.8933226466178894
0.9245226383209229
0.9212245941162109
0.9248778223991394
0.813191831111908
0.9389364719390869
0.7895757555961609
0.5882301926612854
0.8078621625900269
0.40804654359817505
1.1862488985061646
0.5727311968803406
0.6147938370704651
0.6535141468048096
0.9812912344932556
0.8723489046096802
0.8992503881454468
1.2493253946304321
0.7578170299530029
0.9577828645706177
0.8621940016746521
0.8490802049636841
0.8114627003669739
1.0272272825241089
0.8861114382743835
0.9359869956970215
0.9724107980728149
0.902294933795929
1.0773112773895264
0.9228461384773254
0.9646183848381042
0.9286515712738037
0.9184297919273376
1.0395681858062744
0.9733487367630005
1.0200889110565186
1.0439599752426147
0.992845356464386
1.007865071296692
0.9764612317085266
1.0049883127212524
0.9858609437942505
0.952674150466919
0.9935762882232666
1.0460237264633179
0.9167827367782593
1.009171962738037
0.9817767143249512
1.043211579322815
1.0293071269989014
0.9918389320373535
1.0254545211791992
0.966272234916687
0.9896711111068726
0.9860268831253052
0.9613224864006042
0.9922804236412048
1.0160648822784424
0.9735429286956787
0.9924188256263733
1.0310434103012085
0.9554703831672668
0.9939396977424622
1.0532374382019043
0.9843688011169434
0.9574297070503235
1.0267302989959717
1.0329713821411133
1.0600875616073608
0.9640207886695862
0.9665086269378662
0.9897102117538452
0.9800614714622498
1.016684651374817
1.026917815208435
1.0029683113098145
1.0184621810913086
1.0529992580413818
1.005889654159546
1.0324727296829224
1.0482566356658936
1.0029178857803345
1.0341122150421143
1.0010231733322144
1.016463041305542
1.01824152469635
0.988204836845398
1.0020395517349243
1.024518609046936
1.0280731916427612
0.9991426467895508
1.0276293754577637
0.9742962718009949
1.0315088033676147
1.0061161518096924
1.0042387247085571
1.0301494598388672
1.0189480781555176
1.034752368927002
1.0362569093704224
1.0067397356033325
1.0550920963287354
0.9637348651885986
1.0048553943634033
1.037175178527832
1.0091849565505981
0.9813339710235596
0.9765967726707458
1.014710783958435
1.032558798789978
1.0233137607574463
1.0008318424224854
1.0300679206848145
1.0216656923294067
1.0489420890808105
1.0127325057983398
1.0476175546646118
0.9874138832092285
1.0225661993026733
0.9786764979362488
1.007348895072937
0.9627646803855896
0.9835576415061951
0.9718421697616577
0.9928361177444458
0.9986361861228943
1.0033516883850098
1.0237252712249756
1.021742343902588
0.9889888763427734
0.9977131485939026
1.017385482788086
1.0103199481964111
1.0071548223495483
1.0197641849517822
1.030407190322876
1.0175421237945557
1.0229147672653198
1.0014032125473022
0.9883936047554016
1.0168040990829468
1.0081994533538818
1.0320883989334106
1.0186172723770142
1.026037335395813
0.9911810159683228
0.9928916692733765
0.9866870045661926
1.005271315574646
1.0291379690170288
0.9873619079589844
1.0202423334121704
1.009134292602539
1.0335277318954468
1.010195255279541
0.9746651649475098
1.0028115510940552
0.9969002604484558
1.0482609272003174
1.0298620462417603
1.0352851152420044
1.0144695043563843
0.9707770943641663
1.0013818740844727
1.0161806344985962
0.9706699848175049
1.0062142610549927
0.9883679151535034
1.0209226608276367
1.0277166366577148
1.0290639400482178
0.9945952892303467
0.9891786575317383
0.9792536497116089
1.0064129829406738
0.9750325679779053
1.0210758447647095
0.9738405346870422
1.0279057025909424
1.0046956539154053
1.035184621810913
0.9941148161888123
1.0015006065368652
1.0200332403182983
0.9941032528877258
0.9905173778533936
1.006291389465332
1.023579478263855
0.969378650188446
0.9910475015640259
0.9775617718696594
1.0227018594741821
1.0198869705200195
1.0314292907714844
1.008834719657898
1.0297523736953735
0.9675189256668091
1.0008409023284912
0.9618748426437378
1.014847993850708
0.9594441056251526
1.0085607767105103
0.9903014898300171
1.0115691423416138
1.0004854202270508
0.9912750720977783
1.0076428651809692
0.9912881851196289
1.0103771686553955
1.0139679908752441
0.9852399826049805
0.9792200326919556
1.0119948387145996
1.0131118297576904
0.9260563850402832
0.9898144006729126
0.9790965914726257
0.9972184896469116
1.0012011528015137
1.0189718008041382
1.023512840270996
1.0383442640304565
0.9746682047843933
1.0377525091171265
1.017270803451538
0.994752049446106
1.0065714120864868
0.9778158068656921
1.011638879776001
1.0370773077011108
0.9372589588165283
1.0027211904525757
1.0031487941741943
0.9771288633346558
0.9947420358657837
1.021164059638977
1.012690782546997
1.011704683303833
1.0064783096313477
0.9839694499969482
1.0227893590927124
1.0204200744628906
0.9882499575614929
0.9976657629013062
0.9787592887878418
1.0020571947097778
0.9754371643066406
1.0189532041549683
0.9820942282676697
1.0061341524124146
1.0524771213531494
1.008498191833496
0.9860554337501526
1.0060137510299683
1.0009187459945679
0.9846733212471008
1.0070781707763672
1.020694375038147
1.0097544193267822
0.9328203797340393
0.9677515029907227
1.0242934226989746
0.9972195625305176
0.9847970604896545
0.969557523727417
1.0266567468643188
1.0207034349441528
0.9363725781440735
1.010063886642456
0.9998188614845276
0.9651224613189697
0.9956689476966858
1.0176727771759033
0.9995254874229431
0.9729324579238892
1.0337226390838623
1.0174057483673096
0.9313856363296509
0.9872525930404663
1.0117336511611938
1.0224522352218628
0.9886283278465271
0.9553306698799133
1.0159273147583008
1.0026484727859497
0.9845296740531921
1.023138165473938
0.9425656199455261
0.992388129234314
1.0271942615509033
0.9597216248512268
0.9912812113761902
0.974480152130127
0.9931113719940186
0.9588199257850647
0.9997478127479553
0.9984350204467773
1.0241618156433105
1.013663411140442
0.9927676916122437
1.0013741254806519
1.0180673599243164
0.9995061159133911
1.0086885690689087
1.0142546892166138
1.0237832069396973
1.0312215089797974
0.9846304655075073
0.9883902072906494
1.01941978931427
1.0073461532592773
0.9920733571052551
1.0034229755401611
0.995464563369751
1.0106478929519653
0.9958012700080872
1.0439181327819824
0.9702388048171997
1.0274810791015625
0.9914665818214417
0.9821941256523132
0.9824920296669006
1.0146902799606323
0.9752788543701172
0.992254912853241
0.9950113296508789
0.9761692881584167
1.015982985496521
0.9655100107192993
0.9958490133285522
0.9884809851646423
1.0117268562316895
1.0026887655258179
0.9873855710029602
0.997305154800415
0.9893525838851929
1.0055944919586182
0.9920310974121094
0.9962813854217529
1.0274114608764648
1.0069681406021118
1.0020564794540405
0.9837931990623474
1.0143711566925049
1.0217941999435425
0.9920752644538879
1.0396870374679565
0.9991533160209656
1.032371163368225
1.0130301713943481
1.0319525003433228
1.0299595594406128
1.009360432624817
1.0342167615890503
1.0484178066253662
0.9899750351905823
0.9737563133239746
1.069693922996521
1.021436333656311
0.9809603095054626
1.0198750495910645
1.0006673336029053
1.0268142223358154
1.0031465291976929
0.9863501191139221
0.9807979464530945
0.9950228929519653
1.0024282932281494
1.0253045558929443
1.0048085451126099
1.0038198232650757
1.0030878782272339
1.009735107421875
0.9889340400695801
0.9862019419670105
0.9970493912696838
1.0517127513885498
1.0160701274871826
0.9898025989532471
0.9957836866378784
0.9996750950813293
0.9875627756118774
1.0149317979812622
0.9873673915863037
1.020971417427063
0.945787250995636
0.9951918125152588
0.9423853158950806
1.0016480684280396
0.9850605130195618
0.9916473627090454
1.0335187911987305
1.0020383596420288
0.9754987359046936
0.9962183237075806
1.02206552028656
1.0130071640014648
1.0333549976348877
0.9976665377616882
1.0032527446746826
1.0190024375915527
1.0097392797470093
1.0094962120056152
0.9937087297439575
0.9981028437614441
1.0146926641464233
0.9580783843994141
1.0395976305007935
1.0208195447921753
1.0283859968185425
0.9987571835517883
0.9990769028663635
0.9632250666618347
0.9603248834609985
0.9941825866699219
1.0016802549362183
1.010241150856018
1.0146600008010864
0.9758910536766052
1.0083049535751343
1.0071066617965698
1.0182936191558838
0.9860684871673584
1.0234520435333252
0.9571080803871155
0.9994989037513733
0.9831361174583435
0.994102954864502
1.0222944021224976
1.002872347831726
0.9923734068870544
1.0166875123977661
0.9978518486022949
0.98345947265625
1.0027565956115723
1.0244189500808716
1.0062624216079712
1.0237582921981812
0.9701920747756958
1.028443694114685
1.024756908416748
1.0223057270050049
0.9815191626548767
0.987157940864563
0.9879570007324219
0.9967207312583923
1.0490015745162964
1.020821213722229
1.0327832698822021
1.0110865831375122
0.9964154958724976
0.9836080074310303
1.0197830200195312
1.0109784603118896
1.0281354188919067
0.9813267588615417
0.9831984043121338
1.0325634479522705
1.0126618146896362
0.9953339099884033
1.0015844106674194
1.027996301651001
0.9996483325958252
0.979613184928894
0.9758500456809998
1.0120898485183716
0.9706676602363586
1.0062779188156128
1.0051047801971436
1.0323737859725952
0.9946691989898682
0.9978662729263306
0.9873542189598083
1.0167876482009888
0.9887344241142273
1.0090504884719849
1.002792239189148
0.9981783628463745
1.0247451066970825
1.0108674764633179
1.0372685194015503
0.9975396990776062
1.0119889974594116
0.9953211545944214
1.0059990882873535
0.9907659888267517
1.0170780420303345
1.0343749523162842
0.9988497495651245
0.9593605995178223
0.9923642873764038
1.016372799873352
1.0156437158584595
1.005685567855835
1.032219648361206
1.0100646018981934
0.9687249064445496
0.9946437478065491
1.0157570838928223
1.0066678524017334
1.0163253545761108
0.9913311004638672
1.0341691970825195
1.0288119316101074
0.9583824872970581
0.989269495010376
0.9995393753051758
0.9865458607673645
1.0212428569793701
1.0176864862442017
0.9783207774162292
1.0036109685897827
1.0093923807144165
1.0260266065597534
0.9859380722045898
0.9880249500274658
1.0099505186080933
1.0072418451309204
1.0073752403259277
1.0062304735183716
1.0248233079910278
1.013696312904358
1.0137300491333008
1.011764645576477
0.9949162006378174
1.0198757648468018
1.0088473558425903
0.9623467922210693
1.0265872478485107
1.0168228149414062
0.9861903786659241
1.0490309000015259
0.9580471515655518
1.0078179836273193
0.9806126356124878
0.9923250079154968
0.9993548393249512
1.0019543170928955
0.9490029215812683
1.0338647365570068
1.0237327814102173
1.0281950235366821
1.046767234802246
0.9847469329833984
1.0362048149108887
0.991295576095581
0.9995056986808777
0.9757260680198669
1.00359046459198
1.0263481140136719
1.0420258045196533
1.0149214267730713
1.0098572969436646
1.0266984701156616
0.982605516910553
1.0083316564559937
1.0059518814086914
0.9984719157218933
0.9775583148002625
0.9785385131835938
1.0004953145980835
1.0095471143722534
1.0245071649551392
0.957986056804657
0.9625265598297119
1.0109174251556396
0.9968622326850891
0.9857149124145508
1.0005360841751099
0.9867668151855469
1.0001006126403809
0.9929394721984863
0.9605621099472046
1.0085492134094238
0.9857748746871948
1.0086262226104736
0.9720556735992432
0.9874813556671143
0.9793076515197754
1.0023149251937866
0.9808752536773682
0.9841108322143555
0.999838650226593
0.9528606534004211
1.0162937641143799
1.0276836156845093
0.975113034248352
1.0273176431655884
0.9997285604476929
0.9773045182228088
0.9758696556091309
0.9686166048049927
0.9850792288780212
1.0274553298950195
1.0027812719345093
0.997639000415802
1.0004310607910156
0.9979752898216248
0.9571249485015869
0.9726338386535645
0.9939130544662476
0.9642290472984314
0.994868814945221
0.9590604305267334
1.0008645057678223
0.9823142290115356
1.000196099281311
0.974998414516449
0.9887562990188599
1.029475450515747
0.9986247420310974
0.9975343942642212
0.972235918045044
1.0403441190719604
0.9833864569664001
0.998615026473999
1.023848533630371
0.9987854957580566
0.9970627427101135
0.9891136288642883
0.9792509078979492
1.0060999393463135
0.9939475655555725
1.0121774673461914
0.9949843883514404
1.0359245538711548
1.0061028003692627
1.0216481685638428
0.9548245072364807
1.0142927169799805
1.0140459537506104
0.9697599411010742
1.0024629831314087
0.9855207204818726
1.0207147598266602
0.9982302188873291
1.0049101114273071
1.0089976787567139
0.9950740933418274
0.9850031137466431
1.0151900053024292
0.9940934181213379
1.0038825273513794
1.0367250442504883
1.0159595012664795
0.9871525764465332
0.9478480815887451
1.0087722539901733
0.9708555936813354
1.0381604433059692
0.9829997420310974
1.027431607246399
0.9764121770858765
1.0125893354415894
1.0135002136230469
1.016516089439392
0.9879287481307983
1.0181840658187866
0.994996964931488
0.9992467164993286
0.9540865421295166
1.0144553184509277
0.9853648543357849
0.9776111841201782
0.9980305433273315
0.9882587194442749
1.0090290307998657
1.0010770559310913
0.9522742629051208
0.9927849173545837
1.0264923572540283
0.9856711030006409
0.9948418736457825
1.011427879333496
1.0057870149612427
1.0136115550994873
1.0163956880569458
0.9763253331184387
0.9661362171173096
1.0009794235229492
1.0113894939422607
0.9399012923240662
0.9430208206176758
0.9820483922958374
0.9733977913856506
0.9677748680114746
0.9763209819793701
1.026206374168396
1.0008994340896606
1.0212130546569824
0.9617312550544739
0.9989234209060669
0.9972772002220154
1.0005724430084229
0.9611630439758301
1.0134645700454712
1.0094780921936035
0.9818141460418701
1.0001561641693115
1.0009074211120605
1.0009187459945679
0.9874913096427917
0.9700316786766052
1.0127367973327637
1.017137050628662
0.9852683544158936
1.002415418624878
0.9987098574638367
1.0299428701400757
1.0128114223480225
0.9813792109489441
1.02092444896698
0.9744898676872253
0.9767664670944214
0.996695876121521
1.0031064748764038
0.9680541753768921
1.0234460830688477
1.0059508085250854
0.9585421681404114
0.9971379041671753
1.0144102573394775
1.0220533609390259
0.9969103336334229
1.006384253501892
0.9968231916427612
0.9222692251205444
1.0123730897903442
1.0286983251571655
1.0213059186935425
1.0214325189590454
1.0088386535644531
1.003064513206482
0.9597088694572449
0.9692283272743225
0.9892870783805847
0.9876458644866943
0.9603199362754822
0.985878050327301
0.9898605346679688
0.9929806590080261
1.0415947437286377
1.0091279745101929
1.013931155204773
0.9428160190582275
0.9970501661300659
1.010213851928711
0.9648032784461975
1.0193042755126953
1.0438387393951416
0.963728129863739
1.0263915061950684
0.9899242520332336
1.0136680603027344
0.9990376234054565
1.0088696479797363
1.0268441438674927
0.9895516037940979
1.0143307447433472
1.0147548913955688
1.0144543647766113
0.9730309247970581
1.0276999473571777
0.9897907972335815
1.0078290700912476
1.0080798864364624
0.9667716026306152
0.9891541600227356
0.9703759551048279
0.9816359877586365
0.9774166345596313
1.0218005180358887
1.0013858079910278
1.0362502336502075
0.9657709002494812
0.982681930065155
0.9912976026535034
0.9667723178863525
1.029016137123108
1.0195248126983643
0.9925161004066467
0.972046434879303
0.9942923188209534
0.9906133413314819
1.005980134010315
1.0062273740768433
1.02157461643219
1.0119695663452148
1.0368719100952148
0.9813549518585205
1.0248937606811523
0.9978630542755127
1.011041283607483
0.9749695062637329
1.0236105918884277
1.0155611038208008
1.0162482261657715
1.0108718872070312
1.0291030406951904
1.0413230657577515
0.9806494116783142
0.9673309922218323
0.983418881893158
1.0288071632385254
0.973229706287384
1.0116020441055298
0.911361038684845
1.0178836584091187
0.9754425287246704
0.9887980222702026
1.005914568901062
1.0164353847503662
0.9770705103874207
1.006374478340149
0.9795573353767395
1.0073349475860596
1.0180789232254028
1.0197011232376099
0.9880774617195129
0.9839643239974976
1.01741623878479
1.0224312543869019
0.9823412895202637
0.9915434718132019
1.016345739364624
1.016228437423706
1.0071892738342285
0.9860137104988098
0.940974235534668
1.0292807817459106
1.0265262126922607
1.020393967628479
1.0040847063064575
0.9785730242729187
1.0040961503982544
0.9950912594795227
1.006522297859192
1.007156252861023
0.9922635555267334
0.9792742729187012
0.995797872543335
1.0346238613128662
0.9991447925567627
1.008457064628601
0.9851260781288147
0.9920887351036072
0.9996245503425598
1.0009046792984009
0.9870307445526123
0.9741708636283875
0.9859370589256287
0.9975671768188477
0.9784838557243347
1.0039091110229492
0.9945099353790283
0.9982638955116272
0.999620795249939
1.0273218154907227
0.9653944373130798
0.9808355569839478
0.9859937429428101
0.99449223279953
0.9997319579124451
1.0010254383087158
1.0165516138076782
1.0059043169021606
0.9831238985061646
0.9568080306053162
1.0229099988937378
1.0054981708526611
0.989919126033783
0.9923897981643677
1.0001031160354614
0.9804519414901733
0.9861211180686951
0.9422844052314758
1.0128074884414673
1.0031218528747559
0.9872156381607056
1.0376923084259033
1.0128659009933472
0.9935305118560791
1.003214716911316
0.9959161877632141
1.0058728456497192
1.0257853269577026
1.0066059827804565
1.013592004776001
1.017016053199768
1.0286409854888916
1.0110028982162476
0.9891254901885986
1.019313931465149
0.953436553478241
1.0236656665802002
1.0079278945922852
0.9968817830085754
0.9986240267753601
1.0196127891540527
1.0124518871307373
1.0107390880584717
1.007616639137268
0.9962319135665894
1.033072590827942
0.9907888174057007
1.0083686113357544
1.0057753324508667
1.0059159994125366
0.9828721284866333
0.9659373760223389
1.0148330926895142
0.9674360156059265
0.981604278087616
0.9782126545906067
0.9979705810546875
1.0164976119995117
0.9827789664268494
0.9838647842407227
0.996180534362793
0.998431384563446
0.9931513071060181
0.9791265726089478
1.007217526435852
0.984982967376709
0.993059515953064
1.0004173517227173
1.001603126525879
1.009291410446167
0.9818137288093567
0.998710036277771
1.006838321685791
0.9943390488624573
1.0077593326568604
0.9987345337867737
0.9923524260520935
1.0184239149093628
1.0144871473312378
1.0161795616149902
1.0136042833328247
1.0005474090576172
1.0023552179336548
1.0022773742675781
0.9384421110153198
1.0229614973068237
1.0180829763412476
1.0200386047363281
1.0063400268554688
1.001832127571106
0.9928516149520874
