0.8166958689689636
0.8158963918685913
0.7874040603637695
0.8117002248764038
0.8208881616592407
0.818775475025177
0.8111316561698914
0.8156028389930725
0.8111217021942139
0.8290947675704956
0.8105655908584595
0.8234618902206421
0.8045090436935425
0.7692400813102722
0.7811281681060791
0.8254430890083313
0.7729607224464417
0.7806961536407471
0.7514647841453552
0.7830801010131836
0.7268862724304199
0.8060266971588135
0.7442898154258728
0.7882691025733948
0.8168076276779175
0.788867175579071
0.7903134822845459
0.7212998867034912
0.8355257511138916
0.7784912586212158
0.7578703165054321
0.749000608921051
0.841138482093811
0.7488304376602173
0.7597343921661377
0.8117783665657043
0.7174390554428101
0.8013182878494263
0.6563548445701599
0.6913021802902222
0.6256020665168762
0.9788542985916138
0.5905239582061768
0.5567918419837952
0.5013172030448914
0.5605080127716064
0.7115812301635742
0.47078341245651245
0.6880449652671814
0.8246146440505981
0.5329741835594177
0.7198963761329651
1.0368471145629883
0.7680897116661072
0.7289680242538452
0.6937394738197327
0.8569368720054626
0.8907907009124756
0.6559395790100098
0.7269018888473511
0.7555320858955383
0.844584584236145
0.7633894085884094
0.7048786878585815
0.7339001297950745
0.7791101336479187
0.6897510886192322
0.7795459628105164
0.7122681736946106
0.7546432614326477
0.7800894379615784
0.7318310141563416
0.7688528895378113
0.7501202821731567
0.8260326981544495
0.7955446839332581
0.8337225914001465
0.8056753277778625
0.7993139028549194
0.7518619894981384
0.7874382138252258
0.8447195291519165
0.7542400360107422
0.8130483031272888
0.7939329743385315
0.7950084209442139
0.8385018706321716
0.8467997312545776
0.8000535368919373
0.8171899318695068
0.7821070551872253
0.7923646569252014
0.7629480361938477
0.7917875051498413
0.7602841854095459
0.8452166318893433
0.7426302433013916
0.8188157677650452
0.856417715549469
0.8115622997283936
0.8355173468589783
0.7674269676208496
0.8079940676689148
0.7381107807159424
0.7879732251167297
0.8067662715911865
0.7995190024375916
0.8036595582962036
0.8026833534240723
0.7608380317687988
0.7924755811691284
0.8422167897224426
0.7724994421005249
0.8154135346412659
0.8718090653419495
0.7995601892471313
0.7345134615898132
0.7745659351348877
0.8241226673126221
0.839034914970398
0.7878522872924805
0.704044759273529
0.8147557973861694
0.7276380658149719
0.8326452970504761
0.8117830753326416
0.8240370750427246
0.8209489583969116
0.8315748572349548
0.8193543553352356
0.8480688333511353
0.8505190014839172
0.8075770139694214
0.8309025764465332
0.7853216528892517
0.8364814519882202
0.8079953193664551
0.8100172281265259
0.8386486172676086
0.7849292755126953
0.8361889123916626
0.8393035531044006
0.7958251237869263
0.8339781761169434
0.8384959101676941
0.7936445474624634
0.8200657963752747
0.7286142110824585
0.8386221528053284
0.7720195651054382
0.8350539803504944
0.8665432333946228
0.741396427154541
0.7294822931289673
0.8314908742904663
0.8307622075080872
0.8151952028274536
0.8078367114067078
0.7685866951942444
0.8265876173973083
0.783312976360321
0.864896833896637
0.8323920369148254
0.7799067497253418
0.7806050777435303
0.8247492909431458
0.8271909356117249
0.8153937458992004
0.7363593578338623
0.8112826943397522
0.8026048541069031
0.7891828417778015
0.8246937394142151
0.8243768811225891
0.7731625437736511
0.8161240220069885
0.8209860920906067
0.8139672875404358
0.8491343855857849
0.8482956886291504
0.8139697909355164
0.7751737236976624
0.7725763320922852
0.8124098181724548
0.8309576511383057
0.80146324634552
0.7880155444145203
0.7608165740966797
0.8060939908027649
0.8160980939865112
0.8379873633384705
0.8194327354431152
0.8538022637367249
0.8018494844436646
0.7934495210647583
0.8357685804367065
0.8114044666290283
0.7599074244499207
0.7997106313705444
0.8270295858383179
0.8211888670921326
0.8027927279472351
0.8077707886695862
0.7785657048225403
0.806896448135376
0.8361064791679382
0.8151435852050781
0.6981959342956543
0.8554865717887878
0.8444004058837891
0.7348694801330566
0.7820027470588684
0.8330211043357849
0.8320342302322388
0.756635308265686
0.8391307592391968
0.8084298372268677
0.8299579620361328
0.7740054726600647
0.8234474658966064
0.8137661218643188
0.8260995149612427
0.8277320265769958
0.7943613529205322
0.8367481827735901
0.7994652986526489
0.8451045751571655
0.8336635828018188
0.7803774476051331
0.838399350643158
0.8222980499267578
0.8115887641906738
0.8206351399421692
0.8332332372665405
0.7965766787528992
0.7790305018424988
0.7474652528762817
0.8026106357574463
0.7648457884788513
0.8127040863037109
0.8386945128440857
0.7539332509040833
0.7249676585197449
0.7926053404808044
0.7464181780815125
0.8161433935165405
0.7822986841201782
0.7631445527076721
0.6211181879043579
0.6722784042358398
0.8050525188446045
0.8438430428504944
0.7619160413742065
0.809451699256897
0.7630593180656433
0.7060741782188416
0.8104785680770874
0.8074629902839661
0.8332168459892273
0.7960204482078552
0.8354368209838867
0.7619333863258362
0.8216609954833984
0.8178900480270386
0.7627512812614441
0.8224548697471619
0.8256196975708008
0.852051854133606
0.8572582006454468
0.7781479954719543
0.7823569178581238
0.7337964177131653
0.8044657111167908
0.7544707655906677
0.847537100315094
0.7828473448753357
0.8397981524467468
0.8196524977684021
0.8410847783088684
0.8143783211708069
0.8301360607147217
0.8181414008140564
0.7136071920394897
0.7230198383331299
0.7557648420333862
0.815579891204834
0.8061916828155518
0.8080868721008301
0.7872322201728821
0.8022388815879822
0.7398393750190735
0.8269796371459961
0.7623758912086487
0.7646188139915466
0.815718412399292
0.8280713558197021
0.8213058710098267
0.8027393817901611
0.8379352688789368
0.8300528526306152
0.8530716896057129
0.7863633036613464
0.7201165556907654
0.8190410137176514
0.8023769855499268
0.81914222240448
0.7588028907775879
0.7998607158660889
0.7894538044929504
0.7619762420654297
0.7854179739952087
0.8163735270500183
0.7360891699790955
0.7359203100204468
0.7944765686988831
0.7859957218170166
0.863116443157196
0.8299758434295654
0.8278418779373169
0.7306588888168335
0.8212136030197144
0.8496320843696594
0.8185454607009888
0.6753905415534973
0.832916259765625
0.7947120666503906
0.8024005889892578
0.823555052280426
0.8241279721260071
0.7942936420440674
0.7995623350143433
0.7551041841506958
0.7537606954574585
0.7637305855751038
0.7776042222976685
0.8150907754898071
0.7922466397285461
0.78975909948349
0.7354428768157959
0.8146306276321411
0.7996480464935303
0.8071173429489136
0.7304770946502686
0.7809112668037415
0.7156710624694824
0.7493880987167358
0.7984991073608398
0.8261992335319519
0.8256354331970215
0.6934391856193542
0.7383545637130737
0.7927374839782715
0.8123867511749268
0.7795692086219788
0.7512186765670776
0.8115707039833069
0.813178300857544
0.7316290140151978
0.7295798659324646
0.7991318106651306
0.7802531719207764
0.834131121635437
0.8338361978530884
0.8179161548614502
0.7438780069351196
0.789851188659668
0.8216365575790405
0.7821993827819824
0.7659273147583008
0.7180483937263489
0.7966614961624146
0.7746115326881409
0.801916778087616
0.8449736833572388
0.782114565372467
0.7863414883613586
0.8032976984977722
0.8354832530021667
0.803355872631073
0.7758530974388123
0.7960778474807739
0.7660979628562927
0.8094998598098755
0.768136203289032
0.8150655627250671
0.7192415595054626
0.8235588669776917
0.7944883108139038
0.7840470671653748
0.811883270740509
0.7962068319320679
0.7897346019744873
0.7730570435523987
0.8488879799842834
0.8465063571929932
0.7687473297119141
0.814961850643158
0.6809136271476746
0.8211278319358826
0.789609432220459
0.7629846334457397
0.8269773721694946
0.7600324153900146
0.8429622054100037
0.6964616775512695
0.7851122617721558
0.7853044271469116
0.8171311616897583
0.768404483795166
0.6656586527824402
0.7626377940177917
0.7272158265113831
0.8087460994720459
0.8071163892745972
0.8084539175033569
0.8547946214675903
0.8143828511238098
0.8067933320999146
0.7979294657707214
0.8100243806838989
0.725420355796814
0.8079115748405457
0.7649295330047607
0.8048756122589111
0.7747913002967834
0.751161515712738
0.766715943813324
0.8220720887184143
0.8137637376785278
0.8128200769424438
0.8043510913848877
0.7931519746780396
0.8161031007766724
0.8129764199256897
0.7199254631996155
0.7859677672386169
0.8257704973220825
0.7863858938217163
0.8639139533042908
0.8263790011405945
0.7938271164894104
0.78905189037323
0.7763816714286804
0.8441489338874817
0.7427436709403992
0.8060013651847839
0.8479806780815125
0.8274795413017273
0.7606611847877502
0.7884384989738464
0.803672730922699
0.8296257257461548
0.813744843006134
0.8256620168685913
0.7451952695846558
0.8179595470428467
0.7484900951385498
0.7227485775947571
0.7047796249389648
0.8098681569099426
0.8127915859222412
0.8344739675521851
0.8264709115028381
0.7464579939842224
0.8023054003715515
0.8217629790306091
0.7297870516777039
0.7987412810325623
0.8312777280807495
0.8255667686462402
0.7874844670295715
0.7687573432922363
0.7894461750984192
0.6242884993553162
0.7906997799873352
0.8395195603370667
0.835700511932373
0.7409905791282654
0.8105278015136719
0.7905937433242798
0.8392301201820374
0.843475878238678
0.7254461050033569
0.7970093488693237
0.7721807360649109
0.8095608949661255
0.8037084341049194
0.7932668328285217
0.7496832013130188
0.8280222415924072
0.7928686141967773
0.7964458465576172
0.7537943720817566
0.8351148366928101
0.8294854164123535
0.7931835651397705
0.8188576698303223
0.7448598146438599
0.7177296876907349
0.807358980178833
0.7929290533065796
0.8522921800613403
0.8010413646697998
0.8044186234474182
0.7405214905738831
0.7792530655860901
0.7564036846160889
0.7148951292037964
0.6125502586364746
0.7785330414772034
0.8215959668159485
0.7462284564971924
0.8003800511360168
0.7707361578941345
0.7926448583602905
0.7423063516616821
0.8335775136947632
0.7483527660369873
0.7905701398849487
0.8159840106964111
0.7776912450790405
0.8260055780410767
0.7432688474655151
0.8105720281600952
0.8128434419631958
0.7807051539421082
0.8138843774795532
0.7838115692138672
0.7460448145866394
0.7713717222213745
0.774151623249054
0.8213309645652771
0.8145115375518799
0.8075156807899475
0.7794374823570251
0.7781413197517395
0.838676929473877
0.7518330812454224
0.7391449213027954
0.7825519442558289
0.7991988658905029
0.732104480266571
0.7786973714828491
0.8436744213104248
0.7207740545272827
0.7934039235115051
0.7487516403198242
0.7397068738937378
0.7549524903297424
0.7922765612602234
0.7913408279418945
0.7848774790763855
0.7957149744033813
0.8022136092185974
0.7064046859741211
0.7882646918296814
0.8287939429283142
0.8053398132324219
0.6904670000076294
0.7456590533256531
0.7927548885345459
0.7713350653648376
0.8350424766540527
0.8560992479324341
0.8234972357749939
0.7427441477775574
0.6659886837005615
0.8031870126724243
0.7743709683418274
0.8493363261222839
0.7613533735275269
0.836870014667511
0.7003040313720703
0.7826244831085205
0.7846477031707764
0.7685386538505554
0.8116236925125122
0.7793028950691223
0.7636852860450745
0.8198047876358032
0.8204475045204163
0.7806543707847595
0.7538367509841919
0.8107910752296448
0.7184900641441345
0.7561696171760559
0.7550904750823975
0.7274959683418274
0.7217665910720825
0.7127126455307007
0.7562711834907532
0.753693163394928
0.8324439525604248
0.8239997625350952
0.8117971420288086
0.8001912832260132
0.8338471055030823
0.7721800804138184
0.7883784174919128
0.8248194456100464
0.8152669668197632
0.7678190469741821
0.7500377893447876
0.7554494738578796
0.8213124871253967
0.7773962616920471
0.7424100041389465
0.7975344061851501
0.8917322754859924
0.7073412537574768
0.8179577589035034
0.8309966325759888
0.7525227665901184
0.8159282803535461
0.8665884733200073
0.7491549849510193
0.7806752920150757
0.7338603734970093
0.7857568860054016
0.7640060186386108
0.7942765951156616
0.8148837685585022
0.7322096824645996
0.7254580855369568
0.7605819702148438
0.765419602394104
0.7878143191337585
0.8072420954704285
0.7689065337181091
0.7350547909736633
0.7322807312011719
0.7894977927207947
0.783799946308136
0.7727043628692627
0.7563568949699402
0.8116162419319153
0.7375863194465637
0.7785822153091431
0.8147790431976318
0.7828688025474548
0.8296586275100708
0.7366470694541931
0.7791216373443604
0.8109599947929382
0.8304348587989807
0.7736802697181702
0.8218167424201965
0.7651357054710388
0.6768859624862671
0.7801553010940552
0.8035079836845398
0.7934982180595398
0.6805093884468079
0.699328601360321
0.8139625191688538
0.7790759801864624
0.775763213634491
0.7835419178009033
0.7444215416908264
0.7418996691703796
0.7135403752326965
0.8269115686416626
0.7588711977005005
0.7490789890289307
0.8391810655593872
0.835073709487915
0.8043069243431091
0.7351107597351074
0.7356002330780029
0.8239322900772095
0.815822422504425
0.8003623485565186
0.7789531946182251
0.7343080043792725
0.7541549801826477
0.8284934163093567
0.8239654898643494
0.7835116386413574
0.7869482040405273
0.7795117497444153
0.7074908018112183
0.7721695899963379
0.7427049875259399
0.8173046708106995
0.7750929594039917
0.7999817728996277
0.74586021900177
0.8372158408164978
0.8445490598678589
0.7889232635498047
0.8200742602348328
0.7207528352737427
0.7120434045791626
0.7813282012939453
0.7799020409584045
0.7558797597885132
0.666516125202179
0.8006650805473328
0.8188461661338806
0.8127196431159973
0.7557143568992615
0.7642171382904053
0.805741012096405
0.773503303527832
0.8102351427078247
0.7526808977127075
0.8202230930328369
0.752275288105011
0.8356682658195496
0.7608960866928101
0.7235627174377441
0.8089311718940735
0.8115839958190918
0.7605355978012085
0.7924443483352661
0.7970787286758423
0.7943208813667297
0.822724461555481
0.7432896494865417
0.7850357890129089
0.7258997559547424
0.821232795715332
0.8089778423309326
0.767634391784668
0.801866888999939
0.7456967830657959
0.7789272665977478
0.7704458832740784
0.8264551758766174
0.7370611429214478
0.7790532112121582
0.827976405620575
0.7280081510543823
0.7772761583328247
0.6872342824935913
0.7938655018806458
0.7660107016563416
0.7408588528633118
0.7825295329093933
0.7651839256286621
0.7895882725715637
0.7383080124855042
0.6933338046073914
0.7128210067749023
0.7748746275901794
0.8001762628555298
0.7588062882423401
0.8069167733192444
0.7448363900184631
0.8215748071670532
0.7290186882019043
0.8222033977508545
0.8129346966743469
0.7576997876167297
0.7440507411956787
0.7955124974250793
0.7293012738227844
0.7677482962608337
0.8209739923477173
0.7317198514938354
0.7601978778839111
0.7337287664413452
0.765126645565033
0.8041616678237915
0.7920524477958679
0.7445066571235657
0.8151958584785461
0.8111152052879333
0.6594865918159485
0.814731240272522
0.7344617247581482
0.7948348522186279
0.8166239857673645
0.740462064743042
0.787468433380127
0.8191055655479431
0.8121726512908936
0.7364119291305542
0.7650886178016663
0.7174780964851379
0.4804341495037079
0.7383250594139099
0.7654004096984863
0.8608300089836121
0.7673801183700562
0.6830329298973083
0.7744377851486206
0.6533730030059814
0.7853049635887146
0.7430437803268433
0.8272514939308167
0.7621296644210815
0.8233199715614319
0.77936190366745
0.8124449253082275
0.8493228554725647
0.8006144165992737
0.8010201454162598
0.800446629524231
0.8386300206184387
0.8007029891014099
0.7609708905220032
0.7131131291389465
0.8116093873977661
0.8031562566757202
0.7324361801147461
0.7850526571273804
0.694772481918335
0.7734116315841675
0.7438552975654602
0.777121901512146
0.7435598969459534
0.8493511080741882
0.768462061882019
0.7893348932266235
0.8066768050193787
0.7602075338363647
0.7653944492340088
0.7592518925666809
0.7598419189453125
0.8094918131828308
0.7851197123527527
0.7883379459381104
0.7837027311325073
0.746087372303009
0.7534005641937256
0.7441034317016602
0.7515484690666199
0.7926486134529114
0.7586449980735779
0.7964704036712646
0.8064108490943909
0.8094185590744019
0.8151265978813171
0.7736644148826599
0.7440334558486938
0.7656861543655396
0.797736644744873
0.8619523048400879
0.7729935646057129
0.7903936505317688
0.7668236494064331
0.7278686761856079
0.8341370820999146
0.782226026058197
0.7982511520385742
0.7397910952568054
0.7191742658615112
0.7472417950630188
0.7692485451698303
0.7572027444839478
0.7743945717811584
0.6834805607795715
0.6910815238952637
0.8155784010887146
0.7776715755462646
0.7453914284706116
0.7503079771995544
0.8262264728546143
0.8229992389678955
0.6987767219543457
0.6947893500328064
0.8267495036125183
0.7447143793106079
0.8833125829696655
0.7064421772956848
0.7836582064628601
0.7985520958900452
0.8016423583030701
0.8163918256759644
0.6554600596427917
0.7287325263023376
0.7899481058120728
0.7211897373199463
0.6581681966781616
0.6755571961402893
0.8002116084098816
0.7523363828659058
0.7594791054725647
0.7811994552612305
0.8362646102905273
0.8054975271224976
0.793822705745697
0.7876139283180237
0.807334303855896
0.7979554533958435
0.7483808398246765
0.7446120381355286
0.7824472784996033
0.6806011199951172
0.7482048273086548
0.7724154591560364
0.7823441028594971
0.8074538111686707
0.7635954022407532
0.7116376161575317
0.7790634632110596
0.7618808150291443
0.7074100971221924
0.7211962342262268
0.7619994282722473
0.8127478361129761
0.7335813045501709
0.7614068984985352
0.8040367364883423
0.7444257736206055
0.815848171710968
0.7306715250015259
0.7992677092552185
0.6963080167770386
0.8417819738388062
0.8044325113296509
0.7206346392631531
0.6274176836013794
0.6501256227493286
0.7292642593383789
0.7813541293144226
0.8157092928886414
0.6403926610946655
0.8002547025680542
0.7609325051307678
0.7119056582450867
0.7638689875602722
0.8014407157897949
0.8355176448822021
0.8265682458877563
0.7471688389778137
0.7589680552482605
0.8361524343490601
0.8115429878234863
0.6153046488761902
0.7830824255943298
0.8277181386947632
0.7599939703941345
0.8085330128669739
0.8225731253623962
0.8081178665161133
0.7916194200515747
0.7282209992408752
0.7805696725845337
0.732062816619873
0.7312890291213989
0.7814926505088806
0.7917023301124573
0.7352055311203003
0.6721900105476379
0.7919861674308777
0.7553405165672302
0.7210654020309448
0.6627687811851501
0.6742706894874573
0.7671672701835632
0.7386288046836853
0.8074672222137451
0.815900444984436
0.8203985095024109
0.7160624861717224
0.8060716986656189
0.686379611492157
0.8347758054733276
0.8378200531005859
0.7961656451225281
0.7828987836837769
0.717179000377655
0.7267610430717468
0.6989985108375549
0.7879555821418762
0.7865684628486633
0.7582356333732605
0.762688398361206
0.7671713829040527
0.746873676776886
0.770173192024231
0.8041675686836243
0.7685386538505554
0.7803968787193298
0.6675088405609131
0.7836902737617493
0.753562867641449
0.7553229928016663
0.7984169721603394
0.7805181741714478
0.7750391960144043
0.7371144890785217
0.7601786255836487
0.6703517436981201
0.7960994243621826
0.8536054491996765
0.8521377444267273
0.7698279619216919
0.7662767171859741
0.7542919516563416
0.7548608183860779
0.7262896299362183
0.7556681632995605
0.7107910513877869
0.7667366862297058
0.707621693611145
0.7664821743965149
0.7871604561805725
