0.17361164093017578
0.19702249765396118
0.19183585047721863
0.19669440388679504
0.1976720690727234
0.20248839259147644
0.19387972354888916
0.1879289448261261
0.18631327152252197
0.18263721466064453
0.16629214584827423
0.15169575810432434
0.18062499165534973
0.16059403121471405
0.18375679850578308
0.18638122081756592
0.1893463283777237
0.1662483960390091
0.04720060154795647
0.1984301060438156
0.1433752477169037
0.1890517771244049
0.18012064695358276
0.177586168050766
0.19102893769741058
0.19348359107971191
0.17295175790786743
0.198505699634552
0.177534818649292
0.19631242752075195
0.17090293765068054
0.19755876064300537
0.12657518684864044
0.1927153766155243
0.2120325267314911
0.20991799235343933
0.13042756915092468
0.11242230236530304
0.18675972521305084
0.20833465456962585
0.1690564751625061
0.0639830082654953
0.1625305414199829
0.14447741210460663
0.12393270432949066
0.21842479705810547
0.154592365026474
0.2064504623413086
0.15167126059532166
0.1892274022102356
0.1637023389339447
0.18500980734825134
0.13239796459674835
0.13725546002388
0.19019204378128052
0.15259115397930145
0.18631616234779358
0.19308236241340637
0.18994109332561493
0.16797895729541779
0.17662596702575684
0.15362051129341125
0.1643800437450409
0.17084746062755585
0.16969311237335205
0.1656174659729004
0.15540951490402222
0.14023509621620178
0.18065057694911957
0.1295992136001587
0.15933844447135925
0.17994773387908936
0.12407852709293365
0.16706092655658722
0.15372420847415924
0.17772608995437622
0.14601868391036987
0.17992660403251648
0.18082831799983978
0.17166778445243835
0.146283358335495
0.1939181089401245
0.1468491554260254
0.20652225613594055
0.19078241288661957
0.09075483679771423
0.15791794657707214
0.18226170539855957
0.11344042420387268
0.1772170066833496
0.16547921299934387
0.15787826478481293
0.14921650290489197
0.16457781195640564
0.4443402588367462
0.006524529308080673
0.052303213626146317
0.17250382900238037
0.1958317905664444
0.16066336631774902
0.17702585458755493
0.11519928276538849
0.16610568761825562
0.11486680060625076
0.11061253398656845
0.1815986931324005
0.19378896057605743
0.18019774556159973
0.18305954337120056
0.12245446443557739
0.13933074474334717
0.1290912628173828
0.143785759806633
0.12470326572656631
0.1776638925075531
0.172525092959404
0.13128378987312317
0.1521393358707428
0.14876726269721985
0.17725935578346252
0.09075199067592621
0.10577748715877533
0.1815158724784851
0.08845273405313492
0.12898316979408264
0.15398915112018585
0.166809543967247
0.1785455048084259
0.17254215478897095
0.15515947341918945
0.1984459012746811
0.18852679431438446
0.12484554201364517
0.19791656732559204
0.18464750051498413
0.16996411979198456
0.1104586124420166
0.05916775017976761
0.15781860053539276
0.14042796194553375
0.18632471561431885
0.1678120493888855
0.13318099081516266
0.1327834129333496
0.16090670228004456
0.12566161155700684
0.11749090999364853
0.1906510889530182
0.10683099180459976
0.13096128404140472
0.11359720677137375
0.13694815337657928
0.15221436321735382
0.1539139747619629
0.17235030233860016
0.15610483288764954
0.07982491701841354
0.10193491727113724
0.01907782256603241
0.08345221728086472
0.049778543412685394
0.04086872190237045
0.09261047095060349
0.14349783957004547
0.09348182380199432
0.09630818665027618
0.028970876708626747
0.10377863049507141
0.05251866951584816
0.10897179692983627
0.03428325057029724
0.10121464729309082
0.13424351811408997
0.1108100563287735
0.09658556431531906
0.07873815298080444
0.1279454231262207
0.11692333221435547
0.05246156454086304
0.06744755059480667
-0.003229379653930664
0.0697479322552681
0.0895271748304367
0.1551358699798584
0.0011224783957004547
-0.03125862404704094
0.0025039762258529663
0.0030844882130622864
0.11820954084396362
0.09384026378393173
0.14975053071975708
0.054796162992715836
0.07916698604822159
0.04934344440698624
0.001881331205368042
0.003294985741376877
0.09529738873243332
0.11343546211719513
0.034838590770959854
-0.027715977281332016
-0.06079230457544327
-0.040235452353954315
0.06923680007457733
0.009229015558958054
0.14427192509174347
-0.03687242045998573
-0.030075520277023315
-0.02221071347594261
0.1267193853855133
0.09834682196378708
0.009830523282289505
0.06838247925043106
0.059714823961257935
-0.034549519419670105
0.0007118284702301025
0.02304163947701454
0.020915720611810684
0.1366002857685089
-0.06902366876602173
0.0017632469534873962
-0.14357535541057587
0.008161533623933792
-0.042668841779232025
-0.008951626718044281
0.07603664696216583
0.06678018718957901
0.07400472462177277
-0.03646732494235039
0.03459027782082558
-0.043675318360328674
0.009208619594573975
0.2582273781299591
-0.09142644703388214
-0.02853832021355629
-0.007932066917419434
0.0740325078368187
0.042649827897548676
-0.1271967738866806
0.006093461066484451
0.1314387321472168
0.0290384478867054
0.07410234212875366
-0.05955236405134201
0.13116315007209778
0.027631374076008797
0.03659387677907944
-0.018293384462594986
0.05439426749944687
0.10531716048717499
-0.007581464946269989
0.11660361289978027
-0.024913139641284943
-0.0341072678565979
0.11784575879573822
0.024206090718507767
-0.03848811984062195
-0.02807294949889183
-0.024789944291114807
0.03415490314364433
0.1404537707567215
0.10626166313886642
0.014748811721801758
-0.02708781510591507
-0.02848372980952263
-0.02002554014325142
0.02990100532770157
0.026497486978769302
0.049968037754297256
-0.0061730146408081055
-0.10109897702932358
0.1990695595741272
-0.040683455765247345
0.09295608103275299
0.023059092462062836
0.017082277685403824
-0.09205803275108337
0.04305463656783104
0.17237064242362976
0.07050973176956177
0.08393791317939758
0.07907860726118088
0.09743550419807434
-0.08735696971416473
0.07686401903629303
-0.01298145204782486
0.06079547479748726
0.03501603379845619
0.04983551427721977
-0.008729815483093262
-0.00026435405015945435
-0.06758037209510803
-0.03177180513739586
0.030171751976013184
-0.08461813628673553
-0.05363241583108902
-0.020585745573043823
-0.005148045718669891
-0.08591391146183014
-0.06588393449783325
0.05144650861620903
-0.07599066197872162
-0.0014006346464157104
-0.03503568470478058
-0.10269887745380402
0.058780401945114136
0.04837827384471893
-0.10968954861164093
0.06866957992315292
0.08678185194730759
0.0926826149225235
-0.017623279243707657
-0.042399730533361435
0.0324881449341774
0.10000649094581604
-0.08161978423595428
-0.10492414236068726
0.09881191700696945
0.018106825649738312
-0.03545026481151581
-0.18236875534057617
0.02445651963353157
-0.08800416439771652
0.14515459537506104
-0.026238292455673218
-0.06851008534431458
-0.017019376158714294
0.0736299604177475
0.10730985552072525
-0.05780212581157684
-0.024813801050186157
0.06621851027011871
0.035571932792663574
0.014760486781597137
0.004293091595172882
0.02686653658747673
0.010039828717708588
-0.03814752399921417
-0.04169987514615059
-0.08449511975049973
-0.006675027310848236
0.14774030447006226
0.14598533511161804
0.1263306587934494
0.06283780932426453
0.029743153601884842
-0.009045004844665527
0.0558084174990654
0.015421546995639801
-0.014081723988056183
0.0019001737236976624
0.04536847770214081
0.03947509080171585
0.028722262009978294
-0.0196806900203228
-0.06612642109394073
-0.06494861841201782
-0.02995627000927925
0.09556110203266144
0.0017617344856262207
0.08452169597148895
-0.025003254413604736
-0.06081486865878105
0.00822744145989418
-0.0716075599193573
0.012623585760593414
0.017749708145856857
-0.030882220715284348
-0.029781226068735123
0.057388752698898315
-0.01024027168750763
-0.08249005675315857
-0.07320374995470047
0.23360715806484222
-0.11224712431430817
-0.017929337918758392
0.06216159462928772
0.00586811825633049
0.04751647636294365
-0.19334515929222107
-0.0730789452791214
0.03778476268053055
0.07525642961263657
-0.08641644567251205
-0.10843415558338165
-0.051205117255449295
-0.02277759462594986
0.05756107345223427
0.09864102303981781
-0.08016195893287659
-0.02213452383875847
-0.01156378909945488
-0.012507930397987366
0.059408240020275116
0.0003070905804634094
-0.07486546784639359
-0.11875472962856293
0.05455292761325836
0.05242631584405899
0.005460113286972046
-0.06095530837774277
-0.06365863978862762
0.06586170196533203
0.05964598432183266
0.028472907841205597
-0.011902052909135818
-0.028332233428955078
-0.09116119146347046
-0.038923151791095734
0.04353473708033562
0.013273648917675018
-0.09628425538539886
-0.08416533470153809
0.05712968483567238
0.07310892641544342
-0.0032864995300769806
-0.004941768944263458
0.006763096898794174
-0.045444466173648834
-0.0034877024590969086
0.06103053316473961
0.08156494051218033
-0.07426945865154266
-0.05410788208246231
0.02166665717959404
-0.031159084290266037
0.06608789414167404
0.051054276525974274
-0.08559979498386383
-0.0515144057571888
0.004695262759923935
-0.009238958358764648
0.008245069533586502
-0.047498032450675964
-0.041562944650650024
-0.01351630687713623
-0.022611360996961594
-0.08955585956573486
-0.07559774816036224
0.0587945356965065
0.012289628386497498
0.020398322492837906
-0.02606973424553871
-0.01721799001097679
-0.0008538886904716492
-0.024312518537044525
-0.014108743518590927
-0.036125972867012024
0.15765683352947235
-0.1661798059940338
-0.04021847993135452
0.046956662088632584
-0.111848846077919
0.14375652372837067
-0.05337093397974968
-0.058775562793016434
-0.048370808362960815
-0.062330517917871475
-0.11253060400485992
-0.0750129371881485
-0.04494620859622955
-0.0735480934381485
-0.1065172553062439
-0.06521273404359818
-0.060363706201314926
-0.10617677122354507
0.04698016494512558
-0.04236144945025444
0.01709112897515297
-0.009450294077396393
-0.02737320587038994
-0.059717681258916855
-0.013709768652915955
-0.07098368555307388
-0.028071314096450806
0.0471947081387043
-0.0008003674447536469
0.00015660375356674194
0.055464811623096466
-0.06480087339878082
0.16237443685531616
-0.1225292980670929
-0.018205862492322922
-0.04326910898089409
-0.11244530975818634
-0.05733287334442139
-0.07823191583156586
0.03186787664890289
-0.0035738609731197357
-0.0091872438788414
-0.015148293226957321
-0.022562414407730103
0.09973336011171341
0.024538395926356316
-0.030246838927268982
-0.0628996193408966
0.04868021607398987
-0.01037653535604477
0.046943921595811844
-0.04938110336661339
0.06890245527029037
-0.06131729111075401
0.08596403151750565
0.09755875170230865
0.038404759019613266
-0.048900067806243896
-0.12385869771242142
-0.05216936022043228
-0.00485486164689064
-0.015347044914960861
0.14198559522628784
-0.001308642327785492
-0.021565817296504974
0.013045676052570343
-0.09097597002983093
-0.08176349103450775
-0.09659026563167572
-0.09708110243082047
0.03635084629058838
-0.04049520194530487
0.03356490656733513
0.04754701256752014
0.022661767899990082
0.02365897037088871
-0.021789897233247757
0.029673507437109947
-0.022148694843053818
0.021509379148483276
0.008388828486204147
-0.15421020984649658
0.39528805017471313
-0.05863626301288605
0.03711947426199913
0.09080357849597931
0.053158313035964966
-0.03743009269237518
0.0746508538722992
0.09762752056121826
0.08827684074640274
-0.015674032270908356
-0.06385785341262817
-0.11614109575748444
0.005166053771972656
0.012837931513786316
-0.179644376039505
0.008405566215515137
-0.08344066143035889
0.06774947047233582
0.0735996887087822
-0.0669083371758461
-0.1172492727637291
-0.04166686162352562
-0.09535565972328186
-0.08108388632535934
-0.04431154206395149
-0.0006508380174636841
-0.10508168488740921
0.008861467242240906
-0.15975333750247955
0.01845785230398178
-0.10865942388772964
-0.01304243877530098
-0.038952261209487915
-0.11284607648849487
-0.09564786404371262
-0.0520101822912693
-0.04698471352458
-0.06101282313466072
0.11733882129192352
-0.06905178725719452
-0.11926588416099548
-0.02448727935552597
-0.09033161401748657
-0.0020728260278701782
-0.06016944721341133
0.00851089134812355
-0.02391139417886734
0.02734456956386566
-0.03600312024354935
-0.13728660345077515
0.044501446187496185
0.026281889528036118
-0.024318665266036987
-0.05376742035150528
-0.1378227174282074
-0.026845745742321014
0.07581387460231781
0.016451068222522736
-0.12662050127983093
-0.05913132056593895
-0.08335819840431213
-0.0051276832818984985
-0.11676891148090363
0.0391094908118248
-0.09419441223144531
-0.11445091664791107
-0.1388157159090042
0.01014702022075653
-0.06604437530040741
-0.07748028635978699
-0.004356421530246735
0.03920679911971092
-0.1656123697757721
-0.137234166264534
-0.15515998005867004
-0.06989642977714539
-0.011971056461334229
0.09961511939764023
-0.08305691927671432
-0.1340102255344391
-0.07096809893846512
-0.13883920013904572
-0.10045305639505386
-0.12816444039344788
-0.057339176535606384
-0.0460752435028553
-0.0842483639717102
-0.027558166533708572
-0.09376539289951324
-0.035322174429893494
-0.12204138189554214
-0.10366406291723251
-0.06004342809319496
-0.08772367984056473
-0.011265240609645844
-0.06003965064883232
-0.0005343891680240631
-0.06837968528270721
-0.14294740557670593
-0.03287301957607269
-0.16174432635307312
-0.07122905552387238
0.024051833897829056
-0.1333400011062622
-0.12079055607318878
-0.056759100407361984
-0.03640138357877731
-0.1358422040939331
-0.1339394897222519
-0.054503604769706726
-0.055253271013498306
-0.06290771067142487
-0.06322987377643585
0.008742894977331161
-0.006984688341617584
-0.004204973578453064
0.015627015382051468
-0.04335758462548256
-0.12883396446704865
-0.010864056646823883
0.10079966485500336
-0.05595042183995247
-0.09627575427293777
-0.12303534895181656
-0.038287047296762466
0.04669823497533798
0.015804987400770187
0.076739601790905
-0.11475537717342377
0.025190826505422592
-0.1319393515586853
-0.011922717094421387
-0.10052311420440674
-0.08840203285217285
-0.08905485272407532
-0.11737547069787979
-0.1765032559633255
-0.129655122756958
-0.1182812750339508
-0.18550041317939758
-0.04111862555146217
-0.11296794563531876
-0.004018284380435944
-0.14000822603702545
-0.10230326652526855
-0.124085433781147
-0.03617670387029648
0.12857410311698914
-0.059005435556173325
-0.03082762286067009
-0.08024021983146667
0.20253559947013855
-0.01748238131403923
-0.055325981229543686
-0.12532538175582886
0.05032028257846832
-0.1013682410120964
-0.10875187814235687
-0.045030951499938965
-0.13427740335464478
-0.009218543767929077
-0.06139254570007324
-0.10839912295341492
-0.11404925584793091
0.10157740116119385
-0.057113032788038254
-0.006173405796289444
0.1177617758512497
0.00808805227279663
0.0025685466825962067
-0.10542468726634979
-0.012014299631118774
-0.07724002003669739
0.022061284631490707
-0.11089125275611877
-0.08221794664859772
-0.09370937943458557
-0.09632961452007294
-0.040389567613601685
-0.08366774022579193
-0.04568866640329361
-0.01172742247581482
-0.08291808515787125
-0.043402064591646194
-0.09602037072181702
-0.10216353833675385
-0.04395503178238869
-0.011990942060947418
-0.016644325107336044
0.014220818877220154
0.037061288952827454
0.014034416526556015
0.031030945479869843
0.021894264966249466
0.03227017819881439
0.02107403799891472
0.0026087984442710876
-0.030127130448818207
-0.03691202402114868
-0.13086853921413422
-0.06769811362028122
-0.09513308107852936
-0.15746979415416718
-0.07750627398490906
-0.05652013421058655
-0.04475448653101921
0.01272449642419815
-0.021115265786647797
0.013766683638095856
-0.10344402492046356
-0.12608928978443146
-0.08000927418470383
-0.06882278621196747
-0.02850823476910591
-0.12495820969343185
-0.10376495867967606
-0.06166677176952362
-0.10313956439495087
-0.09657271206378937
-0.1078617200255394
-0.105098657310009
-0.07850348949432373
-0.14025810360908508
-0.11655301600694656
-0.017304714769124985
-0.025750048458576202
-0.05216214060783386
-0.09842665493488312
-0.05956260487437248
-0.059465762227773666
-0.08164817839860916
-0.08813296258449554
-0.1597687005996704
-0.09056133776903152
-0.0002022571861743927
-0.010837975889444351
-0.1318134367465973
-0.031217440962791443
-0.13392966985702515
-0.13938605785369873
-0.1638762354850769
-0.06389781832695007
-0.017002493143081665
-0.014711976051330566
-0.0653437077999115
-0.10843898355960846
0.04499242454767227
-0.1148013025522232
-0.04768902063369751
-0.058094777166843414
-0.1252295821905136
0.019510220736265182
-0.10371895134449005
-0.06807015836238861
-0.092893585562706
-0.05180763453245163
-0.021856732666492462
-0.1222258061170578
-0.04998220503330231
0.031882937997579575
-0.10347001254558563
0.023539986461400986
0.02824120968580246
0.02830817736685276
-0.15615184605121613
-0.04227248951792717
-0.09259973466396332
0.004189029335975647
-0.12266142666339874
-0.14601436257362366
-0.21502144634723663
-0.013025626540184021
-0.08618420362472534
-0.1364067643880844
-0.058749813586473465
-0.025087419897317886
-0.05689166858792305
-0.01107630506157875
-0.09148626029491425
-0.10066379606723785
0.05206857621669769
-0.0307600237429142
-0.10203023254871368
-0.1259298473596573
-0.18263183534145355
-0.035763218998909
-0.09013499319553375
-0.04080405458807945
-0.05091502517461777
0.019680336117744446
0.02110765129327774
-0.1481107473373413
-0.024800904095172882
-0.09534093737602234
-0.10532760620117188
-0.08627553284168243
0.039086416363716125
-0.15908797085285187
-0.10805688798427582
0.01464715227484703
-0.007392760366201401
-0.04596538841724396
0.008707646280527115
-0.020867854356765747
-0.012349367141723633
-0.12829118967056274
-0.11696556210517883
-0.1148461326956749
0.054478056728839874
-0.0956915020942688
-0.08519911020994186
-0.11120493710041046
-0.026034727692604065
-0.13874727487564087
-0.10358428210020065
-0.04869132116436958
0.006758369505405426
-0.05581847205758095
-0.04522741213440895
-0.050987742841243744
0.019840732216835022
-0.13599176704883575
-0.040304865688085556
0.03742446005344391
0.02207103557884693
-0.009799152612686157
-0.15241777896881104
-0.09242842346429825
0.06122753769159317
0.00112127885222435
-0.1632683128118515
-0.11282585561275482
0.0016541741788387299
0.09319145977497101
0.022991672158241272
-0.10532156378030777
-0.08028014004230499
0.06170623376965523
0.03285205736756325
-0.07711799442768097
-0.02507418394088745
-0.06256084144115448
-0.05754190683364868
-0.09093236923217773
0.07560312747955322
0.03193224221467972
0.010536853224039078
-0.03225189447402954
0.047548890113830566
-0.02588532865047455
-0.008430570363998413
0.02439543604850769
-0.08416464924812317
-0.02792605757713318
-0.05797157064080238
0.0005790367722511292
0.05126875638961792
-0.0519089475274086
-0.04833287373185158
0.013308685272932053
-0.06102870777249336
-0.06777873635292053
-0.012607723474502563
-0.01384342834353447
-0.14677220582962036
-0.05425069108605385
0.04682663828134537
-0.07187928259372711
-0.08370865136384964
-0.07236672937870026
-0.043566763401031494
-0.08773969113826752
0.10887396335601807
0.004858534783124924
-0.18995945155620575
-0.1399664729833603
-0.08776070177555084
-0.04837355390191078
-0.013755839318037033
-0.07271061837673187
-0.1581733077764511
-0.07662492990493774
-0.013489484786987305
-0.11294505000114441
0.032030027359724045
-0.15577509999275208
-0.117759108543396
-0.017104249447584152
-0.20168161392211914
-0.18618550896644592
0.13447529077529907
0.03590502589941025
-0.1185399740934372
0.039735253900289536
-0.09109503030776978
-0.07006669044494629
-0.1347627490758896
-0.03834690898656845
-0.033036231994628906
-0.10199253261089325
-0.05466272309422493
-0.05260955169796944
-0.0934627428650856
-0.11944196373224258
-0.10427561402320862
-0.076571986079216
-0.12362882494926453
-0.03758670762181282
-0.089962437748909
-0.18391327559947968
-0.04600229859352112
-0.0926939845085144
0.06027611345052719
-0.08893290162086487
-0.08031181991100311
-0.094878189265728
0.007099974900484085
-0.02292706072330475
-0.0100100077688694
-0.16321706771850586
-0.15693682432174683
-0.020764708518981934
-0.1230107992887497
-0.14155341684818268
-0.10448803752660751
-0.08899959921836853
-0.10237240791320801
-0.1413971334695816
-0.13151460886001587
-0.0732288584113121
-0.05217140167951584
-0.011098399758338928
-0.015062984079122543
-0.09385782480239868
-0.09953942894935608
-0.01106235384941101
-0.09953545033931732
-0.08073371648788452
-0.05356715992093086
-0.08922043442726135
-0.10633048415184021
0.023290127515792847
-0.15137137472629547
-0.044110007584095
-0.09992069005966187
-0.13583625853061676
-0.08441290259361267
-0.07091931253671646
-0.10545332729816437
-0.0528656542301178
0.003738023340702057
-0.05545883998274803
-0.10785575211048126
-0.03168056160211563
-0.10467827320098877
-0.07990138232707977
-0.12953045964241028
-0.041686881333589554
-0.0979398638010025
-0.09253573417663574
-0.10167950391769409
-0.03652214631438255
-0.07049846649169922
0.07238391041755676
0.058347802609205246
-0.153174489736557
-0.07129404693841934
-0.13314443826675415
-0.03604744374752045
-0.015353776514530182
-0.125620499253273
