0.14914070069789886
0.17080774903297424
0.16464439034461975
0.16654729843139648
0.17138484120368958
0.16362181305885315
0.1683308333158493
0.14817360043525696
0.16282568871974945
0.15902051329612732
0.13680893182754517
0.1445106863975525
0.1532072126865387
0.13111042976379395
0.14862774312496185
0.15853992104530334
0.15633034706115723
0.13261908292770386
0.07988693565130234
0.16532137989997864
0.13555629551410675
0.1533893346786499
0.15587125718593597
0.15886518359184265
0.16050608456134796
0.17003609240055084
0.15244100987911224
0.17253604531288147
0.15262575447559357
0.17092111706733704
0.15281255543231964
0.1697271168231964
0.12923678755760193
0.15891315042972565
0.19156834483146667
0.18489332497119904
0.13591665029525757
0.10657598823308945
0.15086594223976135
0.1839446872472763
0.14982937276363373
0.08130492269992828
0.127718985080719
0.10899514704942703
0.11400213837623596
0.18254776298999786
0.13961222767829895
0.18228617310523987
0.12957926094532013
0.15902714431285858
0.14349159598350525
0.15504929423332214
0.10648661851882935
0.1281360238790512
0.16245171427726746
0.12906888127326965
0.16005970537662506
0.15929675102233887
0.15414461493492126
0.149160236120224
0.15544041991233826
0.17247916758060455
0.1507425755262375
0.1615884006023407
0.1526852250099182
0.1532045602798462
0.14086030423641205
0.1291065812110901
0.16412198543548584
0.10569624602794647
0.14397889375686646
0.1572265923023224
0.10968957841396332
0.14396744966506958
0.1488008201122284
0.14232321083545685
0.1556604504585266
0.1547200232744217
0.15777872502803802
0.14815697073936462
0.13205033540725708
0.16830530762672424
0.1220829039812088
0.17297808825969696
0.1592588722705841
0.14506009221076965
0.15683841705322266
0.14754962921142578
0.13082534074783325
0.15667936205863953
0.15720109641551971
0.12926985323429108
0.13549691438674927
0.15439197421073914
0.05568014085292816
0.13001111149787903
0.10198324173688889
0.16365453600883484
0.17190194129943848
0.16404791176319122
0.16438297927379608
0.1130586490035057
0.14710494875907898
0.11471432447433472
0.10822663456201553
0.00456729531288147
0.14616659283638
0.1756337434053421
0.10521331429481506
0.09047943353652954
0.13345983624458313
0.14315131306648254
0.1119024008512497
0.06294681876897812
0.14553654193878174
0.15411442518234253
0.13146361708641052
0.12761732935905457
0.12206966429948807
0.158160999417305
0.10661696642637253
0.15206806361675262
0.14288584887981415
0.15540356934070587
0.08935374021530151
0.15176309645175934
0.12056991457939148
0.0899471566081047
0.14043939113616943
0.092124804854393
0.17932698130607605
0.15412408113479614
0.12694460153579712
0.17439307272434235
0.12254053354263306
0.036226339638233185
0.03380715847015381
0.13370256125926971
0.0905323177576065
0.11403921246528625
0.14766015112400055
0.08802059292793274
0.13869653642177582
0.12299438565969467
0.10653167217969894
0.04695635288953781
0.1260557323694229
0.060374658554792404
0.08616755902767181
0.11502788960933685
0.07323451340198517
0.0514199361205101
0.07089405506849289
0.04988612234592438
0.11332566291093826
0.13850662112236023
0.08196833729743958
0.07701201736927032
0.09900930523872375
0.0973975658416748
0.08547530323266983
0.14118799567222595
0.09360150992870331
0.0010231547057628632
0.03028176724910736
0.04554732143878937
0.06014993041753769
0.04724133387207985
0.08229240030050278
0.056485943496227264
0.013532053679227829
0.0818173885345459
0.0009774081408977509
0.041748110204935074
0.09893083572387695
0.094241663813591
0.07833327353000641
0.031867753714323044
0.04244333505630493
0.12103861570358276
0.035865843296051025
0.09873700141906738
0.1426275372505188
0.08385050296783447
0.08040641248226166
0.08329236507415771
0.017081450670957565
0.06387290358543396
0.043640587478876114
0.06321299821138382
0.09397654235363007
0.08192871510982513
0.10985928028821945
0.1667943000793457
-0.02517160214483738
0.06105979532003403
0.05593198910355568
0.05740012228488922
0.03830116242170334
0.13316147029399872
-0.03415302187204361
0.0570380873978138
0.0279790498316288
0.03701227530837059
0.10476529598236084
0.09146992862224579
0.0999571681022644
0.021197782829403877
0.012653075158596039
0.02633366733789444
0.0904276967048645
0.040080368518829346
0.013763641007244587
0.12809985876083374
0.181639164686203
-0.005286987870931625
0.045657992362976074
0.0656503289937973
0.0018461588770151138
0.07591874152421951
0.04777880012989044
0.036625541746616364
0.011546831578016281
0.02374180406332016
-0.027486033737659454
0.03918156400322914
0.017981335520744324
0.032324399799108505
0.10070019960403442
0.08973996341228485
0.02457759529352188
0.012388590723276138
0.023272044956684113
-0.013859972357749939
0.06049531325697899
0.010534748435020447
0.07806657999753952
0.0773061141371727
0.06904471665620804
0.06013418361544609
0.05908281356096268
0.08196127414703369
0.05090349167585373
-0.009517926722764969
0.11344150453805923
0.04912915080785751
0.2288840413093567
0.03766687214374542
0.020333506166934967
0.09269297122955322
0.08930864185094833
0.08724794536828995
0.03316207975149155
0.003074832260608673
-5.882978439331055e-05
0.044495370239019394
0.08524247258901596
0.08296635746955872
0.008222559466958046
0.09013519436120987
0.08308788388967514
0.05979970842599869
0.09564021974802017
0.1008056178689003
0.04397685080766678
0.01389479823410511
0.12336529791355133
0.1204872578382492
0.003215651959180832
0.0727834701538086
0.05995567515492439
0.0009803660213947296
0.11455314606428146
0.07608064264059067
0.026931043714284897
0.06382928788661957
0.0792783796787262
0.052368853241205215
0.0960109531879425
0.07921314239501953
0.03110332600772381
0.08179186284542084
0.060062017291784286
0.06093941628932953
0.09553076326847076
0.09883551299571991
-0.017207207158207893
0.03850506246089935
0.10191696882247925
0.10712116956710815
0.09762841463088989
0.05590040981769562
0.07965212315320969
0.04950180649757385
0.09188390523195267
0.038498375564813614
0.05291656404733658
0.09780287742614746
0.054188795387744904
0.09130832552909851
0.009122369810938835
0.05811599642038345
0.07423411309719086
0.07274139672517776
0.06365834176540375
0.050165243446826935
0.05718940123915672
0.07731583714485168
0.07130573689937592
0.06431881338357925
0.04636704921722412
0.11305474489927292
0.1238413155078888
0.08983765542507172
0.06852532923221588
0.07269058376550674
0.05578940361738205
0.03776092454791069
0.08349426090717316
0.08185761421918869
0.09688951075077057
0.06849151849746704
0.03788285702466965
0.06747642904520035
0.046916425228118896
0.057194702327251434
0.06973791867494583
0.07806919515132904
0.056428954005241394
0.06814082711935043
0.09472488611936569
0.12462612241506577
0.06615933775901794
0.05005686730146408
0.07445501536130905
0.07530327141284943
0.09688536077737808
0.08375973254442215
0.07898098975419998
0.07079316675662994
0.01042991690337658
0.10657693445682526
0.08913007378578186
0.07671687752008438
0.06236151605844498
0.06088240072131157
0.06659512221813202
0.03336579352617264
0.0789216011762619
0.08184836804866791
0.04285939037799835
0.05292143672704697
0.01295463740825653
0.03960449993610382
0.06878575682640076
0.0767933577299118
0.03146389499306679
0.057083241641521454
0.07805819809436798
0.09339909255504608
0.1177244484424591
0.09781020879745483
0.04121984913945198
0.04315929859876633
0.0845557227730751
0.03975275903940201
0.07122176140546799
0.0400591716170311
0.05791078507900238
0.10158446431159973
0.0782269537448883
0.0652451142668724
0.0852552056312561
-0.011287501081824303
0.06857883930206299
0.06818337738513947
0.05294036120176315
0.05589737370610237
0.0744764506816864
-0.04098844528198242
0.04366886615753174
0.004954817704856396
0.1099201887845993
-0.0008397325873374939
0.10868722200393677
-0.016909128054976463
0.11454994976520538
0.0770493745803833
0.09577223658561707
0.050904951989650726
0.08543731272220612
0.027836132794618607
-0.008713670074939728
0.021106714382767677
0.0802355706691742
0.03449162095785141
-0.04371827468276024
0.006496177986264229
-0.0005731415003538132
0.04658500850200653
0.043396957218647
0.03496677428483963
0.01864553429186344
-0.003327440470457077
0.0010793041437864304
0.06960552930831909
0.022437911480665207
-0.03288228064775467
0.03128192201256752
0.0244341641664505
-0.013743184506893158
-0.01545853540301323
0.04371220991015434
0.007015916518867016
0.009950969368219376
-0.00702255591750145
0.017195051535964012
0.09058724343776703
0.017808303236961365
0.049262672662734985
0.05714058876037598
0.07529380172491074
0.14158377051353455
0.04613586142659187
-0.021974792703986168
0.05466131120920181
-0.009072031825780869
0.04686867073178291
0.02641870453953743
0.044558726251125336
0.03513823077082634
0.022312982007861137
0.0012038126587867737
0.004712887108325958
-0.016212642192840576
0.011823570355772972
-0.02175416424870491
0.0714297965168953
0.04675454646348953
0.009570984169840813
-0.0076780300587415695
-0.00331745482981205
0.05912121757864952
0.0793096050620079
0.008058440871536732
-0.011132601648569107
0.03864363953471184
0.08922368288040161
0.04904518276453018
0.040334466844797134
0.0504404753446579
0.025890376418828964
0.04886174574494362
0.09314849972724915
0.03975925222039223
0.04941755533218384
-0.014638544991612434
0.06387879699468613
0.029675528407096863
0.07188437879085541
-0.008040924556553364
-0.04333958774805069
-0.018217705190181732
-0.014243903569877148
0.0697498619556427
-0.010068577714264393
-0.019908413290977478
-0.032929420471191406
-0.02974853664636612
0.0122824776917696
-0.019556354731321335
0.043621666729450226
-0.013877637684345245
-7.331464439630508e-05
0.015131613239645958
-0.01260299514979124
-0.02111595869064331
-0.022581420838832855
0.0204089917242527
0.026575446128845215
-0.013078879565000534
-0.013956312090158463
0.0696672797203064
-0.023874185979366302
0.003009023144841194
0.0019534900784492493
-0.007017333060503006
-0.016018304973840714
-0.010115077719092369
0.05570904165506363
-0.044318992644548416
-0.02655140310525894
-0.020682059228420258
-0.022911876440048218
0.004162445664405823
-0.08118455111980438
0.026525359600782394
0.007462880574166775
0.009799894876778126
-0.01819652132689953
-0.04935189336538315
0.01433597132563591
-0.033141132444143295
-0.0034495647996664047
-0.0035195089876651764
-0.05606948584318161
-0.026355912908911705
0.042470432817935944
-0.003655392676591873
-0.0075584352016448975
-0.01567765325307846
-0.05762370675802231
0.004468110390007496
0.03912844508886337
-0.010623956099152565
-0.029260318726301193
-0.06303446739912033
0.022824425250291824
0.04144735261797905
-0.057456087321043015
0.0065776146948337555
0.004200177267193794
-0.048709072172641754
0.006508443504571915
-0.02627091482281685
0.03859809786081314
0.07142914831638336
0.002102479338645935
-0.06034781411290169
-0.011477038264274597
-0.003385048359632492
0.09701037406921387
0.0024450402706861496
0.021864326670765877
0.04925842210650444
0.041239939630031586
0.0030272877775132656
-0.026683924719691277
0.03066204860806465
0.040046971291303635
-0.04774777218699455
0.03800104930996895
-0.03172460198402405
0.1520739644765854
-0.048671334981918335
0.0365944541990757
-0.028098568320274353
-0.021005891263484955
-0.004415322095155716
-0.015877973288297653
0.11804697662591934
0.017184877768158913
-0.04610561579465866
0.036691535264253616
-0.012096308171749115
0.07900524884462357
-0.005477580241858959
-0.06927721202373505
-0.05769786238670349
-0.037543896585702896
-0.03612222522497177
0.05470222979784012
0.02811836451292038
0.02247730642557144
0.0489477775990963
0.018289541825652122
0.0030958736315369606
-0.03205525875091553
0.011493810452520847
-0.030135560780763626
0.04430171474814415
0.085701584815979
0.010229391977190971
0.005910830572247505
-0.053011927753686905
0.05747368931770325
-0.004383023828268051
-0.028300616890192032
-0.056834496557712555
0.06846175342798233
0.006637156940996647
0.06943737715482712
-0.056800477206707
-0.04300208389759064
0.010204894468188286
0.04323162883520126
0.030401911586523056
-0.019289530813694
-0.0739467665553093
-0.057768307626247406
0.06220690906047821
0.010755421593785286
0.001292116940021515
-0.0005813613533973694
0.029419535771012306
-0.002588377334177494
-0.03734789788722992
0.05325470119714737
0.006702868267893791
0.07723662257194519
0.004438244737684727
-0.052604082971811295
-0.011844713240861893
-0.018537843599915504
0.057769790291786194
0.026230815798044205
0.027701541781425476
-0.0015314556658267975
4.136376082897186e-05
0.014012755826115608
-0.025222565978765488
0.013843853026628494
-0.014875797554850578
-0.007024997845292091
0.03804939612746239
-0.030506009235978127
-0.0041246674954891205
0.035629838705062866
-0.0008738022297620773
0.009395016357302666
-0.004345525987446308
0.061632826924324036
-0.016190411522984505
0.042106661945581436
0.061153117567300797
-0.0222398042678833
0.04665951803326607
0.0571727491915226
0.13531507551670074
-0.029733967036008835
-0.07576366513967514
0.06355850398540497
0.027404531836509705
0.012063710018992424
-0.035567037761211395
-0.01247723400592804
-0.01336511131376028
0.06356741487979889
0.033595383167266846
-0.08219937980175018
-0.07375416904687881
0.002241942100226879
0.04614183306694031
0.0025938842445611954
-0.02196795493364334
0.0036669746041297913
-0.004099423997104168
0.018859203904867172
-0.06313587725162506
0.012718819081783295
-0.01935095712542534
0.041763417422771454
0.09058263897895813
-0.02443174459040165
0.0033925212919712067
0.027369651943445206
0.09457048028707504
-0.013694072142243385
0.033412493765354156
-0.03610459715127945
0.011179194785654545
0.08093024790287018
-0.06744391471147537
-0.036689892411231995
-0.028219319880008698
0.03620714321732521
0.022039107978343964
0.09671914577484131
-0.005778131540864706
0.01180995162576437
0.03317415714263916
-0.04100487008690834
0.0067374203354120255
-0.039957910776138306
0.11201770603656769
0.005003415048122406
-0.049669887870550156
0.03498518466949463
0.014621106907725334
-0.03408951684832573
-0.08685348182916641
-0.032987747341394424
-0.0037169605493545532
-0.02080492675304413
-0.038992948830127716
-0.00430375337600708
-0.004513632506132126
-0.043209053575992584
0.019223354756832123
-0.016870535910129547
-0.007459353655576706
0.015802904963493347
-0.014481442980468273
-0.045228589326143265
-0.03908335044980049
-0.06989705562591553
0.04472339153289795
0.047870486974716187
-0.052620723843574524
0.06296557188034058
-0.019039008766412735
0.11280237883329391
-0.020454514771699905
-0.038468584418296814
0.015543749555945396
-0.05167938768863678
0.02780570648610592
-0.033690985292196274
-0.015549074858427048
0.00840449146926403
-0.004498746246099472
-0.04674256220459938
-0.044037558138370514
-0.020247220993041992
-0.015060362406075
-0.023969221860170364
0.01694999448955059
-0.046636760234832764
-0.060318902134895325
-0.01199366245418787
-0.07621234655380249
0.02269308641552925
-0.0666339099407196
0.015047091990709305
-0.04613085836172104
-0.005345141515135765
-0.03562251850962639
0.05410635843873024
0.01937725953757763
-0.01852337084710598
-0.004982298240065575
0.010411912575364113
-0.008993995375931263
-0.0265527181327343
0.00924643687903881
0.02235630713403225
0.03378655016422272
-0.06668298691511154
0.03811369091272354
-0.058900751173496246
0.011523994617164135
-0.015514136292040348
-0.018635138869285583
-0.014596045017242432
0.026268240064382553
0.04590953141450882
-0.02557903341948986
0.004534876439720392
-0.05378767102956772
0.05538186430931091
0.04664710536599159
-0.03583109751343727
0.05249013006687164
-0.0051042065024375916
0.008739844895899296
-0.003917258232831955
-0.04927360266447067
-0.06109895557165146
-0.020328324288129807
-0.0323781818151474
0.0479295589029789
-0.06149880588054657
-0.03585822135210037
-0.018850792199373245
0.147404745221138
-0.06730978190898895
-0.05582209303975105
-0.027741024270653725
0.004894942045211792
-0.06485480070114136
-0.019026607275009155
0.01112048514187336
-0.03489445149898529
0.04795229434967041
-0.0568852424621582
0.1356063038110733
-0.06873706728219986
0.062778539955616
-0.05618538707494736
0.019087916240096092
-0.04072044789791107
0.019739003852009773
-0.010537035763263702
-0.056022483855485916
0.009549345821142197
0.0213151965290308
0.05232900753617287
-0.057321079075336456
-0.0035570841282606125
-0.008477449417114258
0.0433778241276741
-0.056949712336063385
-0.03700646758079529
-0.07066163420677185
0.10111133754253387
0.0013319924473762512
-0.01779811643064022
0.07698288559913635
-0.02666405960917473
0.005148492753505707
-0.026590989902615547
0.09096284210681915
-0.05616500973701477
0.02840816043317318
-0.01244793739169836
0.03825876861810684
-0.06681053340435028
0.022260941565036774
-0.004781976342201233
0.050392262637615204
0.01861141435801983
-0.021833959966897964
-0.01682138442993164
0.053820498287677765
0.003988460637629032
0.00689392164349556
0.05551571771502495
0.026899414137005806
-0.024643022567033768
0.031626950949430466
-0.046418458223342896
0.013570058159530163
0.010837716981768608
0.008693130686879158
0.03640709072351456
-0.04704122617840767
0.0797547996044159
0.020912956446409225
-0.02337428741157055
-0.031120171770453453
0.09276425838470459
-0.04044164717197418
-0.0370057076215744
-0.0028698481619358063
0.015549604780972004
0.006460557691752911
0.03369700908660889
0.004573754966259003
0.021322201937437057
-0.026593485847115517
0.021884983405470848
-0.0029247794300317764
0.0020109587348997593
-0.028632786124944687
0.00487041100859642
0.02325008437037468
-0.011739512905478477
-0.017888221889734268
0.010090040042996407
-0.0342399924993515
0.004008709453046322
-0.056733302772045135
-0.07369821518659592
0.00016285479068756104
0.08157957345247269
-0.05269071087241173
0.00460757315158844
0.02378351427614689
0.04489140212535858
-0.024429088458418846
-0.08445944637060165
-0.03121066838502884
0.027743540704250336
-0.023803837597370148
0.005019471049308777
-0.05571892485022545
-0.04777470976114273
0.1010180190205574
-0.06334459781646729
0.0037496574223041534
-0.026366891339421272
0.05604250356554985
0.001911776140332222
-0.016934670507907867
-0.008714137598872185
0.05671664699912071
-0.015145109966397285
0.0400063619017601
-0.03563813492655754
0.004300843458622694
-0.043507274240255356
0.05191533640027046
-0.022523285821080208
-0.04754525423049927
-0.058976657688617706
-0.013578332960605621
-0.002541476860642433
-0.03278757631778717
-0.036083512008190155
-0.0545540452003479
0.0007082819938659668
0.050386980175971985
-0.04984369874000549
0.026716439053416252
-0.04488557204604149
0.056452956050634384
0.049571264535188675
0.07164284586906433
-0.04729130119085312
-0.001382763497531414
0.014390835538506508
-0.00871637836098671
-0.054971303790807724
0.03349265456199646
0.011783894151449203
0.013558607548475266
-0.004060491919517517
0.011581524275243282
-0.028011098504066467
-0.03388923034071922
-0.035720668733119965
-0.00015408173203468323
-0.021423105150461197
-0.07954952865839005
0.012151336297392845
0.001974029466509819
-0.09641403704881668
0.04712528735399246
-0.013161849230527878
-0.044148385524749756
0.008038673549890518
-0.07715360820293427
-0.004651268012821674
-0.011456935666501522
-0.05626383051276207
-0.050174906849861145
-0.0034953104332089424
0.006544043309986591
-0.030394477769732475
-0.03396226465702057
-0.0016005565412342548
0.025837091729044914
-0.08170157670974731
-0.037620775401592255
0.0478769913315773
0.005311463959515095
-0.044766318053007126
0.011041250079870224
-0.01900351047515869
-0.01304900087416172
0.04900015890598297
0.018862660974264145
-0.019048916175961494
-0.05506559833884239
-0.027390239760279655
0.09776055812835693
-0.018185889348387718
-0.04358718544244766
-0.05440811812877655
0.034356094896793365
-0.03780319541692734
-0.06141514703631401
0.014884037896990776
0.06471916288137436
0.0034696608781814575
0.05023445561528206
0.05007654055953026
0.05002279207110405
-0.03249196708202362
0.013874739408493042
-0.02027255669236183
0.00802684761583805
-0.007648002356290817
-0.01091630756855011
-0.022614240646362305
0.03413578122854233
0.045586246997117996
-0.01545625552535057
-0.03585173189640045
-0.040441613644361496
-0.034545108675956726
-0.016920236870646477
0.010281744413077831
-0.06713662296533585
-0.060245245695114136
-0.0021955124102532864
-0.004825669806450605
-0.04857169836759567
-0.032006509602069855
0.010044658556580544
-0.022582432255148888
-0.05054137110710144
-0.014789199456572533
0.016270410269498825
0.081121526658535
-0.031233152374625206
-0.05087102949619293
-0.024952128529548645
-0.07530739903450012
-0.04724474623799324
-0.0009701084345579147
-0.03742711991071701
-0.01103447936475277
-0.027248725295066833
-0.053058937191963196
-0.0145873399451375
-0.046800397336483
-0.06792870908975601
-0.009650439023971558
-0.07274291664361954
