0.1947956532239914
0.21046693623065948
0.1544266641139984
0.193868488073349
0.2035718560218811
0.19966304302215576
0.19985447824001312
0.1949540078639984
0.19431115686893463
0.22054928541183472
0.20443843305110931
0.2072940617799759
0.17945431172847748
0.14449097216129303
0.14322799444198608
0.2188219130039215
0.137008398771286
0.13891655206680298
0.09284985810518265
0.16527420282363892
0.07579662650823593
0.18325772881507874
0.1149825006723404
0.15844129025936127
0.18365192413330078
0.14294090867042542
0.13656383752822876
0.08639349043369293
0.2245648354291916
0.09506639838218689
0.04952804744243622
0.04901584982872009
0.16315880417823792
0.07810145616531372
0.09965385496616364
0.14062823355197906
0.0403607115149498
0.1445930153131485
-0.07376816123723984
0.03665095195174217
0.07430700212717056
0.3566077649593353
0.12147810310125351
0.17207840085029602
0.1767328530550003
0.13974905014038086
0.2591592073440552
-0.01593545824289322
0.2591311037540436
0.14857906103134155
0.0841432586312294
0.07064761221408844
0.24338755011558533
0.28845876455307007
0.12084686011075974
0.05992092192173004
0.22830189764499664
0.24828064441680908
0.08907128125429153
0.04588891565799713
0.12783414125442505
0.09905306994915009
0.15016645193099976
-0.004539879038929939
0.13372203707695007
0.14991480112075806
0.07511761039495468
0.12885767221450806
0.09588319063186646
0.13355854153633118
0.17491810023784637
0.10705853253602982
0.15933838486671448
0.11356785893440247
0.20241500437259674
0.1823219507932663
0.20781885087490082
0.21985609829425812
0.21787241101264954
0.12574341893196106
0.15752296149730682
0.22527429461479187
0.15586331486701965
0.20779986679553986
0.1722242832183838
0.20060530304908752
0.20119759440422058
0.2603338658809662
0.1599866896867752
0.2267225682735443
0.14285458624362946
0.19267140328884125
0.1476229876279831
0.1629643738269806
0.11441446840763092
0.2230827510356903
0.11757147312164307
0.167931467294693
0.26732343435287476
0.1921350061893463
0.1990348994731903
0.15306901931762695
0.17257821559906006
0.08810833841562271
0.15417075157165527
0.20156773924827576
0.1987607181072235
0.1847786009311676
0.18152445554733276
0.1208307221531868
0.15698271989822388
0.2266661524772644
0.12759332358837128
0.19810551404953003
0.26159197092056274
0.19771906733512878
0.10412859171628952
0.1376255750656128
0.20333121716976166
0.18071149289608002
0.20797976851463318
0.07598793506622314
0.2077912986278534
0.06619896739721298
0.15466174483299255
0.18692263960838318
0.20157495141029358
0.2003045231103897
0.19485212862491608
0.1924004852771759
0.23224753141403198
0.22365643084049225
0.20477131009101868
0.2336953580379486
0.15069977939128876
0.2005501389503479
0.20407195389270782
0.23629288375377655
0.20935499668121338
0.1739150583744049
0.24978046119213104
0.13453176617622375
0.16475747525691986
0.22705766558647156
0.2007487714290619
0.230197936296463
0.16178563237190247
0.2102540284395218
0.2096528708934784
0.13205654919147491
0.19771219789981842
0.19611117243766785
0.18130861222743988
0.21017113327980042
0.2255302518606186
0.2221762090921402
0.19598951935768127
0.15623289346694946
0.12471389025449753
0.20978164672851562
0.21351134777069092
0.09031495451927185
0.17576418817043304
0.11864322423934937
0.2202548384666443
0.22325637936592102
0.17712409794330597
-0.009370839223265648
0.2138434201478958
0.09827656298875809
0.14652693271636963
0.2113395780324936
0.18684428930282593
0.15932689607143402
0.2091066539287567
0.18678611516952515
0.1928650140762329
0.14490073919296265
0.23647752404212952
0.25268030166625977
0.1527012586593628
0.1322098970413208
0.16799293458461761
0.20887799561023712
0.1794600784778595
0.1589043140411377
0.1742589771747589
0.1942826807498932
0.1763400286436081
0.15573294460773468
0.2474663406610489
0.17112235724925995
0.21608734130859375
0.13703934848308563
0.12861526012420654
0.2164507955312729
0.19984208047389984
0.20624129474163055
0.179788738489151
0.20803070068359375
0.19617514312267303
0.18336643278598785
0.1315164566040039
0.25835081934928894
0.21099887788295746
0.22274687886238098
0.16659840941429138
0.19925804436206818
0.22204965353012085
0.19054946303367615
0.17031452059745789
0.2105616182088852
0.26352396607398987
0.1785397082567215
0.19645527005195618
0.1919398009777069
0.2290307730436325
0.2159634530544281
0.19188593327999115
0.1821669489145279
0.10728588700294495
0.2006136029958725
0.18396948277950287
0.12475533783435822
0.1939481496810913
0.25813645124435425
0.21804432570934296
0.19040432572364807
0.15244969725608826
0.1204521432518959
0.13479523360729218
0.18464577198028564
0.15659235417842865
0.23715387284755707
0.20582501590251923
0.11761586368083954
0.19770590960979462
0.15711362659931183
0.15678897500038147
0.22274746000766754
0.20692619681358337
0.18580316007137299
0.21911388635635376
0.23803550004959106
0.2066691666841507
0.1910518854856491
0.23848670721054077
0.17680922150611877
0.09793687611818314
0.138172909617424
0.2264440357685089
0.16956889629364014
0.10907388478517532
0.2109159380197525
0.16800478100776672
0.19287250936031342
0.15926189720630646
0.22010129690170288
0.14357802271842957
0.15507127344608307
0.06578665971755981
0.14793772995471954
0.15207868814468384
0.2055417001247406
0.16435843706130981
0.16264265775680542
0.20031915605068207
0.15418127179145813
0.17732393741607666
0.2387429177761078
0.2418236881494522
0.20542000234127045
0.14467322826385498
0.20871008932590485
0.20703481137752533
0.1511661410331726
0.1983296275138855
0.17319287359714508
0.18735620379447937
0.24029898643493652
0.10194945335388184
0.09447003901004791
0.18249258399009705
0.18544256687164307
0.16891111433506012
0.24250170588493347
0.18526923656463623
0.15506960451602936
0.19175051152706146
0.17993208765983582
0.05255422368645668
0.18299496173858643
0.2565065324306488
0.19140510261058807
0.17940616607666016
0.17836880683898926
0.17719988524913788
0.1833016276359558
0.17518462240695953
0.19405193626880646
0.1458474099636078
0.18501818180084229
0.1565765142440796
0.1465773731470108
0.0871877372264862
0.15628862380981445
0.2591682970523834
0.1127229779958725
0.09667563438415527
0.18452930450439453
0.1807166337966919
0.21474573016166687
0.1906285583972931
0.12170649319887161
0.16554756462574005
0.17343708872795105
0.15681631863117218
0.15209095180034637
0.22500133514404297
0.1458095759153366
0.1954406052827835
0.17398321628570557
0.15389150381088257
0.11110912263393402
0.12443700432777405
0.18226420879364014
0.14088234305381775
0.09872281551361084
0.07605195790529251
0.1625504195690155
0.18022237718105316
0.13752520084381104
0.09731776267290115
0.18681716918945312
0.22648605704307556
0.14934298396110535
0.19038806855678558
0.20194044709205627
0.13513271510601044
0.1331724375486374
0.10462184250354767
0.20259761810302734
0.07882097363471985
0.17165745794773102
0.08254770934581757
0.1575782299041748
0.16224941611289978
0.17737801373004913
0.17259210348129272
0.09916742146015167
0.14779801666736603
0.2266525775194168
0.13504977524280548
0.10868100076913834
0.16936969757080078
0.08357048034667969
0.10596233606338501
0.10980422794818878
0.13388454914093018
0.08541612327098846
0.10671710968017578
0.18075686693191528
0.09843625128269196
0.04880160093307495
0.137717142701149
0.1661454290151596
0.12321311235427856
0.08218119293451309
0.20710694789886475
0.11755846440792084
0.15076753497123718
0.1005404070019722
0.18257154524326324
0.0662635862827301
0.11140964180231094
0.14801496267318726
0.14099319279193878
0.16894622147083282
0.11734269559383392
0.09630902111530304
0.0710480585694313
0.13512594997882843
0.19570544362068176
0.07686708122491837
0.14129287004470825
0.0961826890707016
0.1331692636013031
0.11187576502561569
0.23781758546829224
0.08940768986940384
0.1538258045911789
0.1402936428785324
0.051698148250579834
0.038970161229372025
0.1423673778772354
0.08596300333738327
0.11774564534425735
0.09446891397237778
0.11093354970216751
0.14659540355205536
0.07505384087562561
0.22221224009990692
0.1314789056777954
0.1992061734199524
0.1976410150527954
0.09765953570604324
0.05369376391172409
0.14726626873016357
0.06473861634731293
0.15789665281772614
0.153341144323349
0.06737567484378815
0.17480725049972534
0.10758791863918304
0.10232499241828918
0.16061395406723022
0.1366824209690094
0.1806916743516922
0.0756828635931015
-0.030987199395895004
0.14240095019340515
0.07799968868494034
0.15441203117370605
0.05053841322660446
0.21988072991371155
0.12437691539525986
0.04699467122554779
0.09781219065189362
0.17032727599143982
0.05801047384738922
0.17865388095378876
0.05989927053451538
0.14204251766204834
0.09427423030138016
0.14179091155529022
0.09699946641921997
0.138149693608284
0.1201762780547142
0.04617499187588692
0.16411830484867096
0.0190171767026186
0.11562007665634155
0.0017633233219385147
0.10054102540016174
0.10173748433589935
0.2592361271381378
0.20450018346309662
0.11090511828660965
0.09376098215579987
0.1189875677227974
0.09241576492786407
0.07614097744226456
0.044219233095645905
0.03462718427181244
0.08164708316326141
0.1392793208360672
0.06429016590118408
0.10409222543239594
-0.06137996166944504
0.07190971076488495
0.07129374891519547
-0.040605977177619934
0.1821778565645218
0.11988282203674316
0.16440413892269135
0.08177779614925385
0.07332493364810944
0.17177844047546387
0.1194925308227539
0.11438344419002533
0.044170305132865906
0.021149955689907074
0.06816616654396057
0.08778379112482071
0.08506274223327637
0.01372518576681614
0.1346232295036316
0.1456378847360611
0.03476589918136597
0.1296902596950531
-0.002270616590976715
0.11503076553344727
0.10947822779417038
0.18753588199615479
0.007591750472784042
0.0805821344256401
0.12607598304748535
0.09935177862644196
0.1445395052433014
0.11564914882183075
0.021392803639173508
0.07983018457889557
0.12231120467185974
0.09306688606739044
0.13937830924987793
0.07013117522001266
0.12054279446601868
0.10362283885478973
-0.12778817117214203
0.11502844095230103
0.15234419703483582
0.0354401171207428
0.08265497535467148
0.13687048852443695
-0.020197300240397453
0.15406662225723267
0.1147480309009552
-0.02248995192348957
0.04302040860056877
0.11630421876907349
0.06605339050292969
0.04608774930238724
0.08956106007099152
0.07413951307535172
-0.03013395145535469
-0.041946616023778915
-0.014415891841053963
0.04598419368267059
-0.012990441173315048
-0.009633775800466537
0.03536460921168327
0.027819784358143806
0.21170924603939056
0.014093346893787384
0.056638479232788086
0.10818883031606674
0.07108856737613678
-0.059868570417165756
0.13728897273540497
-0.009472455829381943
0.031909216195344925
0.0553981214761734
0.03808252140879631
0.09314142167568207
0.005589800886809826
0.036954715847969055
0.08700808882713318
-0.045138075947761536
0.0685478001832962
0.04008506238460541
0.08199010789394379
0.07038441300392151
0.11267883330583572
-0.05117282271385193
0.01845037192106247
0.14538365602493286
0.10452941060066223
-0.010721202939748764
0.13558156788349152
0.2124609351158142
0.06611181050539017
0.08285768330097198
-0.031108500435948372
-0.062280431389808655
0.19067008793354034
0.06830328702926636
0.08071422576904297
0.03900197148323059
0.1022161915898323
0.10690253227949142
0.03322290629148483
0.019719459116458893
0.09553713351488113
0.05353181064128876
0.10511822253465652
0.05327779799699783
0.11367751657962799
0.11653415858745575
0.013453792780637741
0.04799656197428703
-0.015779338777065277
-0.013166015967726707
0.05402985215187073
0.16800373792648315
0.10945937037467957
0.16687726974487305
0.24551314115524292
0.10612978041172028
-0.00353362038731575
0.03172040730714798
0.10536238551139832
0.03671544790267944
0.10411575436592102
-0.002321455627679825
0.05608247593045235
0.15258561074733734
0.08985540270805359
-0.0382964089512825
0.113104447722435
0.10761312395334244
0.08752228319644928
-0.030853131785988808
0.06132034584879875
0.12441542744636536
0.12644454836845398
0.05088818073272705
0.048816658556461334
0.03883896768093109
-0.0032293442636728287
0.1768215000629425
-0.058147452771663666
0.008494382724165916
-0.006181221455335617
0.18231788277626038
-0.05370660126209259
-0.007661009207367897
-0.012923981994390488
0.08073130249977112
0.0997471883893013
0.036614347249269485
0.044099170714616776
0.13885493576526642
0.007266594097018242
0.11783462762832642
0.05139941722154617
0.014470497146248817
0.019253961741924286
0.10892826318740845
-0.10456046462059021
0.11962687224149704
0.06931598484516144
0.06081970036029816
0.16374196112155914
0.09142296761274338
0.1734151542186737
0.01629454642534256
0.16722898185253143
0.03065974824130535
0.16515295207500458
0.1515059769153595
0.050251349806785583
-0.07861464470624924
0.13333411514759064
0.08314571529626846
0.04470424726605415
0.0052537936717271805
-0.08168428391218185
0.08422821015119553
0.07618138939142227
0.08325181901454926
0.01766764186322689
0.028450055047869682
0.06875666975975037
0.06910869479179382
0.138508141040802
-0.11066863685846329
0.06446491926908493
0.06665071845054626
0.12774847447872162
0.02930985391139984
0.12125808745622635
-0.10040754824876785
-0.06730080395936966
-0.06281536817550659
-0.07913853228092194
0.05389183759689331
0.10327167809009552
0.054481543600559235
0.12238606810569763
0.08088428527116776
-0.02382553182542324
0.12598109245300293
-0.043052852153778076
0.0451204739511013
0.0199528019875288
0.07101467996835709
0.02298116311430931
0.13193584978580475
0.019513173028826714
-0.0009318944066762924
-0.07520819455385208
0.04365300387144089
0.14560917019844055
0.04998955503106117
0.03286588937044144
0.06876040250062943
0.03970230743288994
0.007761890068650246
0.05241561681032181
0.06438953429460526
0.003561638295650482
0.15139012038707733
0.11108177900314331
0.06173592060804367
0.0754190981388092
0.030532484874129295
0.12462563067674637
0.12046673893928528
0.044679589569568634
-0.00023560598492622375
0.11351506412029266
0.09059746563434601
-0.09933213144540787
0.06779465079307556
0.022145448252558708
0.11359582841396332
0.07872958481311798
-0.0014248117804527283
-0.044734083116054535
0.053454723209142685
0.012211872264742851
-0.005925780162215233
0.07156907021999359
0.015551071614027023
0.1382477879524231
0.046180181205272675
0.07758362591266632
0.03343856334686279
0.025022806599736214
0.13965442776679993
0.024558696895837784
0.0705365538597107
0.14496532082557678
-0.0407571978867054
0.12162519991397858
0.019670188426971436
-0.004829220473766327
0.004279764369130135
0.03236401453614235
0.13705801963806152
-0.08226647973060608
0.1295270025730133
-0.016206398606300354
0.030815906822681427
0.10306907445192337
-0.15458053350448608
0.04612152278423309
0.10032292455434799
0.08878512680530548
0.09508096426725388
0.06770960986614227
0.06852617859840393
0.0728016048669815
0.09969016909599304
-0.051000356674194336
0.13796672224998474
0.053027112036943436
0.07478754222393036
0.035529132932424545
0.10165083408355713
0.22686868906021118
0.10365378111600876
0.07342955470085144
0.042451340705156326
0.03787662088871002
0.07239355891942978
-0.027111155912280083
0.024381522089242935
0.09761501103639603
-0.050787054002285004
0.042887791991233826
-0.05617416650056839
0.10097447037696838
0.059952378273010254
0.008013064041733742
0.023203250020742416
0.09599733352661133
0.06195483356714249
0.019104473292827606
0.03158171474933624
0.08756501972675323
0.03977639600634575
-0.011192487552762032
-0.059714578092098236
0.04964856430888176
0.002372581511735916
0.005575314164161682
0.061734624207019806
0.0033981315791606903
0.0054250676184892654
0.04145446792244911
-0.0017794463783502579
0.03846735507249832
0.1381218582391739
0.14144036173820496
0.05611070990562439
-0.006663801148533821
-0.050780996680259705
-0.028392838314175606
-0.02955264039337635
0.14368905127048492
-0.04627782106399536
-0.018665701150894165
-0.08495783060789108
0.0004273597151041031
0.09872458130121231
-0.12646853923797607
0.14141227304935455
0.019543053582310677
0.15380540490150452
0.12843912839889526
0.0634249895811081
-0.07702052593231201
0.0035078264772892
-0.07671531289815903
0.03998386114835739
0.13130152225494385
0.07425998151302338
0.028393259271979332
0.10365989804267883
0.04689701646566391
0.026231082156300545
0.0010003075003623962
0.16320975124835968
-0.08927752822637558
-0.035815417766571045
0.04331819713115692
0.08338326215744019
0.07274100184440613
0.06191137433052063
0.05523098632693291
0.0030732713639736176
0.1004343330860138
0.02816535346210003
-0.07782136648893356
0.2171606570482254
-0.0018891356885433197
0.08732420206069946
0.0532921701669693
0.05221003666520119
0.028872841969132423
0.06491953134536743
-0.04317407310009003
-0.06682486832141876
0.1225786954164505
0.0518021285533905
0.0469776913523674
-0.03980361297726631
0.16850769519805908
0.12166797369718552
-0.029511362314224243
0.02145959436893463
0.10157321393489838
-0.024035366252064705
0.09733305871486664
0.1769527792930603
-0.025557855144143105
0.07250335812568665
-0.08578088879585266
0.09996161609888077
0.01306162029504776
0.051293596625328064
-0.05489557608962059
0.11665569245815277
0.10530097037553787
-0.06688026338815689
-0.04557877033948898
-0.0068692974746227264
-0.0529855415225029
0.1105182096362114
0.011363843455910683
-0.03787434101104736
-0.015262795612215996
0.03821506351232529
0.04751241207122803
-0.022445574402809143
0.07458089292049408
0.10635672509670258
0.08668811619281769
-0.05055559054017067
0.04271038621664047
0.0024949535727500916
-0.02617173083126545
0.048018865287303925
0.08892521262168884
-0.07546495646238327
0.01364489272236824
0.019964685663580894
-0.04665856808423996
0.03439929336309433
0.07483053207397461
0.05010715872049332
0.023647598922252655
0.1245311051607132
0.03805830702185631
0.10239605605602264
0.19894500076770782
0.09307312965393066
0.006552357226610184
0.10164782404899597
0.0792568176984787
0.08289307355880737
0.09790357947349548
0.1498667597770691
0.12108570337295532
-0.05537043511867523
0.038033515214920044
0.16770492494106293
0.03372940421104431
0.058626145124435425
0.05399902164936066
0.020701825618743896
0.050108619034290314
0.15620452165603638
0.14801473915576935
0.0932055115699768
0.05046745762228966
0.10077273845672607
0.13184140622615814
-0.026986055076122284
0.0619361475110054
-0.03344134986400604
0.10373561084270477
0.0658302903175354
0.055946458131074905
0.06507131457328796
-0.07693743705749512
-0.03248808532953262
0.05550437420606613
-0.00872880034148693
0.08209851384162903
-0.05666441470384598
0.03651640564203262
-0.045531265437603
0.02328341081738472
0.05973313748836517
0.0653567910194397
0.033238597214221954
0.03709645941853523
0.09133633971214294
0.026457812637090683
0.060452867299318314
0.0632462203502655
-0.06701609492301941
0.11884135007858276
0.08883501589298248
0.027695443481206894
0.043761275708675385
0.06830011308193207
0.03736162185668945
0.02280065417289734
0.01423502154648304
0.10549324750900269
0.026753880083560944
-0.03819141164422035
-0.028550708666443825
-0.012799188494682312
0.06929165869951248
-0.0008186846971511841
0.030356042087078094
-0.056923262774944305
0.08563702553510666
0.022663302719593048
-0.023585695773363113
0.09366671741008759
-0.05055415630340576
0.1159854307770729
0.16409167647361755
0.05614754557609558
-0.0913686454296112
0.04736557602882385
0.02775350585579872
0.08145269751548767
-0.07016225159168243
0.18629039824008942
-0.060260429978370667
0.09512262791395187
0.07799477875232697
0.026776514947414398
-0.004579070955514908
-0.056082841008901596
-0.005932217463850975
-0.037734463810920715
0.1077742651104927
0.009142516180872917
0.08105489611625671
0.10268878936767578
0.08548932522535324
0.06484920531511307
0.05985604226589203
-0.001733614131808281
0.0722360759973526
0.058009855449199677
0.0007203556597232819
0.11743784695863724
0.08347965776920319
0.048063769936561584
-0.02959010936319828
0.018108416348695755
0.09530322253704071
-0.10970187187194824
0.1256706565618515
-0.021874211728572845
0.04423561319708824
0.10401111096143723
0.16088560223579407
0.17943274974822998
0.09269791841506958
-0.04019392654299736
0.06755909323692322
-0.04433310031890869
0.03310541808605194
0.04207666590809822
0.04820762574672699
0.08395630866289139
-0.046695686876773834
-0.024755608290433884
0.14260685443878174
0.10431748628616333
-0.036455146968364716
