0.2312462478876114
0.2613978981971741
0.18421174585819244
0.2379540503025055
0.2347593605518341
0.23693954944610596
0.24452273547649384
0.22533176839351654
0.23339517414569855
0.26233911514282227
0.24036261439323425
0.24199026823043823
0.21974824368953705
0.17177630960941315
0.17178605496883392
0.2597929537296295
0.17277255654335022
0.15938279032707214
0.09374949336051941
0.2045244425535202
0.09034930169582367
0.23167265951633453
0.16265912353992462
0.18952758610248566
0.20835864543914795
0.1671167016029358
0.16155971586704254
0.12110103666782379
0.25793030858039856
0.09852909296751022
0.0675976350903511
0.05030515789985657
0.14798769354820251
0.08436775207519531
0.0480579137802124
0.13270483911037445
0.050761401653289795
0.19958719611167908
-0.1921084076166153
0.03750498965382576
0.0500948391854763
0.22194693982601166
-0.002470672596246004
0.050251305103302
0.38381925225257874
0.06252206116914749
0.33379262685775757
0.10797808319330215
0.3198820948600769
0.21025574207305908
0.13876628875732422
0.14636188745498657
0.30099424719810486
0.40255939960479736
0.06262000650167465
-0.009648952633142471
0.24359503388404846
0.2885553240776062
0.06327856332063675
0.038835346698760986
0.15577171742916107
0.13222147524356842
0.18468794226646423
-0.041796065866947174
0.16704913973808289
0.15960389375686646
0.11000584065914154
0.1393367350101471
0.10900582373142242
0.15232747793197632
0.20498281717300415
0.12159410864114761
0.192942276597023
0.12151175737380981
0.22902530431747437
0.19349810481071472
0.23340480029582977
0.2665163278579712
0.25431957840919495
0.16984592378139496
0.19314362108707428
0.2653625011444092
0.1850334107875824
0.24724283814430237
0.20749039947986603
0.24393875896930695
0.23370753228664398
0.3136366009712219
0.1803763210773468
0.2693984806537628
0.16226372122764587
0.22213970124721527
0.15888038277626038
0.19442301988601685
0.1330382078886032
0.25794801115989685
0.12733544409275055
0.20051325857639313
0.312699556350708
0.21632768213748932
0.24982908368110657
0.16888746619224548
0.19237208366394043
0.08806826174259186
0.18144591152668
0.22115421295166016
0.2220824956893921
0.22759222984313965
0.19925948977470398
0.14146828651428223
0.1702558547258377
0.2614220678806305
0.14506849646568298
0.22312146425247192
0.30335038900375366
0.2191360741853714
0.1215578243136406
0.1526900976896286
0.24295738339424133
0.19370856881141663
0.25721487402915955
0.08802703768014908
0.24526362121105194
0.06042201817035675
0.18805748224258423
0.21218274533748627
0.24166812002658844
0.24397823214530945
0.2187100350856781
0.21168307960033417
0.2663317620754242
0.25411084294319153
0.2417149394750595
0.27330079674720764
0.17268937826156616
0.17386223375797272
0.26387345790863037
0.18875761330127716
0.17503735423088074
0.2791331112384796
0.1758953183889389
0.24424320459365845
0.1593771129846573
0.21475178003311157
0.252298504114151
0.29315274953842163
0.21623417735099792
0.1622161716222763
0.22651752829551697
0.2534736096858978
0.1855025738477707
0.30060550570487976
0.22987331449985504
0.22717919945716858
0.20673730969429016
0.2630464434623718
0.25095927715301514
0.281125009059906
0.2265329360961914
0.1909349262714386
0.21789893507957458
0.3191992938518524
0.2674505412578583
0.30077120661735535
0.24126651883125305
0.2478775680065155
0.09397036582231522
0.31184932589530945
0.23126862943172455
0.20882822573184967
0.17939886450767517
0.2636798620223999
0.25680914521217346
0.22751082479953766
0.22876013815402985
0.23904311656951904
0.2261703610420227
0.1929684728384018
0.24958571791648865
0.31221696734428406
0.1291811615228653
0.1472811996936798
0.14145353436470032
0.21679319441318512
0.29102572798728943
0.2242930680513382
0.1707111895084381
0.23513464629650116
0.25079774856567383
0.27571168541908264
0.16990171372890472
0.1611146628856659
0.22056318819522858
0.18785728514194489
0.23836679756641388
0.2442435920238495
0.21678103506565094
0.17748576402664185
0.22651711106300354
0.300741970539093
0.2529032826423645
0.23076313734054565
0.3149533271789551
0.27630990743637085
0.17170515656471252
0.21871888637542725
0.24010053277015686
0.23568323254585266
0.2503676116466522
0.24006396532058716
0.23735617101192474
0.14990557730197906
0.277825266122818
0.22473400831222534
0.2408648282289505
0.1895730197429657
0.24307379126548767
0.09635338932275772
0.12916158139705658
0.12254085391759872
0.21519841253757477
0.2928352653980255
0.1960912048816681
0.20763027667999268
0.24964070320129395
0.1977580487728119
0.25167086720466614
0.25079989433288574
0.17800506949424744
0.21659614145755768
0.03816555440425873
0.273654043674469
0.15333369374275208
0.1810290813446045
0.2543126046657562
0.1745920330286026
0.23802736401557922
0.21451957523822784
0.19188009202480316
0.1835065484046936
0.20053337514400482
0.15757085382938385
0.22257564961910248
0.23642656207084656
0.1552942842245102
0.26978054642677307
0.20817336440086365
0.16200518608093262
0.2555469572544098
0.16246569156646729
0.26265770196914673
0.2300865799188614
0.25418829917907715
0.22637295722961426
0.27710244059562683
0.28411149978637695
0.2329687476158142
0.27408966422080994
0.2545352280139923
0.22712594270706177
0.287284791469574
0.17863962054252625
0.11623747646808624
0.16506962478160858
0.19808752834796906
0.2135903686285019
0.26098307967185974
0.26421046257019043
0.14348211884498596
0.24809837341308594
0.24379432201385498
0.15758313238620758
0.25574079155921936
0.22253718972206116
0.23332618176937103
0.10269630700349808
0.2407207041978836
0.19323210418224335
0.254503458738327
0.20807822048664093
0.19091427326202393
0.1922467052936554
0.11475983262062073
0.2337239682674408
0.13673736155033112
0.08485864102840424
0.2625490128993988
0.17421461641788483
0.1964973509311676
0.2637934982776642
0.19482658803462982
0.2835298180580139
0.1905823051929474
0.1702495813369751
0.2500704228878021
0.22594892978668213
0.2707411050796509
0.23168857395648956
0.3020364046096802
0.15643587708473206
0.14024531841278076
-0.02523617446422577
0.20987823605537415
0.2548435926437378
0.20137259364128113
0.1308203488588333
0.24350595474243164
0.17638318240642548
0.1288427859544754
0.268771767616272
0.20060786604881287
0.2467392385005951
0.21040241420269012
0.21375642716884613
0.22449664771556854
0.15495876967906952
0.16779544949531555
0.08553306013345718
0.2644452750682831
0.2313407063484192
0.20570988953113556
0.15300442278385162
0.21047955751419067
0.20953649282455444
0.23412883281707764
0.3146248161792755
0.28667402267456055
0.2760157883167267
0.25662899017333984
0.23916718363761902
0.05231987684965134
0.2408456802368164
0.14414209127426147
0.2171379178762436
0.21283571422100067
0.1922188401222229
0.2568203806877136
0.21875372529029846
0.22317779064178467
0.22045283019542694
0.2581544518470764
0.11374673992395401
0.2570459544658661
0.20718643069267273
0.24914522469043732
0.1678561568260193
0.13840804994106293
0.2630361020565033
0.19777798652648926
0.13123944401741028
0.14339053630828857
0.22965824604034424
0.17116233706474304
0.21238167583942413
0.13605186343193054
0.25609415769577026
0.25532788038253784
0.250135600566864
0.14745526015758514
0.19082345068454742
0.30243128538131714
0.27392908930778503
0.12763838469982147
0.2360575944185257
0.18095894157886505
0.21484775841236115
0.1570170819759369
0.17056162655353546
0.22693321108818054
0.1872963160276413
0.23395417630672455
0.2317296266555786
0.07426832616329193
0.13730160892009735
0.18091082572937012
0.19465436041355133
0.19740547239780426
0.24535615742206573
0.14093293249607086
0.18819820880889893
0.24350611865520477
0.170156329870224
0.23087425529956818
0.28649821877479553
0.2202329784631729
0.18719269335269928
0.2317223995923996
0.2691287100315094
0.2478727400302887
0.16598312556743622
0.2411414235830307
0.22130542993545532
0.1894134283065796
0.15710069239139557
0.162383034825325
0.2503616511821747
0.22029565274715424
0.14575830101966858
0.25050604343414307
0.1522102952003479
0.28854596614837646
0.11196108907461166
0.14298789203166962
0.1755404770374298
0.18816784024238586
0.16634061932563782
0.18003036081790924
0.11675744503736496
0.2711811065673828
0.19117242097854614
0.1404646784067154
0.19112855195999146
0.24794074892997742
0.22431784868240356
0.2108650803565979
0.23453624546527863
0.171194925904274
0.13144870102405548
0.20997431874275208
0.15201005339622498
0.226093590259552
0.17841817438602448
0.21460378170013428
0.19282758235931396
0.25236350297927856
0.11461044102907181
0.11153599619865417
0.2286396026611328
0.24684478342533112
0.1976509839296341
0.1601998507976532
0.22833256423473358
0.1631915420293808
0.24478009343147278
0.1862867772579193
0.05407325178384781
0.17018602788448334
0.17571568489074707
0.05991151183843613
0.2553022503852844
0.2259758859872818
0.2275167852640152
0.12917111814022064
0.2027667909860611
0.16553011536598206
0.12912942469120026
0.24109196662902832
0.20033620297908783
0.23749300837516785
0.22208987176418304
0.13696959614753723
0.22377797961235046
0.172186940908432
0.135436549782753
0.1800195574760437
0.14229032397270203
0.2431756556034088
0.31480735540390015
0.22650723159313202
0.18974347412586212
0.19505912065505981
0.21612170338630676
0.24755264818668365
0.12051618844270706
0.14424137771129608
0.1996140331029892
0.1736738383769989
0.13851045072078705
0.17833209037780762
0.15468217432498932
0.2002944052219391
0.2271208018064499
0.18711383640766144
0.22160734236240387
0.21101483702659607
0.2593076825141907
0.13839219510555267
0.23742443323135376
-0.03764940798282623
0.1623411923646927
0.24428467452526093
0.09711048007011414
0.17139004170894623
0.15444597601890564
0.15449213981628418
0.11116848140954971
0.15203209221363068
0.2797502875328064
0.2423166185617447
0.19562414288520813
0.08192315697669983
0.20854318141937256
0.1695897877216339
0.22233575582504272
-0.0019097933545708656
0.12585118412971497
0.12874189019203186
0.1243780106306076
0.26218798756599426
0.14023837447166443
0.22298750281333923
0.11282510310411453
0.17341426014900208
0.19131463766098022
0.04986296594142914
0.09413030743598938
0.2063373178243637
0.16839399933815002
0.16167724132537842
0.12153187394142151
0.20858727395534515
0.1827315092086792
0.1560618281364441
0.21020324528217316
0.1506386399269104
0.1547459214925766
0.09645487368106842
0.08687280863523483
0.18606418371200562
0.23519043624401093
0.21219025552272797
0.19382132589817047
0.10268080234527588
0.18936417996883392
0.14175426959991455
0.11199229955673218
0.13027961552143097
0.1837284117937088
0.20417504012584686
0.13335523009300232
0.07400587201118469
0.111297607421875
0.13289402425289154
0.1146606057882309
0.049662526696920395
0.12271060794591904
0.15696367621421814
0.15765665471553802
0.2552841603755951
0.2630152106285095
0.17437152564525604
0.15713872015476227
0.23793958127498627
0.19140011072158813
0.11448642611503601
0.1709577739238739
0.1570177674293518
0.2156238704919815
0.1962307095527649
0.0934978649020195
0.19530759751796722
0.2203344851732254
0.17308376729488373
0.21594378352165222
0.18063455820083618
0.11982674151659012
0.21511004865169525
0.2569256126880646
0.04810904711484909
0.14906847476959229
0.06839235872030258
0.11271732300519943
0.10141371935606003
0.1967451274394989
0.23551325500011444
0.2014462649822235
0.12164780497550964
0.1617545187473297
0.2165558785200119
0.042861457914114
0.18203982710838318
0.16173763573169708
0.09822199493646622
0.235484316945076
0.13755789399147034
0.20345094799995422
0.2202712595462799
0.20302672684192657
0.0921526700258255
0.20085202157497406
0.14750300347805023
0.13045397400856018
0.19052745401859283
0.1565900593996048
0.17484557628631592
0.14067557454109192
0.14774321019649506
0.1635293811559677
0.27470651268959045
-0.08191341161727905
0.16027285158634186
0.15998651087284088
0.06862406432628632
0.14994893968105316
0.17997269332408905
0.12507280707359314
0.09064660966396332
0.1965186893939972
0.18444547057151794
0.18284252285957336
-0.002451632171869278
0.011772441677749157
0.091214120388031
0.03936102241277695
0.13854439556598663
0.18624699115753174
0.10429968684911728
0.12097220122814178
0.09427201747894287
0.17076140642166138
0.1111830472946167
0.1013353168964386
0.17275184392929077
0.15722811222076416
0.007227480411529541
0.043337367475032806
0.10817334055900574
0.2002728134393692
0.20545126497745514
0.17976656556129456
0.127624049782753
0.1358690708875656
0.15625984966754913
0.054960671812295914
0.15462541580200195
0.190470889210701
0.04026825726032257
0.03680425509810448
0.1199769526720047
0.18367205560207367
0.09788904339075089
0.09841841459274292
0.11454460769891739
0.1430172175168991
0.06150608882308006
0.08961453288793564
0.1634865701198578
0.18966034054756165
0.1631956696510315
0.049328938126564026
0.18661834299564362
0.13602806627750397
0.18596313893795013
0.1503831148147583
0.12801946699619293
0.11644766479730606
0.0541745126247406
0.1142473816871643
0.19072338938713074
0.18857426941394806
0.11771366000175476
0.15525706112384796
0.1708754301071167
0.007412945386022329
0.20887355506420135
0.12708573043346405
0.09401219338178635
0.23977835476398468
0.13226814568042755
0.1470433920621872
0.02749711647629738
0.0008072080090641975
0.15689033269882202
0.047346122562885284
0.13907288014888763
0.07537683844566345
0.13567106425762177
0.046964701265096664
0.13088330626487732
0.18547898530960083
0.02693150006234646
0.14718298614025116
0.24297094345092773
0.11997301876544952
0.19411082565784454
0.15771041810512543
0.010873513296246529
0.21844741702079773
-0.07001630961894989
0.16296879947185516
0.16160641610622406
0.14219102263450623
-0.1527065932750702
0.13405804336071014
0.007639189716428518
0.1483585387468338
0.059673797339200974
0.008802232332527637
0.11856091767549515
0.06606176495552063
0.10526935756206512
0.2271241545677185
0.12026172876358032
0.1041136085987091
0.05121352896094322
0.07534869015216827
0.14114224910736084
0.14512665569782257
-0.018281325697898865
0.05562744662165642
0.04970518499612808
0.11134115606546402
0.18668325245380402
0.0841003805398941
0.19046500325202942
0.14773841202259064
0.0765136331319809
0.11427869647741318
0.022727660834789276
0.09735801815986633
0.1027495414018631
0.02877022698521614
0.15587332844734192
-0.07486400008201599
0.11957772076129913
0.0003632614389061928
0.16256339848041534
0.06988503038883209
0.18369446694850922
0.13190524280071259
0.09325291961431503
-0.016958370804786682
0.03653040900826454
0.15514877438545227
0.1177724301815033
0.17155705392360687
0.1596379429101944
0.058040667325258255
0.17457641661167145
0.06144174933433533
0.11143042892217636
0.1792292445898056
0.036943502724170685
0.20417611300945282
-0.08681300282478333
-0.06877165287733078
0.2013041377067566
-0.017933592200279236
0.12006345391273499
0.10919111222028732
0.03608063980937004
0.1129489466547966
-0.022233590483665466
0.12575410306453705
0.060178764164447784
0.04627322033047676
-0.09225058555603027
0.15078365802764893
0.05626258999109268
0.09853954613208771
0.1667492389678955
0.10647834092378616
0.09569273144006729
0.08176398277282715
0.05574207380414009
0.08493460714817047
0.27060747146606445
0.04412103444337845
0.11707448214292526
-0.03027137741446495
0.035069093108177185
-0.05981574207544327
0.2016855627298355
0.009398202411830425
0.14140437543392181
0.15232911705970764
0.1566215455532074
0.13096892833709717
0.13446180522441864
0.100978322327137
0.09685925394296646
0.1732322871685028
0.06253363192081451
0.10488617420196533
0.11843544989824295
0.1485297530889511
0.06996594369411469
0.22292359173297882
0.17625699937343597
0.03265019878745079
0.04992704838514328
-0.026641981676220894
0.0005591977387666702
0.04492107778787613
0.12141695618629456
0.1763843595981598
0.05698718503117561
0.04994720593094826
-0.10045936703681946
0.11216150969266891
0.08764487504959106
-0.012622122652828693
0.010979408398270607
-0.03484443575143814
0.14201872050762177
0.10441175103187561
0.19853052496910095
0.14047139883041382
0.06273383647203445
0.002619053702801466
0.08477753400802612
0.11300264298915863
0.18992432951927185
-0.02826341614127159
0.026763157919049263
0.15207545459270477
0.2019757777452469
0.017247043550014496
-0.037901654839515686
-0.02026885189116001
0.25027701258659363
0.03842931240797043
0.07276861369609833
0.15186059474945068
0.01945723406970501
0.16560883820056915
0.1955987811088562
0.223904088139534
0.18385930359363556
-0.03960869461297989
0.11432085186243057
0.049935393035411835
0.03612712025642395
0.04551604762673378
0.16410093009471893
0.08008698374032974
0.16208785772323608
0.010884236544370651
0.19131535291671753
0.15323148667812347
0.10333103686571121
-0.027371058240532875
-0.04600170999765396
-0.046962253749370575
0.0726756900548935
0.15059290826320648
0.03139025345444679
0.16424639523029327
0.059760481119155884
0.05187366530299187
0.0580064132809639
0.19518087804317474
0.055521897971630096
0.018557514995336533
0.12468447536230087
0.08148914575576782
0.11162496358156204
0.041775837540626526
-0.035147540271282196
0.050803545862436295
0.04432186484336853
0.18440787494182587
0.10769249498844147
-0.0319342166185379
-0.027329348027706146
0.039170823991298676
0.09024412930011749
0.06964890658855438
0.029562657698988914
0.26792314648628235
0.006097590550780296
0.18146739900112152
0.09601853042840958
0.2158597856760025
-0.06698638200759888
-0.02317912131547928
0.04925324767827988
-0.00019507575780153275
0.009425291791558266
-0.01427377574145794
-0.06053783372044563
-0.0493365079164505
0.207049161195755
0.14369970560073853
0.011989882215857506
0.04613738879561424
-0.08515763282775879
0.0645134299993515
-0.03623238205909729
-0.0615752637386322
0.11059810221195221
0.07485109567642212
0.19232682883739471
0.06733100116252899
0.0016420534811913967
0.08547908067703247
0.09714562445878983
0.035663630813360214
0.057995110750198364
0.11616231501102448
0.09770404547452927
0.0179698895663023
0.209322988986969
0.0626039206981659
0.15171460807323456
0.03061029314994812
0.10417589545249939
0.05185182765126228
0.06444858014583588
0.001682354137301445
0.09434688091278076
0.10704353451728821
0.05861171334981918
0.05833591893315315
-0.00217583030462265
0.08190940320491791
-0.02100970223546028
-0.012276019901037216
0.05677886679768562
0.21310526132583618
0.15896406769752502
0.14260686933994293
0.10924918204545975
-0.012303521856665611
0.031865015625953674
0.008048921823501587
0.005347864236682653
-0.02415531873703003
0.056775785982608795
0.034124407917261124
0.04172322526574135
0.07403906434774399
0.09761394560337067
0.09160034358501434
0.08933764696121216
0.15320232510566711
-0.0014699827879667282
0.03667113929986954
0.08087921887636185
0.08949263393878937
0.1127283051609993
-0.019898202270269394
-0.06247341260313988
-0.022773167118430138
-0.0022371727973222733
0.15242928266525269
0.1608075499534607
-0.04108814895153046
0.019500993192195892
0.08234317600727081
0.07457010447978973
0.09434708207845688
0.15250708162784576
0.11802922189235687
0.17179222404956818
-0.027674701064825058
0.22933611273765564
0.03947467356920242
0.014146783389151096
0.03707384318113327
-0.015421747229993343
0.1358928233385086
0.10497429966926575
0.10744211822748184
0.12209489941596985
0.20868632197380066
-0.051716629415750504
0.08721321076154709
0.0829160287976265
0.05908969044685364
-0.06915662437677383
0.1582522988319397
0.03773702681064606
-0.01660367101430893
0.0008619837462902069
0.12439364939928055
0.11226166039705276
0.05821305885910988
0.11757931113243103
-0.0832643210887909
0.08173606544733047
0.00315979216247797
0.07542254030704498
0.09754005819559097
0.05468352511525154
0.16152603924274445
0.10746556520462036
0.014180844649672508
0.014814281836152077
0.11262290179729462
0.0568690299987793
0.19691061973571777
-0.008755650371313095
0.12702511250972748
-0.014263849705457687
0.08517494052648544
0.15198096632957458
0.09496379643678665
-0.04737668111920357
0.28976505994796753
0.10274620354175568
-0.04904833063483238
0.046510275453329086
0.1956283450126648
0.113307423889637
0.15883319079875946
0.12149762362241745
0.06728371977806091
0.12321020662784576
0.13054810464382172
