0.17149192094802856
0.1796283721923828
0.14310964941978455
0.16775210201740265
0.1789792776107788
0.17246221005916595
0.16987824440002441
0.1742248237133026
0.16983094811439514
0.19115200638771057
0.17176553606987
0.17878824472427368
0.15962351858615875
0.12832453846931458
0.13220924139022827
0.1883753389120102
0.12896589934825897
0.1339181363582611
0.09449803084135056
0.14216308295726776
0.08215151727199554
0.159547358751297
0.10574299097061157
0.14689117670059204
0.16929030418395996
0.13603398203849792
0.13760027289390564
0.08612028509378433
0.1986706256866455
0.11507806181907654
0.08140363544225693
0.08044090867042542
0.17009222507476807
0.08858797699213028
0.10675191879272461
0.15642887353897095
0.06631846725940704
0.1741989552974701
-0.012872364372015
0.06872302293777466
0.0786447823047638
0.37611865997314453
0.11235380172729492
0.1686275601387024
0.11520980298519135
0.1504337042570114
0.2351900339126587
0.010690705850720406
0.22914186120033264
0.14857622981071472
0.10229159891605377
0.10736030340194702
0.2649112343788147
0.25339236855506897
0.12607191503047943
0.09118206799030304
0.23853689432144165
0.22543856501579285
0.09121823310852051
0.0912737101316452
0.13567793369293213
0.1143939346075058
0.14227837324142456
0.04150804132223129
0.1254156231880188
0.15513283014297485
0.08088800311088562
0.12796227633953094
0.10580107569694519
0.12876704335212708
0.16206791996955872
0.11253391206264496
0.13752692937850952
0.1126474142074585
0.18466033041477203
0.1691577136516571
0.18558502197265625
0.18460051715373993
0.18371111154556274
0.10886362195014954
0.1426786631345749
0.19950616359710693
0.13646407425403595
0.18019017577171326
0.15552854537963867
0.1682213544845581
0.18600091338157654
0.21672043204307556
0.1506413221359253
0.1886996328830719
0.13464508950710297
0.16406972706317902
0.1418430507183075
0.1503566950559616
0.11100079119205475
0.20309464633464813
0.11260775476694107
0.15911293029785156
0.23015150427818298
0.1701068878173828
0.17232418060302734
0.14159005880355835
0.15828214585781097
0.10064759105443954
0.13860496878623962
0.17631244659423828
0.17441308498382568
0.15649211406707764
0.15910914540290833
0.11602930724620819
0.15280738472938538
0.19629159569740295
0.11896326392889023
0.17791397869586945
0.22724828124046326
0.17900723218917847
0.10234267264604568
0.1365712583065033
0.17406469583511353
0.17884483933448792
0.1700829416513443
0.0571841299533844
0.17093688249588013
0.07835946977138519
0.15461009740829468
0.17185889184474945
0.17389079928398132
0.17003944516181946
0.17407074570655823
0.17780187726020813
0.20548740029335022
0.19929920136928558
0.18066264688968658
0.19137465953826904
0.13801684975624084
0.19693991541862488
0.1463325470685959
0.2115740329027176
0.12858082354068756
0.21120432019233704
0.18636545538902283
0.08864805847406387
0.10250528156757355
0.1492985188961029
0.16415227949619293
0.17661923170089722
0.16592693328857422
0.14953847229480743
0.14585620164871216
0.13748446106910706
0.15088066458702087
0.1877051591873169
0.1809527426958084
0.15231852233409882
0.20515784621238708
0.12927989661693573
0.15931910276412964
0.15639075636863708
0.12438403815031052
0.16317707300186157
0.22803053259849548
0.15862149000167847
0.20650626718997955
0.14774230122566223
0.20741209387779236
0.19608837366104126
0.1498023271560669
0.1115545704960823
0.1470438838005066
0.1934295892715454
0.21029844880104065
0.19020792841911316
0.07514593005180359
0.18350887298583984
0.1236121878027916
0.1844986230134964
0.153036966919899
0.12881769239902496
0.18858516216278076
0.17704647779464722
0.1482529193162918
0.2235579639673233
0.1845613420009613
0.14953994750976562
0.09720484912395477
0.11317461729049683
0.19932250678539276
0.18387550115585327
0.17890949547290802
0.15676024556159973
0.15085728466510773
0.1788811832666397
0.18306660652160645
0.21569091081619263
0.1619754135608673
0.13098587095737457
0.11961200833320618
0.18374216556549072
0.12099647521972656
0.13945752382278442
0.15958286821842194
0.16064144670963287
0.1516159325838089
0.1703539937734604
0.14750990271568298
0.2012462168931961
0.17387190461158752
0.1633099913597107
0.0971352756023407
0.15544117987155914
0.1601150780916214
0.18639135360717773
0.2132490575313568
0.1409275233745575
0.13110406696796417
0.20421825349330902
0.1447106897830963
0.16658467054367065
0.18572860956192017
0.16300351917743683
0.1723881959915161
0.16771289706230164
0.1428321897983551
0.09353591501712799
0.14388063549995422
0.11787569522857666
0.040941473096609116
0.09854983538389206
0.15773510932922363
0.14842846989631653
0.18370521068572998
0.15410715341567993
0.1285819411277771
0.13274908065795898
0.1062617227435112
0.14536187052726746
0.12298892438411713
0.1511850357055664
0.14123128354549408
0.06310047954320908
0.18252503871917725
0.15118980407714844
0.19166624546051025
0.15089964866638184
0.15515366196632385
0.20018044114112854
0.12152533233165741
0.1945982277393341
0.20377828180789948
0.16374076902866364
0.14576049149036407
0.1371162235736847
0.17179426550865173
0.12924917042255402
0.045141659677028656
0.13782814145088196
0.1353709101676941
0.13887810707092285
0.15390080213546753
0.16689762473106384
0.13632620871067047
0.13566112518310547
0.14626659452915192
0.08164390921592712
0.11299377679824829
0.18665271997451782
0.16731679439544678
0.013282757252454758
0.17321601510047913
0.11808755993843079
0.11734964698553085
0.13309046626091003
0.10008104890584946
0.1640404462814331
0.16108764708042145
0.1384245604276657
0.1507481038570404
0.13820268213748932
0.12825168669223785
-0.03937472030520439
0.12266874313354492
0.07530542463064194
0.11168298125267029
0.14494022727012634
0.18108031153678894
0.12012385576963425
0.10146935284137726
0.14215999841690063
0.16546416282653809
0.12678101658821106
0.06596045196056366
0.11268563568592072
0.16993273794651031
0.12750481069087982
0.16354626417160034
0.13340972363948822
0.19776040315628052
0.15732967853546143
0.10333201289176941
0.07689038664102554
0.07056820392608643
0.06625860929489136
0.11976280808448792
0.10481694340705872
0.07577648758888245
0.08578348159790039
0.13175132870674133
0.19155742228031158
0.1598987728357315
0.13275036215782166
0.013134423643350601
0.10106554627418518
0.13266924023628235
0.12534034252166748
0.13213078677654266
0.14769217371940613
0.1483231782913208
0.13634422421455383
0.09419703483581543
0.09277746081352234
0.13094806671142578
0.09885746240615845
0.05343516543507576
0.029898764565587044
0.1074262410402298
0.0820707231760025
0.18622921407222748
0.04802531376481056
0.1102551519870758
0.06464077532291412
0.051015425473451614
0.10377167165279388
0.13404998183250427
-0.02108043245971203
0.08180074393749237
0.0547075979411602
0.09851808845996857
0.06399628520011902
0.07849020510911942
0.11735104024410248
0.18575362861156464
0.06258127838373184
0.11813398450613022
0.13093549013137817
0.07209271192550659
0.034619640558958054
0.05191408470273018
0.11299994587898254
0.12321518361568451
0.12138541042804718
0.033577464520931244
0.04165637493133545
0.06999657303094864
0.0893687754869461
0.12783044576644897
0.03698582202196121
0.13458868861198425
0.056402966380119324
0.12212817370891571
0.19339624047279358
0.12025363743305206
0.09792404621839523
0.03685291111469269
0.09197577834129333
0.13329869508743286
0.05806313455104828
0.1272202730178833
0.0944305956363678
0.06854376196861267
0.11478173732757568
0.10141785442829132
0.07044081389904022
0.052573543041944504
0.13022032380104065
0.09136870503425598
0.1122075542807579
0.09502923488616943
0.0771055668592453
0.12544690072536469
0.05480491369962692
-0.0007484704256057739
0.0673246756196022
0.09824050962924957
0.07088609784841537
0.12533998489379883
0.06313614547252655
0.1436709314584732
0.07141180336475372
0.09149149060249329
0.06153527647256851
0.11896112561225891
0.05602695047855377
0.06290439516305923
0.07588689774274826
0.04502546787261963
0.10699880868196487
0.04291127622127533
0.09129060804843903
0.08227184414863586
0.07321193814277649
0.1557496041059494
0.06906889379024506
0.1253669112920761
0.09206150472164154
0.033871546387672424
0.04757750406861305
0.12188537418842316
0.09592457115650177
0.15025848150253296
0.05667518824338913
0.14627444744110107
0.08473511040210724
0.05821021646261215
0.09643346816301346
0.05642818287014961
0.02842273935675621
0.07029122114181519
0.09087296575307846
0.08415025472640991
0.020946457982063293
0.04049965739250183
0.04207923263311386
0.06983194500207901
0.0653131753206253
-0.024007555097341537
0.05511624366044998
0.06336960941553116
0.18484562635421753
-0.004883842542767525
0.03670015558600426
0.023690765723586082
0.12125537544488907
0.0038210852071642876
-0.008766122162342072
0.05418333038687706
0.10563160479068756
0.02268618904054165
0.12817619740962982
0.07373568415641785
0.1809692084789276
0.08100417256355286
0.0736144483089447
0.02634451910853386
0.12769503891468048
0.09247414767742157
0.04770169407129288
0.023372014984488487
0.015409366227686405
0.10838303714990616
0.061532750725746155
0.20433491468429565
0.029047466814517975
0.13675452768802643
0.10762079060077667
0.07139930129051208
0.02487001195549965
0.04624132439494133
0.014412237331271172
0.055386073887348175
0.19031409919261932
0.046311117708683014
0.09577517211437225
0.13060368597507477
0.1202743649482727
0.14449763298034668
0.14670662581920624
0.1031682938337326
0.15904125571250916
0.11712655425071716
0.06056349352002144
0.12234462797641754
0.12696611881256104
-0.00024294666945934296
0.07659924030303955
0.20035378634929657
0.150612011551857
0.16964176297187805
0.07635287940502167
0.05601634830236435
-0.010593833401799202
0.02529580518603325
0.006837569177150726
-0.0020337048918008804
0.11374282836914062
0.07937215268611908
0.044302865862846375
0.10340338945388794
0.11891186237335205
0.20463868975639343
0.01295741181820631
0.05528545379638672
0.11835130304098129
-0.017301248386502266
0.01711931824684143
-0.005364071577787399
-0.0022664330899715424
0.025084376335144043
0.08467679470777512
0.1974545419216156
0.08573397994041443
0.08556611835956573
0.053849440068006516
0.10126085579395294
0.06357069313526154
0.029265526682138443
0.03598145395517349
0.13928088545799255
0.02043856680393219
0.06502875685691833
0.09633152931928635
0.02223639190196991
0.15451790392398834
0.16716299951076508
0.07001562416553497
0.06071443110704422
0.01983427256345749
0.13702550530433655
0.09053301066160202
-0.01455332338809967
0.06492570042610168
0.08353739976882935
0.075401671230793
0.04840998724102974
0.08732688426971436
0.09747995436191559
-0.0065364837646484375
0.08175078779459
0.08083836734294891
0.007794974371790886
0.002245541661977768
0.09142188727855682
0.10691368579864502
0.06128925830125809
-0.019989952445030212
0.06850156933069229
0.11585025489330292
0.10165582597255707
0.11934991925954819
-0.013717357069253922
0.014067064970731735
0.1483699381351471
0.07657131552696228
0.11513891816139221
0.062270499765872955
0.022815320640802383
0.03097373992204666
0.03393946960568428
0.08397307991981506
0.04636568948626518
0.11305320262908936
0.11347433179616928
0.10937052965164185
0.14181289076805115
0.006639387458562851
0.1627008020877838
0.0672578513622284
0.11514885723590851
0.1579093188047409
0.06002525985240936
0.09884577989578247
0.13824565708637238
0.08263847231864929
0.13944551348686218
0.0729212835431099
0.120226189494133
0.06374506652355194
0.03966826945543289
0.020573951303958893
0.021846819669008255
0.038128018379211426
0.09239116311073303
0.05661531537771225
0.007962698116898537
0.05669227987527847
0.13464641571044922
0.04529023915529251
0.012631388381123543
0.07029302418231964
-0.006961572915315628
0.03484436124563217
0.07657662779092789
0.06909782439470291
0.1354406625032425
0.016213051974773407
0.11865456402301788
0.1820775270462036
0.14736774563789368
0.07299156486988068
0.0713270753622055
0.020167402923107147
0.1155148446559906
0.032049261033535004
0.11335405707359314
0.088433638215065
0.043545037508010864
-0.022658435627818108
0.057620223611593246
0.05297158285975456
0.0795922726392746
0.014072967693209648
-0.007429774850606918
0.0861714631319046
0.051570747047662735
0.0308096781373024
0.053624074906110764
0.11775568872690201
0.053410567343235016
0.05277233198285103
0.03172823041677475
0.07294259965419769
0.054673932492733
-0.010209154337644577
0.0989704430103302
0.026867907494306564
0.08302567154169083
0.03308817371726036
0.16232942044734955
0.06205308809876442
-0.03210368752479553
-0.056127749383449554
0.07908477634191513
0.08628860116004944
0.06295739114284515
0.04375500977039337
0.10212233662605286
0.07356593757867813
0.1626918464899063
0.039625611156225204
0.06727281212806702
0.04789592698216438
0.07263512909412384
0.07138022035360336
0.07800295948982239
0.10657960921525955
0.054744403809309006
0.04798731952905655
0.13384690880775452
0.06716496497392654
0.06043516844511032
0.017672844231128693
0.10831387341022491
0.1466543823480606
0.05200168490409851
0.04972074180841446
0.04282818362116814
0.1465388983488083
0.1602839231491089
0.004620272666215897
0.07974429428577423
0.0005134865641593933
0.04016754776239395
-0.05224280059337616
0.06538286060094833
0.10200127959251404
0.03334178775548935
0.12982098758220673
0.16030043363571167
0.01851976104080677
0.09869816899299622
0.04960162937641144
0.04915402829647064
0.04277981445193291
0.014596914872527122
0.059686679393053055
-0.03346628695726395
-0.0253252275288105
0.025388043373823166
0.1506747305393219
-0.00374729186296463
0.09205259382724762
0.0867130309343338
0.06716901808977127
0.02299557439982891
0.10784293711185455
0.0462164580821991
0.07924462109804153
0.10199212282896042
0.0348845012485981
-0.010937511920928955
0.011562790721654892
0.11510784178972244
0.09363871812820435
0.060129158198833466
0.0957150012254715
0.026294443756341934
0.10495632141828537
0.06192782521247864
0.01448003575205803
0.09223434329032898
0.10319755971431732
0.08382546901702881
0.08275363594293594
0.04885705187916756
0.004402566701173782
0.09509719908237457
0.07500440627336502
0.0608978308737278
0.09658636152744293
0.06116877868771553
0.06177372485399246
0.009389866143465042
0.07428344339132309
0.08387915045022964
0.03742595389485359
0.007597934454679489
0.002980545163154602
0.003101825714111328
0.015641819685697556
0.043058156967163086
-0.006084516644477844
0.09878790378570557
0.04255013167858124
0.009632058441638947
0.04751220718026161
-0.02693377062678337
0.07305832952260971
-0.014577165246009827
-0.0681246966123581
0.09715266525745392
0.06187084689736366
0.025974789634346962
0.016869161278009415
0.06149185821413994
0.02243666909635067
0.016396498307585716
0.01671000011265278
-0.013605516403913498
0.05389578640460968
0.09362117201089859
0.1320815086364746
0.09455407410860062
0.06131047382950783
-0.010528400540351868
0.054330337792634964
0.01691598631441593
0.06649858504533768
-0.042497389018535614
-0.013476695865392685
0.07984563708305359
0.03809475898742676
0.12598076462745667
-0.041591156274080276
0.008419245481491089
0.13486944139003754
0.08629588782787323
-0.001291278749704361
0.04498015716671944
0.030499761924147606
0.061640698462724686
0.05198436975479126
-0.06156153976917267
0.03067777492105961
0.04881985858082771
0.09312120825052261
0.016201382502913475
0.0429438054561615
0.028599679470062256
-0.032519299536943436
0.04326140135526657
0.037797316908836365
0.062507264316082
0.0430162250995636
0.005770597606897354
0.061585456132888794
0.05523822456598282
0.04214955121278763
0.0026054345071315765
0.0009812191128730774
-0.008772455155849457
-0.004810016602277756
0.11279711127281189
0.017790058627724648
0.01408889889717102
0.08961604535579681
0.061057280749082565
-0.0977921411395073
-0.04031531140208244
0.09052588045597076
0.029513759538531303
-0.015244454145431519
0.08881012350320816
0.1166238933801651
0.029797174036502838
0.05485622584819794
0.04050865024328232
-0.025305133312940598
0.04114953801035881
-0.07383126765489578
-0.03812660276889801
0.04199216514825821
-0.05315756797790527
0.021642262116074562
0.07371550798416138
0.0828610211610794
0.11145897954702377
0.0926712304353714
0.06090011075139046
0.04686437174677849
0.0020466186106204987
0.04306681826710701
0.10015914589166641
0.04247194528579712
0.004945516586303711
0.05336238816380501
0.12796537578105927
0.01193392276763916
0.004474744200706482
0.010604862123727798
0.015711121261119843
0.11186936497688293
0.1143312007188797
0.09144631028175354
0.022915352135896683
0.023555757477879524
-0.016410892829298973
0.0884130522608757
0.1110311895608902
-0.07406087964773178
-0.0369495190680027
0.0037477612495422363
0.10869459807872772
0.07622306793928146
0.06565560400485992
0.14450399577617645
0.014442898333072662
0.08107595145702362
0.03649001568555832
-0.04765385761857033
-0.0207512266933918
0.059091005474328995
0.11246123909950256
0.03469505161046982
0.0025979503989219666
0.04398900270462036
0.04992212355136871
-0.03780538588762283
0.1082065999507904
-0.033455751836299896
0.03859991952776909
0.04478203132748604
0.04095998406410217
0.011645127087831497
0.04521222785115242
0.031933631747961044
0.11083288490772247
-0.037173639982938766
-0.039167243987321854
-0.05513313412666321
0.06793899834156036
0.054626014083623886
-0.09419860690832138
0.016254540532827377
0.021819259971380234
-0.02087298408150673
-0.038691043853759766
0.041616275906562805
0.05158921703696251
0.1111069917678833
-0.007675915956497192
-0.07132473587989807
0.029113799333572388
-0.0026895329356193542
0.0916212648153305
0.019933026283979416
0.09878279268741608
0.05554523319005966
0.032636452466249466
0.06449999660253525
0.12264688313007355
0.08233781903982162
0.027110565453767776
0.03696862608194351
0.1186848059296608
0.02838275395333767
-0.05080050230026245
-6.985664367675781e-05
0.07118720561265945
-0.01951557584106922
0.06238145753741264
-0.03072194755077362
-0.0389181524515152
0.00469149649143219
0.028427068144083023
0.04364641755819321
0.06077338755130768
0.1552238017320633
-0.012076491490006447
-0.010514862835407257
0.08888394385576248
0.043239742517471313
-0.0665305107831955
-0.02692326158285141
0.11996882408857346
0.03710947930812836
0.048566050827503204
-0.0024491623044013977
0.09228669106960297
0.05262412503361702
0.009535156190395355
0.04111815243959427
-0.026453189551830292
-0.09590078890323639
0.013334970921278
0.05376942455768585
0.043051138520240784
0.04905133694410324
-0.023470696061849594
0.10879220068454742
0.03533758223056793
-0.019079584628343582
0.07462587207555771
0.02566264010965824
-0.04767026752233505
0.034813906997442245
0.07878521084785461
-0.016132745891809464
-0.017426300793886185
0.027593141421675682
0.11322814226150513
0.059602078050374985
0.11559386551380157
-0.02059241011738777
0.011931836605072021
0.03999616205692291
0.013818040490150452
0.021807778626680374
0.19056406617164612
0.06772518903017044
0.11489531397819519
0.014156660065054893
0.013990070670843124
0.0009891502559185028
-0.024477247148752213
0.10362096130847931
0.07807328552007675
0.11975115537643433
-0.058367401361465454
0.019701652228832245
0.10871253907680511
0.006617557257413864
0.004834342747926712
-0.014206204563379288
0.022887561470270157
-0.08873791247606277
0.08751571178436279
0.003019411116838455
0.05484320968389511
0.10180796682834625
0.03227180615067482
0.02746715024113655
-0.004667356610298157
0.02391020394861698
0.0793105959892273
-0.04010380059480667
0.0727367177605629
0.099293053150177
0.005868803709745407
0.0901215672492981
0.04246727377176285
-0.02248786762356758
0.14980396628379822
0.16015195846557617
0.0029009580612182617
-0.018164239823818207
-0.048295922577381134
0.04244549944996834
-0.015968766063451767
0.0041496045887470245
0.04761797934770584
-0.025472693145275116
0.1129777655005455
0.04512245953083038
0.0878620594739914
0.024851761758327484
0.022628633305430412
0.03283878415822983
0.0009766202419996262
-0.0050954632461071014
0.002166062593460083
-0.099312424659729
0.06843622773885727
0.0313895046710968
-0.0008010603487491608
0.04178629815578461
0.0718344897031784
0.028286324813961983
0.019796380773186684
0.13012352585792542
0.10470235347747803
0.06148521602153778
0.04723474383354187
0.05533155798912048
-0.010665740817785263
-0.0054034218192100525
0.10251417756080627
0.12899081408977509
0.01370145007967949
0.0696280375123024
0.004900060594081879
0.010378383100032806
