0.2171672284603119
0.2400154024362564
0.1652251034975052
0.21887646615505219
0.22704753279685974
0.22578135132789612
0.22850525379180908
0.21492153406143188
0.2177223563194275
0.24871498346328735
0.2358587086200714
0.23452231287956238
0.19854699075222015
0.16000710427761078
0.1539607048034668
0.24821747839450836
0.14467966556549072
0.14390559494495392
0.09138993918895721
0.18742229044437408
0.06983458995819092
0.20587313175201416
0.12370223551988602
0.169453963637352
0.19727353751659393
0.14967714250087738
0.13599088788032532
0.08656461536884308
0.24789372086524963
0.07602741569280624
0.018626082688570023
0.020213276147842407
0.1545647829771042
0.06405702978372574
0.09177994728088379
0.12429569661617279
0.01663258858025074
0.1395512968301773
-0.1335761696100235
0.013488206081092358
0.07150011509656906
0.332455039024353
0.1253349930047989
0.15775932371616364
0.2165023535490036
0.13094167411327362
0.34125959873199463
-0.0308255385607481
0.25645798444747925
0.1636320948600769
0.0858783945441246
0.036597929894924164
0.22148552536964417
0.3173758387565613
0.14698849618434906
0.027139749377965927
0.23059996962547302
0.26926299929618835
0.07378671318292618
0.042794372886419296
0.11455269902944565
0.06455827504396439
0.152004212141037
-0.04901038110256195
0.12759718298912048
0.14305700361728668
0.06112368404865265
0.1274326592683792
0.08091335743665695
0.13368433713912964
0.1867431402206421
0.09813074767589569
0.17886009812355042
0.11164946854114532
0.21833181381225586
0.19795353710651398
0.23065818846225739
0.2477092295885086
0.24631594121456146
0.12120648473501205
0.16472987830638885
0.2462177723646164
0.16912789642810822
0.2321474254131317
0.17827706038951874
0.2299867868423462
0.21088765561580658
0.29560187458992004
0.16358046233654022
0.25852495431900024
0.1403309404850006
0.21939241886138916
0.1501045525074005
0.1656446009874344
0.11545723676681519
0.24356351792812347
0.1284385621547699
0.168238565325737
0.3003295361995697
0.2060297578573227
0.20712193846702576
0.1625870168209076
0.18732412159442902
0.07800473272800446
0.1738298386335373
0.23051324486732483
0.2231937050819397
0.2004537582397461
0.2044125497341156
0.12071375548839569
0.162563756108284
0.24994221329689026
0.13177700340747833
0.21164023876190186
0.29213109612464905
0.2163432538509369
0.10415492206811905
0.14225885272026062
0.2166757434606552
0.18623071908950806
0.2271675020456314
0.059928059577941895
0.23352885246276855
0.05502530187368393
0.1406928449869156
0.20141763985157013
0.22691063582897186
0.22510536015033722
0.20406369864940643
0.20123933255672455
0.25536254048347473
0.24194784462451935
0.22634664177894592
0.26362258195877075
0.16329129040241241
0.28040459752082825
0.22848960757255554
0.09038321673870087
0.2544388771057129
0.29103681445121765
0.20339074730873108
0.18662495911121368
0.1851859837770462
0.20527958869934082
0.18087509274482727
0.22976981103420258
0.24078965187072754
0.20173849165439606
0.24236886203289032
0.14408613741397858
0.14382335543632507
0.1427360624074936
0.2459038347005844
0.16347894072532654
0.1827867329120636
0.14764338731765747
0.19578702747821808
0.12082727253437042
0.24187692999839783
0.2242666482925415
0.2259182184934616
0.24096113443374634
0.23805254697799683
0.19739337265491486
0.16715209186077118
0.21541595458984375
0.15192106366157532
0.27330338954925537
0.2446174919605255
0.2549212574958801
0.10081019252538681
0.2430567443370819
0.1628989577293396
0.15208089351654053
0.21412281692028046
0.2393866777420044
0.22091460227966309
0.27671658992767334
0.13723303377628326
0.21901090443134308
0.12927976250648499
0.19312040507793427
0.1886989176273346
0.20276877284049988
0.21960709989070892
0.16003887355327606
0.14612582325935364
0.20869596302509308
0.2659677267074585
0.2107660472393036
0.27502724528312683
0.1617366373538971
0.12673617899417877
0.09890783578157425
0.13579638302326202
0.12735605239868164
0.17854587733745575
0.17721261084079742
0.22061386704444885
0.15787310898303986
0.26202091574668884
0.1817171424627304
0.22101441025733948
0.2531277537345886
0.1699139028787613
0.12715938687324524
0.2170306146144867
0.18886122107505798
0.18757295608520508
0.0793333649635315
0.2004445195198059
0.18328052759170532
0.18991169333457947
0.12249590456485748
0.19280016422271729
0.1022242084145546
0.12575215101242065
0.15928161144256592
0.21826238930225372
0.2521028518676758
0.1296585202217102
0.11461616307497025
0.1831299364566803
0.2410452663898468
0.24436447024345398
0.18093706667423248
0.047485195100307465
0.14872251451015472
0.14372862875461578
0.13935202360153198
0.21469087898731232
0.26235082745552063
0.21403130888938904
0.18227198719978333
0.2828180491924286
0.2208726704120636
0.20964811742305756
0.27493128180503845
0.20981192588806152
0.10355334728956223
0.15066854655742645
0.1725335568189621
0.15331771969795227
0.2351895123720169
0.1526629775762558
0.10342830419540405
0.20067836344242096
0.1297379732131958
0.10792283713817596
0.2060645967721939
0.08836434781551361
0.1827026903629303
0.21798424422740936
0.20323315262794495
0.19890715181827545
0.15822003781795502
0.23063130676746368
0.22779634594917297
0.2078598141670227
0.2015659660100937
0.13690254092216492
0.13423903286457062
0.15540429949760437
0.14717000722885132
0.22599856555461884
0.16909480094909668
0.16634421050548553
0.14432358741760254
0.19664646685123444
0.20694349706172943
0.14396505057811737
0.11852671951055527
0.15705208480358124
0.17569425702095032
0.12578508257865906
0.14757417142391205
0.10288138687610626
0.12910041213035583
0.13512259721755981
0.06167682632803917
0.11702535301446915
0.09716810286045074
0.19867035746574402
0.12424585223197937
0.13508272171020508
0.2686293423175812
0.17597155272960663
0.1317063719034195
0.22693480551242828
0.20844019949436188
0.13280801475048065
0.0922301858663559
0.1904052495956421
0.19511981308460236
0.20801882445812225
0.2663358449935913
0.13962848484516144
0.041466034948825836
0.19024449586868286
0.16298916935920715
0.04217153415083885
0.12565433979034424
0.1566922664642334
0.23229745030403137
0.19796285033226013
0.18695157766342163
0.10340698063373566
0.23819708824157715
0.22508759796619415
0.12426812201738358
0.1680680364370346
0.24320454895496368
0.18869882822036743
0.15189191699028015
0.21869942545890808
0.24985677003860474
0.1474173665046692
0.21972428262233734
0.09349152445793152
0.0667615681886673
0.03442087769508362
0.2025773823261261
0.17901122570037842
0.13891123235225677
0.19759847223758698
0.13152524828910828
0.13054616749286652
0.08738289773464203
0.10960549116134644
0.1278643012046814
0.03319995850324631
0.1818987876176834
0.09625398367643356
0.08313785493373871
0.09642783552408218
0.07927966117858887
0.10573448985815048
0.17542235553264618
0.08558535575866699
0.1515718251466751
0.12458254396915436
0.07624544203281403
0.1357482373714447
0.14539475739002228
0.20851251482963562
0.22708241641521454
0.045635923743247986
0.2327202707529068
0.04681604728102684
0.20755629241466522
0.1557701975107193
0.1136665791273117
0.13232405483722687
0.24088172614574432
-0.003193558193743229
0.17365404963493347
0.18741193413734436
0.16476885974407196
0.026795456185936928
0.06299176067113876
0.0062522608786821365
0.11338739097118378
0.2348513901233673
0.02896227315068245
0.07441160082817078
0.009897232986986637
0.1675073504447937
0.06100795790553093
0.14728502929210663
0.1855296790599823
0.14665569365024567
0.038687970489263535
0.12376721948385239
0.10494893789291382
0.17314143478870392
0.11399777978658676
0.11728677898645401
0.003306705504655838
0.03620939329266548
-0.02129579335451126
0.11739441752433777
0.1571010798215866
0.11396324634552002
0.0837787389755249
-0.04611795395612717
0.1415444165468216
0.142657071352005
-0.036973536014556885
0.07648276537656784
0.03220037743449211
0.0012030689977109432
0.07206537574529648
0.17029987275600433
0.1374371498823166
0.08285997062921524
0.10583511739969254
0.05662284791469574
0.12306278944015503
0.15331700444221497
0.1763085275888443
0.04371245577931404
0.10144765675067902
0.04153206944465637
-0.006104602478444576
0.09350059926509857
0.13348886370658875
-0.0061815944500267506
-0.05086496099829674
0.17379730939865112
-0.045390527695417404
0.06369037181138992
0.053106702864170074
0.03787287324666977
0.11337535828351974
0.0014977180399000645
-0.011507152579724789
-0.02496391534805298
0.0728234127163887
0.016155609861016273
0.09290646761655807
0.010949941352009773
0.13507485389709473
-0.013452159240841866
0.08633779734373093
0.14830105006694794
0.13913582265377045
-0.02335457317531109
0.12076113373041153
0.09015090018510818
-0.014333958737552166
0.24428541958332062
0.08461974561214447
-0.01411045528948307
0.17159542441368103
0.06273023784160614
0.07561181485652924
0.11441446095705032
0.08124799281358719
0.09231054037809372
0.10869191586971283
0.09803640842437744
0.11130440980195999
-0.06173064187169075
0.015978453680872917
-0.025582537055015564
0.027469290420413017
0.14341473579406738
0.1464209258556366
0.26979318261146545
-0.1278425008058548
-0.0005555215757340193
-0.04514463618397713
0.09721086174249649
-0.03581281378865242
0.2137666493654251
0.1619683802127838
-0.03974039480090141
-0.0465477854013443
0.17837615311145782
0.004368540830910206
-0.07120758295059204
0.0379919596016407
-0.02299019694328308
-0.01145059522241354
0.1716747283935547
0.12115342915058136
0.05867854505777359
0.04156331345438957
0.09695208817720413
-0.14871180057525635
0.003977903164923191
0.15677811205387115
-0.1109214797616005
0.018713150173425674
0.15953579545021057
-0.11165513098239899
0.02399078942835331
0.1331862211227417
0.050459716469049454
-0.10286695510149002
0.1333521157503128
0.041361138224601746
0.14730410277843475
0.07251455634832382
-0.13543443381786346
-0.06567274779081345
0.007437863387167454
0.12815383076667786
0.09881720691919327
-0.02632548101246357
0.09912652522325516
0.043847307562828064
0.10791168361902237
0.025205696001648903
0.012241069227457047
-0.04930238053202629
0.15017330646514893
-0.011782943271100521
0.00369609659537673
-0.016925474628806114
-0.10702316462993622
-0.07918920367956161
0.010140575468540192
0.06527185440063477
0.15617258846759796
0.1457792967557907
-0.048376940190792084
0.01754371076822281
-0.037248771637678146
0.008848444558680058
0.05704725161194801
0.12674668431282043
0.061194464564323425
-0.08864983916282654
0.06325573474168777
0.014982065185904503
0.044543344527482986
0.0823822021484375
0.0621463768184185
0.11883639544248581
0.05881660431623459
0.14931221306324005
-0.0015088558429852128
-0.025324655696749687
0.032612621784210205
0.03407297283411026
0.14075374603271484
0.018200933933258057
0.1357480138540268
0.058318886905908585
-0.022265221923589706
0.01700480841100216
0.06272145360708237
-0.13184323906898499
-0.09293866902589798
-0.20184864103794098
-0.18236927688121796
0.0970175564289093
0.04944109916687012
0.0345141738653183
-0.03675966337323189
0.03525925800204277
0.09053154289722443
0.0035541977267712355
0.06005730852484703
-0.052439361810684204
0.04637078195810318
-0.08885742723941803
0.09855248779058456
-0.07348297536373138
0.046355240046978
0.06452301889657974
0.0736127644777298
-0.05939311534166336
0.07321000844240189
0.011192639358341694
0.031041773036122322
-0.09358944743871689
-0.01114240474998951
0.012742535211145878
0.058895792812108994
-0.0029837745241820812
0.04608176648616791
-0.015598863363265991
0.11840427666902542
0.0607466883957386
-0.0030480646528303623
0.1416577249765396
-0.10497649013996124
0.030924279242753983
-0.023661863058805466
-0.06313347071409225
0.04609210416674614
0.04301239922642708
0.12116801738739014
0.0509953610599041
-0.12076572328805923
0.043585967272520065
-0.0010489458218216896
0.08487885445356369
0.05604507774114609
0.09386473894119263
0.1192634105682373
0.011894105933606625
-0.10010670125484467
0.018256833776831627
-0.004032832570374012
-0.028034605085849762
0.13287830352783203
0.08379320800304413
0.019169844686985016
-0.012284883297979832
-0.12910152971744537
0.004079936072230339
0.08665778487920761
0.004307717550545931
0.12889990210533142
0.15574084222316742
0.05937191843986511
0.08135058730840683
-0.06027105450630188
-0.044816505163908005
-0.07905499637126923
-0.0647219642996788
0.1412651240825653
-0.06900418549776077
0.03133147582411766
-0.030730856582522392
0.012648692354559898
0.06599588692188263
-0.09144222736358643
-0.0743965283036232
-0.061565566807985306
-0.05231340229511261
0.04595883563160896
0.14914147555828094
-0.04557088017463684
0.08283362537622452
0.03482947126030922
-0.2426357865333557
0.10014795511960983
0.24203984439373016
0.04245002940297127
-0.0748724415898323
0.07123353332281113
0.048238303512334824
0.11324950307607651
-0.0015945489285513759
-0.00677863322198391
0.053775686770677567
0.08123859763145447
-0.06199394166469574
0.07020097225904465
0.024967944249510765
-0.0560586117208004
0.12028764933347702
0.09185171872377396
0.0012924510519951582
0.1360594630241394
-0.06571550667285919
0.009357137605547905
0.01510562002658844
0.09817914664745331
0.04199594259262085
-0.051353421062231064
-0.02713267132639885
-0.08063442260026932
0.025229452177882195
0.012681283988058567
0.04166446626186371
-0.033044327050447464
-0.05659308657050133
0.0967697948217392
-0.12262430042028427
-0.05890033766627312
0.13032378256320953
0.013314077630639076
-0.04493134096264839
0.1169586032629013
0.040025193244218826
-0.1474785953760147
0.11619248986244202
0.11883190274238586
-0.0048717232421040535
-0.11490188539028168
0.05808841809630394
0.10712099075317383
-0.04366973415017128
-0.15102973580360413
-0.08804618567228317
0.06483236700296402
-0.11907286196947098
-0.027160633355379105
0.061792369931936264
-0.01057889498770237
0.0005880313692614436
-0.034814365208148956
0.09641704708337784
-0.08591583371162415
-0.09701716899871826
0.020497038960456848
-0.00841560959815979
-0.0712602362036705
0.05522892251610756
-0.16815172135829926
0.12778224050998688
0.07892422378063202
-0.10871939361095428
-0.003919738344848156
0.041075561195611954
-0.11350814253091812
0.04858705401420593
-0.18204176425933838
-0.1290043294429779
0.11686716973781586
-0.14564424753189087
0.03820851817727089
-0.0620235949754715
0.04137381538748741
0.12837792932987213
0.0451531745493412
-0.0005368542624637485
0.0788113996386528
-0.0558747798204422
-0.06940001249313354
-0.07855416089296341
-0.11609501391649246
0.030470581725239754
0.06482233107089996
-0.004934895783662796
0.034523483365774155
-0.07873901724815369
-0.11283110827207565
-0.02367495745420456
0.056275833398103714
-0.13320711255073547
-0.08493746072053909
0.04667876660823822
0.11273784935474396
-0.04123619943857193
0.032026227563619614
0.027693556621670723
-0.016568651422858238
0.003386732656508684
0.003595746122300625
-0.021849071606993675
-0.12897852063179016
0.18715308606624603
-0.08112657070159912
0.1217416524887085
0.011397341266274452
0.09285880625247955
-0.10260799527168274
0.12168392539024353
0.02395721524953842
0.0019146562553942204
0.06820803135633469
0.06933988630771637
-0.0555025115609169
0.05755164846777916
-0.012953577563166618
-0.15041764080524445
-0.039769209921360016
-0.07213295251131058
-0.03451257571578026
0.006569934077560902
0.04066145792603493
-0.003192892065271735
0.018625598400831223
-0.07539241015911102
0.12852032482624054
0.061113227158784866
0.015211679972708225
-0.0935046449303627
0.026097657158970833
-0.061151083558797836
0.021817032247781754
0.06631802022457123
-0.04283754527568817
0.05550256371498108
-0.028114454820752144
-0.082441546022892
-0.07685225456953049
-0.07540977746248245
0.0504307858645916
-0.06656806170940399
0.11660323292016983
0.1261892020702362
-0.13455089926719666
0.04646199941635132
-0.02521037869155407
0.10351461172103882
-0.1340465247631073
0.15220215916633606
-0.06299382448196411
0.10150672495365143
-0.040179163217544556
-0.036033015698194504
-0.04383084923028946
0.09537568688392639
-0.009202999994158745
-0.030238976702094078
-0.05382848158478737
0.08194014430046082
0.04805902764201164
0.08770143240690231
-0.022194117307662964
0.23010534048080444
0.022837882861495018
-0.0871034562587738
0.01195643562823534
-0.1595272421836853
0.04759060591459274
0.007410514634102583
-0.07255104929208755
0.126449316740036
-0.022281015291810036
0.09074752777814865
0.012485059909522533
-0.03862191364169121
-0.08546213805675507
0.001714441692456603
0.021659720689058304
0.045571550726890564
-0.06972556561231613
-0.03926639258861542
-0.0016926327953115106
-0.06829465925693512
-0.061963409185409546
0.09227592498064041
0.14743779599666595
0.10034774988889694
0.00691596046090126
-0.08723878115415573
0.04331114888191223
-0.19912706315517426
-0.0980171412229538
-0.002091033151373267
0.010367314331233501
0.06929618865251541
-0.09026180952787399
0.11422032117843628
0.11512406170368195
0.008739368990063667
0.07081829756498337
-0.006424427963793278
0.08444869518280029
-0.04521447420120239
0.12679767608642578
0.045199934393167496
-0.05484601855278015
-0.07962831109762192
-0.060745496302843094
-0.019474444910883904
-0.05822061374783516
0.10532894730567932
0.05532562732696533
-0.049454767256975174
-0.02916010655462742
-0.19877848029136658
0.052211109548807144
0.06878938525915146
-0.11277928203344345
0.03648412227630615
0.0669672042131424
0.05510751157999039
-0.10289804637432098
0.016307538375258446
0.014322957955300808
-0.027986260131001472
0.06728409975767136
-0.12731049954891205
0.051242951303720474
-0.006357492879033089
0.02427307702600956
-0.014697943814098835
-0.13972298800945282
0.020317714661359787
0.09211255609989166
-0.04292315989732742
-0.07840733230113983
-0.101810522377491
0.05829346179962158
0.07680239528417587
-0.10864263772964478
0.06797251850366592
-0.006942227017134428
0.014219372533261776
-0.0016795882256701589
-0.03470788523554802
-0.0889565497636795
-0.15768666565418243
-0.10725748538970947
-0.11241433769464493
0.01144986692816019
-0.03676609322428703
0.03379172831773758
0.0396866649389267
-0.003763039130717516
0.06104729697108269
-0.03001527301967144
-0.11314098536968231
0.03571417182683945
-0.0356266163289547
0.011677256785333157
-0.015690062195062637
0.023728420957922935
-0.15254272520542145
-0.10067973285913467
0.049073196947574615
0.08901511877775192
-0.01952754519879818
0.027543311938643456
-0.2400171309709549
0.02881070412695408
-0.01918666437268257
-0.01842084713280201
-0.0010801590979099274
0.11708709597587585
0.11460486799478531
0.12737441062927246
-0.05750405415892601
-0.10289189964532852
0.0828881561756134
-0.030855968594551086
0.03498544543981552
0.009934955276548862
-0.024240804836153984
0.08288916200399399
-0.08058416843414307
-0.0718022808432579
0.06027636304497719
0.02938457392156124
0.07479274272918701
-0.061286330223083496
0.07222173362970352
0.12845058739185333
0.06577542424201965
0.05747734010219574
-0.06744036078453064
-0.0012537332950159907
0.04636000469326973
-0.21453282237052917
0.04912109673023224
-0.020437490195035934
-0.06879698485136032
0.02157626301050186
-0.050268422812223434
0.030803829431533813
-0.0909423828125
0.04665147513151169
0.08933748304843903
0.1185368075966835
0.030000925064086914
0.02849966287612915
0.16138248145580292
0.03210093453526497
-0.046646006405353546
-0.07380998134613037
-0.010071638971567154
-0.029023993760347366
0.17748484015464783
0.165511816740036
0.13064493238925934
-0.022354695945978165
-0.13102461397647858
-0.0025465991348028183
-0.06318344920873642
0.0464717298746109
-0.11779019981622696
-0.23510921001434326
0.21550652384757996
-0.03781798854470253
-0.00964026153087616
0.11293797940015793
-0.0074408152140676975
0.023901881650090218
0.02011745050549507
-0.06745200604200363
-0.009697357192635536
-0.07710770517587662
-0.05811389163136482
-0.017583999782800674
-0.04018706828355789
0.050975874066352844
-0.002770304912701249
0.02110019139945507
-0.08616344630718231
-0.04143020883202553
0.0996437817811966
-0.12050822377204895
-0.15470117330551147
-0.15418888628482819
-0.05680973827838898
0.021588673815131187
-0.09065324813127518
-0.0508221760392189
0.03942877799272537
-0.045346833765506744
0.17123092710971832
-0.04291151836514473
-0.052054744213819504
-0.047433774918317795
0.0031145503744482994
-0.14465567469596863
-0.001262639299966395
-0.1002236008644104
0.077916719019413
0.012720812112092972
0.07973989099264145
0.07635797560214996
-0.017256902530789375
-0.01654309779405594
0.07893291860818863
0.012380707077682018
-0.018366120755672455
-0.07029888033866882
0.026792794466018677
0.08195070177316666
-0.12600651383399963
