0.13420596718788147
0.1304512619972229
0.12424380332231522
0.12568476796150208
0.1390170156955719
0.12871810793876648
0.12080011516809464
0.13964498043060303
0.12859265506267548
0.14015911519527435
0.11682482063770294
0.1286979615688324
0.12713533639907837
0.10259439051151276
0.10708633810281754
0.13794460892677307
0.11232965439558029
0.12679800391197205
0.08973135054111481
0.10300953686237335
0.08674151450395584
0.11093391478061676
0.09254199266433716
0.10000882297754288
0.12284716218709946
0.11329296231269836
0.13564430177211761
0.0889095589518547
0.11921387910842896
0.12308253347873688
0.11580902338027954
0.12056080251932144
0.14851114153862
0.10161739587783813
0.0723700225353241
0.08336874097585678
0.08966497331857681
0.1563919484615326
0.03532075136899948
0.07449798285961151
0.12270157039165497
0.16441337764263153
0.15109354257583618
0.08991070836782455
0.07740481942892075
0.13981561362743378
0.15921567380428314
0.28480106592178345
0.17292116582393646
0.19591763615608215
0.3199029266834259
0.16108213365077972
0.22588320076465607
0.2497684508562088
0.2008213847875595
0.2101549208164215
0.330807089805603
0.20751634240150452
0.1141691654920578
0.17005185782909393
0.11532124131917953
0.17867568135261536
0.18265581130981445
0.10258303582668304
0.10674631595611572
0.15444301068782806
0.08856455981731415
0.12316755950450897
0.08960285037755966
0.1185985580086708
0.1251765489578247
0.08947760611772537
0.09304319322109222
0.0925590768456459
0.14804238080978394
0.1308245211839676
0.14582660794258118
0.11742765456438065
0.1188654899597168
0.11094333976507187
0.10900822281837463
0.14141957461833954
0.10217375308275223
0.12966850399971008
0.1350998729467392
0.11753254383802414
0.14096412062644958
0.13677406311035156
0.12536171078681946
0.12309056520462036
0.12386169284582138
0.10990993678569794
0.12095880508422852
0.11498372256755829
0.08623088151216507
0.13949330151081085
0.09401419758796692
0.129208505153656
0.15142281353473663
0.1163182407617569
0.13361124694347382
0.09520959109067917
0.1287650316953659
0.11333896219730377
0.09374377876520157
0.12471869587898254
0.10480590164661407
0.11082202941179276
0.08975670486688614
0.08982528001070023
0.12533055245876312
0.13342756032943726
0.10213194042444229
0.12848332524299622
0.1385519802570343
0.13136465847492218
0.08534952998161316
0.11308113485574722
0.1273743063211441
0.1247313842177391
0.12908050417900085
0.07465071976184845
0.11860410869121552
0.07874029874801636
0.12123928964138031
0.128921240568161
0.12214726209640503
0.11241836845874786
0.12938345968723297
0.1392119824886322
0.1277087777853012
0.14176496863365173
0.11544724553823471
0.11755332350730896
0.12831781804561615
0.12061465531587601
0.10732690989971161
0.08928641676902771
0.1342177391052246
0.12785837054252625
0.0947549045085907
0.10939260572195053
0.10727670788764954
0.11804509907960892
0.12186881899833679
0.12348084896802902
0.12431193888187408
0.12258142232894897
0.11448589712381363
0.10976747423410416
0.12138637900352478
0.1006140485405922
0.10957308858633041
0.11172311007976532
0.1124904528260231
0.1340305209159851
0.11816870421171188
0.07685790956020355
0.10889442265033722
0.1041729599237442
0.10235287249088287
0.12130846828222275
0.08331189304590225
0.12652184069156647
0.11281033605337143
0.12573841214179993
0.10989266633987427
0.12145593762397766
0.11467532813549042
0.11514750123023987
0.11807779967784882
0.1113375574350357
0.10090683400630951
0.09483799338340759
0.1250896453857422
0.12169478833675385
0.10085951536893845
0.11102413386106491
0.12994861602783203
0.10492032021284103
0.1126178577542305
0.09685418754816055
0.10918278247117996
0.11571545153856277
0.09293855726718903
0.10558284819126129
0.09408935904502869
0.12445197999477386
0.10511723160743713
0.12083617597818375
0.1024726927280426
0.10516297072172165
0.1122175008058548
0.11446599662303925
0.12226279079914093
0.09683585166931152
0.08797871321439743
0.0768054872751236
0.12617851793766022
0.08490587025880814
0.06611897796392441
0.08077079057693481
0.10546509921550751
0.12421640753746033
0.11939971148967743
0.05578392744064331
0.10547327995300293
0.1094057634472847
0.12443036586046219
0.09388957917690277
0.12870441377162933
0.06351771950721741
0.11991381645202637
0.08013748377561569
0.10245747864246368
0.08032271265983582
0.11780758202075958
0.0854514092206955
0.08064214885234833
0.10495886206626892
0.06883842498064041
0.06602700054645538
0.055329255759716034
0.08819808810949326
0.08693316578865051
0.09693142026662827
0.0693807378411293
0.08638328313827515
0.08683378994464874
0.10159100592136383
0.09339553117752075
0.1030266210436821
0.0845414251089096
0.08315793424844742
0.07491575926542282
0.08078856766223907
0.0995117798447609
0.09621453285217285
0.12415291368961334
0.10162988305091858
0.12220319360494614
0.07284224778413773
0.09306913614273071
0.08133391290903091
0.1161700189113617
0.09930109977722168
0.09474292397499084
0.12403292953968048
0.09198210388422012
0.09689991176128387
0.09638050943613052
0.0931992456316948
0.07921068370342255
0.11386097222566605
0.08139396458864212
0.08656199276447296
0.0982208177447319
0.09633126109838486
0.09132063388824463
0.09207073599100113
0.11622278392314911
0.07044212520122528
0.09914744645357132
0.0886206328868866
0.07387891411781311
0.060290805995464325
0.1036117672920227
0.07061359286308289
0.0663331151008606
0.07940233498811722
0.09590399265289307
0.10427136719226837
0.09706475585699081
0.09284155070781708
0.06964500993490219
0.09208575636148453
0.08619135618209839
0.0886642336845398
0.06063893437385559
0.06770108640193939
0.099847212433815
0.10368800163269043
0.125911146402359
0.09385617077350616
0.05906359851360321
0.06630285829305649
0.05618561431765556
0.05772227793931961
0.08375412970781326
0.06844010204076767
0.09365041553974152
0.07922649383544922
0.08050952106714249
0.08179385960102081
0.05823489651083946
0.08638108521699905
0.0804334506392479
0.08690740913152695
0.07496865838766098
0.042791202664375305
0.09338188171386719
0.0737457126379013
0.0310597512871027
0.0910462737083435
0.07458744943141937
0.0673256516456604
0.08148950338363647
0.06898465752601624
0.08150575309991837
0.07951914519071579
0.10742230713367462
0.045853350311517715
0.07673560827970505
0.10175000876188278
0.09500844031572342
0.06293126195669174
0.07447408139705658
0.0861913338303566
0.08560428768396378
0.08865746855735779
0.08159704506397247
0.060405027121305466
0.07661213725805283
0.047526765614748
0.08277744054794312
0.07784484326839447
0.06786389648914337
0.05106450989842415
0.06043523922562599
0.08997595310211182
0.07217168062925339
0.09158880263566971
0.05611911788582802
0.06309056282043457
0.07115871459245682
0.06975112855434418
0.07575196027755737
0.08536913990974426
0.09267373383045197
0.08227279782295227
0.034913189709186554
0.06703643500804901
0.07771912217140198
0.02820589952170849
0.051228784024715424
0.06481105834245682
0.06779322773218155
0.05787082761526108
0.05312230437994003
0.06174334138631821
0.10252934694290161
0.058469489216804504
0.04191718250513077
0.060562774538993835
0.06592249125242233
0.04960423335433006
0.06763534247875214
0.07271116226911545
0.02390558458864689
0.06313992291688919
0.07587558776140213
0.07506785541772842
0.035232946276664734
0.04115307331085205
0.09657642245292664
0.06066718325018883
0.07565899193286896
0.03588287904858589
0.07083893567323685
0.059800244867801666
0.06939709186553955
0.04109650477766991
0.0748414471745491
0.06385263800621033
0.033308226615190506
0.06713435053825378
0.06539765745401382
0.03956678882241249
0.07255296409130096
0.07848530262708664
0.05988457798957825
0.06712648272514343
0.024236833676695824
0.05971760302782059
0.06016215682029724
0.07677397131919861
0.056035056710243225
0.04480036348104477
0.06815186142921448
0.03988482803106308
0.04839692637324333
0.05953178182244301
0.03537967428565025
0.03704849258065224
0.03912102431058884
0.0666426494717598
0.07181333005428314
0.04542412608861923
0.036582253873348236
0.03479301184415817
0.05487922579050064
0.06337372213602066
0.03564375638961792
0.04873964935541153
0.06577833741903305
0.05976889654994011
0.04414784535765648
0.03430536389350891
0.04236852005124092
0.04980137199163437
0.05914367735385895
0.022287484258413315
0.028661316260695457
0.096914142370224
0.0426783561706543
0.02652766928076744
0.0407562255859375
0.028266051784157753
0.05298692733049393
0.04677840322256088
0.06848061829805374
0.081248939037323
0.013328886590898037
0.05411515012383461
0.06989389657974243
0.055995963513851166
0.026638593524694443
0.054570235311985016
0.03039655275642872
0.04949559271335602
0.01955161988735199
0.03806786984205246
0.05420144647359848
0.05061793699860573
0.04514160379767418
0.024507608264684677
0.049804627895355225
0.057557784020900726
0.019901404157280922
0.04131615534424782
0.04796217009425163
0.048613015562295914
0.06441228836774826
0.050140079110860825
0.03115406632423401
0.034544557332992554
0.03809153288602829
0.03253503888845444
0.06307551264762878
0.040439948439598083
0.027062958106398582
0.014100209809839725
0.043710917234420776
0.04228353872895241
0.013834531418979168
0.04560679942369461
0.07034778594970703
0.02318672090768814
0.020318452268838882
0.03650866821408272
0.06741253286600113
0.009700112044811249
0.04012783244252205
0.05558951199054718
0.018950296565890312
0.0027303609531372786
0.05606628209352493
0.047529399394989014
0.0326218381524086
0.032049670815467834
0.03026737831532955
0.04189816862344742
0.04006252437829971
0.03014661744236946
0.04354880005121231
0.05102905258536339
0.0282130166888237
0.06014307215809822
0.06466890871524811
0.04706502705812454
0.10083673894405365
0.04678097367286682
0.02330130711197853
0.04675187170505524
0.03285309299826622
0.05081736296415329
0.039235919713974
-0.0007809847593307495
0.0860711932182312
0.09642684459686279
0.07160880416631699
0.00629187049344182
0.03793738782405853
0.11498415470123291
0.047113094478845596
0.045621782541275024
0.04236380010843277
0.05622275546193123
0.05565911903977394
0.048752836883068085
0.034574877470731735
0.024907764047384262
0.04392043873667717
0.03540493920445442
0.13146330416202545
0.05928976088762283
0.017338646575808525
0.12414083629846573
0.04704485088586807
0.0053847357630729675
0.029236868023872375
0.05657651275396347
0.18187078833580017
0.055178746581077576
0.09460821747779846
0.02610471099615097
0.024944666773080826
0.046473365277051926
0.039062563329935074
0.07011401653289795
0.03634811192750931
0.032467298209667206
0.04800254479050636
0.05419052392244339
0.04011566936969757
0.030036561191082
0.05890408158302307
0.028483279049396515
0.06979548186063766
0.017770815640687943
0.04894024878740311
0.08648934960365295
0.053069524466991425
0.06329208612442017
0.06610898673534393
0.03277640417218208
0.039644718170166016
0.04986661672592163
0.07847829163074493
0.10925142467021942
0.09125342220067978
0.048452939838171005
0.037619076669216156
0.05982104688882828
0.08235642313957214
0.043447356671094894
0.08834060281515121
0.06101319193840027
0.08147317916154861
0.07552635669708252
0.05170417204499245
0.035217881202697754
0.04996466636657715
0.04824882373213768
0.08978980779647827
0.07745858281850815
0.09033570438623428
0.2698476016521454
0.055566832423210144
0.08035439252853394
0.09932409971952438
0.0327019989490509
0.08375595510005951
0.04578536003828049
0.1033531203866005
0.02476571500301361
0.12480254471302032
0.07967758923768997
0.13166701793670654
0.03358617052435875
0.03522445261478424
0.03890617564320564
0.08110557496547699
0.1609698086977005
0.03643647953867912
0.06769028306007385
0.048226889222860336
0.021948231384158134
0.0471227802336216
0.05495285615324974
0.0631130039691925
0.11928537487983704
0.11849839240312576
0.08377450704574585
0.07211800664663315
0.08490033447742462
0.04099951684474945
0.05259062349796295
0.10929305851459503
0.05840614438056946
0.05199030041694641
0.05013062059879303
0.08555048704147339
0.036144763231277466
0.05127812176942825
0.0580613911151886
0.09810762852430344
0.034663666039705276
0.03917955607175827
0.039721034467220306
0.07279516011476517
0.07698306441307068
0.04799796640872955
0.03333986550569534
0.09994123876094818
0.14825841784477234
0.1557522416114807
0.11344365775585175
0.08295798301696777
0.0389806404709816
0.07813570648431778
0.04763349890708923
0.057747527956962585
0.046979065984487534
0.03699531778693199
0.031097102910280228
0.07177281379699707
0.06915776431560516
0.06082697957754135
0.04925387725234032
0.027002684772014618
0.046120353043079376
0.06452900171279907
0.06547926366329193
0.06719004362821579
0.0415148064494133
0.06536707282066345
0.05527433007955551
0.05722683295607567
0.040547266602516174
0.05612112581729889
0.07827423512935638
0.0579572468996048
0.060528069734573364
0.046154771000146866
0.10129169374704361
0.0510241836309433
0.16827045381069183
0.05714704096317291
0.10924430936574936
0.03923738747835159
0.0641118660569191
0.04525340721011162
0.08640136569738388
0.04258829355239868
0.08092013001441956
0.05814705789089203
0.09474256634712219
0.03738921135663986
0.04827599227428436
0.0881972387433052
0.05478321760892868
0.19419600069522858
0.053308144211769104
0.06542958319187164
0.08214189112186432
0.05648162215948105
0.04777992144227028
0.050325095653533936
0.07666173577308655
0.04936894029378891
0.04049302637577057
0.1319814920425415
0.0534946545958519
0.06716538965702057
0.07000806927680969
0.06225172430276871
0.09133307635784149
0.0313858687877655
0.06870178878307343
0.044114455580711365
0.03912471979856491
0.0910288468003273
0.055554576218128204
0.05658552050590515
0.050577498972415924
0.05589577555656433
0.0626281127333641
0.05224443972110748
0.07938643544912338
0.053649529814720154
0.04215802624821663
0.1302468627691269
0.04042956605553627
0.05353877693414688
0.04662526398897171
0.04694491624832153
0.08787145465612411
0.0734141543507576
0.07593534886837006
0.06850021332502365
0.06543305516242981
0.11766664683818817
0.0418689139187336
0.057565294206142426
0.03859664127230644
0.0751795843243599
0.07177853584289551
0.04827678203582764
0.046870067715644836
0.15075738728046417
0.040204696357250214
0.04917347431182861
0.10750756412744522
0.03147606924176216
0.06801733374595642
0.050119444727897644
0.05743876099586487
0.08397390693426132
0.04983199015259743
0.03935835883021355
0.08105736970901489
0.02709650993347168
0.06147778779268265
0.04012884199619293
0.05425400286912918
0.05735023319721222
0.14285796880722046
0.07075848430395126
0.10163991153240204
0.0503508597612381
0.05079776793718338
0.1047903299331665
0.06744495034217834
0.04363200068473816
0.06409548968076706
0.02789345197379589
0.0701536163687706
0.023040078580379486
0.05643000826239586
0.08059138059616089
0.04849018529057503
0.04983918368816376
0.05228663980960846
0.0524725504219532
0.06157338619232178
0.06602846831083298
0.062416814267635345
0.026155441999435425
0.06314846873283386
0.03988974168896675
0.04251854494214058
0.05485956743359566
0.05819406360387802
0.045412447303533554
0.06967901438474655
0.059345491230487823
0.07372215390205383
0.05581439286470413
0.04753550514578819
0.06322696805000305
0.0537106990814209
0.06057922542095184
0.056740425527095795
0.0920349657535553
0.06694784015417099
0.02609771117568016
0.07735707610845566
0.05711384117603302
0.047591447830200195
0.06359405815601349
0.07279130816459656
0.0715043693780899
0.04923781007528305
0.05461154133081436
0.04624250903725624
0.04485523700714111
0.09723729640245438
0.06688032299280167
0.06403371691703796
0.045819323509931564
0.030011340975761414
0.04223141819238663
0.10691583156585693
0.04692117124795914
0.03217471018433571
0.06454677879810333
0.0734257772564888
0.06957196444272995
0.08661454916000366
0.03182045742869377
0.03795948624610901
0.06304159760475159
0.040773823857307434
0.04131539911031723
0.04043463617563248
0.14155344665050507
0.0762796625494957
0.030676856637001038
0.027453383430838585
0.03470991551876068
0.057657212018966675
0.043954670429229736
0.06545893102884293
0.03716404736042023
0.04079250246286392
0.0774749219417572
0.05636323243379593
0.0670313909649849
0.0656735971570015
0.08542469143867493
0.03745796158909798
0.06698152422904968
0.055260442197322845
0.04176739230751991
0.032838691025972366
0.062294140458106995
0.05480330437421799
0.03778468444943428
0.03972988948225975
0.11702022701501846
0.04376377910375595
0.03345141559839249
0.04570028930902481
0.06690455973148346
0.0462816059589386
0.08266855031251907
0.08879904448986053
0.08643937855958939
0.034360334277153015
0.061318881809711456
0.01796945556998253
0.016579151153564453
0.0845780223608017
0.04814983159303665
0.08015862852334976
0.06500711292028427
0.05690503120422363
0.04834173992276192
0.03838835656642914
0.044710926711559296
0.029687117785215378
0.045343827456235886
0.05986740440130234
0.08710935711860657
0.028889480978250504
0.02632109634578228
0.04801618307828903
0.023810366168618202
0.04306475445628166
0.011724580079317093
0.05776722729206085
0.042502786964178085
0.04618760943412781
0.06768044829368591
0.019696231931447983
0.06344142556190491
0.04589606076478958
0.04868847131729126
0.026471365243196487
0.07018762826919556
0.03229822218418121
0.03970443829894066
0.05070062726736069
0.04604051634669304
0.06802834570407867
0.0937049612402916
0.059509869664907455
0.04620950669050217
0.08902662992477417
0.03546322137117386
0.05685820430517197
0.027380844578146935
0.04041910171508789
0.06338424980640411
0.04500313103199005
0.06862099468708038
0.040554843842983246
0.060945481061935425
0.04931791126728058
0.041702285408973694
0.0640014261007309
0.07216812670230865
0.02839961275458336
0.06415310502052307
0.09675327688455582
0.04992607235908508
0.051257696002721786
0.09420612454414368
0.0425395742058754
0.06834693998098373
0.051928117871284485
0.1129915863275528
0.04103916138410568
0.05360599234700203
0.023403003811836243
0.019663715735077858
0.035825539380311966
0.04339997470378876
0.03395857289433479
0.05057818815112114
0.10998807847499847
0.09572667628526688
0.08139639347791672
0.046267006546258926
0.04533100128173828
0.04854393005371094
0.037164799869060516
0.035513199865818024
0.050656259059906006
0.04010694473981857
0.03847000002861023
0.0557393915951252
0.029116911813616753
0.0526391975581646
0.08842200040817261
0.09706809371709824
0.049616944044828415
0.06331328302621841
0.05506760627031326
0.07972149550914764
0.04077094793319702
0.06825964897871017
0.03972868621349335
0.05010057985782623
0.06833110749721527
0.024515733122825623
0.049722377210855484
0.041503507643938065
0.02642008289694786
0.02904311753809452
0.06072727590799332
0.038873977959156036
0.029078515246510506
0.042672157287597656
0.019902518019080162
0.03424793481826782
0.05659640580415726
0.040722426027059555
0.06911381334066391
0.04432501271367073
0.0453406423330307
0.04876033589243889
0.03455641120672226
0.028748560696840286
0.030475961044430733
0.06353111565113068
0.04397173225879669
0.05228760465979576
0.03739959001541138
0.022457856684923172
0.04056847468018532
0.039306074380874634
0.023716509342193604
0.02592683583498001
0.022393371909856796
0.03381984308362007
0.015013056807219982
0.04465382546186447
0.02988012135028839
0.0438394770026207
0.04488363862037659
0.04540526121854782
0.009597944095730782
0.02634219080209732
0.048566482961177826
0.019274715334177017
0.03510762006044388
0.04626040160655975
0.02654271572828293
0.0643390566110611
0.07178451120853424
0.034911639988422394
0.01637641340494156
0.032823432236909866
0.02454449236392975
0.04830849915742874
0.048956580460071564
0.057764336466789246
0.05895867571234703
0.027708623558282852
0.0408681221306324
0.016752393916249275
0.04333062469959259
0.0535038560628891
0.0035240226425230503
0.036482151597738266
0.03917837515473366
0.05340304225683212
0.09066157042980194
0.056604862213134766
0.03541213274002075
0.02083127573132515
0.043680340051651
0.07603147625923157
0.04655616730451584
0.03320475295186043
0.034354716539382935
0.037195079028606415
0.02886652573943138
-0.00640888512134552
0.04124008119106293
0.05052682384848595
0.027071598917245865
0.03487570583820343
0.03529660031199455
0.00548792677000165
0.041307929903268814
0.021450351923704147
0.02999839000403881
