0.2307639718055725
0.24623730778694153
0.18768058717250824
0.22984711825847626
0.23864737153053284
0.2366965413093567
0.2361060082912445
0.22890883684158325
0.22900307178497314
0.2564236521720886
0.2407238483428955
0.2441999316215515
0.2142658829689026
0.17603996396064758
0.17599429190158844
0.25419509410858154
0.16863107681274414
0.1715591847896576
0.12319905310869217
0.19937250018119812
0.10460975766181946
0.2192130982875824
0.14476653933525085
0.18944936990737915
0.21770678460597992
0.17683692276477814
0.16859669983386993
0.11327815800905228
0.2602463662624359
0.1263767033815384
0.07871736586093903
0.0783887505531311
0.19694805145263672
0.10803382098674774
0.13108345866203308
0.17267349362373352
0.06786049902439117
0.17694926261901855
-0.04840992018580437
0.06266295164823532
0.09564435482025146
0.38431525230407715
0.13576261699199677
0.18555249273777008
0.19138076901435852
0.15361937880516052
0.27679404616355896
-0.0034305769950151443
0.28177914023399353
0.24930807948112488
0.10371541231870651
0.09153123199939728
0.27708160877227783
0.31409043073654175
0.16297423839569092
0.08139561116695404
0.2598665952682495
0.2798842191696167
0.11208580434322357
0.0939541608095169
0.15718543529510498
0.1308400183916092
0.17953528463840485
0.021937943994998932
0.15936928987503052
0.17789748311042786
0.09737521409988403
0.15722842514514923
0.12536390125751495
0.163091778755188
0.20745432376861572
0.13518883287906647
0.19001440703868866
0.14375336468219757
0.23574970662593842
0.21172094345092773
0.24287429451942444
0.25383082032203674
0.24795082211494446
0.15272793173789978
0.18774349987506866
0.2587679624557495
0.18558229506015778
0.2406030148267746
0.2027290016412735
0.23485997319221497
0.23622632026672363
0.29711079597473145
0.19113072752952576
0.2603762447834015
0.17376790940761566
0.22478896379470825
0.17830035090446472
0.19322961568832397
0.14732559025287628
0.2571255564689636
0.14833363890647888
0.20198941230773926
0.3037455081939697
0.22758421301841736
0.2319246232509613
0.1855969876050949
0.2075302004814148
0.1166485995054245
0.18370939791202545
0.23489916324615479
0.23152396082878113
0.2162795066833496
0.21599385142326355
0.1517038345336914
0.18835289776325226
0.26545900106430054
0.1598013937473297
0.23285597562789917
0.2991011142730713
0.22960811853408813
0.13097943365573883
0.1703828126192093
0.2366768717765808
0.21576209366321564
0.24126505851745605
0.10636990517377853
0.24012590944766998
0.0960172638297081
0.19020944833755493
0.22191712260246277
0.23694531619548798
0.23478324711322784
0.2309313714504242
0.22562968730926514
0.26960331201553345
0.25914648175239563
0.23827072978019714
0.26930516958236694
0.18327993154525757
0.25378546118736267
0.17831307649612427
0.22236905992031097
0.2085529863834381
0.17735102772712708
0.26713699102401733
0.2870206832885742
0.2543518543243408
0.2059437334537506
0.1728919893503189
0.16658788919448853
0.20978689193725586
0.23257136344909668
0.20368580520153046
0.2098883092403412
0.19719445705413818
0.22931376099586487
0.26066216826438904
0.2238864302635193
0.23861832916736603
0.1749638319015503
0.12655135989189148
0.20460845530033112
0.2733112871646881
0.21465623378753662
0.20790991187095642
0.2201702743768692
0.26641809940338135
0.23243239521980286
0.16778603196144104
0.22916319966316223
0.25343355536460876
0.18425202369689941
0.1975536346435547
0.19901642203330994
0.23097866773605347
0.1970595270395279
0.23807653784751892
0.17930692434310913
0.23062609136104584
0.2753394842147827
0.1659235656261444
0.2076965570449829
0.16650471091270447
0.22364690899848938
0.25776949524879456
0.25263890624046326
0.245956689119339
0.21282392740249634
0.3014918267726898
0.21945828199386597
0.20339545607566833
0.2021399885416031
0.23936957120895386
0.2684847116470337
0.14418479800224304
0.20179001986980438
0.23840788006782532
0.19884276390075684
0.1464206725358963
0.30897217988967896
0.26645371317863464
0.23656311631202698
0.19433635473251343
0.20020662248134613
0.2635606527328491
0.23094318807125092
0.22513775527477264
0.22637520730495453
0.24403199553489685
0.20085307955741882
0.2468160092830658
0.22568759322166443
0.2606061100959778
0.19802674651145935
0.19981630146503448
0.18145409226417542
0.2296716719865799
0.1406354010105133
0.23946060240268707
0.26075631380081177
0.1935451328754425
0.2647729516029358
0.23895692825317383
0.189981609582901
0.17532312870025635
0.21592208743095398
0.19531212747097015
0.18405330181121826
0.14905422925949097
0.17239117622375488
0.003398265689611435
0.23727883398532867
0.1888512820005417
0.19055896997451782
0.2703530192375183
0.24575591087341309
0.2505139708518982
0.2561112642288208
0.25101661682128906
0.21337857842445374
0.2660447061061859
0.18596334755420685
0.20419245958328247
0.11798551678657532
0.23149895668029785
0.1804298311471939
0.22792306542396545
0.2244212031364441
0.2068498283624649
0.1546623706817627
0.2639029026031494
0.09164534509181976
0.16335979104042053
0.14679895341396332
0.2514951527118683
0.1710537075996399
0.2303732931613922
0.18800505995750427
0.21796883642673492
0.24813345074653625
0.2508872449398041
0.22010135650634766
0.25417962670326233
0.21384888887405396
0.14275121688842773
0.18123097717761993
0.2616870403289795
0.24334268271923065
0.2701527178287506
0.12758292257785797
0.23806026577949524
0.24642038345336914
0.2529897689819336
0.18648368120193481
0.17577031254768372
0.206186443567276
0.23161408305168152
0.2837385833263397
0.06736795604228973
0.18260705471038818
0.18786633014678955
0.22736340761184692
0.22001302242279053
0.19920149445533752
0.21098080277442932
0.08216194808483124
0.2004096508026123
0.21039974689483643
0.20304740965366364
0.18314117193222046
0.22261649370193481
0.22024694085121155
0.14567352831363678
0.2368689775466919
0.22951415181159973
0.235922172665596
0.15151721239089966
0.1481044739484787
0.1898612678050995
0.21718381345272064
0.22852793335914612
0.18359042704105377
0.21213999390602112
0.23405076563358307
0.0952710211277008
0.27687084674835205
0.14862947165966034
0.23264184594154358
0.18448661267757416
0.11050176620483398
0.2502675950527191
0.18369850516319275
0.2081218808889389
0.20914863049983978
0.0960635095834732
0.2203836888074875
0.16101646423339844
0.20911872386932373
0.24247074127197266
0.2052941918373108
0.06879395246505737
0.19833068549633026
0.21507856249809265
0.1442916840314865
0.14863470196723938
0.2396356165409088
0.13132162392139435
0.17454415559768677
0.18006250262260437
0.18403218686580658
0.1997525990009308
0.17161281406879425
0.12790849804878235
0.11031235754489899
0.16646111011505127
0.21044430136680603
0.1649256944656372
0.21493470668792725
0.06449741125106812
0.11564026772975922
0.1338195949792862
0.22168606519699097
0.23403996229171753
0.23125281929969788
0.21001550555229187
0.09864144772291183
0.18915387988090515
0.052292145788669586
0.07020554691553116
0.16048070788383484
0.22328151762485504
0.23009593784809113
0.13244152069091797
0.2698294520378113
0.1420590728521347
0.0726815015077591
0.12098418176174164
0.18397291004657745
0.22556054592132568
0.155141219496727
0.15175196528434753
0.21537131071090698
0.15807567536830902
0.22623732686042786
0.15458188951015472
0.2036110758781433
0.20336386561393738
0.0716954842209816
0.08111754059791565
0.15043289959430695
0.12996935844421387
0.1368616819381714
0.12968382239341736
0.17661672830581665
0.20484229922294617
0.12403924763202667
0.15512841939926147
0.13337521255016327
0.22992119193077087
0.21454602479934692
0.14285987615585327
0.2579471468925476
0.17792955040931702
0.032943859696388245
0.25309526920318604
0.06825345009565353
0.2227933406829834
0.15270847082138062
0.20648518204689026
0.10760888457298279
0.108618825674057
0.16143479943275452
0.16537880897521973
0.11695373058319092
0.15602397918701172
0.16949331760406494
0.12270107865333557
0.04214463010430336
0.1568419635295868
0.22959454357624054
0.12851852178573608
0.1426524668931961
0.12871018052101135
0.17465196549892426
0.05360584333539009
0.0893547460436821
0.19878877699375153
0.0809415653347969
0.08684548735618591
0.1923486739397049
0.13310690224170685
0.167419895529747
0.12236310541629791
0.0307692289352417
0.17675811052322388
0.06435492634773254
0.16004465520381927
0.1707966923713684
0.04247746989130974
0.11921268701553345
0.14215371012687683
0.1832980215549469
0.08847323060035706
0.1600610613822937
0.0981728658080101
0.03678431361913681
0.17428427934646606
0.11624205112457275
0.1561114490032196
0.15028253197669983
0.10588012635707855
0.23766270279884338
0.10688268393278122
0.1032722219824791
0.19715869426727295
0.12204611301422119
0.20891664922237396
0.14841021597385406
0.14332672953605652
0.10453490912914276
0.10171018540859222
0.0636214166879654
0.1464954912662506
0.041263602674007416
0.22593706846237183
-0.035476721823215485
0.0948895514011383
0.04113662987947464
0.04619073122739792
0.13932400941848755
0.06513313204050064
0.07805764675140381
0.16231895983219147
0.1029777079820633
0.06397608667612076
0.09553777426481247
0.07766802608966827
0.06672654300928116
0.08352780342102051
0.12992894649505615
0.20347534120082855
0.21246102452278137
0.25321656465530396
0.10400115698575974
-0.023469015955924988
0.03087649866938591
-0.1407557725906372
0.186297208070755
0.13052688539028168
0.09472919255495071
0.04045674949884415
0.1111258938908577
0.2255440652370453
0.03855768218636513
-0.0026381053030490875
0.09506018459796906
0.14060890674591064
0.09137528389692307
0.02804619073867798
0.07622341811656952
0.027402915060520172
0.07809656858444214
-0.009330075234174728
0.10265116393566132
0.12872055172920227
0.007870428264141083
0.06298360228538513
-0.008050180971622467
0.08547574281692505
0.1367930769920349
0.05317133665084839
0.04305710271000862
0.09295549988746643
-0.00838109478354454
0.06709293276071548
0.026632793247699738
0.13083235919475555
0.069959357380867
0.19930067658424377
0.016004744917154312
0.023580756038427353
0.05669412389397621
0.004761550575494766
0.043734412640333176
0.1394641101360321
0.20558013021945953
0.025088241323828697
-0.11289379000663757
0.11363419890403748
0.1053372398018837
0.0812353640794754
0.11969180405139923
-0.0021919570863246918
0.10255053639411926
0.08009420335292816
0.1259462535381317
0.014780782163143158
0.1196340024471283
0.08978208154439926
-0.009342513978481293
0.18974775075912476
-0.029898181557655334
0.017206858843564987
0.17690089344978333
0.04941033944487572
0.016984708607196808
0.05731366574764252
-0.010967835783958435
0.1489727795124054
0.04777313768863678
0.1941533386707306
0.16416676342487335
0.017326850444078445
0.1538068950176239
0.045698463916778564
0.1905805915594101
0.12813135981559753
0.016633447259664536
0.13420931994915009
0.15358993411064148
-0.002311062067747116
0.11966882646083832
0.17276591062545776
0.10685037076473236
0.02940000221133232
0.09853754192590714
0.20021837949752808
0.19796934723854065
0.02872481383383274
0.1506294459104538
0.10842208564281464
0.1526552140712738
0.1157502830028534
0.19763383269309998
-0.0375104695558548
0.15273556113243103
0.09528963267803192
0.15167628228664398
0.13820414245128632
-0.005123712122440338
0.06553992629051208
-0.045777227729558945
0.17971496284008026
0.0203881673514843
0.06170639395713806
0.14251594245433807
0.06237705796957016
-0.01538969948887825
0.041413791477680206
0.13469040393829346
0.04760405421257019
0.10434260219335556
0.11226596683263779
-0.07779569923877716
0.21592840552330017
0.06969210505485535
0.12148488312959671
0.11299292743206024
0.1351560652256012
0.0667465552687645
0.013656862080097198
0.1989186406135559
0.1210416778922081
0.09657660126686096
0.0528801828622818
-0.02659762278199196
0.12242010980844498
0.0827377662062645
-0.06519125401973724
0.07881610095500946
-0.017693407833576202
0.04621320962905884
-0.049691423773765564
0.05095376819372177
0.11911000311374664
0.15416502952575684
0.07463398575782776
0.1442093551158905
0.16932988166809082
0.1887662708759308
0.09875953942537308
0.07090674340724945
0.16825143992900848
0.04899397864937782
0.09049522131681442
0.08323375880718231
0.013747330754995346
0.1440114974975586
0.21657991409301758
0.2517022490501404
0.09672996401786804
0.23737573623657227
0.07238359749317169
0.04698221758008003
-0.0018820911645889282
0.1539275348186493
-0.07493957132101059
0.14585503935813904
0.13335931301116943
0.17925462126731873
0.05877631902694702
0.07843238115310669
0.1560988873243332
0.037488535046577454
0.027934864163398743
-0.11390708386898041
0.036985255777835846
0.025646351277828217
0.13490787148475647
0.07133624702692032
0.04621373862028122
0.08242236822843552
0.16737280786037445
0.10751699656248093
-0.013048205524682999
0.05813362076878548
0.0007354505360126495
0.04194927215576172
0.07727443426847458
0.04536613076925278
0.12247811257839203
0.06490276008844376
0.024713080376386642
0.1427796483039856
0.12249985337257385
0.047816287726163864
0.05676152557134628
-0.129572793841362
0.12576834857463837
0.29322415590286255
0.06306961923837662
0.0992007851600647
-0.0802534967660904
0.05822116881608963
0.22346340119838715
0.02112969383597374
0.055607814341783524
0.10577242821455002
-0.04256828874349594
-0.09591175615787506
0.02079883962869644
0.10587899386882782
0.10244926810264587
-0.01082020252943039
0.16238552331924438
0.08991863578557968
0.14675968885421753
0.09714077413082123
0.04262201115489006
-0.0048101507127285
0.07378635555505753
0.03504302352666855
0.05733815208077431
-0.0028898268938064575
0.06259213387966156
0.07000641524791718
-0.009352687746286392
0.12599818408489227
0.06653393805027008
0.06233416870236397
0.028441715985536575
0.2553226351737976
0.12299291789531708
0.09693890810012817
0.06443353742361069
0.07148294895887375
0.0930250734090805
-0.02397312968969345
0.06424443423748016
0.13427290320396423
0.15882739424705505
0.10028934478759766
0.15502841770648956
0.15546278655529022
0.01175566017627716
0.1943991482257843
0.029895106330513954
0.25414401292800903
0.13428515195846558
-0.11195738613605499
0.005054682493209839
0.02076694741845131
0.07727286219596863
0.14191797375679016
0.1098569929599762
0.11872589588165283
0.020909084007143974
0.027802277356386185
0.016300063580274582
0.12603053450584412
0.13299104571342468
0.06111867353320122
0.14017611742019653
0.0879107117652893
-0.03496738523244858
-0.09094929695129395
0.057083938270807266
0.04830601066350937
0.09751784056425095
0.10003124177455902
0.15573769807815552
0.0016745887696743011
0.16368091106414795
0.02964278683066368
-0.01134876161813736
0.0114377960562706
0.14346519112586975
0.16253219544887543
0.0833197683095932
0.1649569272994995
-0.007483556866645813
0.03262058645486832
-0.021057039499282837
-0.02550813928246498
0.14808982610702515
0.01512347161769867
0.0499795638024807
-0.05109924077987671
0.21208210289478302
-0.03376345336437225
0.10288730263710022
-0.025424368679523468
0.19047291576862335
-0.010001212358474731
0.11328443884849548
0.07507436722517014
0.20433273911476135
0.07118745893239975
0.05421804264187813
0.033156827092170715
0.08647498488426208
0.16435198485851288
0.14601604640483856
0.09806014597415924
0.17828582227230072
-0.03930148854851723
0.09457674622535706
-0.029859483242034912
0.11015928536653519
0.021542824804782867
0.05095532163977623
0.13318797945976257
0.20797878503799438
0.08631783723831177
0.034667111933231354
0.0077398717403411865
0.0873267650604248
0.08267539739608765
0.08135019242763519
0.09873780608177185
0.08097735047340393
0.1763300597667694
0.07602430135011673
0.14822380244731903
0.18317049741744995
-0.004161812365055084
0.14931882917881012
0.15274934470653534
0.10459089279174805
0.03018578141927719
0.21351397037506104
0.025304734706878662
0.1560591161251068
0.23023387789726257
0.07989493757486343
0.11123000085353851
0.024826407432556152
0.13697433471679688
0.10587659478187561
0.0342295877635479
0.1455884724855423
-0.020709212869405746
0.10348902642726898
0.12485465407371521
0.20913065969944
0.07258890569210052
0.08843599259853363
0.03972111642360687
0.0787709578871727
0.07705220580101013
0.11017434298992157
0.11561767011880875
-0.05803901329636574
0.09329316020011902
0.05450264364480972
0.17668300867080688
0.042806848883628845
0.11724038422107697
0.015363506972789764
0.06288209557533264
0.12537850439548492
0.043365731835365295
0.022675003856420517
0.1727730631828308
0.08975151181221008
0.0846654400229454
0.1306462585926056
0.15883079171180725
0.06584308296442032
-0.026237592101097107
0.05329156666994095
-0.03642711043357849
0.13029703497886658
-0.01989196240901947
0.1500997543334961
0.13470879197120667
0.10066969692707062
0.10738186538219452
0.012249864637851715
0.14318877458572388
0.04257495701313019
0.08956602215766907
-0.013566993176937103
0.059011317789554596
0.13681572675704956
0.06579507887363434
0.13841049373149872
0.1874316930770874
0.028068270534276962
0.041282493621110916
0.1632886379957199
0.19922921061515808
-0.021501895040273666
0.15025559067726135
0.044563062489032745
0.07693081349134445
-0.023964211344718933
0.06351795792579651
0.19607463479042053
0.11816861480474472
0.1436077207326889
0.26165127754211426
-0.005408775061368942
0.08567597717046738
0.09660183638334274
0.06570373475551605
-0.0034445524215698242
0.09499557316303253
0.11019550263881683
0.19063149392604828
-0.04286162555217743
0.09611710906028748
0.1184486374258995
0.02312542125582695
0.05953006073832512
0.12054862827062607
-0.14328080415725708
0.11721903085708618
0.08086536079645157
0.07293839752674103
-0.06906573474407196
0.08662226796150208
-0.012218665331602097
0.09333491325378418
0.04096668213605881
0.15870660543441772
0.027171790599822998
-0.0368538573384285
0.06521306186914444
0.12498495727777481
0.17572224140167236
0.16716894507408142
0.013312157243490219
0.1548483520746231
0.17601528763771057
0.05637580156326294
0.014889296144247055
0.1170254647731781
0.11950993537902832
0.10979730635881424
0.021565821021795273
0.19982627034187317
0.11292128264904022
0.17317840456962585
0.08881087601184845
0.058788277208805084
0.036239225417375565
0.09397666901350021
0.03412848338484764
0.14435634016990662
0.07234552502632141
0.006435766816139221
0.07341761142015457
0.29112645983695984
0.17263302206993103
0.17411014437675476
0.07157163321971893
-0.03459932282567024
0.14045117795467377
0.15323017537593842
0.1643657684326172
0.018176227807998657
0.11093266308307648
0.012606181204319
0.0968720018863678
0.1997269093990326
0.08336300402879715
0.16594170033931732
0.05657052993774414
-0.10098627954721451
0.08240288496017456
0.12140814960002899
0.10041332244873047
0.05051247030496597
0.18473517894744873
0.1339571326971054
0.19177183508872986
-0.007306922227144241
0.04946214333176613
0.1504378318786621
0.13322018086910248
0.17052894830703735
0.1159205436706543
-0.02314883843064308
0.20692390203475952
0.13984984159469604
0.09982994943857193
0.05242278426885605
0.017880242317914963
0.011807307600975037
0.01326427236199379
-0.014429371803998947
0.1425267457962036
0.005144711583852768
0.1673314869403839
0.042904749512672424
0.13476312160491943
0.16269634664058685
0.1709495484828949
0.10451952368021011
0.044997572898864746
-0.04507613927125931
0.08182741701602936
0.032887060195207596
0.17403218150138855
-0.037863098084926605
0.0671348050236702
0.050737496465444565
0.17041829228401184
0.13251103460788727
0.2256157249212265
-0.018145184963941574
0.14771538972854614
0.21313026547431946
0.05605122447013855
0.20029526948928833
0.10652582347393036
0.16947808861732483
0.048136111348867416
0.11659218370914459
0.051880523562431335
0.16331377625465393
0.0013711974024772644
0.1689361333847046
0.08062228560447693
0.1778775155544281
0.06157825142145157
-0.13603419065475464
0.08587430417537689
0.07414957135915756
-0.06584453582763672
0.12430237233638763
0.1231209933757782
0.048853397369384766
0.0622919425368309
0.12589603662490845
0.008031856268644333
0.11297640204429626
0.15252648293972015
0.11806204915046692
0.10888924449682236
0.07076621800661087
0.04368835687637329
0.07926826924085617
0.06605447083711624
0.238908052444458
0.14141994714736938
0.19028973579406738
0.03934171423316002
0.03260495513677597
0.07224884629249573
0.09216232597827911
0.255868136882782
0.03250960260629654
