0.620561420917511
0.6326198577880859
0.587634801864624
0.6229707598686218
0.6226145625114441
0.6227991580963135
0.6231827735900879
0.6171922087669373
0.6199583411216736
0.6389374732971191
0.6166061162948608
0.6279232501983643
0.6117565035820007
0.5674037337303162
0.5790784358978271
0.6362022757530212
0.5783456563949585
0.5703361630439758
0.524414598941803
0.5912402272224426
0.5167980790138245
0.6161559224128723
0.5644079446792603
0.5899921655654907
0.6074199080467224
0.5785331726074219
0.5824849605560303
0.5320695638656616
0.6389861702919006
0.5521904230117798
0.5347576141357422
0.5163811445236206
0.5974224805831909
0.5362915396690369
0.5218863487243652
0.5849244594573975
0.4969834089279175
0.6090664267539978
0.34055596590042114
0.5136284828186035
0.44019192457199097
0.6873049139976501
0.3851914405822754
0.3814254403114319
0.4806576669216156
0.390160471200943
0.5508562922477722
0.21811601519584656
0.5799298286437988
0.49597251415252686
0.44659745693206787
0.5431821942329407
0.7608801126480103
0.7098008394241333
0.43460145592689514
0.49066686630249023
0.6507208943367004
0.6564092636108398
0.4629841148853302
0.47580787539482117
0.5762755870819092
0.6341947317123413
0.5787328481674194
0.45271068811416626
0.5506611466407776
0.5710170269012451
0.4939814805984497
0.5586644411087036
0.5283651351928711
0.5525349974632263
0.5900257229804993
0.5254657864570618
0.571173369884491
0.5346248745918274
0.6285142302513123
0.5904765129089355
0.6292989253997803
0.6302376389503479
0.6189959645271301
0.5684110522270203
0.5884904265403748
0.6464765071868896
0.5652564764022827
0.6238189339637756
0.5938474535942078
0.6057544946670532
0.638470470905304
0.6706143021583557
0.5775296688079834
0.634048581123352
0.5776511430740356
0.5990986824035645
0.5598761439323425
0.592374324798584
0.5420424342155457
0.6480430364608765
0.5306026339530945
0.6111458539962769
0.6728304028511047
0.6140970587730408
0.6442348957061768
0.5676602125167847
0.5947287678718567
0.5181078314781189
0.5773699879646301
0.6069645881652832
0.6047326326370239
0.612795352935791
0.5921787619590759
0.5507780313491821
0.5851002335548401
0.6432548761367798
0.5558484792709351
0.6162014603614807
0.6809260845184326
0.6076569557189941
0.5260668396949768
0.5637303590774536
0.6305316686630249
0.6193770170211792
0.616127073764801
0.49850866198539734
0.6229880452156067
0.5054587125778198
0.6107752919197083
0.6090433597564697
0.6269340515136719
0.6202621459960938
0.6197073459625244
0.612148106098175
0.6489163637161255
0.6487084627151489
0.6169806122779846
0.6433802843093872
0.5730865597724915
0.6081101298332214
0.6074868440628052
0.6059927940368652
0.6077760457992554
0.5189605951309204
0.5909440517425537
0.5331079959869385
0.61651611328125
0.630435049533844
0.6200942993164062
0.610390841960907
0.5770570635795593
0.6166557669639587
0.6272345781326294
0.5793742537498474
0.6167134046554565
0.6536383628845215
0.6190381050109863
0.5906615853309631
0.5873538255691528
0.5998077392578125
0.6582692861557007
0.6056295037269592
0.5652825832366943
0.6573958396911621
0.6474071145057678
0.615776002407074
0.5601754784584045
0.613969624042511
0.6290761828422546
0.5440229773521423
0.601790189743042
0.5705969333648682
0.5955906510353088
0.6275580525398254
0.5135707259178162
0.6077509522438049
0.6841294169425964
0.6343220472335815
0.6279935836791992
0.587009608745575
0.6232824325561523
0.5982202291488647
0.5979416370391846
0.6082998514175415
0.6436271667480469
0.6516543626785278
0.643974244594574
0.5359539985656738
0.6313062906265259
0.5425211787223816
0.6306948661804199
0.6529410481452942
0.6406786441802979
0.5877395272254944
0.582072913646698
0.5224696397781372
0.6702535152435303
0.5670997500419617
0.5924311280250549
0.6041797399520874
0.6006819605827332
0.6052464842796326
0.6117709279060364
0.6254742741584778
0.5812878608703613
0.6283832788467407
0.6282346248626709
0.597224771976471
0.6075146198272705
0.6348669528961182
0.6421023011207581
0.4754943251609802
0.5587846040725708
0.5629941821098328
0.6099955439567566
0.5816996693611145
0.5862974524497986
0.5553998947143555
0.6407495737075806
0.6425976753234863
0.47116267681121826
0.6464991569519043
0.5655762553215027
0.6473169922828674
0.58910071849823
0.622600793838501
0.6028957366943359
0.5853315591812134
0.4315124750137329
0.5954568386077881
0.5703200697898865
0.610713005065918
0.5819844603538513
0.6282966732978821
0.6398434638977051
0.6332084536552429
0.6099665760993958
0.5640934705734253
0.6170789003372192
0.6278029084205627
0.5058797597885132
0.6142027974128723
0.566072940826416
0.5742084383964539
0.5893375873565674
0.6237727403640747
0.5610042810440063
0.6465185284614563
0.5873512029647827
0.5687694549560547
0.45293885469436646
0.6047433614730835
0.6146390438079834
0.6100609302520752
0.6289522051811218
0.5841243267059326
0.5679658651351929
0.6799592971801758
0.6336377263069153
0.6554090976715088
0.6526198387145996
0.5740275382995605
0.6039186120033264
0.6233292818069458
0.6144863963127136
0.6022534370422363
0.6146106123924255
0.5948240160942078
0.5889866352081299
0.5534585118293762
0.6107679009437561
0.5981659889221191
0.5550767779350281
0.6151964068412781
0.6714088916778564
0.5962512493133545
0.583840012550354
0.5518664717674255
0.575152575969696
0.604158878326416
0.6438031792640686
0.58609938621521
0.5766772031784058
0.5700136423110962
0.5484892725944519
0.5962051153182983
0.6546083092689514
0.5980153679847717
0.6506826281547546
0.5631782412528992
0.5706740021705627
0.6395202279090881
0.6277292370796204
0.5948883891105652
0.6198812127113342
0.510313093662262
0.5994040966033936
0.5681725144386292
0.6134012937545776
0.6202208399772644
0.5345790386199951
0.5907794833183289
0.5798017382621765
0.5718621015548706
0.5737391710281372
0.5070071220397949
0.5625105500221252
0.6310117244720459
0.6570175886154175
0.5746223330497742
0.6435993909835815
0.5977583527565002
0.6393564343452454
0.5234915614128113
0.5987606048583984
0.5419796705245972
0.5963935256004333
0.586390495300293
0.5956422090530396
0.5330758094787598
0.5511185526847839
0.6225419640541077
0.513577938079834
0.5353987216949463
0.5410582423210144
0.5821272134780884
0.6430685520172119
0.6000312566757202
0.6124581694602966
0.631687343120575
0.5432447195053101
0.5581584572792053
0.5502971410751343
0.598557710647583
0.6215458512306213
0.5536336898803711
0.6479758024215698
0.6206864714622498
0.6081386804580688
0.5731863379478455
0.6450139284133911
0.5903163552284241
0.5884116888046265
0.6291974186897278
0.584523618221283
0.5694419741630554
0.6208837628364563
0.5986250042915344
0.6053426861763
0.5349329710006714
0.5390981435775757
0.6537483930587769
0.5971105098724365
0.6379076242446899
0.6038956046104431
0.5870444178581238
0.4954828917980194
0.5172569155693054
0.4861445128917694
0.5672287940979004
0.539157509803772
0.609562873840332
0.5356414914131165
0.6115009188652039
0.554050087928772
0.4761517345905304
0.5623505711555481
0.6351428627967834
0.6290011405944824
0.5895575284957886
0.5559461712837219
0.6133843660354614
0.5892341136932373
0.6235226988792419
0.5319502353668213
0.6322841644287109
0.6209631562232971
0.5382510423660278
0.6060441732406616
0.5700543522834778
0.5976132750511169
0.6241546273231506
0.6078879833221436
0.5935025215148926
0.5754157900810242
0.5802136659622192
0.5790148973464966
0.6422064900398254
0.5688866376876831
0.6101697683334351
0.6014430522918701
0.5980038046836853
0.5719972252845764
0.5857710838317871
0.49591413140296936
0.5704491138458252
0.6414268016815186
0.5806078314781189
0.5025048851966858
0.5575428009033203
0.572573721408844
0.5719178318977356
0.6108144521713257
0.541698157787323
0.5758816003799438
0.6494407057762146
0.5787051320075989
0.439121812582016
0.567172646522522
0.6146813035011292
0.5968725085258484
0.5434492230415344
0.5491642355918884
0.4777839183807373
0.5558798313140869
0.6314921379089355
0.5839957594871521
0.567284882068634
0.5955958962440491
0.5628978610038757
0.4747247099876404
0.5704260468482971
0.5458856821060181
0.4913348853588104
0.5102404952049255
0.5394719839096069
0.5852980017662048
0.5771474242210388
0.5932862758636475
0.6143062114715576
0.548092782497406
0.6433017253875732
0.6149654388427734
0.6369491219520569
0.5501314997673035
0.579896092414856
0.6233628988265991
0.5174073576927185
0.5396029949188232
0.6386922001838684
0.5677975416183472
0.5537891983985901
0.4809674620628357
0.4828779399394989
0.6366498470306396
0.6135276556015015
0.5906553864479065
0.5371437668800354
0.6256995797157288
0.5749093294143677
0.46206602454185486
0.5294700860977173
0.5618598461151123
0.5277842879295349
0.5746026039123535
0.5163355469703674
0.5768941640853882
0.6536048650741577
0.5882574319839478
0.598509669303894
0.5792847871780396
0.5730770826339722
0.5875069499015808
0.6088306903839111
0.5177006721496582
0.6056446433067322
0.5379453301429749
0.5545227527618408
0.5445467233657837
0.5676385164260864
0.6318526864051819
0.5576947927474976
0.5284408330917358
0.5223821401596069
0.5797483921051025
0.530349850654602
0.5232288837432861
0.6279557347297668
0.517769455909729
0.6107010841369629
0.5460329055786133
0.5835479497909546
0.6167988181114197
0.6159286499023438
0.5085957646369934
0.5742670297622681
0.4633040428161621
0.6367367506027222
0.5885705351829529
0.6049761176109314
0.6134535074234009
0.5796306729316711
0.5537155270576477
0.5532844662666321
0.4947529733181
0.5117573142051697
0.5693861246109009
0.5911861062049866
0.5582720637321472
0.5722519159317017
0.4818095862865448
0.5396702885627747
0.49774059653282166
0.4854590594768524
0.5333479642868042
0.5520790815353394
0.6484455466270447
0.5676205158233643
0.503279447555542
0.5395354628562927
0.49652910232543945
0.5048947334289551
0.48001718521118164
0.5456951856613159
0.5920554399490356
0.5125360488891602
0.594277024269104
0.5054959654808044
0.5738849639892578
0.5064194202423096
0.5703346729278564
0.5678912997245789
0.5545588135719299
0.48827192187309265
0.535437822341919
0.5372118353843689
0.5697249174118042
0.5432630181312561
0.5402646064758301
0.47109049558639526
0.5378499627113342
0.515675961971283
0.43760502338409424
0.551887571811676
0.616869330406189
0.4978259205818176
0.49618256092071533
0.49766820669174194
0.5364587903022766
0.44016870856285095
0.5023566484451294
0.5501320958137512
0.6140154004096985
0.6086426973342896
0.5234614610671997
0.5423920750617981
0.5915380120277405
0.6360986232757568
0.5704228281974792
0.49701303243637085
0.5994436144828796
0.5548868179321289
0.5668830275535583
0.5194469094276428
0.5392825603485107
0.5664980411529541
0.5033960938453674
0.5048149228096008
0.5555984973907471
0.48937880992889404
0.560451090335846
0.5074933767318726
0.5744549632072449
0.518973708152771
0.5168635249137878
0.5086497068405151
0.6091487407684326
0.5333586931228638
0.5681794881820679
0.5816460847854614
0.5282971262931824
0.5427734851837158
0.5518884658813477
0.467414915561676
0.5706404447555542
0.5518559217453003
0.5000652074813843
0.5866577625274658
0.5838992595672607
0.5984769463539124
0.5934099555015564
0.5337637662887573
0.5779081583023071
0.5217257738113403
0.5231208205223083
0.5239558815956116
0.49438726902008057
0.5387513041496277
0.5116573572158813
0.5844767689704895
0.4125795364379883
0.6060735583305359
0.5373607873916626
0.5067177414894104
0.5180045366287231
0.5626496076583862
0.5013940930366516
0.6199619770050049
0.5443347692489624
0.5418886542320251
0.5587393045425415
0.4528214931488037
0.5696998834609985
0.4279053509235382
0.5774840116500854
0.44040265679359436
0.5411608815193176
0.5926021933555603
0.5584332942962646
0.5673094987869263
0.5021042823791504
0.45279964804649353
0.5807905793190002
0.5679886937141418
0.5178743600845337
0.4848737120628357
0.3515724241733551
0.45090529322624207
0.5242879986763
0.5402337312698364
0.317762166261673
0.5951042175292969
0.553869366645813
0.46776485443115234
0.4529898762702942
0.6140977144241333
0.5157409906387329
0.5722241997718811
0.5264496207237244
0.5695879459381104
0.6039621233940125
0.48138970136642456
0.5006192922592163
0.5576605200767517
0.47604233026504517
0.5321148037910461
0.4490188658237457
0.49681559205055237
0.5364893674850464
0.48424285650253296
0.4875372052192688
0.4655502140522003
0.4750472903251648
0.4613742232322693
0.49239256978034973
0.5238236784934998
0.5168766379356384
0.5808058381080627
0.34833842515945435
0.506010115146637
0.5317744612693787
0.5846699476242065
0.4976380169391632
0.555108904838562
0.552178144454956
0.6183289885520935
0.5996578335762024
0.6285777688026428
0.42904937267303467
0.48545512557029724
0.5187547206878662
0.5292697548866272
0.5852675437927246
0.5035411715507507
0.4405774474143982
0.5024657249450684
0.4996940791606903
0.5492722392082214
0.5101715922355652
0.2526755630970001
0.5131151080131531
0.5713649988174438
0.5083661675453186
0.47841110825538635
0.5648665428161621
0.5249741077423096
0.4764484763145447
0.49302199482917786
0.4556177854537964
0.43884509801864624
0.5315066576004028
0.539124608039856
0.4946787655353546
0.4083607792854309
0.5663626194000244
0.5751309394836426
0.5094030499458313
0.5729938745498657
0.5457233786582947
0.5650815963745117
0.57805335521698
0.34667161107063293
0.61166912317276
0.46974027156829834
0.6044432520866394
0.41863909363746643
0.5862098932266235
0.4163791239261627
0.5397822260856628
0.4869481921195984
0.5836803317070007
0.5593465566635132
0.47517314553260803
0.4632239043712616
0.504025936126709
0.5811579823493958
0.5790855288505554
0.47404420375823975
0.3779809772968292
0.5194041132926941
0.4670884907245636
0.4807623028755188
0.4693896472454071
0.5283616781234741
0.41295936703681946
0.5413585901260376
0.45428043603897095
0.5433138012886047
0.5599306225776672
0.5460566878318787
0.5396575331687927
0.5494161248207092
0.5425834655761719
0.5871901512145996
0.4235846698284149
0.5630276799201965
0.40637099742889404
0.5403522849082947
0.43834176659584045
0.5005671977996826
0.41684746742248535
0.5714367628097534
0.5602681636810303
0.368463933467865
0.6023825407028198
0.5351929664611816
0.5658444762229919
0.53156578540802
0.5404878854751587
0.48450857400894165
0.5406291484832764
0.5197727680206299
0.6047062873840332
0.5035611391067505
0.5995582938194275
0.512799084186554
0.5551329851150513
0.4926215708255768
0.5831805467605591
0.41345053911209106
0.5248391628265381
0.5614181756973267
0.5290642380714417
0.5012421607971191
0.527494490146637
0.4753454923629761
0.5679094195365906
0.46753832697868347
0.552233874797821
0.49248600006103516
0.543707549571991
0.5253384113311768
0.5634264945983887
0.5155330896377563
0.5428967475891113
0.5070392489433289
0.6218883991241455
0.48006269335746765
0.6361739039421082
0.6021038293838501
0.46554264426231384
0.5457484722137451
0.55745929479599
0.5514451265335083
0.4566003382205963
0.468826025724411
0.5943978428840637
0.5921210050582886
0.5491829514503479
0.5444937348365784
0.45056775212287903
0.5490515232086182
0.6221216320991516
0.5549286603927612
0.4350475072860718
0.5653485655784607
0.5512859225273132
0.40459591150283813
0.5362763404846191
0.45901569724082947
0.5957075357437134
0.44431111216545105
0.5999933481216431
0.4501416087150574
0.48446252942085266
0.5417312979698181
0.5734595060348511
0.5912590026855469
0.5960795879364014
0.4662209749221802
0.5945982933044434
0.5071893930435181
0.4088526666164398
0.6102849245071411
0.5949652194976807
0.6154300570487976
0.463998407125473
0.5293453931808472
0.5321288108825684
0.5366252660751343
0.6420709490776062
0.6074652671813965
0.5471640229225159
0.56263667345047
0.488944411277771
0.5170823335647583
0.4860909581184387
0.493244469165802
0.5526973009109497
0.5442231893539429
0.5707986950874329
0.4911969006061554
0.4776494801044464
0.6184759140014648
0.4930099546909332
0.5188809037208557
0.585283100605011
0.5955265164375305
0.4836224317550659
0.4449745714664459
0.5067756772041321
0.5284097790718079
0.529412031173706
0.6223961114883423
0.4578452706336975
0.5146675705909729
0.4903409481048584
0.5527094006538391
0.517630398273468
0.5503349900245667
0.43852001428604126
0.4561379551887512
0.5849452614784241
0.52167809009552
0.5149906873703003
0.6300550699234009
0.4811623990535736
0.5614728331565857
0.44882732629776
0.5033042430877686
0.5744569301605225
0.5898618698120117
0.46954345703125
0.6143243908882141
0.4965069591999054
0.63350510597229
0.5071442127227783
0.5663296580314636
0.5907096266746521
0.4295683801174164
0.6103397607803345
0.5783687233924866
0.5779592394828796
0.5435219407081604
0.5069347023963928
0.44005176424980164
0.487209290266037
0.48136237263679504
0.5170097947120667
0.5428392887115479
0.5934144258499146
0.5503145456314087
0.5457401871681213
0.5457390546798706
0.5944634675979614
0.6295267343521118
0.5108780860900879
0.5617643594741821
0.5241193771362305
0.5368897914886475
0.560938835144043
0.5396119952201843
0.4828101396560669
0.6323496103286743
0.4953908920288086
0.5129565596580505
0.5134666562080383
0.7142186164855957
0.5456247329711914
0.5786476135253906
0.5107986330986023
0.5768002271652222
0.5953800678253174
0.4563070237636566
0.549048662185669
0.40807345509529114
0.47775623202323914
0.45850133895874023
0.5667272806167603
0.4438816010951996
0.4850880205631256
0.5399600267410278
0.5436580181121826
0.39349067211151123
0.6105364561080933
0.5505127906799316
0.5468921065330505
0.4913889467716217
0.5219626426696777
0.5608148574829102
0.575145959854126
0.46509096026420593
0.44213029742240906
0.47924119234085083
0.5361659526824951
0.6089755892753601
0.4176829159259796
0.41236385703086853
0.6257913112640381
0.6054267287254333
0.4502827525138855
0.5848089456558228
0.6042672991752625
0.5397641062736511
0.39031675457954407
0.4905845820903778
0.578324019908905
0.5057958960533142
0.47437113523483276
0.4289867877960205
0.4867064952850342
0.5759512186050415
0.5059083700180054
0.5268272757530212
0.530462384223938
0.5414578318595886
0.5270198583602905
0.5052589178085327
0.6206876039505005
0.5317296981811523
0.46866825222969055
0.3737204670906067
0.4905462861061096
0.544630765914917
0.5112366080284119
0.518184244632721
0.5364670157432556
0.6288867592811584
0.5292221903800964
0.497941255569458
0.5931148529052734
0.5380909442901611
0.518639862537384
0.5214952826499939
0.5890019536018372
0.5048891305923462
0.44950011372566223
0.4606471061706543
0.41300854086875916
0.5577493906021118
0.39969396591186523
0.6070736050605774
0.5416979193687439
0.6748366951942444
0.550484836101532
0.4823472499847412
0.5943049788475037
0.4317047595977783
0.4293311536312103
0.49078670144081116
0.42270156741142273
0.6100483536720276
0.4723674952983856
0.5856330990791321
0.5073481202125549
0.5154662132263184
0.5985057950019836
0.5555338263511658
0.5197626948356628
0.5730997323989868
0.5417025089263916
0.6131528615951538
0.5600440502166748
0.4881303906440735
0.541702389717102
0.5148310661315918
0.45970964431762695
0.5886906981468201
0.5765177011489868
0.5066070556640625
0.47144615650177
0.5551975965499878
0.4893825948238373
0.5889907479286194
0.4893834888935089
0.4977218210697174
0.5594353079795837
0.42994022369384766
0.5064396858215332
0.5485833287239075
0.5487729907035828
0.56940758228302
0.48204487562179565
0.5448001027107239
