0.5148768424987793
0.5091744661331177
0.49625715613365173
0.5133044123649597
0.5168541073799133
0.5138011574745178
0.507876992225647
0.5130287408828735
0.5124207735061646
0.5190961956977844
0.4956267774105072
0.5157077312469482
0.5131868124008179
0.4765460193157196
0.4888761341571808
0.5190925598144531
0.4918712079524994
0.48867669701576233
0.4497604966163635
0.4922914206981659
0.4568331241607666
0.49764615297317505
0.4875541627407074
0.472616046667099
0.49327966570854187
0.492992639541626
0.5050528049468994
0.48293039202690125
0.48800137639045715
0.4916653335094452
0.4797835946083069
0.4729868173599243
0.4733346104621887
0.48697975277900696
0.46204307675361633
0.484683096408844
0.46111589670181274
0.47819143533706665
0.3864118754863739
0.45012345910072327
0.466897189617157
0.43559104204177856
0.5338530540466309
0.47953295707702637
0.5155778527259827
0.456678181886673
0.5605279207229614
0.437864750623703
0.4389858543872833
0.4621613919734955
0.42560967803001404
0.40035560727119446
0.41118380427360535
0.4292723536491394
0.37098804116249084
0.4371250867843628
0.5123563408851624
0.3683980703353882
0.4633377492427826
0.413862943649292
0.3663334548473358
0.3817335069179535
0.38310185074806213
0.3953872323036194
0.4351751208305359
0.46937596797943115
0.26566624641418457
0.35029852390289307
0.22966498136520386
0.4497610032558441
0.3915913701057434
0.2862785756587982
0.41559484601020813
0.3037692904472351
0.5185002088546753
0.4123596251010895
0.37616056203842163
0.39830857515335083
0.42416054010391235
0.45240652561187744
0.39528128504753113
0.4444790184497833
0.4559437334537506
0.300680935382843
0.4323405623435974
0.4600111246109009
0.4484526515007019
0.45336055755615234
0.446111798286438
0.4852725863456726
0.39994052052497864
0.46799951791763306
0.4178413152694702
0.4248330593109131
0.4272629916667938
0.45316383242607117
0.3873600363731384
0.461284339427948
0.4052237868309021
0.4718264937400818
0.44986972212791443
0.45862072706222534
0.4433545768260956
0.4108326733112335
0.44691917300224304
0.4485098123550415
0.3984353840351105
0.4550432562828064
0.5039715766906738
0.4387013912200928
0.466980904340744
0.4359325170516968
0.47035181522369385
0.44533097743988037
0.5384149551391602
0.48254889249801636
0.4341191053390503
0.4814332127571106
0.5015141367912292
0.5495606064796448
0.45914649963378906
0.4328673779964447
0.4606204330921173
0.4427092969417572
0.4916236996650696
0.5049242973327637
0.4847284257411957
0.4928562045097351
0.5294234156608582
0.49655893445014954
0.5176702737808228
0.5368720889091492
0.49041223526000977
0.5202931761741638
0.4897446632385254
0.47657477855682373
0.48612573742866516
0.555087685585022
0.5021045207977295
0.5188663005828857
0.5108903646469116
0.5036289095878601
0.5052313208580017
0.4654941260814667
0.49476000666618347
0.5189605951309204
0.4851042926311493
0.41607576608657837
0.4548191428184509
0.5239806175231934
0.5341315865516663
0.49925917387008667
0.5592750906944275
0.5202431678771973
0.4851672649383545
0.4619295597076416
0.5029889941215515
0.4868646264076233
0.49338066577911377
0.5327722430229187
0.5216310620307922
0.5333123803138733
0.532524049282074
0.460159569978714
0.46606412529945374
0.5434143543243408
0.4858987331390381
0.4927017390727997
0.4841536283493042
0.5324833989143372
0.4740634262561798
0.4828673005104065
0.521788477897644
0.4938015043735504
0.46894586086273193
0.49706631898880005
0.45806941390037537
0.44612738490104675
0.4873022735118866
0.4938199520111084
0.5212979316711426
0.4754391312599182
0.468618243932724
0.5181199312210083
0.5287518501281738
0.48285919427871704
0.40515121817588806
0.47767412662506104
0.49273112416267395
0.5108888149261475
0.5244329571723938
0.4786154627799988
0.5014598369598389
0.4786801338195801
0.48699069023132324
0.5052007436752319
0.47828149795532227
0.47905951738357544
0.5012298822402954
0.50570148229599
0.5158706307411194
0.4265190362930298
0.5049954056739807
0.4530385732650757
0.4645337164402008
0.5359925031661987
0.4741763770580292
0.46400654315948486
0.49455416202545166
0.490477979183197
0.4916693866252899
0.43220216035842896
0.49037569761276245
0.48667117953300476
0.478515625
0.4916456341743469
0.5060668587684631
0.5067768692970276
0.5106642842292786
0.48164594173431396
0.5322140455245972
0.523219645023346
0.5368059873580933
0.49938613176345825
0.5458747744560242
0.4904301166534424
0.3613850474357605
0.5150662660598755
0.542375385761261
0.48881837725639343
0.5017369389533997
0.4712187945842743
0.49056532979011536
0.488234281539917
0.4120621383190155
0.41497936844825745
0.507634699344635
0.4875704348087311
0.46055302023887634
0.49095404148101807
0.4607529044151306
0.49500957131385803
0.4773097634315491
0.4841557443141937
0.4971596896648407
0.5112369060516357
0.5099589228630066
0.49515900015830994
0.47255539894104004
0.5028026700019836
0.49506875872612
0.5457752346992493
0.4814460277557373
0.5191290378570557
0.4626863896846771
0.5045082569122314
0.49990320205688477
0.4880458116531372
0.47247248888015747
0.4561963975429535
0.5181288719177246
0.5211443901062012
0.5234556794166565
0.46708574891090393
0.46164220571517944
0.5335870385169983
0.5188862681388855
0.39186733961105347
0.4825376570224762
0.515632688999176
0.5168253779411316
0.48757949471473694
0.5164766311645508
0.4999745190143585
0.4430082142353058
0.44206854701042175
0.5294037461280823
0.49325957894325256
0.506716787815094
0.5234794020652771
0.4948396384716034
0.4821164608001709
0.5157822966575623
0.5293841361999512
0.4730762839317322
0.466574102640152
0.5171124339103699
0.4884225130081177
0.5225933194160461
0.523553192615509
0.4887572228908539
0.46929216384887695
0.5260177850723267
0.5174071788787842
0.528145432472229
0.4430331885814667
0.4822259843349457
0.5299725532531738
0.504453182220459
0.5150412917137146
0.4719201326370239
0.5253069996833801
0.5133156776428223
0.46848875284194946
0.5169087052345276
0.5143858790397644
0.5069075226783752
0.4948205351829529
0.4977065324783325
0.5226075053215027
0.5237685441970825
0.5026021599769592
0.5228860378265381
0.49686819314956665
0.5375590324401855
0.4652082622051239
0.46134206652641296
0.5206906199455261
0.5497980713844299
0.5206454396247864
0.457771897315979
0.4929633140563965
0.5083372592926025
0.5326210260391235
0.5001229643821716
0.5044620037078857
0.4993244707584381
0.49255889654159546
0.5024558901786804
0.49607542157173157
0.47892075777053833
0.48804786801338196
0.5206531882286072
0.5147901773452759
0.49425286054611206
0.5199177861213684
0.5059135556221008
0.49627265334129333
0.4730064570903778
0.5405340194702148
0.4821471571922302
0.49524521827697754
0.4986691474914551
0.4475308358669281
0.4909687638282776
0.4938054084777832
0.4848100543022156
0.49371153116226196
0.4904773533344269
0.4812949001789093
0.5246090888977051
0.5056940913200378
0.4976976215839386
0.5507389903068542
0.5216959714889526
0.4732171595096588
0.5312837362289429
0.5164400339126587
0.5008447170257568
0.49839261174201965
0.5251686573028564
0.5075576901435852
0.3980436325073242
0.5181941390037537
0.47361430525779724
0.5092529058456421
0.4950443506240845
0.5222669243812561
0.5342172384262085
0.49271535873413086
0.48157748579978943
0.47067350149154663
0.5209686756134033
0.5037410855293274
0.4680819511413574
0.4930119216442108
0.4539996087551117
0.5125436186790466
0.4797671139240265
0.5058414340019226
0.5090752840042114
0.45897147059440613
0.5347926616668701
0.4813877046108246
0.48593300580978394
0.5489723086357117
0.5286717414855957
0.47188588976860046
0.4693608283996582
0.43318238854408264
0.4413939118385315
0.5083929300308228
0.5033892393112183
0.48322629928588867
0.4863964319229126
0.523428201675415
0.5030707716941833
0.5127560496330261
0.5168652534484863
0.5052306652069092
0.45509210228919983
0.47820067405700684
0.4551856815814972
0.4780327081680298
0.5085570812225342
0.4790363013744354
0.4834561049938202
0.4975850284099579
0.4974132776260376
0.49198585748672485
0.5102304220199585
0.5255071520805359
0.5300511717796326
0.48335763812065125
0.5123628973960876
0.4576556086540222
0.3886653482913971
0.49840646982192993
0.4942902624607086
0.5224356651306152
0.487630158662796
0.47120997309684753
0.4659038782119751
0.5319206118583679
0.4582673907279968
0.4520517587661743
0.49320319294929504
0.4953940808773041
0.4884777367115021
0.44931820034980774
0.42931172251701355
0.4884268045425415
0.5068061947822571
0.4870862066745758
0.526214599609375
0.4759391248226166
0.5186798572540283
0.4400753974914551
0.4298531413078308
0.47473835945129395
0.4759969115257263
0.49961793422698975
0.47138288617134094
0.5281145572662354
0.49069997668266296
0.4950002133846283
0.45831966400146484
0.5214164853096008
0.487506240606308
0.4705832302570343
0.5508117079734802
0.5109504461288452
0.5170023441314697
0.47393590211868286
0.5342536568641663
0.4983893930912018
0.4460209310054779
0.4893916845321655
0.513374924659729
0.48440074920654297
0.4636463224887848
0.5209500789642334
0.45307743549346924
0.44042250514030457
0.4611012935638428
0.5301804542541504
0.4947046637535095
0.4998038113117218
0.5184860825538635
0.5283233523368835
0.46769317984580994
0.4842644929885864
0.48280224204063416
0.434445321559906
0.4391784369945526
0.496061235666275
0.4477529227733612
0.5153420567512512
0.47678342461586
0.48543477058410645
0.5068104863166809
0.48806455731391907
0.4802665114402771
0.4783704876899719
0.4969063699245453
0.4844455420970917
0.4848305284976959
0.4579802453517914
0.48895612359046936
0.46847817301750183
0.4488462805747986
0.5210533142089844
0.4991315007209778
0.5147308111190796
0.5037559270858765
0.45172563195228577
0.4429074227809906
0.47432374954223633
0.4982360899448395
0.5137394666671753
0.4804188907146454
0.5163577795028687
0.4908237159252167
0.48364099860191345
0.4876364469528198
0.44485798478126526
0.4792875349521637
0.5225962400436401
0.4692312777042389
0.4935813546180725
0.5039918422698975
0.5018571019172668
0.4836367070674896
0.49609342217445374
0.4800054132938385
0.5004616379737854
0.4742458462715149
0.4870426058769226
0.5071521997451782
0.46859222650527954
0.5071564316749573
0.476319283246994
0.5097963809967041
0.5214012265205383
0.4727776348590851
0.5069776177406311
0.4872259497642517
0.4920990467071533
0.5120429396629333
0.5046436786651611
0.49023446440696716
0.4953732490539551
0.46805161237716675
0.4717252850532532
0.5222468376159668
0.4974757730960846
0.523937463760376
0.48426002264022827
0.4568484127521515
0.4817992150783539
0.47644609212875366
0.48212459683418274
0.36860573291778564
0.44687652587890625
0.44742584228515625
0.4858908951282501
0.48495665192604065
0.484250009059906
0.4771527051925659
0.49181079864501953
0.49037620425224304
0.501579225063324
0.47690311074256897
0.5089236497879028
0.48304250836372375
0.49156463146209717
0.5115101337432861
0.4850672781467438
0.4684191048145294
0.4821169078350067
0.4633553624153137
0.4698362350463867
0.49973663687705994
0.4479205906391144
0.4463694989681244
0.5157023072242737
0.4941551089286804
0.49739283323287964
0.48597580194473267
0.4621267318725586
0.4166356027126312
0.45758119225502014
0.5027258992195129
0.52815842628479
0.4894612431526184
0.44971102476119995
0.508945882320404
0.3848150074481964
0.48619401454925537
0.5076649188995361
0.4548543691635132
0.5355054140090942
0.4654589593410492
0.5004934072494507
0.5629352331161499
0.4612261950969696
0.47980374097824097
0.4695512354373932
0.5029782056808472
0.4509635269641876
0.4826115667819977
0.42723798751831055
0.4413795471191406
0.534451961517334
0.4531624913215637
0.4687075912952423
0.5024503469467163
0.4220646619796753
0.4911772906780243
0.4862416386604309
0.5276665687561035
0.5199252963066101
0.49231863021850586
0.5086125135421753
0.4629698097705841
0.5222296118736267
0.461740642786026
0.48330867290496826
0.5030505061149597
0.4887184500694275
0.4924283027648926
0.4422602951526642
0.5017040371894836
0.48966237902641296
0.49946463108062744
0.4832938611507416
0.5134681463241577
0.5360175967216492
0.4986092746257782
0.5193612575531006
0.4992816746234894
0.47300979495048523
0.4693741500377655
0.46423327922821045
0.4451797306537628
0.46676304936408997
0.49543747305870056
0.5010647177696228
0.5303689241409302
0.4855283796787262
0.49610409140586853
0.4158032536506653
0.4867185354232788
0.47008413076400757
0.4856164753437042
0.47155851125717163
0.47991275787353516
0.5246098041534424
0.52140212059021
0.4814176857471466
0.5381789803504944
0.4922349750995636
0.5118190050125122
0.48572874069213867
0.48405998945236206
0.4841272830963135
0.5022530555725098
0.4846267104148865
0.5028156042098999
0.4472421109676361
0.48201876878738403
0.5060355067253113
0.4896310567855835
0.49565044045448303
0.5004761219024658
0.45396843552589417
0.39310482144355774
0.5213858485221863
0.4743298590183258
0.44696760177612305
0.4815107583999634
0.5113017559051514
0.5078001022338867
0.4780907928943634
0.4865497350692749
0.44924139976501465
0.48120802640914917
0.4051249921321869
0.4409831762313843
0.47354865074157715
0.49435535073280334
0.5183588862419128
0.529569685459137
0.49644726514816284
0.5454133152961731
0.5252716541290283
0.46947064995765686
0.5085264444351196
0.48488375544548035
0.5316317081451416
0.48239102959632874
0.501538872718811
0.469669371843338
0.4887279272079468
0.4867505729198456
0.493125855922699
0.46289336681365967
0.46134501695632935
0.504953145980835
0.5021815896034241
0.49403995275497437
0.5056952834129333
0.48503121733665466
0.47464126348495483
0.5221470594406128
0.5225570201873779
0.5066365003585815
0.4986952245235443
0.4970555603504181
0.5398750901222229
0.532101035118103
0.4720258116722107
0.520793080329895
0.5313479900360107
0.4554954469203949
0.47301045060157776
0.5134990215301514
0.5062059164047241
0.5089043974876404
0.48389822244644165
0.4518667161464691
0.4982801377773285
0.48382094502449036
0.5175281167030334
0.47246062755584717
0.47194904088974
0.45201554894447327
0.5157730579376221
0.45593616366386414
0.4919517934322357
0.49374035000801086
0.48686808347702026
0.46035313606262207
0.5007121562957764
0.4400350749492645
0.45617544651031494
0.46471452713012695
0.3669184148311615
0.49929749965667725
0.5086245536804199
0.5007268190383911
0.46680471301078796
0.5114681124687195
0.5077377557754517
0.49881434440612793
0.4988686740398407
0.5003984570503235
0.39804843068122864
0.48666083812713623
0.4726174473762512
0.5065097808837891
0.5007960796356201
0.5019040107727051
0.49130216240882874
0.44863083958625793
0.4982004165649414
0.47869372367858887
0.5261486172676086
0.4841982126235962
0.5199029445648193
0.503597617149353
0.5037344098091125
0.5122723579406738
0.44953447580337524
0.5145286917686462
0.4662461280822754
0.4871203303337097
0.4032754600048065
0.5004075765609741
0.48610416054725647
0.4894865155220032
0.49876025319099426
0.4845212996006012
0.5375214219093323
0.5228811502456665
0.5294633507728577
0.494974821805954
0.486236572265625
0.4374958574771881
0.4985540807247162
0.4606631100177765
0.4887979328632355
0.4569832682609558
0.46728771924972534
0.456525981426239
0.495372474193573
0.4298575818538666
0.4626689851284027
0.45886659622192383
0.4835367500782013
0.5216431617736816
0.49216827750205994
0.5101989507675171
0.4719465672969818
0.49504533410072327
0.49454164505004883
0.47555169463157654
0.44964903593063354
0.45530959963798523
0.4604836106300354
0.48767921328544617
0.4882490038871765
0.5072652101516724
0.48601117730140686
0.4513227045536041
0.453827828168869
0.4988705515861511
0.4672844707965851
0.5168226957321167
0.4269291162490845
0.5291357636451721
0.5117279887199402
0.4718615710735321
0.4395585358142853
0.4851306080818176
0.5167683959007263
0.4799554646015167
0.42864152789115906
0.4197731912136078
0.5274088978767395
0.45135000348091125
0.48973730206489563
0.4457384943962097
0.4986898899078369
0.4685167968273163
0.46064844727516174
0.4701547920703888
0.5002315640449524
0.47573384642601013
0.40993502736091614
0.45602595806121826
0.49712634086608887
0.46727004647254944
0.49361148476600647
0.4816593825817108
0.5056329369544983
0.46373581886291504
0.4937801957130432
0.5004557371139526
0.4744409918785095
0.499490350484848
0.5114692449569702
0.4727172255516052
0.46828192472457886
0.45507895946502686
0.5267841815948486
0.45403894782066345
0.5006577968597412
0.45519769191741943
0.45926424860954285
0.47764670848846436
0.5237890481948853
0.5180901288986206
0.4977140724658966
0.48086339235305786
0.5059288144111633
0.4383983016014099
0.47612208127975464
0.517829418182373
0.4451690912246704
0.5178437232971191
0.47872114181518555
0.48620039224624634
0.4264582395553589
0.49007272720336914
0.43291348218917847
0.5126144289970398
0.4666135013103485
0.48843756318092346
0.4966750144958496
0.40910032391548157
0.45269861817359924
0.5112928748130798
0.48747196793556213
0.509893536567688
0.523342490196228
0.5026229023933411
0.46542519330978394
0.5410882234573364
0.4399764835834503
0.45981377363204956
0.47085991501808167
0.4360576272010803
0.4836820960044861
0.48625272512435913
0.4949646294116974
0.5088787078857422
0.503186047077179
0.5044268369674683
0.4798888564109802
0.4636314809322357
0.4589063227176666
0.49624815583229065
0.4322669208049774
0.5007922053337097
0.4180292785167694
0.4510662853717804
0.49538764357566833
0.47907620668411255
0.45151686668395996
0.48989272117614746
0.49310824275016785
0.49578291177749634
0.5100607872009277
0.506802499294281
0.5146474838256836
0.4957292973995209
0.4735414981842041
0.4591597616672516
0.45543262362480164
0.504818320274353
0.4814163148403168
0.48158910870552063
0.5024431943893433
0.49202144145965576
0.5050016045570374
0.5026909708976746
0.4903614819049835
0.4651513695716858
0.49907606840133667
0.4872671961784363
0.4011024534702301
0.47406822443008423
0.48287832736968994
0.46883803606033325
0.460632860660553
0.5036221146583557
0.49208804965019226
0.4711756408214569
0.4282453954219818
0.4799661934375763
0.42702797055244446
0.5333685874938965
0.5160544514656067
0.5142620801925659
0.4932894706726074
0.38306137919425964
0.4028033912181854
0.5232988595962524
0.451855331659317
0.45395129919052124
0.48180097341537476
0.5207854509353638
0.3991568386554718
0.4999527931213379
0.5395887494087219
0.4947504997253418
0.46408581733703613
0.4658741354942322
0.44188475608825684
0.5138868689537048
0.4700920879840851
0.5310328006744385
0.4987100064754486
0.4743459224700928
0.43314096331596375
0.48707035183906555
0.46150168776512146
0.49745962023735046
0.4818660616874695
0.4229002594947815
0.49744418263435364
0.484428346157074
0.4637864828109741
0.49368560314178467
0.5297708511352539
0.44632792472839355
0.5130186676979065
0.4590054154396057
0.44626370072364807
0.4869900047779083
0.4981776475906372
0.47098609805107117
0.5052600502967834
0.3863275647163391
0.4976327419281006
0.4787507653236389
0.4983457922935486
0.4982081651687622
0.486918568611145
0.44971564412117004
0.4665009677410126
0.45775550603866577
0.48488977551460266
0.4285241961479187
0.47058171033859253
0.47254082560539246
0.4815780222415924
0.5138823986053467
0.4534773826599121
0.44684073328971863
0.4590095579624176
0.4531288146972656
0.47652146220207214
0.45100516080856323
0.48515069484710693
0.5217339992523193
0.5016255378723145
0.46930286288261414
0.516207218170166
0.48609521985054016
0.5112484693527222
0.4324580132961273
0.5078312158584595
0.4685104191303253
0.4602159559726715
0.520694375038147
0.4915965795516968
0.49150994420051575
0.5074579119682312
