0.48641467094421387
0.4809432923793793
0.46145421266555786
0.48020821809768677
0.48952725529670715
0.48733973503112793
0.47698554396629333
0.4864063858985901
0.4796246290206909
0.49292224645614624
0.4740373194217682
0.49079665541648865
0.4756166636943817
0.44517767429351807
0.4543308913707733
0.49128445982933044
0.44710999727249146
0.460700124502182
0.42786356806755066
0.4515277147293091
0.40560275316238403
0.4744679927825928
0.41640517115592957
0.45533934235572815
0.48539555072784424
0.46136581897735596
0.46967875957489014
0.4034731984138489
0.48499852418899536
0.4623132050037384
0.4372899830341339
0.44293028116226196
0.5218285322189331
0.4460274577140808
0.41538140177726746
0.486003041267395
0.3962734341621399
0.4829952120780945
0.32663899660110474
0.35888931155204773
0.37921038269996643
0.5323815941810608
0.31714415550231934
0.2910328805446625
0.3603094816207886
0.2461245059967041
0.3748001158237457
0.25008687376976013
0.40387865900993347
0.5249803066253662
0.3573191165924072
0.45130622386932373
0.6431536674499512
0.4722267985343933
0.39707615971565247
0.40413352847099304
0.5334526300430298
0.5747413635253906
0.4012935161590576
0.4729088246822357
0.46167370676994324
0.5738658308982849
0.43179312348365784
0.44805777072906494
0.43942493200302124
0.46051454544067383
0.3975583612918854
0.466416597366333
0.3925233483314514
0.4485701024532318
0.45543986558914185
0.42434224486351013
0.4322999119758606
0.45344114303588867
0.49925556778907776
0.4814585745334625
0.5127972960472107
0.484576940536499
0.4693197011947632
0.4602915048599243
0.46006354689598083
0.517352819442749
0.4386604130268097
0.48043426871299744
0.486277312040329
0.4525432884693146
0.5115587115287781
0.5120379328727722
0.4816629886627197
0.492910772562027
0.4666994512081146
0.4651080071926117
0.46022194623947144
0.48032814264297485
0.4334552586078644
0.5087317228317261
0.4187909960746765
0.5097801685333252
0.5264328718185425
0.49375778436660767
0.5151187181472778
0.4476828873157501
0.4856526255607605
0.4280606508255005
0.45195096731185913
0.47432950139045715
0.4627772271633148
0.48848867416381836
0.4697377383708954
0.437581330537796
0.46909990906715393
0.5175552368164062
0.44758424162864685
0.4944532513618469
0.5304986238479614
0.4742116928100586
0.40910083055496216
0.46886691451072693
0.501606822013855
0.5077349543571472
0.4792449474334717
0.43234783411026
0.49306461215019226
0.40751466155052185
0.505089521408081
0.4948646128177643
0.4917251765727997
0.4904632270336151
0.5100463032722473
0.4930049777030945
0.5127142667770386
0.5250668525695801
0.47356465458869934
0.5075170993804932
0.4682866632938385
0.47624412178993225
0.4466264843940735
0.4857906997203827
0.4888889193534851
0.49578365683555603
0.5124890804290771
0.49584323167800903
0.4911257028579712
0.46328455209732056
0.4117621183395386
0.4882752597332001
0.4998312294483185
0.4943826198577881
0.4906693398952484
0.5081896185874939
0.4651719033718109
0.47789499163627625
0.5145717859268188
0.4856293201446533
0.38929060101509094
0.4695180356502533
0.47623199224472046
0.4531022906303406
0.3928159177303314
0.5067838430404663
0.5189483165740967
0.47952139377593994
0.4996073842048645
0.4588203430175781
0.47582098841667175
0.4702841639518738
0.47028523683547974
0.45831727981567383
0.49434950947761536
0.4959622621536255
0.4784596562385559
0.452274888753891
0.49327802658081055
0.447257936000824
0.44752368330955505
0.49743518233299255
0.5211772918701172
0.4420642554759979
0.503474771976471
0.46522951126098633
0.4847087860107422
0.4742463529109955
0.4943864941596985
0.46076828241348267
0.4777449071407318
0.45667046308517456
0.5013536214828491
0.5056259632110596
0.4596693515777588
0.46001529693603516
0.4442734122276306
0.4778740108013153
0.454962819814682
0.48912131786346436
0.4795035719871521
0.48175615072250366
0.4697590172290802
0.44318923354148865
0.5140644311904907
0.4853672981262207
0.4438999593257904
0.5205668807029724
0.4987415373325348
0.5125679969787598
0.3758032023906708
0.4757094085216522
0.5088211894035339
0.48693737387657166
0.4498308300971985
0.49458399415016174
0.46809208393096924
0.48688313364982605
0.5258122086524963
0.4481832683086395
0.472055584192276
0.4940029978752136
0.4886401295661926
0.485245943069458
0.4685061275959015
0.5126544237136841
0.48863205313682556
0.4810860753059387
0.5064108371734619
0.4746870994567871
0.5087418556213379
0.5114275813102722
0.42721766233444214
0.46820664405822754
0.48248809576034546
0.4832603335380554
0.4836365580558777
0.4528956115245819
0.49117985367774963
0.49341678619384766
0.49789369106292725
0.4044916331768036
0.4931960701942444
0.45521214604377747
0.4931623339653015
0.4583419859409332
0.4908391535282135
0.43879565596580505
0.5116669535636902
0.49194762110710144
0.47143271565437317
0.5060165524482727
0.47775527834892273
0.4904063045978546
0.4526762068271637
0.4742836058139801
0.4912336766719818
0.4384845495223999
0.4869295656681061
0.4975357949733734
0.48104169964790344
0.46152710914611816
0.4868234395980835
0.4532138407230377
0.4705382287502289
0.5019652247428894
0.47758883237838745
0.47681960463523865
0.5101830363273621
0.4727340638637543
0.49673181772232056
0.4479040205478668
0.4793809950351715
0.41509974002838135
0.4867270588874817
0.493405282497406
0.4929182529449463
0.47029581665992737
0.48388710618019104
0.4800856411457062
0.4827544391155243
0.4699305295944214
0.4850510358810425
0.4476849138736725
0.4804965853691101
0.5110647082328796
0.47830796241760254
0.528627336025238
0.4319620132446289
0.4757482707500458
0.4796806573867798
0.5249937176704407
0.4662350118160248
0.5214344263076782
0.48316869139671326
0.4782114028930664
0.457920104265213
0.5125458240509033
0.49632003903388977
0.4957222640514374
0.4462805688381195
0.4860084652900696
0.4218624234199524
0.4988848865032196
0.4783409535884857
0.43999820947647095
0.48207521438598633
0.48484519124031067
0.45807838439941406
0.4977151155471802
0.475161612033844
0.46551430225372314
0.4913330078125
0.4331599771976471
0.49670302867889404
0.4666890799999237
0.4584202170372009
0.4628213346004486
0.46155911684036255
0.4195747375488281
0.47925782203674316
0.5147668719291687
0.44405293464660645
0.46530261635780334
0.48168033361434937
0.48033735156059265
0.4767285883426666
0.39605751633644104
0.47607147693634033
0.47037753462791443
0.5018008351325989
0.4987657368183136
0.47580599784851074
0.5061558485031128
0.41154587268829346
0.43083539605140686
0.4581901729106903
0.471589058637619
0.4598536491394043
0.4369431734085083
0.5110710859298706
0.5274197459220886
0.4534224569797516
0.4969262182712555
0.4650089144706726
0.45931342244148254
0.5017099976539612
0.5115604996681213
0.4581497013568878
0.4607847332954407
0.4638292193412781
0.4844917953014374
0.46482089161872864
0.48678886890411377
0.4423143267631531
0.4096832871437073
0.477817565202713
0.4704812467098236
0.48289257287979126
0.5062511563301086
0.468194842338562
0.473287969827652
0.4944469928741455
0.49423864483833313
0.4973982274532318
0.4229133129119873
0.4915681481361389
0.4679693877696991
0.4927650988101959
0.44606852531433105
0.42139488458633423
0.48713913559913635
0.4363466501235962
0.4796193838119507
0.4681761860847473
0.49014410376548767
0.47941139340400696
0.47527289390563965
0.519324541091919
0.4732404947280884
0.5108261108398438
0.46232593059539795
0.46937647461891174
0.45910680294036865
0.45785337686538696
0.4833943545818329
0.46254822611808777
0.5002155900001526
0.47780367732048035
0.4849289655685425
0.4676991105079651
0.5001397728919983
0.4781065285205841
0.4966244101524353
0.45437535643577576
0.5014081597328186
0.4694605767726898
0.4999799132347107
0.4518720209598541
0.4869174659252167
0.42690137028694153
0.47059333324432373
0.51761794090271
0.4624096751213074
0.3961614966392517
0.5143387317657471
0.47816216945648193
0.4744254946708679
0.45945414900779724
0.48069435358047485
0.5172939896583557
0.4700382351875305
0.4990698993206024
0.44113487005233765
0.4451892375946045
0.48293134570121765
0.48744824528694153
0.4663141667842865
0.5050141215324402
0.4434564709663391
0.4696837067604065
0.4976969361305237
0.5047674775123596
0.5194703936576843
0.4420519769191742
0.46186959743499756
0.44460368156433105
0.4684646427631378
0.48403313755989075
0.47504618763923645
0.4617992341518402
0.48632463812828064
0.4591648280620575
0.4568237364292145
0.49031880497932434
0.48138460516929626
0.4798559248447418
0.4380667805671692
0.47628650069236755
0.46913614869117737
0.45855116844177246
0.47390708327293396
0.49990114569664
0.4808911085128784
0.47478699684143066
0.4713868796825409
0.5164591670036316
0.47145524621009827
0.4748610258102417
0.44525954127311707
0.4972713589668274
0.4981693923473358
0.5070645213127136
0.5020909309387207
0.49345970153808594
0.5033524632453918
0.435945987701416
0.5019181370735168
0.5166215300559998
0.5058264136314392
0.5135456919670105
0.43167978525161743
0.43944787979125977
0.43786248564720154
0.48447346687316895
0.48764005303382874
0.4801037013530731
0.4599396586418152
0.4636346697807312
0.47373726963996887
0.4723762571811676
0.44369569420814514
0.44654107093811035
0.45606645941734314
0.46882978081703186
0.4962552487850189
0.4851730465888977
0.4757535457611084
0.46546709537506104
0.44751930236816406
0.5217317342758179
0.50824373960495
0.5287227630615234
0.4584655165672302
0.4797728657722473
0.4840785562992096
0.4761623740196228
0.5296000242233276
0.41409555077552795
0.4553329050540924
0.4312066435813904
0.4869152009487152
0.4682706594467163
0.47085243463516235
0.4559060037136078
0.44409406185150146
0.4847773611545563
0.46525293588638306
0.4583647847175598
0.45614302158355713
0.47407475113868713
0.48091715574264526
0.49172306060791016
0.49052172899246216
0.3639826476573944
0.468807190656662
0.486071914434433
0.4718179404735565
0.47420307993888855
0.4854021370410919
0.4657532870769501
0.5184986591339111
0.4946264922618866
0.45930105447769165
0.48422667384147644
0.4895838499069214
0.472379207611084
0.4699811041355133
0.5014269351959229
0.45758795738220215
0.47130101919174194
0.46766841411590576
0.5008506774902344
0.4141860604286194
0.45039132237434387
0.469441682100296
0.4938274621963501
0.4508748948574066
0.5088798403739929
0.5042239427566528
0.4838884174823761
0.47404155135154724
0.4968715310096741
0.48236560821533203
0.458698034286499
0.4114726781845093
0.4933260381221771
0.5060523748397827
0.4963211119174957
0.5067452788352966
0.4442833364009857
0.4716430902481079
0.4296138882637024
0.5208485722541809
0.4920882284641266
0.45724403858184814
0.42055633664131165
0.48934003710746765
0.4770122766494751
0.4969448447227478
0.4609849452972412
0.4548359811306
0.4868677854537964
0.48292848467826843
0.4390161335468292
0.39465445280075073
0.4280877411365509
0.4537569582462311
0.44848954677581787
0.46413302421569824
0.48083367943763733
0.4600672125816345
0.4434061050415039
0.4314868748188019
0.5020797848701477
0.49275556206703186
0.45383498072624207
0.47795313596725464
0.4810163378715515
0.46079859137535095
0.4406318664550781
0.4622966945171356
0.4923315644264221
0.4348333179950714
0.4349013864994049
0.5013679265975952
0.467629998922348
0.46289244294166565
0.511339008808136
0.5244142413139343
0.4987589120864868
0.44406604766845703
0.5084047317504883
0.5445337891578674
0.4753747582435608
0.48702651262283325
0.440965861082077
0.49313801527023315
0.48981693387031555
0.45603445172309875
0.5123544931411743
0.4425303339958191
0.40807440876960754
0.48626580834388733
0.47841015458106995
0.4927498698234558
0.47547441720962524
0.514611005783081
0.4639987349510193
0.4666213095188141
0.4599848985671997
0.4199109673500061
0.4641082286834717
0.47885963320732117
0.47903215885162354
0.4746982157230377
0.4715099632740021
0.44973263144493103
0.46233677864074707
0.48228827118873596
0.4755818545818329
0.4659748673439026
0.48288118839263916
0.5186776518821716
0.44730132818222046
0.46706971526145935
0.44169509410858154
0.4551023840904236
0.4861854612827301
0.4410543739795685
0.47029316425323486
0.4402015507221222
0.47357407212257385
0.5140966176986694
0.5104025602340698
0.4805571436882019
0.4469239413738251
0.48212289810180664
0.4926230013370514
0.4590284824371338
0.4660387635231018
0.42267513275146484
0.5036064386367798
0.4699155390262604
0.49452245235443115
0.479093462228775
0.4739842414855957
0.4769999384880066
0.5105647444725037
0.47065436840057373
0.475751131772995
0.5117767453193665
0.4726543426513672
0.4592776298522949
0.4783352315425873
0.5031529068946838
0.49285754561424255
0.4692173898220062
0.5156481266021729
0.47781506180763245
0.5013710260391235
0.4884030520915985
0.46529993414878845
0.47826316952705383
0.4624078869819641
0.46816951036453247
0.49524104595184326
0.4835883677005768
0.45924273133277893
0.4493938982486725
0.4912182688713074
0.4472246766090393
0.4453771412372589
0.4949635863304138
0.5164802670478821
0.48136553168296814
0.461691290140152
0.47007960081100464
0.4677022397518158
0.4841890335083008
0.4624655544757843
0.41095951199531555
0.4768158197402954
0.45848774909973145
0.47824686765670776
0.46238455176353455
0.39778679609298706
0.46840378642082214
0.4112481474876404
0.4937673807144165
0.4774463474750519
0.4765355587005615
0.5041333436965942
0.4849264621734619
0.46264535188674927
0.5051441788673401
0.4325862228870392
0.4521149694919586
0.49162864685058594
0.48124974966049194
0.4989963471889496
0.4846944510936737
0.46339040994644165
0.46015769243240356
0.4800618886947632
0.5157305598258972
0.47746366262435913
0.4191555976867676
0.47811630368232727
0.47565943002700806
0.46969667077064514
0.48199334740638733
0.4365559220314026
0.4753435552120209
0.4824647009372711
0.43296509981155396
0.4665287137031555
0.44307154417037964
0.5055466294288635
0.45922234654426575
0.4612405300140381
0.46987733244895935
0.521711528301239
0.4915948212146759
0.4951755404472351
0.4103213846683502
0.4929892420768738
0.508592426776886
0.48615479469299316
0.4664597809314728
0.44570493698120117
0.4491960406303406
0.46148040890693665
0.45524895191192627
0.47959205508232117
0.47012385725975037
0.4818902313709259
0.45536014437675476
0.4947412610054016
0.4922998547554016
0.46963629126548767
0.3915911614894867
0.4559030830860138
0.503478467464447
0.47958558797836304
0.48195406794548035
0.4555410146713257
0.5040882229804993
0.46065279841423035
0.46332043409347534
0.4960155487060547
0.49391210079193115
0.49948203563690186
0.4549664855003357
0.4025889039039612
0.4881080389022827
0.4182760417461395
0.4593454599380493
0.45518356561660767
0.41301605105400085
0.5003039836883545
0.4534783363342285
0.4950408339500427
0.46481573581695557
0.47513526678085327
0.4721182584762573
0.47821030020713806
0.45234084129333496
0.47731828689575195
0.4200004041194916
0.48506975173950195
0.5002624988555908
0.459343820810318
0.4650333523750305
0.46754342317581177
0.4972953200340271
0.486738383769989
0.49703970551490784
0.4765690863132477
0.4711346924304962
0.4743403196334839
0.45317697525024414
0.5061105489730835
0.48323318362236023
0.45763447880744934
0.4931650161743164
0.4852314889431
0.48564305901527405
0.4539604187011719
0.4829169511795044
0.4592946469783783
0.49419066309928894
0.4847343862056732
0.42854905128479004
0.4584510624408722
0.5036156177520752
0.4567940831184387
0.4702651798725128
0.47825995087623596
0.4677863121032715
0.5094432234764099
0.4982823431491852
0.4165169298648834
0.45333510637283325
0.4577946662902832
0.4508049786090851
0.4889228641986847
0.47808846831321716
0.49277395009994507
0.46228089928627014
0.4667040705680847
0.4805070757865906
0.4792470932006836
0.487850546836853
0.49714717268943787
0.49408525228500366
0.46981382369995117
0.43414434790611267
0.4205491542816162
0.49709799885749817
0.5343947410583496
0.4645107686519623
0.4808603823184967
0.47081854939460754
0.4803770184516907
0.4978855848312378
0.4565364420413971
0.47417110204696655
0.43704426288604736
0.5050432682037354
0.4453412592411041
0.4596904516220093
0.49336498975753784
0.45416340231895447
0.4733898639678955
0.4588143825531006
0.4549119770526886
0.48789286613464355
0.4989556670188904
0.4987030327320099
0.5003852248191833
0.5068941712379456
0.5162863731384277
0.4743290841579437
0.528778076171875
0.47167491912841797
0.4691013693809509
0.432297021150589
0.46093907952308655
0.4476410746574402
0.4529954493045807
0.48706746101379395
0.4809894263744354
0.42849522829055786
0.4383086562156677
0.45010799169540405
0.4961223304271698
0.4457116723060608
0.48574304580688477
0.4673466980457306
0.49146008491516113
0.4261578619480133
0.48576200008392334
0.49515002965927124
0.4841824769973755
0.48049789667129517
0.510006308555603
0.46615859866142273
0.4540475308895111
0.4490949809551239
0.4581209123134613
0.4541797339916229
0.47541525959968567
0.4769127666950226
0.47618865966796875
0.4472048282623291
0.4429906904697418
0.48547422885894775
0.49446001648902893
0.4252459406852722
0.48402220010757446
0.4830249845981598
0.4748794734477997
0.4564274847507477
0.4908578395843506
0.46344828605651855
0.5199505686759949
0.482958048582077
0.47328081727027893
0.5048655271530151
0.47429558634757996
0.4505136013031006
0.4551403224468231
0.4934222996234894
0.5061147809028625
0.45831701159477234
0.5067124962806702
0.4279617667198181
0.4589507281780243
0.45171406865119934
0.46586331725120544
0.4405321180820465
0.46880924701690674
0.39091381430625916
0.4878251254558563
0.46667805314064026
0.48806852102279663
0.47199371457099915
0.5070574283599854
0.47389400005340576
0.4551997482776642
0.48876115679740906
0.4850953221321106
0.47365784645080566
0.4308953285217285
0.4550211429595947
0.4622511863708496
0.4518030285835266
0.4416091740131378
0.4508751332759857
0.4950242042541504
0.5369213819503784
0.48879876732826233
0.4857597053050995
0.46546655893325806
0.5136210322380066
0.4464404582977295
0.4843577742576599
0.44533345103263855
0.5145590305328369
0.42932695150375366
0.46955975890159607
0.44019222259521484
0.4609494209289551
0.5076165795326233
0.4837060272693634
0.45085421204566956
0.465101420879364
0.46278372406959534
0.41578227281570435
0.47653430700302124
0.48722463846206665
0.43957948684692383
0.4565499424934387
0.5064107775688171
0.4562809467315674
0.4354539215564728
0.4823751449584961
0.5154058337211609
0.4654099941253662
0.47732171416282654
0.49696406722068787
0.5037633776664734
0.4305705428123474
0.47913262248039246
0.492480605840683
0.4937953054904938
0.4653306305408478
0.445435494184494
0.46324649453163147
0.4609188437461853
0.4959530532360077
0.4768636226654053
0.4743216037750244
0.42897817492485046
0.47802260518074036
0.50841224193573
0.4673815071582794
0.49207133054733276
0.47456425428390503
0.4577844440937042
0.42880484461784363
0.477150559425354
0.47907835245132446
0.4714973270893097
0.48751649260520935
0.4675484895706177
0.47178345918655396
0.47766977548599243
0.4683971405029297
0.501311719417572
0.5038849711418152
0.4979651868343353
0.5270429849624634
0.4671856760978699
0.4726409316062927
0.4783393144607544
0.491882860660553
0.4470522403717041
0.4835231602191925
0.5014359354972839
0.4745594263076782
0.4452955722808838
0.46269291639328003
0.44534894824028015
0.5069141983985901
0.4197573661804199
0.47005367279052734
0.4966786205768585
0.47335973381996155
0.4528895318508148
0.4411091208457947
0.43665042519569397
0.49707478284835815
0.5083404183387756
0.5068755745887756
0.4877912402153015
0.48264655470848083
0.47154760360717773
0.49496880173683167
0.41784003376960754
0.47599947452545166
0.4791750907897949
0.4690743088722229
0.5269567966461182
0.4822459816932678
