0.22608065605163574
0.24890902638435364
0.17396937310695648
0.22781254351139069
0.23593448102474213
0.23476359248161316
0.23745432496070862
0.2237444967031479
0.22659802436828613
0.25762003660202026
0.24481022357940674
0.24350155889987946
0.20741790533065796
0.16875924170017242
0.16275398433208466
0.2571125626564026
0.15338975191116333
0.15258251130580902
0.10009903460741043
0.19628207385540009
0.07834812998771667
0.214814692735672
0.13238193094730377
0.1781747043132782
0.20609480142593384
0.15844744443893433
0.14466792345046997
0.09507063776254654
0.2567761242389679
0.08470727503299713
0.0271945558488369
0.02876010723412037
0.1634097844362259
0.0726935863494873
0.10047000646591187
0.13289549946784973
0.02502235397696495
0.14828655123710632
-0.12546689808368683
0.02172870747745037
0.07878147065639496
0.3403065502643585
0.1321815699338913
0.16313888132572174
0.22159814834594727
0.13619083166122437
0.34772688150405884
-0.02529580518603325
0.2633036971092224
0.17040300369262695
0.09253156185150146
0.04331177473068237
0.23024018108844757
0.32508769631385803
0.1550237536430359
0.03438553214073181
0.23895198106765747
0.2776576578617096
0.0805538147687912
0.050536416471004486
0.12275576591491699
0.07218141853809357
0.16033142805099487
-0.040883131325244904
0.13556453585624695
0.15119895339012146
0.06878842413425446
0.1359252631664276
0.08908087015151978
0.14204125106334686
0.19511725008487701
0.1062793955206871
0.18739186227321625
0.12003152072429657
0.22710661590099335
0.2065376490354538
0.2395474761724472
0.25645825266838074
0.25493377447128296
0.12959785759449005
0.17333649098873138
0.2549872398376465
0.1776156723499298
0.2410016506910324
0.18678371608257294
0.23872463405132294
0.2196774184703827
0.30444788932800293
0.1722254753112793
0.2673935294151306
0.14894507825374603
0.2281384915113449
0.1584581434726715
0.17430740594863892
0.12395275384187698
0.2524619400501251
0.13693296909332275
0.17702017724514008
0.3092750012874603
0.2147812396287918
0.21609430015087128
0.1710788756608963
0.1961524933576584
0.08639205992221832
0.18262608349323273
0.23927098512649536
0.23190918564796448
0.20932656526565552
0.21321038901805878
0.12924432754516602
0.17116351425647736
0.25888311862945557
0.14052557945251465
0.22029908001422882
0.30111005902290344
0.22492770850658417
0.11257945001125336
0.1508304327726364
0.22544819116592407
0.19494874775409698
0.23587465286254883
0.0682239979505539
0.24253608286380768
0.06339839845895767
0.1494077444076538
0.21004143357276917
0.2358858734369278
0.23409345746040344
0.21297697722911835
0.209922656416893
0.26414844393730164
0.25099220871925354
0.23504506051540375
0.2724960744380951
0.17212902009487152
0.28931260108947754
0.23724494874477386
0.0989154800772667
0.26341304183006287
0.300021767616272
0.212127685546875
0.19527965784072876
0.1937425285577774
0.21407099068164825
0.18966592848300934
0.23835726082324982
0.24975557625293732
0.21048817038536072
0.25118035078048706
0.15259356796741486
0.15257589519023895
0.15145884454250336
0.25477322936058044
0.1722611039876938
0.1916469931602478
0.15639524161815643
0.20447774231433868
0.12965063750743866
0.2506794035434723
0.2332259863615036
0.23482516407966614
0.24974268674850464
0.2469312995672226
0.2062740921974182
0.17574110627174377
0.2244933694601059
0.16075894236564636
0.28227874636650085
0.2535306215286255
0.2636638283729553
0.109452024102211
0.2520076036453247
0.17162631452083588
0.16081973910331726
0.22285591065883636
0.24822315573692322
0.22975420951843262
0.28562358021736145
0.1459261029958725
0.22785601019859314
0.13764487206935883
0.2019559144973755
0.1974673718214035
0.21158994734287262
0.22878652811050415
0.16872236132621765
0.15454070270061493
0.217704176902771
0.2748618721961975
0.219745472073555
0.2839202880859375
0.1704593449831009
0.13534365594387054
0.10751155018806458
0.14459432661533356
0.13592956960201263
0.18722328543663025
0.18593578040599823
0.22944360971450806
0.16646234691143036
0.270897775888443
0.19062858819961548
0.22985200583934784
0.26215726137161255
0.17888879776000977
0.13552813231945038
0.22603477537631989
0.19747135043144226
0.19616486132144928
0.08775215595960617
0.20936140418052673
0.19209708273410797
0.19880132377147675
0.13112126290798187
0.2018490880727768
0.11137181520462036
0.13507598638534546
0.16775883734226227
0.2271651178598404
0.2609204351902008
0.13824903964996338
0.1234683245420456
0.1920422613620758
0.249975323677063
0.25340884923934937
0.18977439403533936
0.05649680271744728
0.1571827530860901
0.15249477326869965
0.14822231233119965
0.22354452311992645
0.2713300585746765
0.22303462028503418
0.1907292902469635
0.2918972074985504
0.22964465618133545
0.2184324562549591
0.28401780128479004
0.21890327334403992
0.11182110011577606
0.15948998928070068
0.18179602921009064
0.16185975074768066
0.24381528794765472
0.16107624769210815
0.11230431497097015
0.20986925065517426
0.1387820988893509
0.11680371314287186
0.21507945656776428
0.09684077650308609
0.19175924360752106
0.22656400501728058
0.21219000220298767
0.20851489901542664
0.16717414557933807
0.2404034435749054
0.23689228296279907
0.21681098639965057
0.21072567999362946
0.14565381407737732
0.14369678497314453
0.16439855098724365
0.15600495040416718
0.23520825803279877
0.1780690997838974
0.17571723461151123
0.1535242199897766
0.20611165463924408
0.21586835384368896
0.15291740000247955
0.1278502494096756
0.1665017008781433
0.1847050040960312
0.13506920635700226
0.156638041138649
0.11212142556905746
0.1380886286497116
0.1438964307308197
0.07035398483276367
0.1258680373430252
0.10604501515626907
0.20809699594974518
0.13430330157279968
0.14502504467964172
0.2777513861656189
0.18472538888454437
0.14132359623908997
0.2363525927066803
0.21786342561244965
0.1423131674528122
0.10104082524776459
0.19971291720867157
0.20394830405712128
0.21881674230098724
0.27552011609077454
0.14884279668331146
0.05117420479655266
0.19996577501296997
0.17235945165157318
0.05197739973664284
0.13433745503425598
0.16563737392425537
0.24275781214237213
0.20761947333812714
0.19639645516872406
0.11279146373271942
0.24743753671646118
0.234475776553154
0.1334395557641983
0.17794452607631683
0.2519349753856659
0.1976524442434311
0.16097509860992432
0.22788040339946747
0.2591487169265747
0.1583436280488968
0.2291788011789322
0.10270899534225464
0.07595944404602051
0.045022591948509216
0.21279282867908478
0.18807606399059296
0.14868441224098206
0.20660048723220825
0.141532301902771
0.14042668044567108
0.09713687747716904
0.11964822560548782
0.13778522610664368
0.0418982170522213
0.19094042479991913
0.10625171661376953
0.09290674328804016
0.10612276941537857
0.08923155069351196
0.11493536084890366
0.1846810132265091
0.09497855603694916
0.1608467996120453
0.13446928560733795
0.08565026521682739
0.14488612115383148
0.15544691681861877
0.21740317344665527
0.23761166632175446
0.056765202432870865
0.24386215209960938
0.0547381229698658
0.2176179438829422
0.1661744862794876
0.12342186272144318
0.14362095296382904
0.2504527270793915
0.005776184611022472
0.18326473236083984
0.19739578664302826
0.17545586824417114
0.036849696189165115
0.07434414327144623
0.017064502462744713
0.12253355979919434
0.24476993083953857
0.04181337356567383
0.08645807206630707
0.020790619775652885
0.17719565331935883
0.07050419598817825
0.15824802219867706
0.19681333005428314
0.15713292360305786
0.05488663539290428
0.13557982444763184
0.11450781673192978
0.18472756445407867
0.12506292760372162
0.12684600055217743
0.01496737077832222
0.04390544444322586
-0.010207201354205608
0.1304289847612381
0.16717009246349335
0.12405170500278473
0.09813368320465088
-0.032826799899339676
0.1525329053401947
0.15171197056770325
-0.027077820152044296
0.08788852393627167
0.0429677739739418
0.013735012151300907
0.08272930979728699
0.1802760362625122
0.1494225114583969
0.09485920518636703
0.06864854693412781
0.06840504705905914
0.13615617156028748
0.16457834839820862
0.18715862929821014
0.05819578468799591
0.11137948930263519
0.051812607795000076
0.003224787302315235
0.10320726782083511
0.1440686583518982
0.0012476304545998573
-0.04002197086811066
0.18420489132404327
0.025599084794521332
0.07261767983436584
0.0640135109424591
0.03452648967504501
0.08312558382749557
0.036900147795677185
0.045381076633930206
0.047180574387311935
0.05682516098022461
0.08967527002096176
0.20833082497119904
0.04418617859482765
0.030427252873778343
0.09478256851434708
0.1716456413269043
0.07802567631006241
0.16649773716926575
0.06923630088567734
0.10931078344583511
0.20782288908958435
0.10560783743858337
0.12368390709161758
-0.018001727759838104
0.10701397061347961
0.1166021078824997
0.15287216007709503
0.026815269142389297
0.0488438755273819
0.11104609072208405
0.08222734928131104
0.1245182454586029
0.12463697046041489
0.1673182100057602
0.15805017948150635
0.034884944558143616
0.03247055411338806
0.005032670684158802
-0.04270374774932861
-0.009143657051026821
0.02397863194346428
0.1219790056347847
0.1085507869720459
0.014150401577353477
0.09803781658411026
0.17292103171348572
0.12689928710460663
-0.0007785614579916
0.0893082246184349
-0.027058130130171776
0.006810379214584827
-0.005852860398590565
-0.06723083555698395
0.05840398743748665
0.06740409880876541
0.05830240249633789
0.03902711719274521
0.05588251352310181
0.04256740212440491
-0.04218192771077156
0.11686253547668457
0.025363311171531677
0.10774906724691391
0.13935056328773499
0.025304904207587242
0.1802205890417099
0.08279727399349213
0.010689549148082733
0.09553802013397217
0.15986010432243347
0.05629006028175354
0.15139633417129517
0.07936796545982361
-0.024369236081838608
-0.1274208277463913
0.09525811672210693
0.017857059836387634
0.05872942879796028
0.15236009657382965
0.039458777755498886
0.05638597160577774
-0.06503745913505554
-0.11440843343734741
0.0672178640961647
0.16619573533535004
-0.12017186731100082
0.15832111239433289
-0.14482353627681732
-0.08904722332954407
0.031047532334923744
0.002540135756134987
-0.03284315764904022
0.17056256532669067
-0.07854276895523071
0.0511687807738781
0.18882501125335693
0.11146500706672668
0.050535090267658234
-0.07360640168190002
0.011439510621130466
0.02870262786746025
0.054334815591573715
0.07740612328052521
-0.0017117476090788841
0.07107023149728775
-0.11965151876211166
-0.05748849734663963
0.07800532877445221
-0.20637083053588867
0.09299276024103165
-0.01675267145037651
0.0689624696969986
0.0760096088051796
-0.03917856514453888
-0.006399732083082199
-0.07894571125507355
0.035673849284648895
0.035467881709337234
0.1356797218322754
0.04658821225166321
0.04997279495000839
0.13998167216777802
0.06951422244310379
0.10469061881303787
0.04565761238336563
0.07896232604980469
0.11034321784973145
0.10715251415967941
0.0901065468788147
0.13553455471992493
-0.06822581589221954
0.15183457732200623
-0.14495564997196198
0.07074424624443054
0.19304552674293518
0.13142836093902588
0.04517215117812157
0.17075496912002563
-0.04310042783617973
0.0855494886636734
0.1481693834066391
0.11885172128677368
0.008800633251667023
0.13406792283058167
0.18272538483142853
-0.0516824945807457
0.004046283662319183
0.01678677648305893
-0.003945785574615002
-0.06936686486005783
0.013270450755953789
0.06732319295406342
-0.08551445603370667
-0.09079191833734512
-0.17132894694805145
-0.179418683052063
0.0008424017578363419
-0.0024874024093151093
0.003493657335639
0.028804665431380272
0.11063011735677719
0.051881276071071625
0.1569347232580185
-0.01056705228984356
-0.004419067874550819
-0.06970339268445969
0.055417612195014954
0.029006851837038994
0.17394712567329407
-0.051440298557281494
-0.0829654186964035
-0.007613400928676128
-0.001323740929365158
-0.0727657899260521
-0.04891010373830795
-0.1215730756521225
0.023147866129875183
-0.030588440597057343
-0.10045844316482544
-0.07928799837827682
0.08190319687128067
-0.07293913513422012
-0.03888126462697983
0.1108824759721756
0.1925307959318161
-0.09096560627222061
-0.09942104667425156
-0.04068116843700409
0.1281501203775406
-0.09382930397987366
0.07581725716590881
-0.0019165612757205963
-0.16876304149627686
0.0764136016368866
0.09542648494243622
0.006216580048203468
0.16177509725093842
0.11085782945156097
0.024507470428943634
0.16043336689472198
0.1556970328092575
0.12178433686494827
0.008822470903396606
-0.0705641657114029
-0.008277296088635921
-0.0011194245889782906
-0.01616106927394867
-0.051111169159412384
-0.09681452810764313
-0.0009977901354432106
0.006075706798583269
0.023609068244695663
-0.16354858875274658
0.0858023464679718
-0.14265787601470947
0.05650264024734497
-0.0004563434049487114
0.21862176060676575
-0.06007906049489975
0.013465949334204197
0.06312236934900284
0.09175710380077362
-0.021061699837446213
-0.04911840707063675
0.11809777468442917
0.08496318012475967
-0.08237852156162262
0.010107474401593208
0.02972177043557167
-0.002022235654294491
-0.015302407555282116
-0.008018046617507935
0.11932910233736038
-0.030468497425317764
-0.06825824081897736
0.040709301829338074
0.003408352378755808
-0.0077885352075099945
0.05308691784739494
0.19544802606105804
0.017794638872146606
0.02762797847390175
-0.057438381016254425
0.1396171599626541
-0.010738643817603588
0.01145583763718605
0.16086314618587494
-0.0638754814863205
0.056461457163095474
-0.22452011704444885
-0.08291969448328018
0.04646484553813934
0.018415573984384537
0.0059364959597587585
0.11245828866958618
-0.11485058069229126
-0.09205818176269531
0.04669202119112015
-0.10863907635211945
-0.14394672214984894
-0.15819165110588074
0.012298033572733402
0.00231672590598464
0.046547748148441315
-0.030667658895254135
0.0020931209437549114
0.10911596566438675
0.012703307904303074
0.0031482097692787647
-0.11727914959192276
0.09092195332050323
0.07863708585500717
-0.038655415177345276
0.14614452421665192
-0.019440367817878723
-0.06834575533866882
0.06651851534843445
-0.02629694528877735
0.08038830757141113
0.005274465307593346
-0.062448903918266296
-0.13125306367874146
-0.013609196059405804
-0.10684369504451752
0.0702260434627533
-0.10994371771812439
0.0846298485994339
-0.06844478100538254
-0.09492034465074539
0.03986953943967819
-0.09243779629468918
-0.07477648556232452
-0.07715386897325516
0.08109931647777557
0.08810730278491974
-0.08751240372657776
-0.1161506325006485
0.04820401221513748
-0.13559205830097198
-0.09894077479839325
0.16453570127487183
-0.03819071501493454
-0.05579277127981186
-0.10350380837917328
-0.017518388107419014
-0.01964171975851059
-0.018100084736943245
-0.1514953076839447
0.11832817643880844
0.08988311141729355
0.07459266483783722
0.08674165606498718
0.0801064521074295
0.13172557950019836
-0.054192349314689636
-0.07661287486553192
0.026342835277318954
-0.016593370586633682
0.07617110759019852
0.14070461690425873
0.16033628582954407
-0.06056051328778267
-0.07859881967306137
0.04624059796333313
-0.017427198588848114
0.07430072873830795
-0.09861923009157181
-0.04655380919575691
0.1173909455537796
-0.02688409388065338
0.053832657635211945
-0.0726730227470398
0.059570956975221634
-0.006188767962157726
0.03201175853610039
-0.13430912792682648
0.029741086065769196
-0.06309892982244492
0.09108920395374298
-0.004790297709405422
0.10536154359579086
0.1283343881368637
-0.12251879274845123
0.033866189420223236
0.03520573675632477
-0.22929339110851288
0.1904846727848053
-0.08991969376802444
-0.039228424429893494
-0.06584237515926361
0.06410793215036392
0.09717944264411926
-0.012426430359482765
-0.06154334917664528
-0.08277130872011185
-0.04335741698741913
-0.117249995470047
0.06077221408486366
0.05179322883486748
0.11815986037254333
0.14273561537265778
0.23065973818302155
0.10751363635063171
0.08819708973169327
-0.12060292810201645
-0.04987279698252678
0.008973349817097187
-0.07549081742763519
-0.0427541509270668
0.019817795604467392
-0.006208069622516632
0.044210225343704224
-0.1733882874250412
0.012829851359128952
-0.07853473722934723
0.02780374512076378
-0.03833134472370148
-0.12200327217578888
-0.040775761008262634
-0.039219487458467484
-0.07299304753541946
-0.13015975058078766
0.02342384308576584
-0.04641096293926239
0.12212315201759338
-0.09538409858942032
-0.06177441030740738
0.05701589584350586
0.11992890387773514
0.10389209538698196
-0.03333796560764313
-0.046250779181718826
-0.14706936478614807
0.06304315477609634
0.03579989820718765
0.05347190052270889
0.0459410659968853
0.08309096097946167
0.019651351496577263
0.058157000690698624
0.03837745264172554
-0.10991779714822769
0.09892361611127853
-0.045677222311496735
0.042404234409332275
-0.03828296437859535
0.046858180314302444
-0.12939739227294922
-0.033778928220272064
0.016740642488002777
0.039084069430828094
0.03354823589324951
0.018414102494716644
-0.07261721044778824
0.07604789733886719
0.016092851758003235
0.02114623226225376
-6.124656647443771e-05
-0.033105138689279556
-0.1411280632019043
0.023316888138651848
0.06340084969997406
-0.09927752614021301
0.059058889746665955
-0.06833096593618393
0.029855426400899887
0.0406932570040226
0.04917912930250168
0.10051118582487106
0.028678329661488533
-0.07557474821805954
-0.015359263867139816
-0.15701542794704437
-0.06921665370464325
0.0765400230884552
0.09259829670190811
0.00613068463280797
0.11003866046667099
-0.05545836687088013
0.02934102527797222
0.11725874245166779
-0.12096349149942398
-0.015287308022379875
0.04097295179963112
-0.02582915872335434
-0.0744902491569519
0.09276708215475082
0.040995802730321884
0.06747893989086151
-0.09858404844999313
0.029007086530327797
-0.024788744747638702
-0.06746518611907959
0.020554877817630768
-0.002692124806344509
-0.008650745265185833
-0.02075156942009926
0.044564515352249146
0.10578297078609467
0.007900696247816086
0.056659068912267685
-0.07152965664863586
0.004370521288365126
-0.05057055875658989
-0.06642401963472366
0.09987909346818924
-0.0025726035237312317
0.004853241145610809
0.1143043115735054
-0.04092509299516678
0.008142568171024323
0.014980040490627289
-0.0035316860303282738
-0.010619423352181911
0.14185526967048645
-0.04592840000987053
-0.005822785198688507
-0.0335950031876564
0.08997183293104172
0.04005182161927223
-0.01686137169599533
-0.010370354168117046
-0.1190800666809082
-0.1820589154958725
-0.04708181694149971
0.10925323516130447
0.03248712420463562
0.0336475744843483
0.06610143184661865
-0.14795733988285065
-0.15580186247825623
-0.08064115047454834
-0.03208185359835625
0.1046682819724083
0.10151147097349167
0.012353196740150452
-0.06810493022203445
0.05749186500906944
0.09281528741121292
0.009909091517329216
0.11036483943462372
-0.04425770789384842
-0.006559727713465691
0.11888595670461655
0.08229868859052658
-0.02840597927570343
-0.035595621913671494
-0.010831535793840885
0.06479046493768692
0.030278829857707024
-0.033552706241607666
-0.012105736881494522
-0.019631870090961456
0.1224229633808136
0.02684677392244339
0.03699647635221481
0.06867925077676773
0.07498164474964142
-0.12452434748411179
-0.0700373649597168
-0.04919200763106346
-0.08978147059679031
-0.1036854088306427
0.10741663724184036
0.0705469474196434
-0.00503904465585947
-0.05390135943889618
0.09794972836971283
-0.10334612429141998
-0.1738249808549881
0.046758875250816345
0.09010949730873108
0.05569513514637947
0.19222629070281982
0.09662500023841858
-0.013418766669929028
0.07884492725133896
-0.028474852442741394
-0.030341561883687973
0.03614488244056702
0.10523810982704163
0.09921765327453613
0.17088715732097626
0.048829201608896255
0.10329677909612656
-0.11067382246255875
-0.16506780683994293
0.10889297723770142
0.026671338826417923
0.01574239879846573
0.01921023055911064
0.17942723631858826
0.14632350206375122
-0.04400011524558067
0.022760894149541855
0.043980203568935394
-0.001566937193274498
0.08086588233709335
-0.14274699985980988
0.004629236180335283
-0.026106014847755432
0.10121943056583405
-0.09863649308681488
0.09508773684501648
0.11539112776517868
-0.06370952725410461
0.0301570612937212
0.031145446002483368
0.08504320681095123
-0.024136558175086975
-0.08147606253623962
0.156476229429245
0.0336969755589962
-0.07161449640989304
0.048976726830005646
0.033690351992845535
-0.08601755648851395
-0.04321504384279251
0.047968536615371704
-0.0850660428404808
0.0724080353975296
0.10268948972225189
-0.0623256079852581
-0.12248637527227402
-0.07252949476242065
0.09347547590732574
-0.1077207401394844
-0.07233521342277527
-0.11834364384412766
-0.006905145011842251
0.011008515022695065
0.03285805508494377
