0.22108064591884613
0.24390901625156403
0.16896936297416687
0.22281254827976227
0.23093447089195251
0.22976359724998474
0.2324543297290802
0.21874450147151947
0.22159802913665771
0.25262004137039185
0.23981022834777832
0.23850154876708984
0.20241789519786835
0.163759246468544
0.15775397419929504
0.25211256742477417
0.14838974177837372
0.1475852131843567
0.09509902447462082
0.19128207862377167
0.07334866374731064
0.20981480181217194
0.12738195061683655
0.17317456007003784
0.2010948657989502
0.15344837307929993
0.13966791331768036
0.0900706797838211
0.2517763674259186
0.07970727235078812
0.02219451405107975
0.023760676383972168
0.15840992331504822
0.06769362092018127
0.09547068923711777
0.12791800498962402
0.02002832293510437
0.1432867795228958
-0.13040761649608612
0.01677713543176651
0.07425437122583389
0.3356632888317108
0.12755149602890015
0.15952779352664948
0.21838967502117157
0.13270005583763123
0.34368807077407837
-0.02900397591292858
0.25906315445899963
0.16610166430473328
0.08850187808275223
0.03926549851894379
0.22521647810935974
0.32039904594421387
0.1504087597131729
0.030055338516831398
0.2342323511838913
0.272747278213501
0.07661288976669312
0.04588322341442108
0.11795798689126968
0.06746264547109604
0.1555095613002777
-0.04567406699061394
0.13074901700019836
0.1463889330625534
0.06399602442979813
0.13098493218421936
0.08431016653776169
0.13718028366565704
0.19025807082653046
0.10144425183534622
0.18238767981529236
0.11513430625200272
0.22211511433124542
0.20160304009914398
0.23455873131752014
0.25149136781692505
0.24996359646320343
0.12462638318538666
0.16829876601696014
0.24999016523361206
0.1726721227169037
0.23600523173809052
0.18184718489646912
0.23374509811401367
0.21471095085144043
0.2994675040245056
0.16727133095264435
0.26241180300712585
0.1439514458179474
0.22312867641448975
0.15357370674610138
0.16933216154575348
0.11898818612098694
0.24743905663490295
0.1320067197084427
0.17203523218631744
0.3042724132537842
0.20980514585971832
0.21100232005119324
0.16613177955150604
0.191170334815979
0.08141899853944778
0.1775757074356079
0.2343093901872635
0.22694270312786102
0.2042795717716217
0.20823319256305695
0.12424328178167343
0.1662221997976303
0.2538837492465973
0.1355152130126953
0.21531493961811066
0.29609158635139465
0.2199900597333908
0.10759922862052917
0.14591580629348755
0.22038546204566956
0.18999747931957245
0.23086175322532654
0.06319250166416168
0.2375088483095169
0.0584460124373436
0.14440762996673584
0.2050904780626297
0.23084035515785217
0.22905512154102325
0.2079848349094391
0.2049332857131958
0.25917401909828186
0.2459641546010971
0.23007385432720184
0.267487108707428
0.1671338677406311
0.2843264937400818
0.23224948346614838
0.09390389174222946
0.2584434747695923
0.29505160450935364
0.20707112550735474
0.19027794897556305
0.18871408700942993
0.20907707512378693
0.18464283645153046
0.23338796198368073
0.24467220902442932
0.2054612636566162
0.24619248509407043
0.14759418368339539
0.14753788709640503
0.14632709324359894
0.24968767166137695
0.16726809740066528
0.18646512925624847
0.1513231098651886
0.19953197240829468
0.12454567104578018
0.24567914009094238
0.22823116183280945
0.22972574830055237
0.2446817308664322
0.24183543026447296
0.20120695233345032
0.1706790179014206
0.21937991678714752
0.15570344030857086
0.277204692363739
0.2484980821609497
0.2585356533527374
0.10443003475666046
0.24691301584243774
0.16658031940460205
0.1557171791791916
0.21781408786773682
0.24320930242538452
0.22471976280212402
0.28066641092300415
0.14084962010383606
0.22274760901927948
0.1326306164264679
0.1968970149755478
0.1923583447933197
0.20661264657974243
0.2235082983970642
0.16357894241809845
0.14953765273094177
0.21251295506954193
0.26978492736816406
0.2145894169807434
0.2789255678653717
0.16535352170467377
0.1303667277097702
0.10236959159374237
0.139399915933609
0.13091370463371277
0.18200360238552094
0.18100033700466156
0.2243812084197998
0.1615002453327179
0.2657569944858551
0.18552181124687195
0.22479049861431122
0.2569224238395691
0.17360970377922058
0.1304268091917038
0.2209717333316803
0.1924143135547638
0.1911056786775589
0.08269589394330978
0.20431743562221527
0.18700364232063293
0.19373679161071777
0.1260131597518921
0.19660240411758423
0.1060626208782196
0.12961985170841217
0.16282537579536438
0.2220659703016281
0.2559100389480591
0.1332647055387497
0.11808541417121887
0.1870313137769699
0.2449650764465332
0.2481934130191803
0.18460442125797272
0.05113140866160393
0.1519991010427475
0.147574782371521
0.14322082698345184
0.21853157877922058
0.26617807149887085
0.21797633171081543
0.1855122596025467
0.2868351340293884
0.22447814047336578
0.21330209076404572
0.2788406014442444
0.21365156769752502
0.10684259980916977
0.1542721688747406
0.1763235628604889
0.15671642124652863
0.23870906233787537
0.15601173043251038
0.10705438256263733
0.20462439954280853
0.1333957016468048
0.11152435839176178
0.20979787409305573
0.0915418490767479
0.1861741840839386
0.22153502702713013
0.20689402520656586
0.2029309719800949
0.16182613372802734
0.23474325239658356
0.23155570030212402
0.21170558035373688
0.20547905564308167
0.1404244303703308
0.13809747993946075
0.1589176207780838
0.15070118010044098
0.22980915009975433
0.1728767305612564
0.17021438479423523
0.1478317826986313
0.20061813294887543
0.21072128415107727
0.14762289822101593
0.12205333262681961
0.16046114265918732
0.17950308322906494
0.12947441637516022
0.15121778845787048
0.10648953169584274
0.1328883022069931
0.13865050673484802
0.06521178781986237
0.12048948556184769
0.10055679827928543
0.20241405069828033
0.12825162708759308
0.13866107165813446
0.27241259813308716
0.17937786877155304
0.13553929328918457
0.23077768087387085
0.2120765745639801
0.13601350784301758
0.0958961546421051
0.19433386623859406
0.19894081354141235
0.21236838400363922
0.27021244168281555
0.14342649281024933
0.045064717531204224
0.19386008381843567
0.16678057610988617
0.04491850733757019
0.1291518360376358
0.16034476459026337
0.23675191402435303
0.20205897092819214
0.19091200828552246
0.10717883706092834
0.24193061888217926
0.22914336621761322
0.12810589373111725
0.17218457162380219
0.246829092502594
0.19243068993091583
0.1554320603609085
0.2227940857410431
0.2537003457546234
0.15119434893131256
0.2237195372581482
0.09727366268634796
0.07045018672943115
0.037824779748916626
0.20660126209259033
0.18265001475811005
0.14298249781131744
0.20144085586071014
0.13548876345157623
0.1341274231672287
0.09123478829860687
0.11367698013782501
0.13176773488521576
0.03649275749921799
0.18559974431991577
0.09996577352285385
0.08693747967481613
0.09948859363794327
0.08341733366250992
0.10929980874061584
0.1793489009141922
0.0892660841345787
0.1551482379436493
0.1284794956445694
0.07982028275728226
0.1392412781715393
0.14943517744541168
0.2122105360031128
0.23151005804538727
0.049733251333236694
0.23703207075595856
0.04975786805152893
0.211395263671875
0.16017235815525055
0.11735352128744125
0.13643673062324524
0.2449677586555481
0.00014392845332622528
0.17770066857337952
0.19144369661808014
0.1688433587551117
0.02973601035773754
0.06717973202466965
0.010373830795288086
0.1170758530497551
0.23890893161296844
0.03238668292760849
0.07855239510536194
0.013528851792216301
0.17158712446689606
0.06466051936149597
0.15150345861911774
0.19026173651218414
0.1504407823085785
0.044444382190704346
0.12844422459602356
0.10861951112747192
0.17741931974887848
0.11804307997226715
0.12108711153268814
0.007498931139707565
0.03892979398369789
-0.018066350370645523
0.12185056507587433
0.16131792962551117
0.11773091554641724
0.08899172395467758
-0.04263777658343315
0.14584973454475403
0.1463635116815567
-0.033404819667339325
0.08058129251003265
0.03656958043575287
0.005429920740425587
0.07599394023418427
0.17437979578971863
0.14190472662448883
0.08703991025686264
0.11045365780591965
0.06113596633076668
0.12805722653865814
0.15773598849773407
0.18035902082920074
0.0480821467936039
0.10486697405576706
0.045423723757267
-0.0027659903280436993
0.09691250324249268
0.13755179941654205
-0.0033765677362680435
-0.04748762026429176
0.17808830738067627
0.03856544941663742
0.14201316237449646
0.08872976154088974
0.03891768679022789
0.10829803347587585
-0.009741220623254776
0.12113784998655319
0.06377574801445007
0.07988569140434265
-0.014973253011703491
0.12310771644115448
0.09533766657114029
0.08208835124969482
0.13045398890972137
0.03835246339440346
0.059055108577013016
-0.0076250298880040646
0.15805181860923767
0.08506998419761658
0.02606605738401413
0.13763344287872314
0.06949683278799057
0.07081210613250732
0.078006811439991
0.06028507277369499
0.07489293068647385
-0.09255854785442352
0.11082755029201508
0.024006562307476997
0.04264485090970993
0.07043787091970444
0.10577011108398438
0.013463899493217468
0.013934091664850712
0.03612624481320381
0.14264428615570068
0.07758834213018417
0.016477972269058228
-0.043491240590810776
0.03578846529126167
0.09956450015306473
0.09646867215633392
0.20312774181365967
0.13875918090343475
0.06839966773986816
-0.007770309690386057
0.057235412299633026
0.080443374812603
0.10936403274536133
0.030644487589597702
0.14892977476119995
0.08439836651086807
0.0006262885872274637
0.11448119580745697
0.004351758863776922
0.034980714321136475
0.04089983552694321
0.019385844469070435
0.13275551795959473
0.0030319392681121826
0.13201026618480682
0.01760818623006344
0.1874409317970276
-0.05873584374785423
0.05751639977097511
0.12556657195091248
0.06792724877595901
-0.012160046026110649
0.04268793389201164
-0.10949113965034485
0.0831681415438652
0.0539715439081192
0.11105740815401077
-0.06874477863311768
-0.049747928977012634
0.07618386298418045
-0.07447684556245804
0.03643372654914856
0.09959401190280914
-0.05128263309597969
0.04910019040107727
0.02302435040473938
-0.01934221386909485
0.049813125282526016
-0.0720348209142685
0.06633292138576508
0.0642906054854393
-0.17179590463638306
0.05479411408305168
0.1094505786895752
0.09771908074617386
0.014253494329750538
0.0012047560885548592
0.018191060051321983
0.03306300938129425
0.08542875200510025
-0.020808953791856766
0.0863470807671547
0.1298140436410904
-0.010080603882670403
0.10693446546792984
-0.10471708327531815
-0.009609327651560307
-0.04663883149623871
0.06621502339839935
0.010635966435074806
0.028452163562178612
0.06569520384073257
0.07087346911430359
0.05619598925113678
0.1259109228849411
-0.0031879288144409657
0.03753279894590378
0.016385266557335854
0.11725206673145294
0.005171047057956457
-0.04887603223323822
0.16437704861164093
0.13100950419902802
0.15040478110313416
0.016862398013472557
0.12682779133319855
0.04066735506057739
-0.030072763562202454
0.014823665842413902
0.04876759648323059
-0.055576544255018234
-0.11441751569509506
-0.22075843811035156
0.10823848843574524
0.10669256746768951
0.04391013830900192
-0.07347846031188965
0.002167206257581711
0.07841088622808456
-0.01689603552222252
0.04844855144619942
-0.060386862605810165
-0.04524911567568779
0.11599999666213989
-0.0794876366853714
0.021214503794908524
0.10046955198049545
0.35221943259239197
0.04386850818991661
-0.018984870985150337
-0.0909067839384079
-0.08747934550046921
0.06717324256896973
-0.020491402596235275
-0.04163172096014023
-0.1990475058555603
0.09046004712581635
-0.10117290914058685
-0.048780862241983414
0.07468889653682709
0.039298251271247864
-0.0738058015704155
-0.056112345308065414
0.07345471531152725
-0.15739692747592926
-0.03289535269141197
0.015307217836380005
-0.05314359441399574
0.04260909557342529
0.04001676291227341
0.09654824435710907
0.07351665198802948
0.0803433507680893
0.2430225908756256
-0.06535032391548157
-0.0634392723441124
-0.12595391273498535
0.008745934814214706
0.044278621673583984
-0.0015123719349503517
0.05020555108785629
-0.14757408201694489
0.08796242624521255
0.012254653498530388
-0.06970201432704926
-0.00032474612817168236
0.06897763162851334
-0.0162382610142231
0.04450451582670212
0.1450648158788681
-0.09933209419250488
0.007714112289249897
-0.03154296800494194
-0.058766819536685944
-0.17389145493507385
0.1592310070991516
0.10154922306537628
0.06464777886867523
-0.00854970421642065
-0.03554647043347359
0.09859597682952881
-0.10548702627420425
-0.03966115787625313
-0.018438905477523804
0.009896284900605679
-0.0683336928486824
0.07407598942518234
0.056471068412065506
-0.11756737530231476
0.19393187761306763
0.014101775363087654
0.05777057632803917
0.05889684334397316
0.10453641414642334
0.030796879902482033
0.19939669966697693
-0.15064096450805664
0.15394850075244904
0.007308994885534048
0.03484482318162918
0.22865986824035645
-0.12305806577205658
-0.09170522540807724
0.11453818529844284
-0.015942487865686417
0.12335136532783508
0.03009362891316414
0.07875370979309082
-0.08986832201480865
0.009080350399017334
0.033277783542871475
0.13433240354061127
-0.06169302016496658
-0.017829788848757744
0.008240413852036
-0.14117884635925293
-0.0843275636434555
0.0302606001496315
0.12225444614887238
-0.12041939795017242
0.04417697340250015
-0.047984883189201355
-0.08794330060482025
0.02299434505403042
0.031115755438804626
-0.0123858992010355
-0.05982315167784691
0.029417747631669044
-0.013953110203146935
-0.045010585337877274
0.11087028682231903
0.1227172315120697
0.05742381885647774
-0.11380982398986816
-0.07869953662157059
-0.0943240076303482
0.06385484337806702
0.010137120261788368
-0.10956807434558868
0.07095453888177872
-0.08284236490726471
0.02617744356393814
-0.005701725836843252
-0.05733057111501694
0.07486777007579803
-0.013310682959854603
0.07531240582466125
0.051883596926927567
0.005149653647094965
0.10874045640230179
-0.014477662742137909
0.035151321440935135
0.012625165283679962
0.0786568745970726
-0.07519979029893875
0.09072357416152954
0.004644819535315037
0.13704264163970947
-0.19287993013858795
0.007830793038010597
0.12389172613620758
0.12338010966777802
0.06134117394685745
-0.015912823379039764
-0.05416366457939148
-0.034032586961984634
0.11697183549404144
-0.07848578691482544
0.031070487573742867
0.010385282337665558
-0.03562944754958153
0.1118040531873703
0.029570361599326134
0.017715787515044212
-0.00910921674221754
0.030174605548381805
-0.0068449717946350574
-0.22061733901500702
-0.13298295438289642
-0.013928636908531189
0.046440694481134415
-0.072597436606884
-0.13840366899967194
0.0155417425557971
0.03914184868335724
-0.11192847043275833
-0.013020625337958336
0.0231937225908041
0.020658481866121292
-0.09484802186489105
0.15362629294395447
-0.1937563121318817
-0.031851913779973984
-0.058893442153930664
-0.05419626459479332
-0.08870597183704376
-0.0011678407900035381
0.010163793340325356
-0.018981346860527992
-0.2642771005630493
0.00366508262231946
0.15973132848739624
-0.08476975560188293
0.17333152890205383
-0.040427714586257935
-0.027735959738492966
0.033375613391399384
0.14122945070266724
-0.08515307307243347
-0.04290783405303955
-0.027228768914937973
-0.08852549642324448
-0.12646162509918213
0.14390653371810913
-0.002350788563489914
0.06216350942850113
-0.1585710346698761
-0.007416908163577318
-0.008752785623073578
-0.1397913694381714
-0.014305620454251766
0.09789128601551056
-0.10252975672483444
0.15692728757858276
0.058754559606313705
0.019431758671998978
-0.0664975643157959
0.044641487300395966
0.05166412144899368
0.02284918911755085
0.10397285968065262
-0.000694893766194582
-0.10047852993011475
-0.15820056200027466
0.0081033268943429
-0.15065841376781464
0.137874573469162
-0.013135011307895184
0.07397234439849854
-0.1259557455778122
0.0922834575176239
0.05525876581668854
0.05665628984570503
0.07634370028972626
0.042463116347789764
-0.03479081764817238
0.013217845931649208
0.08140631765127182
0.007147610187530518
0.050771601498126984
-0.1237645223736763
0.06572027504444122
-0.13152271509170532
0.06952307373285294
0.19436992704868317
-0.21347296237945557
-0.13336756825447083
0.23103965818881989
0.10984260588884354
-0.01077229529619217
0.12633132934570312
0.07751098275184631
0.04700583219528198
0.08177360147237778
0.12555812299251556
-0.09465883672237396
0.024514518678188324
-0.04800768196582794
-0.01997862383723259
0.13965553045272827
-0.184840589761734
0.16082359850406647
0.002293890807777643
-0.18738318979740143
-0.16580115258693695
0.010079897940158844
-0.010799108073115349
-0.06977061182260513
-0.03536511957645416
0.04353442043066025
-0.021424993872642517
0.13511401414871216
0.0007480350323021412
-0.003984068054705858
-0.18492014706134796
-0.019155429676175117
-0.006031993310898542
0.007243099622428417
-0.07722757011651993
0.02704833820462227
0.12791037559509277
-0.07694414258003235
-0.09810979664325714
0.08805618435144424
0.05760660395026207
0.2169259786605835
-0.04088979959487915
0.0034979991614818573
-0.09544796496629715
0.1168004646897316
0.013146290555596352
-0.005022283643484116
0.0727633684873581
-0.09645365178585052
-0.00858604907989502
0.0666445940732956
-0.07944376021623611
0.05623536929488182
-0.05690867826342583
-0.04341781511902809
0.0018712191376835108
0.05619421973824501
0.016642216593027115
-0.017550595104694366
-0.013670079410076141
-0.09033738076686859
0.017723925411701202
0.0705941915512085
0.019127486273646355
0.033025313168764114
0.05999178811907768
-0.03980623185634613
-0.007518175523728132
0.066205233335495
0.07981637120246887
-0.0611167810857296
-0.015265868045389652
0.06032337248325348
0.05084582790732384
-0.193492591381073
0.05520181730389595
0.042268283665180206
0.00035806139931082726
0.06940679997205734
0.10455554723739624
-0.10521218180656433
-0.11023849993944168
0.005800760351121426
-0.10703533887863159
-0.0025463099591434
0.0008912112098187208
0.11207544058561325
0.13875772058963776
0.06427076458930969
0.00919667910784483
-0.041820377111434937
-0.02331395447254181
-0.08184696733951569
0.0139485914260149
0.12739284336566925
-0.13483192026615143
-0.028773892670869827
-0.07008089125156403
-0.0459333099424839
-0.0948864296078682
0.041468486189842224
0.0025630847085267305
0.06015126034617424
0.1415230631828308
-0.004837792366743088
-0.15924231708049774
-0.020738719031214714
0.040661025792360306
-0.02114287205040455
0.07406534254550934
-0.18107250332832336
0.08915866911411285
-0.03622490540146828
-0.19746823608875275
-0.09978839010000229
-0.003698405809700489
-0.03954528644680977
-0.053889237344264984
-0.005193919409066439
-0.0040033417753875256
0.07141853123903275
0.035267774015665054
-0.10306153446435928
0.04108840972185135
0.04224100336432457
-0.05301468074321747
0.03894995152950287
-0.02460927516222
0.021827802062034607
0.0028159781359136105
-0.030958157032728195
-0.17474116384983063
-0.05027596279978752
-0.03355148807168007
-0.03994958475232124
-0.08237560093402863
0.17300468683242798
-0.11302446573972702
-0.06578361243009567
-0.07390787452459335
0.05880133807659149
-0.051482126116752625
0.10476254671812057
0.09884046763181686
0.1682848185300827
-0.017476094886660576
-0.05571267381310463
0.05157477408647537
0.004210400395095348
-0.10001441836357117
-0.0606316477060318
-0.01095559261739254
0.0611206516623497
-0.04056496173143387
-0.09593532234430313
-0.038499511778354645
-0.08919262140989304
-0.11148785054683685
-0.03753570467233658
-0.07589616626501083
0.023853398859500885
0.06538963317871094
0.028898952528834343
0.0022779982537031174
-0.06424537301063538
0.029591843485832214
0.19828321039676666
0.11321845650672913
0.03224823623895645
0.10905947536230087
0.030458034947514534
-0.09161626547574997
-0.0956265926361084
-0.2001599818468094
-0.12202854454517365
0.10907217860221863
0.13149183988571167
0.042695119976997375
0.027035938575863838
-0.03197084367275238
-0.13816779851913452
-0.01341230422258377
-0.04104214161634445
-0.027337800711393356
-0.00022930419072508812
0.00599560234695673
0.06452719122171402
-0.13141095638275146
0.07693686336278915
0.03143173083662987
-0.01671871356666088
-0.0727260634303093
0.029236020520329475
-0.09920002520084381
0.08927728235721588
-0.004212738946080208
-0.11690251529216766
-0.08710678666830063
0.09446198493242264
0.10553435236215591
-0.036248594522476196
-0.008082910440862179
0.018416373059153557
0.03133140504360199
0.013676932081580162
0.013085668906569481
0.022094905376434326
-0.09532276540994644
-0.004070107825100422
-0.1474103480577469
-0.06282932311296463
0.027281450107693672
0.08611414581537247
0.0016291267238557339
-0.027858838438987732
-0.10469827800989151
-0.04348023608326912
0.06119062751531601
-0.21064521372318268
-0.10221077501773834
