0.26434972882270813
0.28135374188423157
0.271788626909256
0.27398934960365295
0.28155088424682617
0.27162131667137146
0.27638113498687744
0.25553739070892334
0.2703803479671478
0.2779037654399872
0.2472364902496338
0.2709432542324066
0.27805277705192566
0.22549530863761902
0.2508866488933563
0.2684447467327118
0.2560310959815979
0.24234262108802795
0.18846894800662994
0.27185744047164917
0.2401987463235855
0.26821407675743103
0.270793080329895
0.2650558650493622
0.27430152893066406
0.270245224237442
0.26735156774520874
0.2860927879810333
0.265383780002594
0.2789556086063385
0.27514952421188354
0.27572008967399597
0.2363676130771637
0.26558250188827515
0.30568480491638184
0.289504736661911
0.24604566395282745
0.2174895703792572
0.2576659321784973
0.2938893139362335
0.26046597957611084
0.17677682638168335
0.2210078090429306
0.20756348967552185
0.23169639706611633
0.2878797650337219
0.2612580955028534
0.299407422542572
0.24414022266864777
0.26870086789131165
0.24754221737384796
0.25485286116600037
0.1991477906703949
0.24382071197032928
0.264959454536438
0.23214639723300934
0.26411014795303345
0.27193212509155273
0.25421538949012756
0.2673806846141815
0.2655493915081024
0.2947346270084381
0.278788685798645
0.28038838505744934
0.2677024006843567
0.2805666923522949
0.256908118724823
0.23229224979877472
0.27847909927368164
0.22529007494449615
0.2485128492116928
0.26577043533325195
0.20316024124622345
0.2604563534259796
0.27007317543029785
0.24081474542617798
0.2739023268222809
0.25513342022895813
0.2617238163948059
0.27109456062316895
0.26731204986572266
0.2715972065925598
0.22913570702075958
0.2711861729621887
0.2573024034500122
0.21607159078121185
0.22074951231479645
0.2266685515642166
0.22682462632656097
0.2664874792098999
0.2702101469039917
0.2445608675479889
0.22886967658996582
0.23751404881477356
0.20974065363407135
0.24298195540905
0.23084606230258942
0.25509557127952576
0.28507480025291443
0.24373790621757507
0.28432217240333557
0.21414946019649506
0.2481234222650528
0.20610037446022034
0.18533635139465332
0.2491481900215149
0.2505642771720886
0.2621288001537323
0.2153201401233673
0.23961661756038666
0.2688353657722473
0.25852543115615845
0.22032606601715088
0.248188316822052
0.24399597942829132
0.2333890050649643
0.18681222200393677
0.25953221321105957
0.23814688622951508
0.2543359696865082
0.224625363945961
0.172478586435318
0.24297474324703217
0.23800310492515564
0.2686783969402313
0.2704562842845917
0.25076478719711304
0.2447296380996704
0.2740611135959625
0.2087097018957138
0.24677520990371704
0.24338564276695251
0.2378566563129425
0.24885694682598114
0.22143374383449554
0.22914284467697144
0.1931096613407135
0.20516163110733032
0.23583126068115234
0.20700138807296753
0.2213374674320221
0.2396123707294464
0.20403970777988434
0.19580115377902985
0.13108500838279724
0.19127291440963745
0.1421566903591156
0.20608629286289215
0.19294635951519012
0.23095372319221497
0.21136698126792908
0.14154721796512604
0.156131774187088
0.1291348785161972
0.20047137141227722
0.1165325939655304
0.2075771689414978
0.11953754723072052
0.10823806375265121
0.15486884117126465
0.08727508783340454
0.2265840321779251
0.13635537028312683
0.22646933794021606
0.2774575650691986
0.23689734935760498
0.15672992169857025
0.1927005648612976
0.07292922586202621
0.1199762150645256
0.30001121759414673
0.2042798548936844
0.2414381206035614
0.10436760634183884
0.12414360791444778
0.21347452700138092
0.07879887521266937
0.07076458632946014
0.12837402522563934
0.11291582882404327
0.14003905653953552
0.1305766999721527
0.10534338653087616
0.11826128512620926
0.12641765177249908
0.1392965167760849
0.050323955714702606
0.07513287663459778
0.1629730463027954
0.10206905007362366
0.10877369344234467
0.11541259288787842
0.1349269449710846
0.14183665812015533
0.09915849566459656
0.13474076986312866
0.17491471767425537
0.12544706463813782
0.07457466423511505
0.17393101751804352
0.1581978052854538
0.09775201976299286
0.06153715029358864
0.15877056121826172
0.09776733815670013
0.13914716243743896
0.11822711676359177
0.16914775967597961
0.1277981400489807
0.20275498926639557
0.15771472454071045
0.091719850897789
0.13920073211193085
0.1522672325372696
0.16909298300743103
0.0908963680267334
0.10296296328306198
0.10805201530456543
0.16713131964206696
0.15918149054050446
0.05841398984193802
0.07247310131788254
0.09101244807243347
0.028343796730041504
0.06887312233448029
0.12037315964698792
0.14441251754760742
0.07365501672029495
0.043390993028879166
0.09528935700654984
0.09665750712156296
0.20893171429634094
0.15613462030887604
0.1214972510933876
0.13419826328754425
0.09411226212978363
0.057038627564907074
0.09279275685548782
0.12944744527339935
0.12782475352287292
0.09283801168203354
0.06624659150838852
0.13683396577835083
0.1158597469329834
0.13147152960300446
0.12111478298902512
0.07744678109884262
0.14513705670833588
0.05913934111595154
0.09111578017473221
0.1315189003944397
0.1854153871536255
0.2134588211774826
0.1419774442911148
0.13147009909152985
0.09646816551685333
0.08955194056034088
0.10158920288085938
0.08395520597696304
0.11309655010700226
0.0706348568201065
0.08926589787006378
0.21322639286518097
0.13306240737438202
0.1372745931148529
0.09674063324928284
0.12161063402891159
0.0511990487575531
0.03789176046848297
0.09695784747600555
0.08333512395620346
0.12587444484233856
0.1044752448797226
0.04573361575603485
0.17576873302459717
0.13378320634365082
0.07543229311704636
0.15773974359035492
0.0604901947081089
0.0814557671546936
0.05758298188447952
0.09576201438903809
0.09535522758960724
0.156154602766037
0.13875405490398407
0.0513259619474411
0.0934470072388649
0.15247571468353271
0.12457108497619629
0.09982608258724213
0.08523517847061157
0.054323840886354446
0.07029984891414642
0.0846705362200737
0.06099157780408859
0.06183752790093422
0.09877337515354156
0.08641482889652252
0.09636636823415756
0.12582601606845856
0.23207420110702515
0.08101872354745865
0.05989569053053856
0.051407020539045334
0.04936292767524719
0.09533322602510452
0.11936885118484497
0.10140541940927505
0.10938213765621185
0.05726068466901779
0.05371607467532158
0.14107026159763336
0.08883002400398254
0.06324975192546844
0.060673072934150696
0.030940556898713112
0.06124407425522804
0.10355154424905777
0.10297923535108566
0.059974104166030884
0.060331717133522034
0.06811123341321945
0.0643811896443367
0.17987506091594696
0.09236784279346466
0.04757227748632431
0.09062448143959045
0.07738720625638962
0.06748788803815842
0.05959480628371239
0.08306746184825897
0.07000833749771118
0.0721663311123848
0.08328652381896973
0.053425393998622894
0.09852541983127594
0.15332336723804474
0.04499419778585434
0.18593987822532654
0.05146830156445503
0.15541836619377136
0.08885136991739273
0.05761374905705452
0.012588875368237495
0.06697721779346466
0.0651087760925293
0.035691484808921814
0.10280308127403259
0.0384090393781662
0.04139113053679466
0.09287266433238983
0.051843270659446716
0.10461349785327911
0.07214394956827164
0.031916581094264984
0.08096643537282944
0.05141960456967354
0.19502277672290802
0.08699321001768112
0.054099708795547485
0.03584522753953934
0.04492504149675369
0.08763632923364639
0.043409667909145355
0.07536348700523376
0.11049944907426834
0.038402754813432693
0.014061883091926575
0.06956737488508224
0.03840431198477745
0.08910003304481506
0.05462843179702759
0.019826121628284454
0.037623025476932526
0.031050829216837883
0.05603059381246567
0.09103239327669144
0.047954756766557693
0.02598750591278076
0.05064088851213455
0.03612953796982765
0.0430804044008255
0.09971605986356735
0.0222098957747221
0.05705787241458893
0.0648493766784668
0.023221969604492188
0.06610820442438126
0.06417036056518555
0.04906903952360153
0.049524687230587006
0.022959543392062187
0.037826523184776306
0.05323174595832825
0.06123040243983269
0.060677699744701385
0.049451589584350586
0.022713130339980125
0.06033610552549362
0.01625080034136772
0.07437589764595032
0.034996021538972855
0.031081952154636383
0.05835903435945511
0.06775206327438354
-0.0007106224074959755
0.13079668581485748
0.01043020747601986
0.0357738696038723
0.011394890956580639
0.05242826044559479
0.01711844839155674
0.08234257251024246
0.037009600549936295
0.03415501117706299
0.015032784081995487
0.02589850127696991
0.018004653975367546
0.06496460735797882
0.08207012712955475
0.034389957785606384
0.021957552060484886
0.0212606992572546
0.04979994148015976
0.04108395427465439
0.033551786094903946
0.03822539746761322
0.03053867071866989
0.02864140458405018
0.033775705844163895
0.08706916123628616
0.0476355217397213
0.06999147683382034
0.01658213883638382
0.04082644730806351
0.02123689278960228
0.01989920809864998
0.04584208503365517
0.03083844482898712
0.04897594451904297
0.019644809886813164
0.047197647392749786
0.030523138120770454
0.0316498726606369
0.05316239967942238
0.007479678373783827
0.04381483793258667
0.04252483695745468
0.04454763978719711
0.031475696712732315
0.02624671347439289
0.04909136891365051
0.0736454501748085
0.040884267538785934
0.040589362382888794
0.019445303827524185
-0.0038619861006736755
0.04043034836649895
-0.004845825489610434
0.037884488701820374
0.04123407602310181
0.00014413660392165184
0.09535382688045502
0.014727872796356678
0.04144614189863205
0.032346904277801514
0.030925430357456207
0.07185693830251694
0.03532447665929794
0.030488988384604454
0.01987508498132229
0.047149039804935455
0.04170169308781624
0.05943858250975609
0.08593344688415527
0.009579814039170742
0.032728973776102066
0.051470231264829636
0.05676211789250374
0.027369163930416107
-0.008662343956530094
0.025491125881671906
0.05977749079465866
0.02549518272280693
0.06900688260793686
0.026448635384440422
0.040245212614536285
-0.002414311747997999
0.07306577265262604
0.08074107766151428
0.04071424901485443
0.024914808571338654
0.017259640619158745
0.04559136554598808
0.002628518268465996
0.007471132557839155
0.06228555738925934
0.03532819449901581
0.045528195798397064
-0.0019788434728980064
0.026619000360369682
-0.0035030310973525047
0.045753639191389084
0.002515268512070179
0.02140367403626442
0.022531533613801003
0.050585731863975525
0.07474735379219055
0.012654757127165794
0.02933940291404724
0.005432221572846174
0.014567848294973373
0.019569935277104378
0.039895638823509216
0.057983677834272385
0.06437095999717712
-0.005588885862380266
0.0013084514066576958
0.006131778936833143
0.0608472041785717
0.015934601426124573
0.020066827535629272
0.05133168026804924
0.007958697155117989
0.06478752195835114
0.03969611972570419
0.021028900519013405
0.06087574362754822
0.011566342785954475
0.03213825821876526
0.0263606458902359
0.01652521826326847
0.04052858054637909
0.01368243619799614
0.03202337026596069
0.04534897953271866
0.0059405723586678505
0.011439605616033077
0.02239897847175598
0.025398898869752884
0.03968163952231407
0.03337100148200989
0.02609977126121521
-0.008563229814171791
0.017567239701747894
0.023411009460687637
0.033119477331638336
0.0520828515291214
0.016303978860378265
0.011458825320005417
0.01761128008365631
0.06892567873001099
0.026726314797997475
0.07623696327209473
0.03267696127295494
0.037995584309101105
0.10666322708129883
0.0035595414228737354
-0.0030779941007494926
0.00868416391313076
0.06914518773555756
0.02743196114897728
0.007357328664511442
0.03384380787611008
0.06686988472938538
0.15764832496643066
0.028706282377243042
0.014799346216022968
0.022305510938167572
0.02881992608308792
0.03390912711620331
0.005571469664573669
0.013140744529664516
0.008368700742721558
0.0043097990565001965
0.08530564606189728
0.021535716950893402
0.01300748810172081
0.036369360983371735
0.029774054884910583
0.007748165167868137
0.026339881122112274
0.03306378424167633
0.01406128704547882
0.03975669667124748
0.000510290265083313
0.023257791996002197
-0.010024366900324821
0.029020892456173897
0.04003084823489189
0.04261545464396477
0.022799424827098846
0.025850731879472733
0.013748080469667912
0.014170615002512932
0.03130584955215454
0.04357752203941345
0.05274520814418793
0.006406360771507025
0.00646417960524559
0.09406845271587372
0.022352606058120728
0.05623301491141319
0.006227277684956789
0.0765458196401596
0.03646482527256012
0.0820479467511177
0.047971855849027634
-0.0004184194840490818
0.013294978067278862
0.006586213130503893
0.023942165076732635
0.024813756346702576
0.03128127008676529
0.03514467179775238
0.025962743908166885
0.024815812706947327
0.06891854852437973
0.00024231011047959328
0.014251959510147572
0.05305573344230652
0.06527289748191833
-0.008168142288923264
0.013612501323223114
0.027484038844704628
0.044068027287721634
0.023057617247104645
-0.021512802690267563
0.006967796944081783
-0.0017810945864766836
0.03097332827746868
0.020582379773259163
0.012848235666751862
0.012928732670843601
0.020618274807929993
0.041271042078733444
0.02649819105863571
0.031925901770591736
-0.003910539671778679
0.021951958537101746
0.014243129640817642
0.01677892729640007
-0.008261021226644516
0.03131599724292755
0.036199890077114105
0.04025993123650551
0.04961293935775757
0.03837836533784866
0.02664690464735031
0.02040095627307892
0.010846657678484917
0.010809678584337234
-0.0006660348735749722
0.024087896570563316
0.05278179794549942
0.04831451177597046
0.00782921351492405
-0.0005484572611749172
0.01903543621301651
0.030026273801922798
0.017941914498806
-0.0014887789729982615
0.001143760047852993
0.015696516260504723
0.008593074977397919
0.030172578990459442
0.01056086365133524
0.03354700654745102
0.0255091805011034
0.018480448052287102
0.030642179772257805
0.031730152666568756
0.0035422244109213352
0.010416971519589424
-0.005569156724959612
0.03508371859788895
0.01717899739742279
0.018116600811481476
0.026451701298356056
0.011319175362586975
-0.020451543852686882
-0.012880607508122921
-0.00868168007582426
-0.0012020515277981758
0.013059545308351517
0.02232595905661583
0.00963791087269783
0.07464088499546051
-0.0012600291520357132
0.015346642583608627
0.0018862461438402534
0.1404818743467331
0.019412167370319366
0.05633068084716797
0.018050456419587135
0.0055377306416630745
0.008111205883324146
0.02101641148328781
0.02496347762644291
0.0366985946893692
0.06368759274482727
0.027163637802004814
0.05874904990196228
0.033400535583496094
0.049630362540483475
0.013106048107147217
0.04375327378511429
-0.0046935612335801125
0.042964573949575424
0.029423311352729797
0.021973170340061188
0.04213070869445801
0.022378766909241676
0.06861560046672821
0.01663452386856079
0.07167817652225494
0.01399676688015461
0.0662899762392044
0.0020469194278120995
0.051727909594774246
0.011784516274929047
0.09915272146463394
0.06234505772590637
0.022956889122724533
0.01635129377245903
0.0362551286816597
0.06388705223798752
0.016012126579880714
0.10807609558105469
0.008856439962983131
0.009184639900922775
0.027023911476135254
0.06876792758703232
0.060444414615631104
0.026721734553575516
0.04518277943134308
0.04826061800122261
0.06948231905698776
0.019591128453612328
0.022327028214931488
0.02650095894932747
0.11098800599575043
0.06072515994310379
0.02241128869354725
0.01803748682141304
0.050103265792131424
0.133680522441864
-0.0008451752364635468
-0.019225316122174263
0.0262790247797966
0.09704127907752991
0.028177017346024513
0.06781448423862457
-0.0022412026301026344
0.08429089933633804
0.04577469453215599
0.05994155630469322
-0.0017119143158197403
0.014546789228916168
0.07492175698280334
-0.006508617661893368
0.09122401475906372
0.01593322679400444
0.03407769650220871
-0.013172312639653683
0.09687957167625427
0.027264965698122978
0.06575314700603485
0.038983192294836044
0.07377421110868454
0.02709045819938183
0.07968316227197647
0.10302621871232986
0.01354621909558773
0.0507524274289608
0.09129488468170166
0.06852002441883087
-0.01009227056056261
0.0580548495054245
0.14210325479507446
0.04932587593793869
0.02457478828728199
0.05663379654288292
0.03835161775350571
0.07990517467260361
-0.0009383028373122215
0.010663366876542568
0.02837873250246048
0.052419207990169525
0.023967783898115158
0.007797207683324814
0.036316532641649246
0.025159575045108795
0.04030968248844147
0.006124638952314854
0.05800367146730423
0.04078744351863861
0.07558021694421768
-0.008428159169852734
0.04122636094689369
0.041534751653671265
0.09138321131467819
0.008693723939359188
0.1005394458770752
0.029606888070702553
0.05857757106423378
0.012878870591521263
0.06908967345952988
0.021365918219089508
0.05234158784151077
0.01462467946112156
0.049923792481422424
0.04439873248338699
0.025746790692210197
0.019437596201896667
0.037847381085157394
0.07434837520122528
0.08026493340730667
0.025481827557086945
0.06637849658727646
0.02932686358690262
-0.006772673688828945
0.08863428980112076
0.016880299896001816
0.08193144202232361
0.03274983912706375
0.016956191509962082
0.009603830985724926
0.037929363548755646
0.004505319986492395
0.056592367589473724
0.05290693789720535
0.05690519139170647
0.027518458664417267
0.028608031570911407
0.009120980277657509
0.039421435445547104
-0.00688815675675869
0.0019036531448364258
0.03130362182855606
0.0489702969789505
0.033205099403858185
0.04078292101621628
0.0049760183319449425
0.05508038029074669
0.008371446281671524
0.1023048684000969
0.03468940407037735
0.06774581968784332
0.026674367487430573
0.0774061530828476
0.0694458931684494
0.07289990782737732
0.010879596695303917
0.01644473895430565
0.026627017185091972
0.02452024258673191
0.04840788245201111
0.03544386103749275
0.08361713588237762
0.07374243438243866
0.09096884727478027
0.04407010227441788
0.024060817435383797
0.05014796555042267
0.11663591116666794
0.02347733825445175
0.01639769785106182
0.06631489098072052
0.01204758882522583
0.061644043773412704
-0.0067478325217962265
0.07315155863761902
0.03732948750257492
0.049257732927799225
0.024562139064073563
0.01887187547981739
0.029428580775856972
0.039992064237594604
0.02711636573076248
0.03384535014629364
0.016863947734236717
0.008655678480863571
0.029732976108789444
0.05132375285029411
0.0181430634111166
0.07929424941539764
0.05738100782036781
0.009413260966539383
0.036410316824913025
0.02300857938826084
0.04060978814959526
0.009580796584486961
0.014456575736403465
0.024282392114400864
0.09179744124412537
0.03701276704668999
0.046278830617666245
0.053432974964380264
-0.016767103224992752
0.019955793395638466
0.04253450408577919
0.06630470603704453
0.01483336091041565
0.039928071200847626
0.035811200737953186
0.01485375501215458
-0.001256665214896202
0.006183015648275614
-0.007625615689903498
0.07123509794473648
-0.00028999289497733116
0.03416772931814194
0.022666387259960175
0.036757465451955795
0.010454011149704456
0.0294348131865263
5.0039030611515045e-05
0.046374838799238205
0.009298974648118019
0.03216830641031265
0.03391014039516449
0.03957380726933479
0.00431424006819725
0.01920514926314354
0.0601578950881958
0.035644110292196274
0.10433430969715118
-0.010384321212768555
0.04881037026643753
0.0038218870759010315
-0.0005193082615733147
-0.0038404068909585476
0.04593385010957718
0.006420028395950794
0.022014286369085312
0.0005402094684541225
0.02523673325777054
0.005694691091775894
0.009615764021873474
0.006298833526670933
0.04164750874042511
0.0075066713616251945
-0.012065093964338303
-0.0003995015285909176
0.04738321527838707
-0.014494148083031178
0.00275774160400033
0.050605472177267075
0.04291136562824249
0.0028059110045433044
0.0048307813704013824
0.07552428543567657
0.005620459094643593
0.016468049958348274
0.023397624492645264
0.05406568944454193
0.013640865683555603
0.03306211531162262
-0.0006546834483742714
0.026629943400621414
0.017044950276613235
0.0030565792694687843
0.019760891795158386
0.029537957161664963
0.0171491801738739
-0.0060140211135149
-0.008928824216127396
-0.011652314104139805
0.01055210828781128
0.001543758437037468
-0.009568987414240837
0.0033122925087809563
-0.022983912378549576
0.02359754405915737
-0.0021085054613649845
0.01958918757736683
0.050455737859010696
0.02059229649603367
-0.016385642811655998
0.04932593181729317
-0.009813935495913029
-0.010798277333378792
0.005234902258962393
0.013044827617704868
-0.014431099407374859
-0.0006956048309803009
-0.0033139125443995
-0.02111865021288395
-0.018858717754483223
0.013360235840082169
-0.007758274208754301
0.009126987308263779
0.021600039675831795
0.020039817318320274
-0.00043918099254369736
0.0038450295105576515
0.010023629292845726
0.00967654213309288
-0.012409528717398643
