0.24577364325523376
0.2699989378452301
0.2622825801372528
0.26691508293151855
0.27087539434432983
0.2769053876399994
0.2659347951412201
0.25982797145843506
0.2568322420120239
0.25837257504463196
0.23526598513126373
0.21852810680866241
0.2489124834537506
0.22817087173461914
0.25312578678131104
0.25731050968170166
0.2556002140045166
0.2346411943435669
0.09758961200714111
0.27172982692718506
0.21352222561836243
0.2606131434440613
0.2526469826698303
0.24739201366901398
0.26558607816696167
0.26521310210227966
0.24210089445114136
0.2728358507156372
0.2480783462524414
0.26898348331451416
0.24035218358039856
0.2707773745059967
0.18787842988967896
0.2626219391822815
0.2861258387565613
0.2809104323387146
0.19058290123939514
0.17270733416080475
0.2603677213191986
0.2788829207420349
0.2404811680316925
0.11625064164400101
0.23193952441215515
0.21365374326705933
0.19173240661621094
0.28952717781066895
0.2241925448179245
0.2809632420539856
0.2194843292236328
0.2621036469936371
0.23647890985012054
0.2583112120628357
0.19734090566635132
0.20367160439491272
0.26443636417388916
0.22061993181705475
0.25702059268951416
0.26596659421920776
0.260240763425827
0.24024119973182678
0.2507801949977875
0.22203794121742249
0.23245525360107422
0.24270915985107422
0.2405579388141632
0.2359045445919037
0.2205776423215866
0.20549283921718597
0.2529228925704956
0.19785651564598083
0.22539129853248596
0.24835056066513062
0.1849944293498993
0.2365911453962326
0.22246438264846802
0.2522731125354767
0.21425431966781616
0.24733096361160278
0.24511122703552246
0.2437903881072998
0.20819154381752014
0.26343074440956116
0.21225419640541077
0.2809599041938782
0.2599443793296814
0.11686200648546219
0.22812986373901367
0.24960769712924957
0.14115500450134277
0.24007150530815125
0.23192167282104492
0.22538331151008606
0.2092873454093933
0.22964228689670563
0.12007525563240051
0.08962792158126831
0.08535487949848175
0.056812919676303864
0.19698888063430786
0.2424667477607727
0.22754275798797607
0.17878222465515137
0.20397034287452698
0.240887850522995
0.05684380233287811
0.05552884191274643
0.24723055958747864
0.2286006212234497
0.256047785282135
0.1842876523733139
0.21710151433944702
0.09843059629201889
-0.01827414333820343
0.10936804115772247
0.19755133986473083
0.20667126774787903
0.20458677411079407
0.2501925528049469
0.17270703613758087
0.17973394691944122
-0.04841679334640503
0.0710577666759491
0.2042420506477356
0.23272019624710083
0.17814107239246368
0.22488373517990112
0.235597163438797
0.1613788902759552
0.17890021204948425
0.17703527212142944
0.16836774349212646
0.22756615281105042
0.16621682047843933
0.1604471057653427
0.21728813648223877
0.17246586084365845
0.18238234519958496
0.13571949303150177
0.13186223804950714
0.17871981859207153
0.08582554757595062
0.0830884575843811
0.12415745109319687
0.06326712667942047
0.09111008048057556
0.019695274531841278
0.11393182724714279
0.1796835958957672
0.14803411066532135
0.17675496637821198
0.15953850746154785
0.15574948489665985
0.10524195432662964
0.1559899002313614
0.15765942633152008
0.09254904836416245
0.1622084677219391
0.09972386807203293
0.012587174773216248
0.18396523594856262
0.21764221787452698
0.09815289080142975
0.14235131442546844
0.14290748536586761
0.12005899846553802
0.14011915028095245
0.19557428359985352
0.07815616577863693
0.07813076674938202
0.15128016471862793
0.14838969707489014
0.1750226616859436
0.07391355186700821
0.046236198395490646
0.08727433532476425
0.06984487920999527
0.18037238717079163
0.03769053518772125
0.1301046460866928
0.1656475067138672
0.1578282117843628
0.14580444991588593
0.16147179901599884
0.03610803931951523
0.10002098232507706
0.16380585730075836
0.0008654966950416565
0.11685353517532349
0.045777760446071625
-0.01585441827774048
0.030665099620819092
0.15062697231769562
0.13493412733078003
0.22123292088508606
0.1106470599770546
0.05157667398452759
0.06060197949409485
0.09260326623916626
0.040415238589048386
0.062095507979393005
-0.002952277660369873
0.03247462213039398
0.11479093134403229
0.18255002796649933
0.08664371818304062
-0.035970158874988556
0.03958030045032501
0.07996988296508789
0.15863136947155
0.02339811623096466
0.0738365575671196
-0.04711594432592392
0.07809268683195114
0.12532992660999298
-0.016535840928554535
0.02495405077934265
0.030678756535053253
0.0694817453622818
0.10314822196960449
0.06806401908397675
0.10854774713516235
0.08412916958332062
0.10794340819120407
0.15737880766391754
0.15717805922031403
0.018152661621570587
0.0832827165722847
0.0455595925450325
-0.0646488219499588
0.06678052246570587
0.1437271386384964
0.1166142001748085
0.036406196653842926
0.21661651134490967
0.030481979250907898
0.06190235912799835
0.08001511543989182
0.06524583697319031
0.061255134642124176
0.06795433908700943
0.050503119826316833
-0.003398016095161438
0.02381426841020584
0.01009032130241394
-0.050824858248233795
0.14608395099639893
0.042250439524650574
0.11143995076417923
-0.14813509583473206
0.1826576590538025
0.12147478014230728
0.15910707414150238
0.12440453469753265
0.055293820798397064
-0.06020987033843994
0.09702691435813904
0.1597713679075241
0.2344745397567749
0.08884131908416748
0.117938332259655
0.0061549171805381775
-0.039130955934524536
0.22240903973579407
0.0690758228302002
0.1252552717924118
0.17361818253993988
0.008370913565158844
0.038561008870601654
0.1715027242898941
0.10742978006601334
0.0937931090593338
0.05689339339733124
-0.1018231138586998
0.05308345705270767
0.1509251445531845
0.10928447544574738
0.07001261413097382
0.18465936183929443
0.06225081905722618
-0.02445414662361145
0.04163900017738342
-0.0391695573925972
-0.01653173565864563
0.17025905847549438
-0.06105136126279831
-0.05457451194524765
-0.012904882431030273
0.18662694096565247
0.07084769755601883
0.021747611463069916
0.0791516900062561
-0.0068815723061561584
0.1482277512550354
0.037797391414642334
0.1481797844171524
0.02608530968427658
0.11460292339324951
0.02040102332830429
-0.01106986403465271
0.05920396000146866
0.02081391215324402
-0.048705048859119415
-0.05449937283992767
-0.049474142491817474
0.031032219529151917
-0.022231288254261017
0.0733131691813469
0.049864400178194046
0.1040232703089714
0.03349009156227112
0.03585018962621689
0.062257807701826096
0.07921356707811356
-0.041623011231422424
-0.05523446947336197
-0.033157676458358765
-0.009673774242401123
0.07498380541801453
0.16224037110805511
0.06378877907991409
0.02006307989358902
0.04996372386813164
0.06446807831525803
0.056362103670835495
0.04138936847448349
0.12003833055496216
0.02225484699010849
0.0617915540933609
0.12420190870761871
0.2231612503528595
0.10467186570167542
0.14259901642799377
0.09099645912647247
0.1066921278834343
0.038828734308481216
0.08237800002098083
0.07879777252674103
0.052232615649700165
0.042769476771354675
-0.058940231800079346
-0.030484884977340698
0.06115700677037239
0.08781759440898895
0.06097640097141266
0.04312809556722641
0.01512906700372696
0.0239589661359787
0.07896631956100464
0.11819465458393097
0.02702164649963379
-0.07953472435474396
-0.05485662817955017
-0.025588661432266235
0.07778432965278625
0.03181386739015579
0.004601016640663147
-0.012728579342365265
-0.07625943422317505
-0.0229814350605011
-0.09821642935276031
-0.023414842784404755
0.06246861070394516
0.023405633866786957
0.01680055260658264
0.07599477469921112
0.05849117413163185
0.0874469131231308
-0.02803884446620941
-0.0061708539724349976
0.09075261652469635
-0.09251749515533447
0.10417775809764862
0.021046020090579987
0.12316209822893143
0.18809902667999268
0.04979296773672104
0.004679553210735321
-0.06102494150400162
-0.03733609616756439
0.2203598916530609
0.08786482363939285
0.07143466919660568
-0.046233780682086945
-0.01144418865442276
0.001796714961528778
0.09998723864555359
0.07722147554159164
-0.061381444334983826
0.0957431048154831
-0.003084711730480194
0.05873306095600128
-0.015120945870876312
0.02414344996213913
0.07472291588783264
-0.08881878107786179
0.1171727329492569
0.1315125972032547
-0.015180490911006927
0.1737121194601059
0.02350085973739624
0.0011014491319656372
-0.022740088403224945
-0.0793110653758049
0.000810965895652771
0.00963708758354187
0.0024084970355033875
0.1298566311597824
-0.03346709907054901
-0.03930343687534332
0.09125225245952606
-0.11020399630069733
0.005134299397468567
0.10178553313016891
0.1103653535246849
-0.0752808079123497
0.06538296490907669
0.039113275706768036
0.10699257254600525
0.19242897629737854
0.12865574657917023
0.060551587492227554
0.012457810342311859
0.04876983165740967
0.032386623322963715
-0.015075094997882843
0.016881868243217468
0.08150648325681686
-0.03480725735425949
0.03956535458564758
0.017520226538181305
-0.02926637977361679
-0.0717441737651825
-0.026615656912326813
0.035647328943014145
0.13730603456497192
-0.032461680471897125
-0.02195553481578827
0.04174824059009552
0.12290085852146149
-0.016337625682353973
0.05728938430547714
-0.023754239082336426
0.05495595932006836
0.010408163070678711
-0.0022050142288208008
-0.08132244646549225
-0.01867689937353134
0.017219826579093933
0.007049739360809326
0.06484632194042206
0.02023354172706604
0.14102578163146973
0.02838919311761856
0.0018418505787849426
0.0643550232052803
-0.042780980467796326
-0.04880799353122711
-0.03208225220441818
-0.11516506969928741
0.05787985771894455
0.03042636811733246
-0.011934623122215271
0.044403430074453354
0.010298140347003937
0.08554207533597946
0.0785113051533699
0.004034847021102905
0.09712675213813782
0.10919059067964554
0.12615366280078888
0.14100831747055054
-0.027381330728530884
0.01055954396724701
-0.029016338288784027
0.05871063470840454
0.12066688388586044
0.09150470048189163
-0.022693827748298645
-0.05336292088031769
0.11710276454687119
0.11715994775295258
0.10961123555898666
0.0487934947013855
-0.038662418723106384
0.06402158737182617
0.05866779014468193
-0.02279207855463028
0.009878158569335938
0.003325439989566803
-0.024957746267318726
0.019729018211364746
-0.05532078444957733
0.02157038450241089
-0.061169661581516266
0.026893451809883118
0.05042198300361633
0.023310333490371704
-0.05497337132692337
0.049317099153995514
-0.01048114150762558
0.11458512395620346
0.09307493269443512
-0.02405770868062973
-0.053689561784267426
-0.03740881383419037
0.11745697259902954
0.01643890142440796
-0.08292799443006516
-0.11419226229190826
-0.058934032917022705
0.05751803517341614
-0.058972351253032684
-0.03186041861772537
-0.14013274013996124
0.0955568328499794
0.058927007019519806
0.09777078777551651
-0.0675351619720459
0.012771792709827423
-0.07545652985572815
0.015081390738487244
-0.10437162965536118
0.014867007732391357
-0.08580469340085983
-0.09981634467840195
0.2580561339855194
-0.044105030596256256
-0.0542304664850235
-0.031296759843826294
-0.11966679990291595
0.0009489282965660095
-0.025729350745677948
-0.0687454342842102
-0.044138580560684204
0.04218021035194397
-0.0064795538783073425
-0.0012243688106536865
0.035346463322639465
-0.022595439106225967
0.05526931211352348
0.01203157752752304
0.0042136311531066895
-0.017567843198776245
-0.04944012314081192
-0.09738001227378845
-0.022159770131111145
-0.0616498664021492
-0.11475057899951935
-0.10924118012189865
0.042708732187747955
0.11529340595006943
-0.1488531231880188
0.06782881170511246
-0.02207319438457489
-0.14587101340293884
0.1623900979757309
0.02637854963541031
-0.035744816064834595
-0.08101943880319595
0.02669598162174225
0.004229873418807983
-0.018224112689495087
-0.08818212151527405
0.13622669875621796
0.0029076039791107178
0.06634203344583511
0.025172337889671326
-0.05418375879526138
-0.17798765003681183
-0.08207634836435318
-0.13527582585811615
0.008166700601577759
0.0553436279296875
0.007384799420833588
0.13754908740520477
-0.09572328627109528
-0.021756373345851898
0.01558338850736618
-0.0731002613902092
-0.07139626145362854
-0.08863401412963867
0.11858455836772919
-0.14202934503555298
0.07459422945976257
-0.06363172829151154
0.017113983631134033
-0.11439020931720734
0.13137739896774292
-0.036684609949588776
-0.007158428430557251
-0.0031830184161663055
-0.03340247645974159
-0.04300443083047867
0.008996367454528809
-0.046916067600250244
0.1497344821691513
-0.07371264696121216
0.0473429411649704
-0.014134302735328674
-0.17274045944213867
0.02579931914806366
-0.031682416796684265
0.029253311455249786
-0.07231851667165756
-0.011382326483726501
-0.0861980989575386
0.05176324024796486
-0.03709803521633148
-0.10662289708852768
-0.02355395257472992
-0.0816996693611145
-0.006772302091121674
0.0891837328672409
-0.01123964786529541
0.014466553926467896
-0.10241393744945526
0.04456300288438797
0.062176309525966644
0.06390312314033508
-0.036583155393600464
-0.05354079604148865
0.05680035799741745
-0.09411121904850006
-0.008108813315629959
-0.09934713691473007
0.019740983843803406
-0.06149494647979736
0.07292836904525757
-0.08070607483386993
0.0484546534717083
0.0024222135543823242
-0.04340030997991562
-0.07635068148374557
-0.10656582564115524
0.1030571311712265
-0.035277701914310455
-0.07651179283857346
-0.021548926830291748
-0.0840848907828331
-0.03273256868124008
-0.04612189531326294
0.1200336217880249
-0.050700634717941284
0.18609079718589783
0.04466325789690018
-0.11552545428276062
-0.048661816865205765
-0.12680859863758087
0.05336020141839981
-0.07389342784881592
0.05237665772438049
-0.021029099822044373
0.037185728549957275
-0.026394672691822052
-0.03417491912841797
-0.09064151346683502
-0.03468763083219528
-0.10081999003887177
-0.05092348903417587
-0.02413516491651535
0.0015429109334945679
-0.13880936801433563
-0.06433893740177155
-0.04540782421827316
0.09918700158596039
-0.07822135090827942
-0.046759314835071564
-0.15395820140838623
-0.06040553003549576
-0.0904645174741745
-0.06277284771203995
-0.03681544214487076
0.00285465270280838
0.11766396462917328
-0.08123071491718292
0.0812058076262474
-0.07558442652225494
-0.011942341923713684
-0.11513181030750275
-0.011161714792251587
-0.057955287396907806
-0.14046809077262878
-0.04072290286421776
-0.07935012876987457
0.011985156685113907
0.2335890233516693
0.012018470093607903
0.051957711577415466
-0.09715767949819565
-0.09491172432899475
-0.06882983446121216
-0.030852675437927246
-0.1022784635424614
0.053649015724658966
-0.13245761394500732
0.04832115024328232
0.06467871367931366
0.03522541746497154
0.05235140025615692
0.05016811564564705
-0.06911817193031311
0.1494314968585968
-0.08861909061670303
-0.009905725717544556
0.17728543281555176
-0.0746207907795906
-0.07322841137647629
-0.11277395486831665
0.0028118807822465897
0.14180171489715576
-0.0867801234126091
0.1321321278810501
-0.03980134427547455
-0.034309662878513336
0.17449329793453217
0.015406526625156403
-0.05169364809989929
0.10220851749181747
-0.03475959226489067
0.15304352343082428
0.003049202263355255
0.020858727395534515
0.009400665760040283
0.10446703433990479
-0.03197386860847473
-0.06758905947208405
-0.12425386905670166
0.08151388168334961
0.029534194618463516
-0.12844263017177582
0.004228260368108749
-0.08510924130678177
-0.038813091814517975
-0.058220066130161285
-0.018122278153896332
-0.014753565192222595
0.049307145178318024
-0.07423118501901627
-0.05695602297782898
-0.041387077420949936
-0.03642088919878006
0.01623208075761795
-0.053814493119716644
-0.042691670358181
-0.05560792237520218
0.02357643097639084
-0.18070316314697266
-0.057929832488298416
0.0017615705728530884
-0.09525226801633835
-0.022695496678352356
-0.04215136170387268
0.01053609699010849
-0.09045279771089554
-0.10388822853565216
-0.0003876239061355591
-0.06348004937171936
-0.07976853102445602
-0.05550364404916763
-0.029220499098300934
-0.07403572648763657
-0.054687708616256714
0.0021115317940711975
0.004148572683334351
-0.04723965376615524
-0.117556631565094
-0.021665453910827637
-0.10906592011451721
-0.07853944599628448
-0.04112544655799866
0.0643131360411644
-0.05383992940187454
-0.08462336659431458
0.04570604860782623
-0.001403212547302246
0.010563910007476807
-0.16356568038463593
0.025391168892383575
0.12927651405334473
0.00017628073692321777
-0.019107826054096222
-0.10143034160137177
-0.09567295014858246
-0.060384348034858704
-0.1086418554186821
-0.03884970396757126
0.06141016259789467
-0.061947762966156006
0.09259209781885147
-0.0959017425775528
-0.11209329962730408
-0.12868624925613403
-0.08591102808713913
-0.04143776744604111
-0.03557264804840088
0.06876003742218018
0.03361226245760918
-0.08082706481218338
-0.1419484168291092
-0.103179931640625
0.01312335580587387
-0.007509768009185791
-0.13774266839027405
-0.05813438445329666
-0.021907992660999298
-0.08462416380643845
-0.009919598698616028
-0.022608347237110138
-0.07307317107915878
-0.11532057076692581
-0.03919229656457901
-0.025463581085205078
-0.049263179302215576
-0.02689339965581894
-0.0032696202397346497
-0.030063606798648834
-0.12972135841846466
-0.09841952472925186
0.10026444494724274
-0.07955843210220337
-0.10030655562877655
-0.10757128894329071
0.021127142012119293
0.10817434638738632
-0.06146252155303955
-0.029841624200344086
-0.023746676743030548
0.016591526567935944
-0.10238198935985565
-0.1369093507528305
-0.11640709638595581
-0.04763045907020569
-0.012572921812534332
-0.10592442750930786
-0.0671929270029068
-0.08756645768880844
-0.16351304948329926
-0.13469865918159485
-0.0002130642533302307
-0.07790930569171906
-0.10082421451807022
-0.10602421313524246
0.06142465025186539
-0.12238425016403198
-0.021487630903720856
-0.04672056436538696
-0.09771864116191864
0.00023712217807769775
0.029410459101200104
-0.06834927946329117
-0.004945699125528336
0.012040171772241592
-0.04922901839017868
0.13280342519283295
-0.03300239518284798
-0.008417539298534393
-0.049623459577560425
-0.08894453942775726
-0.0911862924695015
0.13172954320907593
0.05926772579550743
-0.024899721145629883
-0.11836470663547516
0.1950347125530243
-0.11029307544231415
0.005479186773300171
0.03267122805118561
0.12207575142383575
-0.13562649488449097
-0.09917233884334564
0.01699630171060562
-0.12004922330379486
-0.003946200013160706
0.0037475451827049255
-0.018837951123714447
-0.01908920705318451
-0.06636769324541092
-0.05336305499076843
0.05600963160395622
-0.030087240040302277
-0.07063312083482742
-0.03037385642528534
0.009636647999286652
-0.11361241340637207
0.09559668600559235
0.026611685752868652
-0.1089722216129303
0.0047989413142204285
0.06368868052959442
0.006278172135353088
-0.027216166257858276
-0.07154440879821777
-0.005727507174015045
0.04758245125412941
-0.07601873576641083
-0.07636551558971405
-0.01901404559612274
-0.022983506321907043
-0.07105372846126556
-0.03172121196985245
0.09301179647445679
-0.007533736526966095
-0.08617899566888809
-0.0726282149553299
-0.09714499115943909
-0.0018831342458724976
-0.09358672052621841
-0.12293053418397903
-0.040260665118694305
0.08854873478412628
-0.11371302604675293
-0.07944674789905548
-0.028024815022945404
-0.004242539405822754
-0.15200358629226685
-0.006690114736557007
0.040081776678562164
-0.0172879621386528
-0.1193838119506836
-0.13174404203891754
-0.07454025000333786
0.006784886121749878
-0.08583952486515045
-0.04422054439783096
-0.07725188881158829
0.07007427513599396
-0.11944938451051712
-0.14397969841957092
-0.02561628818511963
-0.0958205908536911
0.14433105289936066
-0.12576329708099365
-0.0850202739238739
-0.08123841136693954
-0.09487687051296234
-0.10889900475740433
-0.04377906769514084
-0.01714339107275009
-0.13445916771888733
-0.09339983761310577
0.03871329873800278
-0.045824259519577026
-0.032475657761096954
-0.03468777984380722
0.05119685083627701
-0.03870844841003418
-0.13481038808822632
-0.0502002015709877
-0.0950823724269867
-0.12406457960605621
-0.16566172242164612
-0.04185846447944641
0.013264060020446777
-0.011753253638744354
-0.037724047899246216
-0.03410173952579498
-0.04985141009092331
-0.11466269195079803
-0.09139256924390793
-0.11718416213989258
-0.005308300256729126
-0.18091847002506256
-0.1329706907272339
0.05512817203998566
-0.11801181733608246
-0.1256498098373413
-0.07032374292612076
-0.08130773156881332
-0.054393649101257324
-0.10730293393135071
-0.12229965627193451
-0.10461992770433426
-0.13147345185279846
-0.027554437518119812
-0.11890988051891327
-0.08553966134786606
-0.09648984670639038
-0.08842694014310837
-0.11674107611179352
-0.0583031103014946
-0.1656402051448822
-0.13337868452072144
-0.11269743740558624
-0.03749048709869385
-0.14269918203353882
-0.05586507171392441
-0.13602784276008606
-0.04211173951625824
-0.03858649730682373
-0.11048626899719238
-0.13618658483028412
-0.15258942544460297
-0.09091582894325256
-0.20834700763225555
-0.16130667924880981
-0.03996209800243378
-0.11068360507488251
-0.17596982419490814
0.09937995672225952
-0.1312059760093689
