0.21860595047473907
0.2414461076259613
0.1665554940700531
0.22031597793102264
0.2284504622220993
0.2272624522447586
0.22995610535144806
0.21627908945083618
0.2191092073917389
0.25014957785606384
0.2373095005750656
0.2359990030527115
0.19994089007377625
0.16126875579357147
0.15527114272117615
0.24963194131851196
0.1459445059299469
0.14520956575870514
0.092600516974926
0.18878650665283203
0.0709867849946022
0.20731206238269806
0.1248961091041565
0.1706967055797577
0.19863493740558624
0.15103138983249664
0.13727441430091858
0.08764221519231796
0.24931952357292175
0.07728059589862823
0.019797319546341896
0.02139185182750225
0.15592046082019806
0.06524969637393951
0.09304218739271164
0.12557293474674225
0.01773519068956375
0.14085078239440918
-0.13256430625915527
0.014535488560795784
0.07236714661121368
0.3335472345352173
0.12592007219791412
0.1582893580198288
0.21709559857845306
0.13147637248039246
0.3420669138431549
-0.03033408895134926
0.25735345482826233
0.16435007750988007
0.0866951048374176
0.03740604594349861
0.22283054888248444
0.3183833658695221
0.14822426438331604
0.02794020064175129
0.23187711834907532
0.2704704999923706
0.07469688355922699
0.04375534504652023
0.11571362614631653
0.06542575359344482
0.1531493067741394
-0.04795359447598457
0.12859758734703064
0.14411994814872742
0.061877697706222534
0.12862449884414673
0.08195832371711731
0.1348353773355484
0.18792332708835602
0.09920172393321991
0.18001119792461395
0.11280105262994766
0.21968184411525726
0.19918490946292877
0.2320723831653595
0.24904412031173706
0.24753662943840027
0.12227389216423035
0.16591982543468475
0.2475348860025406
0.1702919453382492
0.23350980877876282
0.17944975197315216
0.23128987848758698
0.21225236356258392
0.2970205545425415
0.16483986377716064
0.2599096894264221
0.14155030250549316
0.22067876160144806
0.1512555480003357
0.16690780222415924
0.11664623767137527
0.2450096309185028
0.12962543964385986
0.1695747971534729
0.301779568195343
0.2073853760957718
0.2085065245628357
0.16380640864372253
0.1886921226978302
0.07915341854095459
0.17512047290802002
0.23182670772075653
0.22448845207691193
0.20180298388004303
0.20572589337825775
0.12190131098031998
0.1638200581073761
0.25140181183815
0.13305117189884186
0.21290838718414307
0.2936018705368042
0.21757693588733673
0.1052696704864502
0.14349691569805145
0.2179839313030243
0.18760065734386444
0.22844189405441284
0.06102491915225983
0.235000878572464
0.05615917220711708
0.14198222756385803
0.20269638299942017
0.22831299901008606
0.22652456164360046
0.2054903507232666
0.20254532992839813
0.25674691796302795
0.24344755709171295
0.22764462232589722
0.2650105357170105
0.16466645896434784
0.2818520665168762
0.22979003190994263
0.09150570631027222
0.25593048334121704
0.292532742023468
0.2046859860420227
0.18784834444522858
0.18638086318969727
0.20663240551948547
0.18218427896499634
0.23099294304847717
0.24219727516174316
0.20301516354084015
0.24372759461402893
0.1452963650226593
0.145122691988945
0.14394041895866394
0.24723072350025177
0.16481174528598785
0.18400460481643677
0.1488833725452423
0.19707976281642914
0.12214351445436478
0.243205264210701
0.225712850689888
0.22725345194339752
0.2422739565372467
0.23940986394882202
0.19874438643455505
0.16832320392131805
0.2168722003698349
0.15322718024253845
0.2747315764427185
0.2460201382637024
0.2561268210411072
0.10206836462020874
0.24441684782505035
0.16418804228305817
0.15330500900745392
0.21541699767112732
0.24076543748378754
0.2222873568534851
0.2781599164009094
0.13852989673614502
0.22034358978271484
0.13035637140274048
0.19447582960128784
0.1899634748697281
0.20410099625587463
0.22099700570106506
0.16119232773780823
0.14730124175548553
0.21003806591033936
0.2673325538635254
0.21209599077701569
0.276485413312912
0.1629568636417389
0.12794260680675507
0.10002366453409195
0.1369665414094925
0.12857162952423096
0.1797206997871399
0.17853471636772156
0.22192981839179993
0.15918441116809845
0.2633395195007324
0.18308058381080627
0.22231507301330566
0.25447878241539
0.17113471031188965
0.12815944850444794
0.21846778690814972
0.19002816081047058
0.1887197494506836
0.08051523566246033
0.20176637172698975
0.18454661965370178
0.19125527143478394
0.1236778274178505
0.19411729276180267
0.10345839709043503
0.1270664930343628
0.1605246663093567
0.21960827708244324
0.2535116672515869
0.13088072836399078
0.11576107889413834
0.18452927470207214
0.24244104325771332
0.24571597576141357
0.18221943080425262
0.04868878796696663
0.14971067011356354
0.145095095038414
0.14074566960334778
0.21604807674884796
0.26372918486595154
0.21548190712928772
0.183288112282753
0.284274160861969
0.2220878303050995
0.21092186868190765
0.276355504989624
0.2112025022506714
0.10462986677885056
0.15189631283283234
0.17388378083705902
0.15439587831497192
0.23636895418167114
0.15375281870365143
0.10463609546422958
0.20206840336322784
0.130935937166214
0.10908615589141846
0.20741762220859528
0.08939884603023529
0.1838928908109665
0.2191588133573532
0.20454621315002441
0.20029623806476593
0.1593545824289322
0.23213189840316772
0.22907014191150665
0.20923104882240295
0.2029416561126709
0.13805443048477173
0.1355724334716797
0.15654291212558746
0.14833560585975647
0.22733695805072784
0.17039372026920319
0.16771331429481506
0.1455000936985016
0.1981159746646881
0.20828047394752502
0.14515124261379242
0.11964192241430283
0.15810146927833557
0.1770176887512207
0.1269649863243103
0.1488008052110672
0.10407281666994095
0.1304256170988083
0.1362549066543579
0.06288977712392807
0.11816509813070297
0.09822569787502289
0.19995327293872833
0.12560510635375977
0.13628004491329193
0.2699695825576782
0.1770097315311432
0.13300831615924835
0.2282959669828415
0.2097143977880478
0.13388566672801971
0.09342314302921295
0.19178439676761627
0.196439728140831
0.20961138606071472
0.26770883798599243
0.1409357637166977
0.04256564751267433
0.1913916915655136
0.1642710566520691
0.042955052107572556
0.12680485844612122
0.15797190368175507
0.23391948640346527
0.1994057297706604
0.18835654854774475
0.10473524779081345
0.23948046565055847
0.22658604383468628
0.12561018764972687
0.1695137917995453
0.24438826739788055
0.19001007080078125
0.153040811419487
0.22020721435546875
0.2511827051639557
0.14862750470638275
0.22117112576961517
0.09481821209192276
0.06794726103544235
0.03554985299706459
0.2039962261915207
0.18018032610416412
0.1403689980506897
0.19896794855594635
0.13281674683094025
0.13172151148319244
0.08862724900245667
0.1109955832362175
0.129140704870224
0.03424331545829773
0.18318861722946167
0.0974913015961647
0.08442322164773941
0.09738528728485107
0.08077490329742432
0.10689426958560944
0.17682453989982605
0.08678221702575684
0.15285034477710724
0.12593387067317963
0.07741832733154297
0.13690073788166046
0.1468026489019394
0.20978212356567383
0.228733092546463
0.0470002144575119
0.23426799476146698
0.04766333848237991
0.20885179936885834
0.15738451480865479
0.11487407237291336
0.13372986018657684
0.24236951768398285
-0.0021655894815921783
0.1750984489917755
0.18884724378585815
0.1661328822374344
0.027547229081392288
0.06440072506666183
0.007712977938354015
0.11470827460289001
0.23632125556468964
0.03006253018975258
0.0758281946182251
0.011018794029951096
0.16891682147979736
0.062165938317775726
0.14873558282852173
0.18727613985538483
0.14791984856128693
0.04092567041516304
0.12550048530101776
0.10617908835411072
0.17465487122535706
0.11530836671590805
0.11857423186302185
0.004717903211712837
0.03692343831062317
-0.020229049026966095
0.11888428032398224
0.1586020290851593
0.11524444818496704
0.08568460494279861
-0.04511697590351105
0.14302916824817657
0.14397023618221283
-0.035787660628557205
0.07788842171430588
0.03377097472548485
0.0026896304916590452
0.07339595258235931
0.17176108062267303
0.13897472620010376
0.084284208714962
0.10756635665893555
0.05821197107434273
0.12495172023773193
0.1549140363931656
0.17769567668437958
0.045104000717401505
0.10245171189308167
0.04286050423979759
-0.005067975260317326
0.09449489414691925
0.1348823606967926
-0.005393761210143566
-0.04994863271713257
0.17533816397190094
0.11486569046974182
0.03855222463607788
0.04372398555278778
-0.02027447707951069
0.006512541323900223
0.1310858428478241
0.16340398788452148
-0.017480826005339622
0.046043649315834045
0.025524668395519257
0.025974975898861885
-0.047692522406578064
0.005282755941152573
0.18732647597789764
0.0433516800403595
0.13385218381881714
0.08851439505815506
0.10325811803340912
0.005415463354438543
0.06154845282435417
0.0692761018872261
-0.08293816447257996
0.041510846465826035
-0.014938532374799252
0.08783935755491257
0.06131427735090256
0.12232714891433716
0.06950601935386658
0.06918325275182724
0.018514899536967278
0.15331365168094635
0.07278861105442047
0.11855900287628174
0.11300083249807358
-0.042731910943984985
0.12382358312606812
0.0470857135951519
-0.005459691397845745
0.18724045157432556
0.13546688854694366
0.21566666662693024
-0.0404425673186779
0.09122691303491592
0.10309670865535736
0.041354723274707794
0.0788860097527504
0.08465668559074402
0.03752996772527695
0.04865652322769165
-0.0049795126542449
0.09878991544246674
-0.07918642461299896
0.10694228857755661
0.08808933198451996
-0.006211003288626671
-0.009643313474953175
0.0687832459807396
0.10283982753753662
0.20192700624465942
0.06486709415912628
0.2076064795255661
-0.01402287557721138
-0.05386403948068619
0.03051767870783806
0.15059086680412292
0.10866044461727142
0.1369604766368866
0.05603200942277908
-0.033246349543333054
0.0951971486210823
0.019184576347470284
0.0005860259989276528
0.06342625617980957
0.12640738487243652
0.13074232637882233
-0.07148998230695724
-0.028213484212756157
0.1654912829399109
0.1434614062309265
0.13221706449985504
0.025390220806002617
0.03170754387974739
0.07675159722566605
0.05846427008509636
0.07645554840564728
0.10913579910993576
0.06064247339963913
0.05199795961380005
0.07904989272356033
0.06448732316493988
0.07561808824539185
0.07720395177602768
-0.10363546758890152
-0.09803440421819687
-0.03594584763050079
0.12352123856544495
0.048025015741586685
0.008275632746517658
0.014413692057132721
-0.013295631855726242
-0.04810035973787308
0.046848975121974945
-0.019210679456591606
-0.015930889174342155
0.15423505008220673
0.027816705405712128
0.013795622624456882
-0.12709124386310577
0.0694059208035469
0.10535581409931183
-0.0349910706281662
0.008796149864792824
0.1288406103849411
0.10743090510368347
-0.06839592009782791
-0.029966440051794052
-0.1543264240026474
0.06573080271482468
0.1207028180360794
0.11577654629945755
-0.011604499071836472
0.045752689242362976
-0.03460157662630081
-0.1115095391869545
0.07550357282161713
-0.06549137830734253
-0.12930764257907867
-0.03577600419521332
-0.08596493303775787
0.1917845606803894
-0.009901763871312141
0.13722920417785645
-0.04503621533513069
0.02091076411306858
0.0172892939299345
0.01178212370723486
0.023730481043457985
0.15049459040164948
-0.1075383871793747
-0.013934935443103313
0.09095817059278488
-0.0007488830015063286
-0.0036160710733383894
0.029612615704536438
-0.03670399636030197
-0.004926613532006741
0.11270167678594589
0.026695596054196358
-0.045356396585702896
-0.0449017770588398
0.25656557083129883
-0.004589167423546314
0.09869129210710526
-0.13724716007709503
0.06540679931640625
0.08376654982566833
0.0038361437618732452
-0.06383586674928665
0.09724710881710052
0.0038375621661543846
-0.09270000457763672
-0.0007415616419166327
0.03481101617217064
0.0951215997338295
0.04288116842508316
0.04301854968070984
-0.11967386305332184
-0.13859553635120392
-0.037783555686473846
-0.07118293642997742
0.1154131069779396
0.028400270268321037
0.18555738031864166
-0.09849514067173004
-0.012936917133629322
0.030120830982923508
-0.005564729683101177
0.06521717458963394
0.03887340798974037
0.14641699194908142
0.03850884363055229
-0.09422097355127335
-0.07008356600999832
0.00412173755466938
0.05681373551487923
0.06438656896352768
0.03620355948805809
-0.05308322235941887
0.15714848041534424
-0.005569722503423691
0.08477727323770523
0.012020743452012539
0.1076197624206543
-0.016202813014388084
0.05755770206451416
0.17960001528263092
-0.09376158565282822
-0.02162756584584713
0.02081538736820221
-0.04138391464948654
0.1609724760055542
0.16757406294345856
0.0020442476961761713
0.0631813183426857
0.1039462611079216
-0.09805553406476974
0.06134948134422302
0.15385420620441437
-0.05820219963788986
0.14809030294418335
0.07601585239171982
-0.07690964639186859
0.02553406171500683
0.08906500786542892
-0.03714712709188461
-0.0713416263461113
0.00512870866805315
-0.029040364548563957
0.09721818566322327
0.04212329536676407
0.11105736345052719
-0.013076012954115868
0.0005210849922150373
0.002686424646526575
0.10319516062736511
0.01833663135766983
0.12682665884494781
0.06342919915914536
-0.1310100108385086
-0.063248410820961
0.14747551083564758
-0.1189417764544487
-0.08286865800619125
0.0333678275346756
0.14784441888332367
-0.04903380572795868
0.006994923576712608
0.061401113867759705
-0.041449565440416336
-0.12333735078573227
0.044674649834632874
0.0472102127969265
-0.05033133924007416
0.048195675015449524
-0.058095600455999374
-0.06742189079523087
0.07310634106397629
0.03792353346943855
0.05661660060286522
-0.05929936096072197
0.05626319348812103
-0.14249908924102783
0.04719676449894905
0.029948456212878227
0.08304954320192337
0.07151778042316437
-0.10933808982372284
-0.02558394894003868
0.00976852048188448
-0.05770538002252579
-0.08335588872432709
0.01789114810526371
0.016335504129529
0.07617738097906113
-0.02209416590631008
0.14125901460647583
-0.07264944165945053
0.02473490498960018
-0.005853474605828524
0.07458684593439102
0.09013556689023972
0.20473292469978333
-0.047163717448711395
0.07979533821344376
-0.05579506233334541
0.05565929412841797
0.006037763319909573
0.09218069911003113
-0.11385365575551987
0.02543037384748459
-0.03468829020857811
0.07079605013132095
0.030341506004333496
0.021029002964496613
-0.0013431999832391739
-0.10704382508993149
0.06652998179197311
-0.05085526779294014
0.1038953959941864
-0.12914873659610748
0.06281302869319916
0.0987546443939209
0.04973798245191574
-0.04349707439541817
0.007571570575237274
-0.028289472684264183
-0.027417656034231186
0.07240237295627594
-0.0597260482609272
0.08557102084159851
0.1328115314245224
0.06642548739910126
0.05163164436817169
0.06976526230573654
-0.04983486607670784
-0.08905187994241714
-0.07150781899690628
-0.07236579060554504
-0.02693263255059719
-0.03468402102589607
0.06384821981191635
0.03682323917746544
0.014645334333181381
0.004322626627981663
0.022647205740213394
0.08910234272480011
-0.08917835354804993
0.07862397283315659
0.10085466504096985
0.006421421654522419
0.08196975290775299
0.12693168222904205
-0.011299947276711464
0.06363583356142044
-0.12890967726707458
-0.009796406142413616
0.02842719666659832
-0.024260688573122025
-0.09529586881399155
0.007337317802011967
-0.019553322345018387
0.06540144234895706
-0.10904684662818909
-0.0703582689166069
-0.11383357644081116
-0.074747234582901
0.11320347338914871
-0.018917279317975044
0.008462892845273018
-0.13018663227558136
-0.07767659425735474
-0.07427696883678436
-0.0007496695034205914
-0.08112827688455582
0.06065661832690239
-0.08866894990205765
-0.011599380522966385
0.07537981867790222
0.11304287612438202
0.010015332140028477
-0.04797789454460144
0.0035140621475875378
0.0757019892334938
0.16092611849308014
0.02082693949341774
0.04059470072388649
-0.04603259265422821
-0.0070898523554205894
-0.1122412234544754
0.0008283267961815
-0.0051092300564050674
0.03769232705235481
-0.13560537993907928
-0.0959407165646553
-0.07949430495500565
-0.09851165860891342
-0.1510932296514511
0.047704096883535385
0.09634515643119812
0.044873885810375214
0.006301103159785271
0.14590734243392944
-0.03333136811852455
-0.014147542417049408
-0.11520972847938538
-0.1555737406015396
-0.10179692506790161
0.08894581347703934
-0.0830770954489708
0.09897039830684662
-0.02892097644507885
0.016857121139764786
0.06754472851753235
-0.09110584855079651
-0.032621584832668304
-0.05405069887638092
-0.09883930534124374
-0.13715073466300964
-0.18223503232002258
-0.02025638148188591
-0.09449617564678192
0.0012443267041817307
0.031204693019390106
-0.005828311666846275
0.06706583499908447
-0.08350545167922974
0.08306198567152023
-0.09685811400413513
-0.021785827353596687
0.10202351212501526
0.034676890820264816
-0.001346188597381115
-0.06322767585515976
-0.08585615456104279
-0.09679508954286575
-0.034991711378097534
-0.05457530915737152
-0.08070393651723862
0.023164356127381325
-0.15689951181411743
-0.03287798538804054
0.09218244254589081
-0.15684309601783752
0.07551202178001404
0.05114578455686569
-0.07061699032783508
0.074302539229393
-0.03253384679555893
0.006465638056397438
-0.16045640408992767
-0.08509793877601624
-0.014985605143010616
-0.03361913561820984
0.0637924075126648
0.013503563590347767
0.02508568949997425
0.00683190580457449
-0.1463116556406021
-0.10291675478219986
0.11668352782726288
0.20057183504104614
0.0007734538521617651
0.00933960173279047
-0.06961356848478317
-0.07696530967950821
0.04566355422139168
-0.04275151342153549
0.14814503490924835
-0.06498803943395615
-0.06396085768938065
0.015012182295322418
0.1775808334350586
0.011029744520783424
-0.05060304328799248
-0.0726328194141388
0.06586640328168869
-0.1677735596895218
-0.103180430829525
-0.07138971984386444
-0.06338615715503693
-0.07883328944444656
-0.14979694783687592
-0.037033695727586746
0.01687483862042427
-0.014468584209680557
-0.08596815168857574
0.09527785331010818
0.05677199736237526
0.0418463796377182
-0.01824278011918068
-0.0157951507717371
0.03905044123530388
-0.07322090864181519
0.12154418975114822
-0.17358331382274628
-0.013386243022978306
-0.09159232676029205
0.05983494967222214
0.09377703070640564
0.14309829473495483
-0.007544230669736862
-0.02292156033217907
0.0010626454604789615
-0.056024644523859024
0.10534067451953888
-0.02423456870019436
0.01679454930126667
-0.02147744596004486
-0.068967804312706
0.0568409189581871
-0.20709888637065887
0.07759285718202591
-0.022439422085881233
0.0028997946064919233
-0.07071660459041595
0.020750686526298523
-0.0033862281125038862
0.05482909828424454
-0.014810161665081978
0.12076139450073242
-0.12169620394706726
0.024055778980255127
0.06245819851756096
0.06125074252486229
-0.008738100528717041
0.028007827699184418
-0.0493716262280941
0.014113214798271656
0.07712625712156296
0.06083536148071289
0.057356033474206924
0.019583292305469513
0.07094939053058624
0.018100189045071602
-0.11847718060016632
0.10918159782886505
-0.087940514087677
-0.05531490221619606
0.06372524052858353
-0.04463953524827957
0.07961700111627579
-0.12404320389032364
-0.026391811668872833
0.07698359340429306
-0.0015713514294475317
-0.014352599158883095
0.08619128912687302
-0.0732666403055191
0.12271112203598022
0.09399472922086716
-0.01123040821403265
-0.04515716806054115
-0.1083158403635025
0.08504178375005722
0.0071235839277505875
0.019375726580619812
-0.042721107602119446
0.11503233760595322
-0.11465821415185928
0.038616131991147995
-0.017955409362912178
0.07991529256105423
-0.048597436398267746
0.06824222952127457
-0.06871731579303741
0.08082158863544464
-0.0451795794069767
0.1160363182425499
4.665669985115528e-05
-0.0495423898100853
0.004161091987043619
0.029395816847682
0.04577260836958885
-0.07782424241304398
0.04326673597097397
-0.07094225287437439
-0.0636264905333519
0.08125745505094528
-0.13947166502475739
0.06811396777629852
0.07510372996330261
0.009464509785175323
0.1042405515909195
0.1022958755493164
-0.03959445655345917
0.12727898359298706
-0.026185885071754456
-0.2795931100845337
-0.04593349248170853
-0.02454368583858013
0.045869600027799606
0.04920285567641258
-0.0028630574233829975
0.13501225411891937
0.16244389116764069
0.02996591478586197
-0.05831325426697731
0.1100984588265419
-0.10416039824485779
-0.005647758953273296
0.08814163506031036
0.04295439273118973
-0.06931134313344955
-0.07884088903665543
-0.1401938796043396
-0.11508344113826752
-0.05925143510103226
-0.019668815657496452
-0.04225192964076996
0.012659595347940922
-0.15810222923755646
0.08301929384469986
0.09073187410831451
-0.12306976318359375
0.03668839484453201
0.012247402220964432
-0.12315524369478226
-0.0975889340043068
0.10086426138877869
-0.08944673091173172
0.03788648545742035
