0.2238544374704361
0.2230941206216812
0.2194124460220337
0.2068677544593811
0.12509025633335114
0.011702099815011024
0.04650821164250374
0.04253706336021423
0.050692543387413025
0.048936549574136734
0.0409117117524147
0.040343113243579865
0.03553248941898346
0.02692645601928234
0.026460696011781693
0.02700425498187542
0.028445439413189888
0.02235017716884613
0.01732863113284111
0.023628946393728256
0.014656067825853825
0.01667582243680954
0.014036985114216805
0.00658214557915926
0.007362662814557552
