0.24621635675430298
0.2452821284532547
0.2403310090303421
0.22119730710983276
0.09676387161016464
0.01158205047249794
0.054555848240852356
0.052371468394994736
0.05737091228365898
0.05766456574201584
0.04639099910855293
0.044501740485429764
0.03784516826272011
0.026110926643013954
0.02511703222990036
0.025214657187461853
0.026866000145673752
0.02115282230079174
0.015594237484037876
0.022999996319413185
0.011898461729288101
0.016880374401807785
0.013977219350636005
0.005848361179232597
0.006001706700772047
