0.561457633972168
0.5609986782073975
0.5589823722839355
0.550606906414032
0.5054829120635986
0.16405229270458221
0.3429078459739685
0.3553767800331116
0.29311782121658325
0.21015655994415283
0.14794589579105377
0.11662472784519196
0.10567833483219147
0.10459858924150467
0.10778066515922546
0.11248931288719177
0.11725498735904694
0.12129982560873032
0.12433551251888275
0.12632830440998077
0.12736432254314423
0.1275615394115448
0.12706118822097778
0.12600235641002655
0.12451764941215515
0.12272205203771591
0.12070796638727188
0.11854881048202515
0.11631100624799728
0.11404986679553986
