0.18653975427150726
0.1860118806362152
0.1839836686849594
0.17560623586177826
0.1307845562696457
0.016739225015044212
0.014349452219903469
0.023031160235404968
0.027920089662075043
0.028312671929597855
0.02631824091076851
0.023384690284729004
0.020318670198321342
0.017501911148428917
0.015103042125701904
0.013123676180839539
0.01150820404291153
0.010197599418461323
0.009141269139945507
0.008295619860291481
0.007606326136738062
0.007038023788481951
0.006565998308360577
0.006170010194182396
0.005834272131323814
0.005549196619540453
0.005304301623255014
0.005094498861581087
0.0049115694127976894
0.004749361425638199
