0.24940846860408783
0.24921102821826935
0.24853824079036713
0.24646241962909698
0.2394479364156723
0.20977339148521423
0.07011272013187408
0.05624456703662872
0.08639232814311981
0.08331122249364853
0.06722027063369751
0.050592780113220215
0.03798970207571983
0.030088165774941444
0.02559656649827957
0.023118263110518456
0.021823858842253685
0.021224254742264748
0.021042294800281525
0.021107356995344162
0.021308692172169685
0.02157929725944996
0.021875033155083656
0.022166118025779724
0.022429896518588066
0.0226513110101223
0.02282540127635002
0.02295108512043953
0.02303008735179901
0.023064907640218735
