0.22379633784294128
0.2230057269334793
0.21959348022937775
0.20273828506469727
0.09652770310640335
0.012337129563093185
0.029255805537104607
0.04002445563673973
0.04139883816242218
0.03841203451156616
0.033818893134593964
0.029063496738672256
0.024746432900428772
0.021067500114440918
0.018068524077534676
0.015685981139540672
0.013747550547122955
0.012184199877083302
0.010935218073427677
0.00994273740798235
0.009141869843006134
0.00848203431814909
0.00792760495096445
0.007459423970431089
0.007060197647660971
0.006715955212712288
0.006418818607926369
0.006160967983305454
0.005936230532824993
0.00573931448161602
