0.0027406164444983006
0.0027208933606743813
0.002686919877305627
0.002647506073117256
0.0026115544606000185
0.0025852390099316835
0.002570803975686431
0.0025666223373264074
0.002569166710600257
0.002574463142082095
0.0025796438567340374
0.002583341207355261
0.002585506532341242
0.0025867444928735495
0.0025875302962958813
0.0025878269225358963
0.002587353577837348
0.0025856364518404007
0.0025824732147157192
0.0025782124139368534
0.0025734524242579937
0.0025690868496894836
0.0025656598154455423
0.0025634211488068104
0.002562084002420306
0.002560968743637204
0.002559253014624119
0.0025562404189258814
0.0025515041779726744
0.0025450722314417362
