0.37398430705070496
0.37350472807884216
0.37148359417915344
0.3631044626235962
0.3179813623428345
0.07453537732362747
0.09976737946271896
0.11926575005054474
0.09115837514400482
0.060294974595308304
0.04186427965760231
0.03327014297246933
0.02961544692516327
0.028367014601826668
0.02830161713063717
0.028805334120988846
0.029529619961977005
0.03026099130511284
0.03089197352528572
0.0313635915517807
0.03165441006422043
0.031771108508110046
0.03172780200839043
0.031549300998449326
0.03125665709376335
0.03087066486477852
0.0304169449955225
0.02991485968232155
0.02937890961766243
0.028826678171753883
