0.18732377886772156
0.18726830184459686
0.18714770674705505
0.18686480820178986
0.18626011908054352
0.18491002917289734
0.1816239356994629
0.17251670360565186
0.13956885039806366
0.04721395671367645
0.06504413485527039
0.08061111718416214
0.07462802529335022
0.06042091175913811
0.04729502648115158
0.038951292634010315
0.03490355238318443
0.03358815610408783
0.033769961446523666
0.03466138243675232
0.03576325252652168
0.03677213937044144
0.03752491623163223
0.03795336186885834
0.03805847093462944
0.037875641137361526
0.037453386932611465
0.03684469684958458
0.03610040619969368
0.03527094051241875
