0.12444545328617096
0.1242237389087677
0.12353785336017609
0.1214623898267746
0.11444728821516037
0.08506849408149719
0.017505023628473282
0.009368767961859703
0.012956480495631695
0.017715411260724068
0.020057499408721924
0.020336925983428955
0.019394202157855034
0.01783888414502144
0.016076114028692245
0.014326861128211021
0.01270622480660677
0.01128065213561058
0.010053995065391064
0.009007473476231098
0.008121374994516373
0.0073695858009159565
0.006741917226463556
0.006214281544089317
0.005765030160546303
0.0053883809596300125
0.005071192514151335
0.004795772023499012
0.0045576090924441814
0.004352177027612925
