0.37439072132110596
0.37419840693473816
0.3735384941101074
0.3714621067047119
0.3644461929798126
0.33477210998535156
0.14836883544921875
0.19738367199897766
0.22693416476249695
0.20152121782302856
0.16206097602844238
0.12659122049808502
0.10231571644544601
0.08807114511728287
0.0808381587266922
0.0778040736913681
0.07707854360342026
0.07758055627346039
0.07869508862495422
0.08003298193216324
0.08134536445140839
0.0825042799115181
0.08343585580587387
0.08413699269294739
0.08460499346256256
0.08485091477632523
0.08489182591438293
0.08475105464458466
0.08445248007774353
0.08401959389448166
