[1.58988356590271, 1.503577709197998, 3.2751083374023438]
[1.3720734119415283, 2.1813607215881348, 3.6237123012542725]
[0.39647239446640015, 1.7324732542037964, 2.658615827560425]
[0.8277687430381775, 1.7039623260498047, 2.8401994705200195]
[1.1263353824615479, 2.431807279586792, 3.052722454071045]
[0.04071229696273804, 2.532952308654785, 2.7131528854370117]
[1.1860578060150146, 1.6796510219573975, 2.8306162357330322]
[1.3246574401855469, 1.2549643516540527, 2.5810227394104004]
[1.2209348678588867, 2.504286289215088, 2.975994348526001]
[0.1540437936782837, 1.8518317937850952, 2.9028420448303223]
[-1.16037118434906, -1.4861586093902588, -3.2204174995422363]
[-0.43484801054000854, -1.789791226387024, -3.0247116088867188]
[-1.6786845922470093, -1.7885228395462036, -3.8255093097686768]
[-1.9961416721343994, -1.803053379058838, -3.2470619678497314]
[-1.411583423614502, -1.7364981174468994, -2.509265184402466]
[-1.1791118383407593, -1.846101999282837, -3.0984601974487305]
[-0.9641437530517578, -1.397044062614441, -2.240110397338867]
[-1.1746920347213745, -1.684017539024353, -3.182785987854004]
[-1.0052664279937744, -1.8118340969085693, -2.740596055984497]
[-1.1742032766342163, -2.6451706886291504, -3.3672189712524414]
[0.0031765263993293047, 0.2399437129497528, 3.6737823486328125]
[-0.2553124725818634, -0.28149735927581787, 3.4007644653320312]
[-0.074916310608387, 0.2032766044139862, 2.827392578125]
[-0.14602401852607727, -0.8357388377189636, 2.7623133659362793]
[0.030394254252314568, 0.6563608050346375, 3.2268242835998535]
[-0.29023292660713196, 0.8259555101394653, 3.5462465286254883]
[-0.3974989950656891, 0.1389567106962204, 2.719167947769165]
[-0.1552238166332245, 0.053868457674980164, 3.255128860473633]
[-0.9184715747833252, -0.0016113098245114088, 2.7897956371307373]
[-0.2392277717590332, -0.37168362736701965, 2.9605696201324463]
[0.24134844541549683, 0.4511985182762146, 2.6655242443084717]
[0.4769010841846466, 0.3829728662967682, 3.4727394580841064]
[-0.6009857058525085, -0.5488162636756897, 2.948326349258423]
[0.39565524458885193, 0.09234929084777832, 2.518031358718872]
[-0.6424689292907715, 0.37475499510765076, 3.5940189361572266]
[-0.5698519349098206, -0.17540331184864044, 1.9902088642120361]
[0.1091860979795456, 0.05391083285212517, 2.9068996906280518]
[0.14230991899967194, -0.8510485887527466, 2.5496904850006104]
[-0.32601261138916016, 0.6764290928840637, 2.7471702098846436]
[0.6449959874153137, -0.22907832264900208, 2.4150161743164062]
