0.4002501666545868
0.39272066950798035
0.1678038090467453
0.19011147320270538
0.17348746955394745
0.1343747228384018
0.14432980120182037
0.16855601966381073
0.19770722091197968
0.2241925150156021
0.24106401205062866
0.24058829247951508
0.2241239994764328
0.19984005391597748
0.17065641283988953
0.14525634050369263
0.13084083795547485
0.1231500431895256
0.11900079995393753
0.11698699742555618
0.11537349969148636
0.11447299271821976
0.12556612491607666
0.141376331448555
0.15486642718315125
0.16661280393600464
0.1774561107158661
0.18662938475608826
0.19357191026210785
0.1987769454717636
