0.7418537735939026
0.7424599528312683
0.7424758076667786
0.7424536347389221
0.742455780506134
0.7424508333206177
0.7424402832984924
0.7419068217277527
0.7424519062042236
0.7424517869949341
0.7424578666687012
0.7424607276916504
0.7424584031105042
0.7424221038818359
0.7424542903900146
0.7424547672271729
0.7424525022506714
0.7424681186676025
0.74245685338974
0.7424591183662415
0.742452085018158
0.7424535751342773
0.7424540519714355
0.742453396320343
0.742454469203949
0.7424309253692627
0.742461621761322
0.7424396276473999
0.7424492835998535
0.7424646019935608
0.7421582937240601
0.742439329624176
0.7424550652503967
0.7424524426460266
0.742445707321167
0.7424259185791016
0.7423877120018005
0.7424407601356506
0.7424519658088684
0.7424599528312683
0.7424831390380859
0.7419497966766357
0.7424413561820984
0.7424527406692505
0.7424590587615967
0.7424508929252625
0.742404580116272
0.7424274682998657
0.7424444556236267
0.7424486875534058
0.7424582242965698
0.7424460649490356
0.7423677444458008
0.7424578070640564
0.7424599528312683
0.7424554228782654
0.7424340844154358
0.742414116859436
0.7424556016921997
0.7424624562263489
0.7424536347389221
0.7424266338348389
0.7424225211143494
0.7424488663673401
0.7424530386924744
0.7424473166465759
0.7422016859054565
0.7424392104148865
0.7424319386482239
0.7424507737159729
0.7424592971801758
0.7413025498390198
0.7424465417861938
0.7424669861793518
0.7424578666687012
0.7424412369728088
0.7423964142799377
0.7424615621566772
0.7424534559249878
0.7424650192260742
0.7412014007568359
0.7424277067184448
0.7424519062042236
0.7424197196960449
0.7424131631851196
0.7424134016036987
0.7424591779708862
0.7424603700637817
0.7424445152282715
0.7047219276428223
0.7393879294395447
0.7311921715736389
0.6727482676506042
0.6955539584159851
0.7275891304016113
0.7354336977005005
0.7412900924682617
0.7393724322319031
0.39669206738471985
0.6236155033111572
