0.04992007091641426
0.04999902471899986
0.05009516328573227
0.0499810129404068
0.05004120245575905
0.049950577318668365
0.049948833882808685
0.050031665712594986
0.05000331625342369
0.049979716539382935
0.04997111111879349
0.05000254139304161
0.04994925111532211
0.050039298832416534
0.05012635141611099
0.04993637651205063
0.04997606948018074
0.049946971237659454
0.049962595105171204
0.050081681460142136
0.049865130335092545
0.04982577636837959
0.049853112548589706
0.04991242662072182
0.04990946874022484
0.049794044345617294
0.04999278485774994
0.04965713620185852
0.04986223578453064
0.04995410144329071
0.04974537715315819
0.04971987381577492
0.049744702875614166
0.04979792609810829
0.049562327563762665
0.049494028091430664
0.04966139420866966
0.04971058666706085
0.04977085813879967
0.04969276860356331
0.05004696920514107
0.049486029893159866
0.04934520646929741
0.049581076949834824
0.049643341451883316
0.04906424134969711
0.049175165593624115
0.04882851243019104
0.04898891970515251
0.04876677691936493
0.049118030816316605
0.048463787883520126
0.04849112033843994
0.04857457056641579
0.04818540811538696
0.04921741783618927
0.04790481552481651
0.04855045676231384
0.04655452072620392
0.04761268571019173
0.046325165778398514
0.046466294676065445
0.04652408882975578
0.0455966480076313
0.047559138387441635
0.04607139900326729
0.04501444101333618
0.04585551097989082
0.04549728333950043
0.04335295781493187
0.04369131848216057
0.035766638815402985
0.03721955046057701
0.0418194904923439
0.04243583604693413
0.03486074507236481
0.0466688796877861
0.04262722656130791
0.032663494348526
0.032283179461956024
0.030235132202506065
0.030432842671871185
0.04307730868458748
0.02472062036395073
0.026001714169979095
0.020589221268892288
0.04450187832117081
0.028614923357963562
0.033763907849788666
0.056937362998723984
0.024185415357351303
0.037120528519153595
0.03980132192373276
0.057212647050619125
0.04092719778418541
0.021778231486678123
0.047682300209999084
0.05233338102698326
0.026040703058242798
0.06090205907821655
0.024285178631544113
0.04588225483894348
0.05693709850311279
0.01704072579741478
0.032460279762744904
0.017484795302152634
0.019511640071868896
0.019465673714876175
0.025638410821557045
0.020866310223937035
0.021636197343468666
0.029204778373241425
0.029054641723632812
0.032916370779275894
0.030517300590872765
0.031362324953079224
0.031152743846178055
0.03361107036471367
0.03357930853962898
0.03594810143113136
0.03886278718709946
0.042942486703395844
0.034624986350536346
0.035536229610443115
0.043776463717222214
0.04074043408036232
0.037441205233335495
0.03865872696042061
0.04263831302523613
0.0410139262676239
0.04042063653469086
0.043787624686956406
0.03989649936556816
0.03554698824882507
0.03920842707157135
0.04402797296643257
0.0428771935403347
0.04304642975330353
0.04478461295366287
0.03881429508328438
0.03968624770641327
0.040637120604515076
0.04266693815588951
0.04485448822379112
0.04458481818437576
0.04308278486132622
0.04045777767896652
0.04461115226149559
0.040618833154439926
0.04082362353801727
0.04498305171728134
0.04576927423477173
0.0412474200129509
0.041511181741952896
0.044592589139938354
0.0448627769947052
0.04510946944355965
0.04229677468538284
0.04587334021925926
0.04029040411114693
0.04224485158920288
0.04499230161309242
0.04477987065911293
0.04457154870033264
0.04080694541335106
0.04338638484477997
0.04403712600469589
0.04113425314426422
0.04493770748376846
0.041730500757694244
0.04148926958441734
0.04478324204683304
0.043169744312763214
0.045378606766462326
0.0452718585729599
0.04009529948234558
0.04183286055922508
0.045862358063459396
0.04499540477991104
0.04257042333483696
0.04354746639728546
0.04406139254570007
0.04346616938710213
0.0436771921813488
0.04073183983564377
0.04717235267162323
0.043123748153448105
0.04415306821465492
0.04295623302459717
0.04508772864937782
0.0421992652118206
0.04007244482636452
0.04170512780547142
0.04414442926645279
0.0416317954659462
0.043294236063957214
0.039951425045728683
0.04123694822192192
0.04398372024297714
0.04579337686300278
0.03937317058444023
0.04026014730334282
0.046237513422966
0.043629541993141174
0.038835618644952774
0.03995674476027489
0.03903575241565704
0.04557017609477043
0.04295707121491432
0.04439661651849747
0.042309198528528214
0.0404643751680851
0.04112590104341507
0.039905741810798645
0.04130883142352104
0.04592583701014519
0.03915499523282051
0.04222320020198822
0.04150247573852539
0.0375274196267128
0.03651631996035576
0.036513201892375946
0.0414213202893734
0.04482032358646393
0.044665537774562836
0.04266085475683212
0.03970769792795181
0.0386815220117569
0.04000319540500641
0.04131592810153961
0.0409412607550621
0.03573402017354965
0.03660931810736656
0.039664410054683685
0.041455380618572235
0.03629513457417488
0.038679324090480804
0.04805086553096771
0.04021478444337845
0.04035187512636185
0.0423518568277359
0.04100761562585831
0.03962273895740509
0.03791556879878044
0.03750202804803848
0.039728276431560516
0.04695737361907959
0.040292445570230484
0.037039533257484436
0.03669603541493416
0.045744311064481735
0.033540207892656326
0.0403420515358448
0.04418110102415085
0.034802984446287155
0.04186485707759857
0.034621283411979675
0.04002486914396286
0.0305552426725626
0.04186326265335083
0.0337025448679924
0.03982243314385414
0.035437341779470444
0.0346287302672863
0.0354444682598114
0.03148312121629715
0.03454498201608658
0.039202287793159485
0.03865739330649376
0.03214390203356743
0.02820618450641632
0.037376295775175095
0.033467166125774384
0.03549622744321823
0.0383254736661911
0.03321190923452377
0.04206228628754616
0.03724681958556175
0.03763137012720108
0.03939216211438179
0.03776654228568077
0.03211793303489685
0.03878920525312424
0.04062175750732422
0.03237278014421463
0.030918972566723824
0.036634691059589386
0.04005083814263344
0.023260753601789474
0.03445294499397278
0.037487294524908066
0.02817741222679615
0.03376942127943039
0.043035149574279785
0.038741227239370346
0.031559135764837265
0.03298744559288025
0.028548525646328926
0.031847890466451645
0.0352632962167263
0.03584003075957298
0.03006313554942608
0.030377745628356934
0.03213540092110634
0.03578111529350281
0.02755722962319851
0.04296695441007614
0.03483904153108597
0.02630682848393917
0.03184462711215019
0.03548844903707504
0.026944490149617195
0.03892655298113823
0.03755449503660202
0.033101148903369904
0.03203278034925461
0.030687203630805016
0.026666603982448578
0.027385041117668152
0.030008304864168167
0.022059718146920204
0.03227934613823891
0.028427965939044952
0.03155819699168205
0.0274520143866539
0.026770222932100296
0.019421352073550224
0.020870380103588104
0.01906193420290947
0.026464108377695084
0.03191833198070526
0.044574860483407974
0.02714471146464348
0.016442064195871353
0.028812142089009285
0.02222687005996704
0.029897883534431458
0.028961574658751488
0.034719064831733704
0.03970247134566307
0.03429970145225525
0.035349342972040176
0.02662869729101658
0.025399530306458473
0.02719591185450554
0.02568613551557064
0.024810506030917168
0.02702857181429863
0.026210658252239227
0.031962063163518906
0.029447373002767563
0.02055457793176174
0.02521866373717785
0.03495895117521286
0.02869548462331295
0.022994471713900566
0.033669307827949524
0.023940106853842735
0.020145541056990623
0.027241669595241547
0.025976601988077164
0.027939312160015106
0.030027389526367188
0.019184470176696777
0.024562764912843704
0.02692926675081253
0.024103321135044098
0.018964003771543503
0.03381888195872307
0.0233223345130682
0.02968970127403736
0.023569438606500626
0.02116350084543228
0.027743112295866013
0.02642616629600525
0.022857803851366043
0.02485271543264389
0.020719580352306366
0.017886295914649963
0.029121872037649155
0.025509832426905632
0.022788360714912415
0.026556359604001045
0.01667720638215542
0.02863318845629692
0.0263228677213192
0.027752242982387543
0.028685886412858963
0.02089277096092701
0.03295986354351044
0.024220570921897888
0.023333901539444923
0.0169820673763752
0.021171018481254578
0.019228462129831314
0.019036686047911644
0.022027116268873215
0.01655753329396248
0.029668278992176056
0.02942666783928871
0.01572275348007679
0.024125102907419205
0.018802648410201073
0.02081405743956566
0.012360768392682076
0.024040034040808678
0.028250744566321373
0.026497704908251762
0.024531200528144836
0.04753032326698303
0.024204570800065994
0.03455667197704315
0.022177819162607193
0.02558574452996254
0.01983456127345562
0.028243904933333397
0.018667694181203842
0.020286578685045242
0.026012253016233444
0.0233970507979393
0.030702419579029083
0.03031310625374317
0.026412304490804672
0.02094683051109314
0.029374554753303528
0.021731721237301826
0.012817291542887688
0.018951136618852615
0.020740799605846405
0.02728351205587387
0.024818308651447296
0.021797731518745422
0.0182696133852005
0.024885788559913635
0.033953867852687836
0.020609118044376373
0.0181787870824337
0.022764284163713455
0.01689070463180542
0.02510710060596466
0.02710048481822014
0.022084839642047882
0.018475061282515526
0.025014963001012802
0.026281721889972687
0.04698604345321655
0.034558024257421494
0.013883117586374283
0.031199965626001358
0.05446561053395271
0.01269812323153019
0.02019003964960575
0.020000746473670006
0.014632776379585266
0.017392871901392937
0.02273494005203247
0.029964301735162735
0.015637941658496857
0.03758341819047928
0.019246632233262062
0.0202958844602108
0.0264043677598238
0.017756791785359383
0.028535768389701843
0.013313636183738708
0.05457262694835663
0.014592409133911133
0.03477685898542404
0.01620720513164997
0.013877356424927711
0.02117568626999855
0.029250558465719223
0.017066583037376404
0.02456028200685978
0.028355741873383522
0.023937733843922615
0.018129862844944
0.020422443747520447
0.014356630854308605
0.029538650065660477
0.02565702050924301
0.011253359727561474
0.03535010293126106
0.02852228656411171
0.022264886647462845
0.027954239398241043
0.017880428582429886
0.019746288657188416
0.015157348476350307
0.014609672129154205
0.013857236132025719
0.03057139739394188
0.020122487097978592
0.03203582018613815
0.009862266480922699
0.02289203554391861
0.029312849044799805
0.015553154051303864
0.013366671279072762
0.01833629049360752
0.015444241464138031
0.021805670112371445
0.012596150860190392
0.02087055891752243
0.030192781239748
0.016951754689216614
0.01463368907570839
0.028569411486387253
0.032420992851257324
0.02191764861345291
0.01679457165300846
0.021207204088568687
0.03272446244955063
0.03535647690296173
0.018948994576931
0.016394376754760742
0.023510929197072983
0.02871830388903618
0.019821887835860252
0.016886241734027863
0.018155522644519806
0.02171643078327179
0.023629605770111084
0.016852961853146553
0.03443591296672821
0.023830169811844826
0.02843019738793373
0.02751282975077629
0.025953108444809914
0.027739983052015305
0.018470291048288345
0.025612197816371918
0.014901919290423393
0.015641285106539726
0.016133585944771767
0.026899833232164383
0.028876714408397675
0.013200097717344761
0.019692406058311462
0.015275150537490845
0.01578645594418049
0.014043815433979034
0.013488692231476307
0.017344124615192413
0.028006121516227722
0.013098856434226036
0.016795221716165543
0.01665036752820015
0.02254757657647133
0.011489331722259521
0.020296946167945862
0.029132725670933723
0.025312092155218124
0.01497228629887104
0.012520147487521172
0.012454844079911709
0.009716740809381008
0.021008435636758804
0.01734265871345997
0.027595041319727898
0.030449531972408295
0.044560469686985016
0.015272147953510284
0.011454729363322258
0.026751067489385605
0.02494344487786293
0.02957312762737274
0.016136569902300835
0.0165716502815485
0.01186303235590458
0.01787281222641468
0.030163515359163284
0.01799178309738636
0.016913006082177162
0.01867605373263359
0.02278311736881733
0.022383198142051697
0.03079615905880928
0.011706439778208733
0.011931579560041428
0.022771349176764488
0.01304064504802227
0.017114955931901932
0.01651204377412796
0.016754742711782455
0.02312159165740013
0.01144279446452856
0.016026796773076057
0.021344739943742752
0.023551328107714653
0.017070641741156578
0.014361293986439705
0.013518963009119034
0.0382484495639801
0.0210716649889946
0.012671818025410175
0.014016680419445038
0.008821817114949226
0.0176013745367527
0.017353760078549385
0.04252538084983826
0.03146376833319664
0.018326006829738617
0.01683713123202324
0.009073058143258095
0.012179477140307426
0.02122507244348526
0.024075981229543686
0.025460494682192802
0.021821293979883194
0.015207899734377861
0.01167592965066433
0.019452720880508423
0.012307986617088318
0.016301115974783897
0.01000199280679226
0.025137368589639664
0.03366589918732643
0.01149657554924488
0.014308344572782516
0.011518040671944618
0.02160155400633812
0.009440446272492409
0.014459369704127312
0.015167249366641045
0.011565813794732094
0.02973979152739048
0.013839060440659523
0.008419523946940899
0.021436568349599838
0.016585733741521835
0.010374777019023895
0.0195668563246727
0.028227057307958603
0.011443912982940674
0.01868559420108795
0.009655517525970936
0.006286831572651863
0.022015206515789032
0.018301349133253098
0.01726119965314865
0.011015953496098518
0.059342510998249054
0.013530166819691658
0.009144168347120285
0.012966287322342396
0.025671910494565964
0.015492958948016167
0.036839134991168976
0.029538605362176895
0.026054129004478455
0.011888299137353897
0.009694809094071388
0.013845045119524002
0.019652318209409714
0.01836148276925087
0.014173775911331177
0.018447216600179672
0.016881726682186127
0.020981915295124054
0.01836506463587284
0.013934163376688957
0.0186344962567091
0.016158483922481537
0.013451041653752327
0.048339664936065674
0.02110248990356922
0.010001389309763908
0.018290497362613678
0.013544900342822075
0.012186942622065544
0.03264223784208298
0.025184502825140953
0.018810762092471123
0.012066468596458435
0.02126855030655861
0.017491837963461876
0.021360943093895912
0.01910044252872467
0.0108176339417696
0.017025016248226166
0.012742940336465836
0.015761179849505424
0.01718778908252716
0.030884355306625366
0.017528358846902847
0.013699785806238651
0.018470488488674164
0.013190347701311111
0.015106594190001488
0.014593933708965778
0.010371096432209015
0.01813986338675022
0.013089926913380623
0.013296827673912048
0.043616630136966705
0.01515180803835392
0.01910664327442646
0.024841146543622017
0.01869346760213375
0.02066812291741371
0.012012746185064316
0.007885696366429329
0.010911142453551292
0.026863250881433487
0.01831829734146595
0.030202634632587433
0.012576449662446976
0.020790763199329376
0.01992947608232498
0.01353518571704626
0.024348866194486618
0.013341190293431282
0.01662992499768734
0.01862383261322975
0.015839427709579468
0.01974111795425415
0.015076013281941414
0.021356379613280296
0.018031785264611244
0.014732608571648598
0.02680095285177231
0.014799002557992935
0.011941220611333847
0.016847815364599228
0.017633773386478424
0.01347652729600668
0.022655928507447243
0.010424753651022911
0.01679253578186035
0.01505717821419239
0.01600460335612297
0.026958148926496506
0.013596966862678528
0.01891511306166649
0.016605326905846596
0.012912708334624767
0.01675347611308098
0.025016779080033302
0.016358723863959312
0.015512162819504738
0.024191461503505707
0.012763808481395245
0.031143229454755783
0.011294948868453503
0.014369579963386059
0.028885718435049057
0.015381190925836563
0.032950013875961304
0.01556700374931097
0.018323801457881927
0.010050317272543907
0.018758118152618408
0.019193939864635468
0.017651738598942757
0.025869932025671005
0.016599638387560844
0.021607588976621628
0.01645057275891304
0.01968240551650524
0.013735536485910416
0.027710944414138794
0.03167830407619476
0.01718953251838684
0.021594490855932236
0.010472044348716736
0.011469954624772072
0.012359388172626495
0.011225422844290733
0.02556658908724785
0.011687680147588253
0.017801359295845032
0.012719748541712761
0.010672434233129025
0.010034052655100822
0.013555831275880337
0.020747320726513863
0.01780451461672783
0.014966853894293308
0.02665446698665619
0.012708175927400589
0.019169822335243225
0.026695284992456436
0.010864348150789738
0.034652672708034515
0.01704477146267891
0.010018684901297092
0.011168329045176506
0.012267133221030235
0.01856471225619316
0.011494403705000877
0.011676618829369545
0.015010145492851734
0.013843124732375145
0.010385138913989067
0.03056243434548378
0.011683299206197262
0.012057093903422356
0.016482599079608917
0.021140912547707558
0.014833478257060051
0.015224231407046318
0.008741384372115135
0.036931999027729034
0.013260483741760254
0.008755741640925407
0.010293180122971535
0.024732060730457306
0.024530772119760513
0.017255133017897606
0.02159935235977173
0.025164496153593063
0.023532424122095108
0.02278914861381054
0.013608166947960854
0.01905892789363861
0.019809290766716003
0.010941299609839916
0.013648453168570995
0.023929281160235405
0.01061885803937912
0.03476395830512047
0.0140191949903965
0.022751417011022568
0.022407516837120056
0.015456981025636196
0.04104069620370865
0.03798238933086395
0.011285614222288132
0.009593304246664047
0.014955232851207256
0.01948115974664688
0.013289318419992924
0.015328707173466682
0.026314396411180496
0.020272793248295784
0.012935854494571686
0.016853369772434235
0.015341893769800663
0.011884648352861404
0.016156727448105812
0.01542971283197403
0.012141852639615536
0.013304649852216244
0.009494815021753311
0.01723720133304596
0.013660654425621033
0.00986870564520359
0.012404002249240875
0.014909135177731514
0.018206197768449783
0.02837609499692917
0.012407388538122177
0.014690963551402092
0.021195288747549057
0.013887317851185799
0.016856946051120758
0.015033526346087456
0.011188073083758354
0.011918313801288605
0.023440618067979813
0.025876231491565704
0.012438447214663029
0.02745356597006321
0.01293139811605215
0.02422500029206276
0.012617819011211395
0.021434053778648376
0.012370452284812927
0.020498648285865784
0.013880369253456593
0.0130797503516078
0.028450805693864822
0.01627049595117569
0.012782696634531021
0.020177086815238
0.01866763085126877
0.008640347048640251
0.024372167885303497
0.021618474274873734
0.009323909878730774
0.017110705375671387
0.01616043969988823
0.010709295980632305
0.009439433924853802
0.012480705976486206
0.021378982812166214
0.01583813689649105
0.008322581648826599
0.02101651392877102
0.012712622992694378
0.032172560691833496
0.011000269092619419
0.008362521417438984
0.008462481200695038
0.017354875802993774
0.02620871365070343
0.012741407379508018
0.02119935303926468
0.014680038206279278
0.02021341770887375
0.018045615404844284
0.03034171834588051
0.020481787621974945
0.012414519675076008
0.01025492511689663
0.018178321421146393
0.012283739633858204
0.009150202386081219
0.006414998322725296
0.01371969934552908
0.015393070876598358
0.009828727692365646
0.009276270866394043
0.017816312611103058
0.010379229672253132
0.026103178039193153
0.01697182096540928
0.012194504961371422
0.010724624618887901
0.013215530663728714
0.01283216942101717
0.008276272565126419
0.01646560989320278
0.010814536362886429
0.017019977793097496
0.0075686294585466385
0.007053178735077381
0.013237882405519485
0.02669566497206688
0.01138429157435894
0.020706869661808014
0.010755112394690514
0.014739015139639378
0.03857807442545891
0.013187944889068604
0.006281072273850441
0.009702437557280064
0.010400790721178055
0.01112133078277111
0.01094542071223259
0.010991329327225685
0.022005951032042503
0.010503806173801422
0.012178340926766396
0.02607273869216442
0.01656545326113701
0.012224515900015831
0.0128642488270998
0.010908168740570545
0.008314267732203007
0.023898547515273094
0.014226572588086128
0.026575878262519836
0.012998497113585472
0.009225876070559025
0.02006020024418831
0.009430421516299248
0.006458123214542866
0.017344601452350616
0.016225095838308334
0.013386963866651058
0.011193417012691498
0.0077326614409685135
0.019200259819626808
0.015192500315606594
0.019046906381845474
0.02055145427584648
0.01244654506444931
0.013241860084235668
0.019553273916244507
0.010441219434142113
0.01681140623986721
0.020727956667542458
0.013646868988871574
0.015778042376041412
0.011249646544456482
0.015078453347086906
0.020142273977398872
0.034277621656656265
0.025292400270700455
0.010634107515215874
0.022603357210755348
0.011431561782956123
0.012145319022238255
0.006186920218169689
0.0095447963103652
0.007787851616740227
0.013648131862282753
0.010001320391893387
0.008488602004945278
0.018391337245702744
0.00750733632594347
0.01092163473367691
0.005427299067378044
0.013857198879122734
0.007840977981686592
0.009633585810661316
0.018113471567630768
0.02601487934589386
