0.25020819902420044
0.25030022859573364
0.25038522481918335
0.250277578830719
0.2503735423088074
0.25026044249534607
0.2502850294113159
0.25035402178764343
0.2503513991832733
0.2502950429916382
0.25030994415283203
0.2503631114959717
0.2503071427345276
0.25048816204071045
0.25052762031555176
0.25032907724380493
0.2503584325313568
0.25033462047576904
0.25034597516059875
0.2504986822605133
0.25028735399246216
0.2502579689025879
0.2502440810203552
0.25035423040390015
0.25038984417915344
0.2502315938472748
0.2504563629627228
0.2501952648162842
0.25039392709732056
0.2505183219909668
0.2502095103263855
0.25026026368141174
0.25030308961868286
0.25036489963531494
0.25017499923706055
0.2501404583454132
0.2502433657646179
0.25034621357917786
0.2503472864627838
0.2503158152103424
0.25056156516075134
0.25026002526283264
0.250289648771286
0.2503635287284851
0.25043007731437683
0.2500813603401184
0.2501222491264343
0.25012072920799255
0.2501530349254608
0.2500881850719452
0.25023186206817627
0.25008395314216614
0.24996942281723022
0.25007104873657227
0.25003981590270996
0.2505018711090088
0.2500860393047333
0.25023549795150757
0.2498633712530136
0.25002521276474
0.24983929097652435
0.24998578429222107
0.24990223348140717
0.2498984932899475
0.250282883644104
0.25012117624282837
0.24996013939380646
0.2500847280025482
0.24991869926452637
0.24991562962532043
0.24999389052391052
0.2493918538093567
0.2494719922542572
0.24992462992668152
0.2502880096435547
0.24960243701934814
0.2502870559692383
0.2502211332321167
0.24951718747615814
0.24951405823230743
0.2495676577091217
0.2495855689048767
0.25009092688560486
0.24920104444026947
0.24926047027111053
0.24905376136302948
0.24968086183071136
0.24942296743392944
0.24890641868114471
0.2493128776550293
0.24796754121780396
0.24917690455913544
0.24887040257453918
0.2497141808271408
0.24870935082435608
0.24669122695922852
0.24890351295471191
0.2493387907743454
0.24742165207862854
0.25008663535118103
0.247827410697937
0.24934178590774536
0.24832838773727417
0.2469668686389923
0.2483060359954834
0.24560023844242096
0.2445306032896042
0.24351443350315094
0.24678555130958557
0.242564857006073
0.23920801281929016
0.2448323518037796
0.2421122044324875
0.24230486154556274
0.24079090356826782
0.23765972256660461
0.23324869573116302
0.23667657375335693
0.22777876257896423
0.23617669939994812
0.2270413339138031
0.23908492922782898
0.21061468124389648
0.183495432138443
0.31804221868515015
0.20771524310112
0.17068353295326233
0.19701871275901794
0.33865228295326233
0.21246472001075745
0.19844253361225128
0.24353300034999847
0.18267694115638733
0.1721993088722229
0.18967153131961823
0.22627916932106018
0.21822011470794678
0.23058225214481354
0.23368960618972778
0.19251027703285217
0.20238043367862701
0.1946355104446411
0.22864452004432678
0.21390104293823242
0.23089121282100677
0.21517789363861084
0.21735556423664093
0.23521971702575684
0.2941209375858307
0.18739593029022217
0.2186821848154068
0.2356177270412445
0.18170365691184998
0.18197885155677795
0.2414197027683258
0.22361308336257935
0.21321937441825867
0.13703148066997528
0.29773077368736267
0.15446624159812927
0.16585424542427063
0.2771707773208618
0.24315908551216125
0.3044385313987732
0.17615363001823425
0.1834934651851654
0.1853606104850769
0.1250389814376831
0.24365079402923584
0.16112346947193146
0.14616864919662476
0.21092703938484192
0.21315398812294006
0.25978994369506836
0.31755971908569336
0.18384356796741486
0.24483585357666016
0.2433413863182068
0.25606614351272583
0.25105398893356323
0.21647119522094727
0.24299918115139008
0.245096355676651
0.21757996082305908
0.20439587533473969
0.3039315342903137
0.24742411077022552
0.23299315571784973
0.23349131643772125
0.27771905064582825
0.23557469248771667
0.2086433619260788
0.23909935355186462
0.2393191158771515
0.21925042569637299
0.2292865514755249
0.2157301902770996
0.22504261136054993
0.2491144835948944
0.2572028636932373
0.2268388718366623
0.21261152625083923
0.24798530340194702
0.2320736050605774
0.21226398646831512
0.2246677577495575
0.21261613070964813
0.24231846630573273
0.2357948124408722
0.23837226629257202
0.22952689230442047
0.22512060403823853
0.22779764235019684
0.2257923185825348
0.2227838635444641
0.23559309542179108
0.22748014330863953
0.2316647469997406
0.24260030686855316
0.2273036390542984
0.22231294214725494
0.2144254595041275
0.24168160557746887
0.2354716807603836
0.2567724883556366
0.23291879892349243
0.22334854304790497
0.20974932610988617
0.22637984156608582
0.23472504317760468
0.23070985078811646
0.21966782212257385
0.22439837455749512
0.22463881969451904
0.2326272428035736
0.21730118989944458
0.21775513887405396
0.2526130974292755
0.22139035165309906
0.23062312602996826
0.2377820760011673
0.23272605240345
0.23025697469711304
0.2219492644071579
0.23594246804714203
0.21585644781589508
0.23560068011283875
0.2238629162311554
0.2271004319190979
0.2274918556213379
