0.2469315230846405
0.24745997786521912
0.24745294451713562
0.24742907285690308
0.24747523665428162
0.24744994938373566
0.24746651947498322
0.2464962899684906
0.2474532425403595
0.24745170772075653
0.24745522439479828
0.2474496215581894
0.24745577573776245
0.24741733074188232
0.24745728075504303
0.24744439125061035
0.2474561631679535
0.24745915830135345
0.24746012687683105
0.24741403758525848
0.24745607376098633
0.24743595719337463
0.24745525419712067
0.24746206402778625
0.24744071066379547
0.2474248856306076
0.2474704533815384
0.24744825065135956
0.24745459854602814
0.2474461942911148
0.2469712346792221
0.247427299618721
0.24744132161140442
0.2474350780248642
0.24742750823497772
0.24744746088981628
0.24734711647033691
0.24744677543640137
0.2474610060453415
0.2474629282951355
0.24745841324329376
0.24705302715301514
0.24742379784584045
0.2474592626094818
0.2474571317434311
0.247463658452034
0.24743282794952393
0.24740172922611237
0.24744300544261932
0.24745729565620422
0.24746200442314148
0.24744901061058044
0.24739578366279602
0.2474522441625595
0.24743424355983734
0.2474445104598999
0.2474302500486374
0.2473938912153244
0.24744749069213867
0.2474692463874817
0.24744819104671478
0.2474343180656433
0.24739275872707367
0.247456893324852
0.24745208024978638
0.24746301770210266
0.24729928374290466
0.24745215475559235
0.24745531380176544
0.24746185541152954
0.24746133387088776
0.2461642473936081
0.24743342399597168
0.24746200442314148
0.24745799601078033
0.24743571877479553
0.2474217712879181
0.24747177958488464
0.24746347963809967
0.2474651336669922
0.24577906727790833
0.24744008481502533
0.24744629859924316
0.24743807315826416
0.24740175902843475
0.2473764717578888
0.24745911359786987
0.24746915698051453
0.24745316803455353
0.21100817620754242
0.24400630593299866
0.23897859454154968
0.1440252810716629
0.1739724576473236
0.2371247410774231
0.23975352942943573
0.24597996473312378
0.24414919316768646
0.13716666400432587
0.20370543003082275
0.1915208101272583
0.20854449272155762
0.22767576575279236
0.24212568998336792
0.24253904819488525
0.23987437784671783
0.20533619821071625
0.15770268440246582
0.1866489201784134
0.2018701285123825
0.23403950035572052
0.23331348598003387
0.23246647417545319
0.23622143268585205
0.2102038860321045
0.1523352414369583
0.128738671541214
0.11208170652389526
0.15291139483451843
0.1929941177368164
0.20561634004116058
0.2012898325920105
0.1837121695280075
0.0795123428106308
0.06094006076455116
0.07494767010211945
0.11177951097488403
0.10924683511257172
0.108408123254776
0.12162373960018158
0.03164220228791237
0.0726546049118042
0.0926370695233345
0.09768203645944595
0.06719786673784256
0.1302405744791031
0.12423747777938843
0.07945316284894943
0.06844654679298401
0.09083279967308044
0.12249583005905151
0.06237662583589554
0.10942521691322327
0.1316402554512024
0.1259688436985016
0.03893211483955383
0.08386006951332092
0.13705047965049744
0.049783095717430115
0.059221722185611725
0.10433794558048248
0.12875626981258392
0.0679226890206337
0.0462423712015152
0.0618903748691082
0.08778705447912216
0.07566887140274048
0.11269307881593704
0.11218979954719543
0.08032292872667313
0.08060543984174728
0.07728260010480881
0.05221451073884964
0.05948599427938461
0.09389293193817139
0.0769529938697815
0.08076904714107513
0.044726867228746414
0.07850231975317001
0.07046995311975479
0.0398617684841156
0.06794600933790207
0.0622643381357193
0.08674107491970062
0.06678066402673721
0.09277328103780746
0.051054682582616806
0.037557896226644516
0.08586213737726212
0.08286109566688538
0.04888659343123436
0.09977774322032928
0.06569326668977737
0.08014066517353058
0.033983662724494934
0.04462127387523651
0.0628320574760437
0.04633134603500366
0.060570128262043
0.07250300794839859
0.07738853991031647
0.040213003754615784
0.04882034659385681
0.06805720925331116
0.05940207466483116
0.14047127962112427
0.07206329703330994
0.046032194048166275
0.04309020936489105
0.08638732880353928
0.06000259518623352
0.0416613444685936
0.06286051869392395
0.06949996948242188
0.05727033689618111
0.04091855511069298
0.0595107339322567
0.03861309960484505
0.02391345612704754
0.08853501826524734
0.10700490325689316
0.07160604000091553
0.06022238731384277
0.03971799090504646
0.02233424037694931
0.06613816320896149
0.08253093808889389
0.06604936718940735
0.044647276401519775
0.058070920407772064
0.04002775624394417
0.04108983278274536
0.03328726813197136
0.04795924574136734
0.01254239771515131
0.03597348928451538
0.04659982770681381
0.08451854437589645
0.020097311586141586
0.06803684681653976
0.063810333609581
0.0540706068277359
0.06341612339019775
0.024708226323127747
0.030488846823573112
0.07974151521921158
0.0362677201628685
0.015933390706777573
0.04211413115262985
0.054474275559186935
0.019143404439091682
0.06157483533024788
0.07370962202548981
0.03128448873758316
0.025636309757828712
0.02733294479548931
0.024628104642033577
0.04531716927886009
0.027214139699935913
0.027902627363801003
0.00958523154258728
0.0678229108452797
0.0388021282851696
0.05107474699616432
0.07475064694881439
0.044387076050043106
0.026345279067754745
0.03050774335861206
0.03382115811109543
0.022709982469677925
0.04286110773682594
0.04825948178768158
0.017628638073801994
0.01896028220653534
0.011625494807958603
0.0376007966697216
0.03019043244421482
0.03067987784743309
0.012711782939732075
0.009556351229548454
0.0202013049274683
0.02176136150956154
0.013629501685500145
0.022319629788398743
0.022422147914767265
0.014855596236884594
0.022435162216424942
0.009412412531673908
0.028865061700344086
0.03799867630004883
0.010253061540424824
0.009859411977231503
0.03208725154399872
0.0067904675379395485
0.017087098211050034
0.01487655658274889
0.016327697783708572
0.014522513374686241
0.048511479049921036
0.021733358502388
0.02662047930061817
0.0354873351752758
0.020821642130613327
0.027865296229720116
0.010795648209750652
0.01284093875437975
0.013270593248307705
0.02660621888935566
0.017125204205513
0.013294069096446037
0.015397263690829277
0.012487274594604969
0.013641475699841976
0.018729334697127342
0.03189403936266899
0.004924766719341278
0.026440022513270378
0.015005550347268581
0.008192342706024647
0.015803305432200432
0.012305788695812225
0.025300810113549232
0.011576412245631218
0.014348998665809631
0.019455937668681145
0.009763718582689762
0.021869607269763947
0.016848264262080193
0.009155585430562496
0.012226367369294167
0.008526623249053955
0.008642359636723995
0.016955990344285965
0.004227560944855213
0.015842340886592865
0.010212026536464691
0.00749359093606472
0.0028443136252462864
0.013936473056674004
0.008277775719761848
0.011272711679339409
0.0395277738571167
0.0033944030292332172
0.02426224760711193
0.011109065264463425
0.013468794524669647
0.006911963224411011
0.008981913328170776
0.0033222378697246313
0.018216600641608238
0.007270338013768196
0.0212059635668993
0.008075574412941933
0.016835611313581467
0.01240248791873455
0.009798242710530758
0.016067663207650185
0.006643692497164011
0.010868643410503864
0.0072277444414794445
0.006452528759837151
0.007957986555993557
0.004607316572219133
0.005982960108667612
0.004636160098016262
0.01175561361014843
0.030800459906458855
0.0030262742657214403
0.008806229569017887
0.023121271282434464
0.012407500296831131
0.003232320537790656
0.01681467704474926
0.0092681385576725
0.015071649104356766
0.0043967850506305695
0.00895792618393898
0.006968183442950249
0.015109783038496971
0.0038527739234268665
0.010232158936560154
0.00279094185680151
0.012499561533331871
0.0096287215128541
0.006506321951746941
0.009985020384192467
0.010329813696444035
0.007313536945730448
0.010891029611229897
0.011850422248244286
0.007946130819618702
0.009326056577265263
0.004949107766151428
0.01716216653585434
0.013163652271032333
0.0031935409642755985
0.007892767898738384
0.005513060372322798
0.011822344735264778
0.005174534395337105
0.00687045231461525
0.0038753608241677284
0.0033376310020685196
0.014996275305747986
0.006064852699637413
0.00411578081548214
0.011022750288248062
0.008112580515444279
0.006189902778714895
0.022033657878637314
0.009339753538370132
0.0024934508837759495
0.008317810483276844
0.009369565173983574
0.011366147547960281
0.0019925280939787626
0.003731110133230686
0.011706509627401829
0.010333375073969364
0.002464998047798872
0.006084608845412731
0.00637633353471756
0.010629706084728241
0.003089703619480133
0.007847147062420845
0.007230834569782019
0.004059004597365856
0.004550366196781397
0.030328921973705292
0.010677998885512352
0.004856831859797239
0.012690572068095207
0.0038601821288466454
0.00340548949316144
0.0034754686057567596
0.009454318322241306
0.005057407543063164
0.01011834666132927
0.007287396118044853
0.015346160158514977
0.0066506084986031055
0.02302401140332222
0.010989926755428314
0.005816809367388487
0.0037540714256465435
0.01059678290039301
0.007418690249323845
0.0076443846337497234
0.004589148797094822
0.013297444209456444
0.004247349686920643
0.0063928719609975815
0.022724246606230736
0.00743853161111474
0.005234407261013985
0.021587951108813286
0.005657232366502285
0.012059859000146389
0.011478343978524208
0.016083545982837677
0.007851012982428074
0.01494686771184206
0.0027685766108334064
0.003008828731253743
0.007018556818366051
0.012400943785905838
0.00811841245740652
0.01611468382179737
0.0046806130558252335
0.010261226445436478
0.008068212307989597
0.015434341505169868
0.0029794895090162754
0.0084496159106493
0.014347651973366737
0.0073434291407465935
0.015751754865050316
0.010081540793180466
0.005771854892373085
0.004747441969811916
0.004285415634512901
0.014332730323076248
0.00886167585849762
0.0070405807346105576
0.00428021838888526
0.00531060341745615
0.006275913678109646
0.011033291928470135
0.004240768495947123
0.006162512581795454
0.003206593217328191
0.006114057265222073
0.007041414268314838
0.00609704852104187
0.005764424800872803
0.004332981072366238
0.006044446025043726
0.009090441279113293
0.026508266106247902
0.005062581039965153
0.0064356098882853985
0.008099616505205631
0.0022504469379782677
0.008648121729493141
0.0026573885697871447
0.008829732425510883
0.006704088766127825
0.007540225982666016
0.003568102139979601
0.0020015640184283257
0.007365701720118523
0.011202980764210224
0.007511097006499767
0.0108755212277174
0.0051674870774149895
0.014906646683812141
0.0040443092584609985
0.005357083398848772
0.0025472864508628845
0.004271994810551405
0.007161295041441917
0.00784375425428152
0.01776365004479885
0.003625111887231469
0.006518614944070578
0.004382991697639227
0.003210925729945302
0.00810695718973875
0.0033332067541778088
0.006323284935206175
0.003088375786319375
0.003329989966005087
0.004770423285663128
0.006944901309907436
0.023111017420887947
0.005296499468386173
0.0060860347002744675
0.014882414601743221
0.008586582727730274
0.016174955293536186
0.014159809798002243
0.00818786770105362
0.007813970558345318
0.003972570411860943
0.008018461056053638
0.00704567413777113
0.00896417535841465
0.006370921619236469
0.00392240472137928
0.008553809486329556
0.00282042333856225
0.0034025581553578377
0.005297619849443436
0.006539849564433098
0.004807479679584503
0.004107181914150715
0.0047536673955619335
0.00926176831126213
0.01367044448852539
0.008501384407281876
0.00936103519052267
0.005792140960693359
0.008168840780854225
0.004240317735821009
0.0029673860408365726
0.0030468825716525316
0.004561547189950943
0.003260137513279915
0.006354575976729393
0.0032448838464915752
0.006529615726321936
0.005844075232744217
0.0036337529309093952
0.002397742588073015
0.0031305551528930664
0.005079059395939112
0.009356595575809479
0.013089503161609173
0.013132799416780472
0.004951077047735453
0.0026764729991555214
0.003644166747108102
0.007338841445744038
0.0059987143613398075
0.005033732857555151
0.012163685634732246
0.003292747540399432
0.00971224345266819
0.0023930876050144434
0.004779834300279617
0.006129516754299402
0.0038973912596702576
0.0029956751968711615
0.0034699440002441406
0.004022716544568539
0.009224945679306984
0.006208029109984636
0.0032379883341491222
0.0022116955369710922
0.002413306850939989
0.015347246080636978
0.006136186420917511
0.007530285976827145
0.005229567643254995
0.004239595029503107
0.01182443555444479
0.0032125532161444426
0.012553127482533455
0.00314412172883749
0.003814250696450472
0.0014810701832175255
0.008560700342059135
0.005649778991937637
0.021600443869829178
0.0036063953302800655
0.0023146350868046284
0.006302783265709877
0.011672834865748882
0.0027501764707267284
0.004687831271439791
0.0072386786341667175
0.002408584114164114
0.00858800858259201
0.0029440405778586864
0.0016692816279828548
0.006023332942277193
0.006124556064605713
0.0072248526848852634
0.004882857669144869
0.025832301005721092
0.0038875059690326452
0.00689656613394618
0.0037311557680368423
0.004519884940236807
0.0029265503399074078
0.009317746385931969
0.004111024085432291
0.012942565605044365
0.0050589353777468204
0.003552221693098545
0.00784729328006506
0.0030089914798736572
0.003833584487438202
0.006286578252911568
0.006896193139255047
0.0036063631996512413
0.0025933892466127872
0.01208397839218378
0.007194234523922205
0.004133319482207298
0.005842519458383322
0.003319787560030818
0.00652303546667099
0.0037558581680059433
0.006785845384001732
0.0033407562877982855
0.010026264004409313
0.003704714123159647
0.012866267003118992
0.009296175092458725
0.00589484628289938
0.0053001893684268
0.0050469073466956615
0.004222588613629341
0.008339614607393742
0.00410935003310442
0.0037917066365480423
0.005092018283903599
0.006676848046481609
0.005206494592130184
0.007072311360388994
0.00622707512229681
0.0042716134339571
0.012355001643300056
0.003625235753133893
0.004442415200173855
0.00680144689977169
0.0023643821477890015
0.007420985959470272
0.006468967534601688
0.00419392716139555
0.005428127944469452
0.007089884486049414
0.0035761487670242786
0.007699876558035612
0.004602637607604265
0.006031916942447424
0.012922918424010277
0.004345521796494722
0.006166611798107624
0.0063438271172344685
0.010919516906142235
0.0028163399547338486
0.009558224119246006
0.010558863170444965
0.00942390039563179
0.004804193042218685
0.006107970140874386
0.010825352743268013
0.0044928607530891895
0.004538976587355137
0.003205233020707965
0.006540547125041485
0.0016917719040066004
0.00405979435890913
0.0035588559694588184
0.01579105667769909
0.0030627562664449215
0.009948791936039925
0.006540542468428612
0.002246958203613758
0.004617776721715927
0.005390127655118704
0.0014044174458831549
0.005920709110796452
0.002220413414761424
0.006068692542612553
0.004828162491321564
0.005382731091231108
0.0030034682713449
0.008350766263902187
0.0026881692465394735
0.001386219635605812
0.002627597888931632
0.0027437745593488216
0.010655722580850124
0.0037926691584289074
0.0031632287427783012
0.007576583418995142
0.003635647241026163
0.004229413811117411
0.002437220886349678
0.003019479103386402
0.00207957299426198
0.009508808143436909
0.0045881797559559345
0.005091952160000801
0.006381710525602102
0.0026888600550591946
0.007452930323779583
0.01061237696558237
0.002309642732143402
0.0023999225813895464
0.0038974883500486612
0.0032325934153050184
0.002976874355226755
0.0034337490797042847
0.005331965163350105
0.004247006960213184
0.004094438161700964
0.0030815917998552322
0.005298899952322245
0.004993012174963951
0.0032085564453154802
0.0031093673314899206
0.006703080143779516
0.005514207296073437
0.0071727437898516655
0.005403225775808096
0.00507527869194746
0.005515950731933117
0.005418049171566963
0.0015288369031623006
0.0035619959235191345
0.002322729444131255
0.004477474372833967
0.003843823214992881
0.0035227141343057156
0.008731989189982414
0.00360991433262825
0.002848884789273143
0.0017580382991582155
0.0026979371905326843
0.006875619292259216
0.0068474942818284035
0.004885180853307247
0.00446581793949008
0.0012543043121695518
0.004545127972960472
0.008251539431512356
0.004401540849357843
0.007468566298484802
0.011034935712814331
0.006249471101909876
0.0033412608318030834
0.0014287079684436321
0.0034968466497957706
0.003103251103311777
0.0020266405772417784
0.005348710808902979
0.009475067257881165
0.0037777386605739594
0.005910475272685289
0.002190737286582589
0.003833569586277008
0.008698982186615467
0.0019969928544014692
0.0026169968768954277
0.011301053687930107
0.0027221785858273506
0.003254799172282219
0.00358817377127707
0.0024519001599401236
0.005318860989063978
0.004947029985487461
0.0030711498111486435
0.005656102206557989
0.0023077798541635275
0.004851158708333969
0.0046103764325380325
0.0014657475985586643
0.0048407381400465965
0.0016186635475605726
0.0049914103001356125
0.005147152580320835
0.002370279747992754
0.0021932655945420265
0.0053451028652489185
0.010434277355670929
0.006345381028950214
0.0037387660704553127
0.003807423636317253
0.0024630133993923664
0.0038406099192798138
0.005825892090797424
0.006262145936489105
0.008820313028991222
0.0033014249056577682
0.0017836836632341146
0.004512567538768053
0.0027313632890582085
0.004442689009010792
0.0037661606911569834
0.007566679734736681
0.004365839995443821
0.005539868492633104
0.008818541653454304
0.009206052869558334
0.0036115278489887714
0.01116175763309002
0.00745401019230485
0.0031757343094795942
0.0023411286529153585
0.0028565390966832638
0.004981339909136295
0.00410410575568676
0.00375982653349638
0.005017779301851988
0.0043105632066726685
0.004545592702925205
0.0023977146483957767
0.004229849204421043
0.008844966068863869
0.005039501469582319
0.006050527095794678
0.007879817858338356
0.0036660812329500914
0.003987436182796955
0.0035895458422601223
0.008099272847175598
0.003070863662287593
0.004136021714657545
0.004029517062008381
0.0013241989072412252
0.0035416148602962494
0.005169013515114784
0.004262981936335564
0.002231045626103878
0.0023520863614976406
0.003637790447100997
0.0015446259640157223
0.011294392868876457
0.00288405898027122
0.002852523932233453
0.003900711890310049
0.0035701319575309753
0.00910671055316925
0.0040411814115941525
0.0014116675592958927
0.003972457721829414
0.002235087100416422
0.002936406061053276
0.00248575396835804
0.002791333943605423
0.0025833100080490112
0.006794573739171028
0.003722383640706539
0.0016764013562351465
0.0030511789955198765
0.005251851864159107
0.004292749334126711
0.0038799315225332975
0.001910999184474349
0.00547997560352087
0.003902427852153778
0.005690557416528463
0.0016032500425353646
0.003363553900271654
0.004105971194803715
0.001528023974969983
0.002701642457395792
0.003745078109204769
0.002498527057468891
0.002097388030961156
0.005046556703746319
0.003315347246825695
0.003506806679069996
0.005225762724876404
0.007937734946608543
0.0032507884316146374
0.0033812690526247025
0.01297022681683302
0.002103875856846571
0.002502874005585909
0.004232429433614016
0.0028599565848708153
0.0024009074550122023
0.0030496837571263313
0.004021108616143465
0.005125826224684715
0.004813533741980791
0.0016447114758193493
0.006321133580058813
0.00407621543854475
0.004275474697351456
0.0013328557834029198
0.005599098280072212
0.0056081549264490604
0.0031363111920654774
0.002689126878976822
0.0040606847032904625
0.0036927086766809225
0.0033748240675777197
0.0024126393254846334
0.003154630772769451
0.0017503034323453903
0.006251648999750614
0.0019428820814937353
0.0034304577857255936
0.00600504269823432
0.007706040516495705
0.0019651432521641254
0.007666099350899458
0.0033154224511235952
0.004659679718315601
0.003004696685820818
0.0017105869483202696
0.006849382072687149
0.002748248167335987
0.0056611779145896435
0.003108907025307417
0.0034278836101293564
0.0039114635437726974
0.007851234637200832
0.0038344936911016703
0.0028178920038044453
0.002246610587462783
0.003424000460654497
0.003753360826522112
0.0020650101359933615
0.009986577555537224
0.0016491026617586613
0.0021355932112783194
0.007160607725381851
0.0015915860421955585
0.001790511654689908
0.0022937431931495667
0.007179093547165394
0.00894179381430149
0.003001237753778696
0.004415637813508511
0.0024035186506807804
0.002071887021884322
0.005472161341458559
0.003133034333586693
0.007776354905217886
0.0032127806916832924
0.0073739090003073215
0.002865544520318508
0.004890959709882736
0.0024406546726822853
0.003697160631418228
0.005117139779031277
0.013254058547317982
0.009082275442779064
0.0026308237574994564
0.007212138269096613
0.002009291434660554
0.001994761638343334
0.006398756988346577
0.0049762423150241375
0.00438477611169219
0.0062083955854177475
0.002404214348644018
0.005194367375224829
0.0035815483424812555
0.0039230091497302055
0.0034844058100134134
0.0042352862656116486
0.006919782608747482
0.003075556829571724
0.002560265362262726
0.003157674567773938
0.00317272637039423
0.0025627808645367622
0.0016657332889735699
0.003275495022535324
0.008233921602368355
0.0037305920850485563
0.0025324090383946896
