0.4943518340587616
0.4944075644016266
0.4945293366909027
0.4943966865539551
0.49438169598579407
0.4943428039550781
0.4942809045314789
0.49438536167144775
0.49430885910987854
0.4943414628505707
0.4942844808101654
0.49426543712615967
0.4942088723182678
0.49410954117774963
0.49426528811454773
0.494092732667923
0.4941444993019104
0.4940885603427887
0.49409547448158264
0.49410346150398254
0.49387842416763306
0.4937847852706909
0.4939040243625641
0.49379849433898926
0.49363410472869873
0.4936448633670807
0.4936906099319458
0.49315616488456726
0.49331244826316833
0.4932735562324524
0.49333271384239197
0.4929022789001465
0.49290210008621216
0.49273881316185
0.4923275113105774
0.4921995997428894
0.4924350082874298
0.49201491475105286
0.4923495054244995
0.4918518364429474
0.49230054020881653
0.49086999893188477
0.4898087680339813
0.4903457462787628
0.49025699496269226
0.4888900816440582
0.4888014495372772
0.4856870770454407
0.48666560649871826
0.4856371581554413
0.48673680424690247
0.48083072900772095
0.48217278718948364
0.4824586808681488
0.4791695475578308
0.4789712429046631
0.47434061765670776
0.47785553336143494
0.46286022663116455
0.46837782859802246
0.4609500765800476
0.4570823311805725
0.45172035694122314
0.4399617314338684
0.4488588273525238
0.4337785840034485
0.4161645174026489
0.42557141184806824
0.4131670296192169
0.3701322674751282
0.3662019371986389
0.2579338550567627
0.24813039600849152
0.2792847156524658
0.2583754360675812
0.19444803893566132
0.23675769567489624
0.2155095487833023
0.13427233695983887
0.1415165364742279
0.15764567255973816
0.21647311747074127
0.3154201805591583
0.22266387939453125
0.3315780460834503
0.1818687468767166
0.2974787652492523
0.2729087471961975
0.27797964215278625
0.3152184784412384
0.25512778759002686
0.2560981512069702
0.3175925314426422
0.3335546553134918
0.3037354052066803
0.31362447142601013
0.39553317427635193
0.307014524936676
0.28438082337379456
0.3681460916996002
0.31486988067626953
0.30505266785621643
0.35314449667930603
0.3158453404903412
0.33991265296936035
0.28512975573539734
0.3115781843662262
0.3118990361690521
0.32751908898353577
0.3023712933063507
0.2603151500225067
0.2980705201625824
0.3119410276412964
0.3244243860244751
0.3102179765701294
0.27194350957870483
0.30454713106155396
0.29069098830223083
0.28433284163475037
0.2896726429462433
0.2930588722229004
0.3375980257987976
0.2795083522796631
0.28088855743408203
0.38530462980270386
0.30133020877838135
0.28085121512413025
0.2877805531024933
0.2598797082901001
0.2888326644897461
0.24252130091190338
0.293619304895401
0.22919519245624542
0.18173441290855408
0.18811723589897156
0.2645822763442993
0.2944403290748596
0.2592070400714874
0.2662757635116577
0.19466255605220795
0.17885608971118927
0.20224127173423767
0.22521063685417175
0.1906162053346634
0.24756735563278198
0.21078529953956604
0.19375574588775635
0.2621324956417084
0.14326751232147217
0.16589359939098358
0.1790708750486374
0.2640509307384491
0.1489836722612381
0.1824144572019577
0.2012007236480713
0.17459577322006226
0.1705428510904312
0.15189562737941742
0.28788793087005615
0.11443203687667847
0.16574551165103912
0.22634059190750122
0.1946934014558792
0.2416115701198578
0.15867693722248077
0.16809043288230896
0.18442444503307343
0.12442407757043839
0.19159123301506042
0.13409823179244995
0.15634740889072418
0.1977880895137787
0.19961541891098022
0.1986331194639206
0.1822647601366043
0.15162894129753113
0.1453554481267929
0.19772624969482422
0.23492759466171265
0.21557918190956116
0.26293033361434937
0.2253313511610031
0.20955580472946167
0.18227678537368774
0.1738765686750412
0.248739093542099
0.21916227042675018
0.2276919037103653
0.20325744152069092
0.2072729468345642
0.21534772217273712
0.16060484945774078
0.1634669154882431
0.24604733288288116
0.1418755203485489
0.19399379193782806
0.21720393002033234
0.16547657549381256
0.18875333666801453
0.24445967376232147
0.20822983980178833
0.1948818862438202
0.2617608904838562
0.21527093648910522
0.17090341448783875
0.14415419101715088
0.15982922911643982
0.21013528108596802
0.2534467577934265
0.22682172060012817
0.2130940556526184
0.17956417798995972
0.18697895109653473
0.15893366932868958
0.21272645890712738
0.3073483407497406
0.17391975224018097
0.22614115476608276
0.249313086271286
0.16030780971050262
0.16761668026447296
0.13388840854167938
0.21674659848213196
0.2124015986919403
0.27272289991378784
0.16360807418823242
0.18927903473377228
0.142702117562294
0.17622292041778564
0.19357553124427795
0.1756994128227234
0.154029980301857
0.13959179818630219
0.15308108925819397
0.18571773171424866
0.1476399302482605
0.14836430549621582
0.21582843363285065
0.16608034074306488
0.17405706644058228
0.22492383420467377
0.15895593166351318
0.17437869310379028
0.15665355324745178
0.17086699604988098
0.14204467833042145
0.2085547149181366
0.15834303200244904
0.16448624432086945
0.13377885520458221
