0.07463067024946213
0.07469744235277176
0.07480556517839432
0.07468393445014954
0.07470674812793732
0.07463982701301575
0.07460854947566986
0.07470440864562988
0.07465062290430069
0.0746568888425827
0.0746229737997055
0.07463037967681885
0.07457569986581802
0.07457172870635986
0.0746966227889061
0.07451552897691727
0.07456094771623611
0.0745214894413948
0.0745350643992424
0.0746036022901535
0.07438299059867859
0.07432163506746292
0.07439196854829788
0.07437756657600403
0.07430572807788849
0.07424797862768173
0.07438741624355316
0.07395332306623459
0.07414233684539795
0.0741804987192154
0.07409711182117462
0.0739050880074501
0.07391580194234848
0.07389252632856369
0.07357634603977203
0.07348109781742096
0.07369797676801682
0.07356858998537064
0.07374920696020126
0.07352176308631897
0.07396627217531204
0.07297953963279724
0.07246145606040955
0.07289905846118927
0.07289516180753708
0.07198017835617065
0.07204626500606537
0.0706978291273117
0.07121552526950836
0.07065613567829132
0.07134436070919037
0.06886163353919983
0.06933169811964035
0.06954025477170944
0.06810259073972702
0.06906922906637192
0.06626849621534348
0.06807338446378708
0.061399441212415695
0.06446708738803864
0.060479786247015
0.059567175805568695
0.05858961120247841
0.054147813469171524
0.05939735472202301
0.05343281105160713
0.04900866001844406
0.05410260707139969
0.04965776577591896
0.0402446947991848
0.041608527302742004
0.020796973258256912
0.025274556130170822
0.040061354637145996
0.04444181174039841
0.021875841543078423
0.06990697979927063
0.04282780736684799
0.03593145310878754
0.03238357603549957
0.022156180813908577
0.05141906067728996
0.06099745258688927
0.05699963495135307
0.05835319310426712
0.03202422335743904
0.07172980159521103
0.0365493968129158
0.056430429220199585
0.06944169849157333
0.02453509159386158
0.027971316128969193
0.03289540112018585
0.046741753816604614
0.03259383887052536
0.027006659656763077
0.05925332009792328
0.031878404319286346
0.021180562674999237
0.05126246064901352
0.022347889840602875
0.03105512261390686
0.04124131426215172
0.018547609448432922
0.031142473220825195
0.02290988340973854
0.025274157524108887
0.02221023663878441
0.030837872996926308
0.023874035105109215
0.02618500031530857
0.031405676156282425
0.0330284982919693
0.0386013425886631
0.034403230994939804
0.03569966182112694
0.03671412169933319
0.0366208516061306
0.03680666908621788
0.03740725293755531
0.04410248249769211
0.05170994624495506
0.03761223331093788
0.037963420152664185
0.05293755233287811
0.045076049864292145
0.0395241305232048
0.039667513221502304
0.04268493130803108
0.04560573026537895
0.04051689803600311
0.04773164540529251
0.03823765367269516
0.03035910800099373
0.03312016278505325
0.04671292379498482
0.04646199941635132
0.04550319164991379
0.04689294844865799
0.031751085072755814
0.03353695571422577
0.03291592746973038
0.04200517758727074
0.04205496609210968
0.04485457018017769
0.03935547173023224
0.03460649028420448
0.0469592921435833
0.03073464147746563
0.03167790547013283
0.04013368487358093
0.04914736747741699
0.030377648770809174
0.03289858624339104
0.03899543359875679
0.039273153990507126
0.03557310253381729
0.030268248170614243
0.044506244361400604
0.02376391552388668
0.031388550996780396
0.04173634946346283
0.03761398047208786
0.036871325224637985
0.023456845432519913
0.02977544628083706
0.026223722845315933
0.019609585404396057
0.03475296497344971
0.0179029181599617
0.021507397294044495
0.03218844532966614
0.03317778557538986
0.03275974467396736
0.03253712132573128
0.01897348091006279
0.020361468195915222
0.0325065441429615
0.0338706374168396
0.030066173523664474
0.02649291791021824
0.02708740159869194
0.030963264405727386
0.01898716203868389
0.02042221650481224
0.04411680996417999
0.02689971961081028
0.024811413139104843
0.03632021322846413
0.036992963403463364
0.028643734753131866
0.016267087310552597
0.012538300827145576
0.03007635474205017
0.01587199978530407
0.021066369488835335
0.021979045122861862
0.02213573083281517
0.02683918923139572
0.0280328169465065
0.01845351606607437
0.014753155410289764
0.027907880023121834
0.019702721387147903
0.013937955722212791
0.013761713169515133
0.0142490454018116
0.032469697296619415
0.02208533138036728
0.02008763886988163
0.014918926171958447
0.027571910992264748
0.024392586201429367
0.021061068400740623
0.022947179153561592
0.03425376117229462
0.02515934221446514
0.024145763367414474
0.03765527158975601
0.01582270860671997
0.016439612954854965
0.01040930487215519
0.03411718085408211
0.024907264858484268
0.04817520081996918
0.02292708307504654
0.022739067673683167
0.015311774797737598
0.014916290529072285
0.032064288854599
0.02341669425368309
0.009987901896238327
0.01481141522526741
0.02553091011941433
0.037199944257736206
0.02280583418905735
0.016907038167119026
0.043839745223522186
0.014086686074733734
0.01855802722275257
0.028986718505620956
0.02130621299147606
0.018167724832892418
0.026801733300089836
0.032841142266988754
0.02004966326057911
0.04365650936961174
0.01937713846564293
0.018631432205438614
0.01664040982723236
0.04850621148943901
0.019142255187034607
0.034971389919519424
0.035174787044525146
0.02780739590525627
0.030919551849365234
0.018884167075157166
0.033433638513088226
0.019758258014917374
0.03281513601541519
0.028994940221309662
0.029051650315523148
0.018551092594861984
0.018271662294864655
0.021317340433597565
0.015935858711600304
0.013295374810695648
0.020989203825592995
0.028344865888357162
0.015782231464982033
0.010063211433589458
0.01770968735218048
0.01774122193455696
0.03048419952392578
0.02350134402513504
0.02360927313566208
0.027742071077227592
0.023570720106363297
0.03308159485459328
0.03482827544212341
0.0172292347997427
0.023180358111858368
0.01833132840692997
0.022758007049560547
0.012313098646700382
0.01458328403532505
0.02111598290503025
0.021677915006875992
0.009640539065003395
0.014878839254379272
0.03145279735326767
0.012791317887604237
0.01719570904970169
0.0198715478181839
0.01497824676334858
0.012032289057970047
0.02193698287010193
0.01508262101560831
0.013942222110927105
0.022645054385066032
0.015271846204996109
0.021065639331936836
0.020681077614426613
0.010790333151817322
0.01824658364057541
0.013041378930211067
0.02301923558115959
0.015252796933054924
0.01168222725391388
0.015681948512792587
0.02173653617501259
0.013623213395476341
0.022945590317249298
0.023241136223077774
0.016161970794200897
0.01585693471133709
0.014826823025941849
0.01434532180428505
0.015438612550497055
0.011843055486679077
0.009967544116079807
0.01387854851782322
0.013956780545413494
0.014644344337284565
0.00982115138322115
0.015332561917603016
0.017701076343655586
0.011289483867585659
0.011242583394050598
0.009776351973414421
0.027094893157482147
0.024543192237615585
0.011810662224888802
0.009807504713535309
0.015711626037955284
0.006921601481735706
0.01524411328136921
0.011843403801321983
0.026575393974781036
0.022309932857751846
0.03639066219329834
0.018954161554574966
0.01133937668055296
0.010332295671105385
0.013141914270818233
0.012433117255568504
0.012162817642092705
0.010327104479074478
0.013646064326167107
0.01913820020854473
0.01674584299325943
0.01242566853761673
0.01530198659747839
0.026722049340605736
0.013362257741391659
0.014132162556052208
0.026064187288284302
0.015669800341129303
0.009966518729925156
0.02201751247048378
0.019812854006886482
0.01411697268486023
0.02050154283642769
0.014511697925627232
0.017544720321893692
0.012885124422609806
0.014807699248194695
0.017159827053546906
0.020473383367061615
0.014394085854291916
0.01787538267672062
0.01299770176410675
0.013078896328806877
0.021158326417207718
0.01845003291964531
0.01802251860499382
0.017175212502479553
0.012115737423300743
0.008522208780050278
0.019953258335590363
0.012815866619348526
0.017818275839090347
0.01614818349480629
0.011654376983642578
0.02122833952307701
0.015714053064584732
0.017186220735311508
0.018061816692352295
0.010928820818662643
0.02392738312482834
0.012988874688744545
0.011849582195281982
0.011686279438436031
0.01568809524178505
0.011288119480013847
0.012037304230034351
0.016336020082235336
0.013655345886945724
0.024340424686670303
0.021940218284726143
0.009541593492031097
0.01271223183721304
0.013015082105994225
0.015047197230160236
0.008966759778559208
0.015210740268230438
0.022676343098282814
0.01458296924829483
0.020559195429086685
0.03371286019682884
0.013784244656562805
0.018321270123124123
0.01662210002541542
0.020325584337115288
0.014424815773963928
0.0184079110622406
0.014241492375731468
0.012703685089945793
0.017966177314519882
0.013325326144695282
0.022792376577854156
0.026185262948274612
0.018447479233145714
0.011513096280395985
0.023796167224645615
0.01301979273557663
0.01061424519866705
0.014757141470909119
0.017248814925551414
0.017590194940567017
0.017700180411338806
0.016120512038469315
0.015363755635917187
0.019564934074878693
0.02360418811440468
0.01447269506752491
0.01260063424706459
0.020055044442415237
0.012548393569886684
0.01588309369981289
0.019164735451340675
0.020169097930192947
0.011335227638483047
0.018969321623444557
0.019325820729136467
0.03218270093202591
0.021478140726685524
0.012382566928863525
0.019560009241104126
0.03761158511042595
0.009202975779771805
0.010598713532090187
0.015299755148589611
0.010579928755760193
0.015871994197368622
0.022127436473965645
0.019651703536510468
0.011076288297772408
0.02397073619067669
0.017246758565306664
0.013954432681202888
0.017330769449472427
0.012909380719065666
0.01987084187567234
0.011589761823415756
0.033827170729637146
0.012894529849290848
0.019295327365398407
0.012425603345036507
0.010085675865411758
0.015053841285407543
0.013973240740597248
0.013651331886649132
0.01980743184685707
0.019256748259067535
0.015605081804096699
0.012228859588503838
0.01122530922293663
0.012691249139606953
0.02427220717072487
0.018945511430501938
0.009260784834623337
0.023781344294548035
0.02094997651875019
0.016427041962742805
0.01997995749115944
0.012202221900224686
0.014388271607458591
0.008964680135250092
0.011309023015201092
0.009707383811473846
0.019005250185728073
0.011999513953924179
0.019769582897424698
0.00819108635187149
0.014049186371266842
0.018961861729621887
0.012249286286532879
0.00884952861815691
0.014768149703741074
0.009679212234914303
0.014627756550908089
0.007691842969506979
0.010446611791849136
0.018667981028556824
0.011996372602880001
0.008744493126869202
0.0174965038895607
0.020052246749401093
0.013967745006084442
0.012212581932544708
0.014356305822730064
0.022433429956436157
0.01854681223630905
0.012857421301305294
0.012841753661632538
0.019168473780155182
0.021140392869710922
0.014994537457823753
0.013097584247589111
0.010255238972604275
0.01613800786435604
0.016626983880996704
0.009957284666597843
0.022023655474185944
0.016096677631139755
0.020263660699129105
0.013704624027013779
0.014622395858168602
0.01703665778040886
0.012458808720111847
0.01431283075362444
0.008415477350354195
0.008855076506733894
0.01004133652895689
0.019391272217035294
0.01743035390973091
0.009338436648249626
0.012394214048981667
0.00927267037332058
0.008917870000004768
0.00936431996524334
0.010194685310125351
0.01345527358353138
0.017389297485351562
0.008909118361771107
0.011160388588905334
0.0101885125041008
0.015244928188621998
0.00626311544328928
0.012169849127531052
0.019721176475286484
0.01448691263794899
0.009383037686347961
0.008304804563522339
0.00805625505745411
0.006918294355273247
0.014080503955483437
0.011123928241431713
0.016861500218510628
0.020197669044137
0.019739937037229538
0.013145577162504196
0.009585771709680557
0.01945127546787262
0.017368270084261894
0.024228211492300034
0.013878138735890388
0.01306380145251751
0.010135040618479252
0.010518087074160576
0.02099882997572422
0.013442927971482277
0.01064472459256649
0.012344403192400932
0.013319747522473335
0.017902996391057968
0.023831715807318687
0.009047098457813263
0.008960139006376266
0.014142845757305622
0.00810251384973526
0.012104411609470844
0.014352725818753242
0.010329185053706169
0.01985473372042179
0.007499143481254578
0.011883505620062351
0.016322899609804153
0.015186259523034096
0.010895254090428352
0.009526463225483894
0.0093520013615489
0.02796047553420067
0.01276074443012476
0.009813674725592136
0.008237753063440323
0.0055524371564388275
0.010906828567385674
0.01618710719048977
0.029981277883052826
0.0216518584638834
0.015273540280759335
0.011431504040956497
0.006569291930645704
0.009957746602594852
0.011718149296939373
0.015941167250275612
0.017358293756842613
0.01480049081146717
0.011318061500787735
0.008563650771975517
0.01611137017607689
0.009678412228822708
0.01100817508995533
0.007997846230864525
0.018198706209659576
0.021762605756521225
0.00694714579731226
0.008106034249067307
0.009924491867423058
0.013409992679953575
0.007255844306200743
0.007869323715567589
0.011125854216516018
0.01116948202252388
0.024203047156333923
0.00985394325107336
0.006469522137194872
0.015394683927297592
0.013781286776065826
0.0069087957963347435
0.017631888389587402
0.02194429188966751
0.007723062299191952
0.011660872027277946
0.006969084497541189
0.004787853453308344
0.017159780487418175
0.010154965333640575
0.0101166982203722
0.0088539132848382
0.05088489502668381
0.014143874868750572
0.005588512402027845
0.009927193634212017
0.01752281002700329
0.01160856056958437
0.02538314461708069
0.023740965873003006
0.017231235280632973
0.007534184493124485
0.00692813191562891
0.009501490741968155
0.017259713262319565
0.01025250181555748
0.008861224167048931
0.01006852462887764
0.011700322851538658
0.01826591230928898
0.018154477700591087
0.01385914720594883
0.013874056749045849
0.009107835590839386
0.008433404378592968
0.030575169250369072
0.01997802034020424
0.006935069337487221
0.013594746589660645
0.010790414176881313
0.007261250633746386
0.029642485082149506
0.016238516196608543
0.011965864337980747
0.008492347784340382
0.014399007894098759
0.012202620506286621
0.01739705726504326
0.010874742642045021
0.007711582817137241
0.012484682723879814
0.009316030889749527
0.009559216909110546
0.01198955625295639
0.018450263887643814
0.014953916892409325
0.009176244959235191
0.012710521928966045
0.010262412950396538
0.010542677715420723
0.008726359345018864
0.008381272666156292
0.011625232174992561
0.009351259097456932
0.0082960594445467
0.039647236466407776
0.008959573693573475
0.012897365726530552
0.017955973744392395
0.01686657965183258
0.015641985461115837
0.0075281960889697075
0.006389344111084938
0.007695743348449469
0.020060084760189056
0.012570304796099663
0.023412376642227173
0.010597196407616138
0.014001456089317799
0.013676437549293041
0.010109717026352882
0.018420850858092308
0.008561861701309681
0.011108342558145523
0.012957779690623283
0.009518497623503208
0.01716081239283085
0.011171035468578339
0.01669245958328247
0.012954508885741234
0.009901224635541439
0.01499125175178051
0.0071850670501589775
0.007545141503214836
0.0126958591863513
0.012718134559690952
0.009055478498339653
0.014014462940394878
0.007338458672165871
0.013385165482759476
0.012138093821704388
0.012817766517400742
0.018467098474502563
0.01073192898184061
0.013219510205090046
0.012093698605895042
0.010460281744599342
0.013958793133497238
0.01959715224802494
0.009498095139861107
0.012750239111483097
0.019125275313854218
0.008948680013418198
0.029337294399738312
0.009270146489143372
0.010695304721593857
0.027566680684685707
0.013142353855073452
0.025258516892790794
0.013389181345701218
0.012646066956222057
0.006664696149528027
0.01598959229886532
0.013734465464949608
0.012140173465013504
0.02263849787414074
0.012135226279497147
0.015339894220232964
0.010733116418123245
0.01309159491211176
0.008749181404709816
0.01794886216521263
0.028363026678562164
0.010645480826497078
0.01359223946928978
0.00796615332365036
0.008036315441131592
0.008658810518682003
0.008258837275207043
0.022944603115320206
0.0084937559440732
0.01118781790137291
0.008741880767047405
0.00816334132105112
0.0070712985470891
0.008692735806107521
0.018536532297730446
0.014706172049045563
0.013053118251264095
0.022094599902629852
0.009548665955662727
0.009663116186857224
0.02266399748623371
0.009576129727065563
0.025233019143342972
0.01393674686551094
0.006482583470642567
0.007751120254397392
0.008890239521861076
0.015023497864603996
0.009029025211930275
0.008101056329905987
0.009648975916206837
0.008278392255306244
0.007201779168099165
0.018795935437083244
0.010082590393722057
0.00873581413179636
0.00956573523581028
0.01588211953639984
0.01021759957075119
0.010600944049656391
0.0071045635268092155
0.02437336929142475
0.008238059468567371
0.006091345101594925
0.009307453408837318
0.02054319716989994
0.016864541918039322
0.015228111296892166
0.01595066487789154
0.015112650580704212
0.018382489681243896
0.017217297106981277
0.009848294779658318
0.013830874115228653
0.015500668436288834
0.006820754148066044
0.009769286960363388
0.019499117508530617
0.009016728028655052
0.028882578015327454
0.011307588778436184
0.017217155545949936
0.01795029640197754
0.010048620402812958
0.03159671649336815
0.024697892367839813
0.008003903552889824
0.007920552045106888
0.01128316204994917
0.012417754158377647
0.008798611350357533
0.01292668841779232
0.01948724128305912
0.014045318588614464
0.00766389025375247
0.013856755569577217
0.011823717504739761
0.00570288859307766
0.014144784770905972
0.011379608884453773
0.007481664884835482
0.010433987714350224
0.008483247831463814
0.012867692857980728
0.008930474519729614
0.0062571316957473755
0.00992746651172638
0.0114839943125844
0.014795979484915733
0.022550825029611588
0.009632417932152748
0.010618112981319427
0.016746731474995613
0.01303553394973278
0.013376045972108841
0.010727566666901112
0.0071983374655246735
0.00812076497823
0.017019515857100487
0.017473191022872925
0.009433142840862274
0.0189715176820755
0.00896025262773037
0.01812209188938141
0.00848419964313507
0.015517204999923706
0.008045515045523643
0.016188951209187508
0.009468728676438332
0.009152820333838463
0.02261032722890377
0.011766325682401657
0.010633226484060287
0.0155054721981287
0.01312766782939434
0.006959822494536638
0.019546406343579292
0.015476027503609657
0.007241479121148586
0.012817754410207272
0.016029488295316696
0.007202651351690292
0.006235990207642317
0.009440723806619644
0.0168217234313488
0.013426428660750389
0.007031046785414219
0.012784394435584545
0.010033119469881058
0.026883184909820557
0.008633356541395187
0.006739620119333267
0.007414987310767174
0.013374610804021358
0.022799935191869736
0.009463642723858356
0.01497420109808445
0.011374866589903831
0.013648638501763344
0.012917475774884224
0.02166614681482315
0.01628379337489605
0.009305600076913834
0.007809904403984547
0.012706631794571877
0.0075567071326076984
0.007428910583257675
0.004425038583576679
0.009882213547825813
0.012624053284525871
0.006527699995785952
0.007068720180541277
0.015325360000133514
0.008913031779229641
0.01942872628569603
0.012801283970475197
0.00921744853258133
0.007463440299034119
0.010189110413193703
0.012533413246273994
0.006096126977354288
0.011922292411327362
0.00749115739017725
0.012983978725969791
0.006550632417201996
0.005130387376993895
0.009109346196055412
0.01817071996629238
0.008742552250623703
0.016512613743543625
0.006879335269331932
0.012761710211634636
0.02567777782678604
0.01043554674834013
0.005416649393737316
0.006924685090780258
0.008522413671016693
0.009222006425261497
0.008488558232784271
0.008299941197037697
0.014793731272220612
0.008621536195278168
0.010940352454781532
0.019645191729068756
0.012756101787090302
0.009024412371218204
0.012234697118401527
0.007843812927603722
0.005926151759922504
0.01848718896508217
0.009874706156551838
0.019511902704834938
0.009490355849266052
0.007207403890788555
0.012419935315847397
0.008582530543208122
0.005835994146764278
0.01344745047390461
0.011512038297951221
0.008682049810886383
0.008940733037889004
0.005902159959077835
0.016129562631249428
0.011067407205700874
0.014972776174545288
0.015135034918785095
0.009920483455061913
0.010302016511559486
0.014281478710472584
0.006909558549523354
0.013251432217657566
0.014118374325335026
0.011357416398823261
0.011416765861213207
0.008290965110063553
0.011763757094740868
0.01765497401356697
0.019532684236764908
0.017791204154491425
0.00888584554195404
0.019233521074056625
0.009360592812299728
0.00936625525355339
0.005069551058113575
0.008408241905272007
0.00793507881462574
0.011505658738315105
0.007463528774678707
0.006252208258956671
0.01377029251307249
0.006436257157474756
0.007291506510227919
0.005021972581744194
0.01039909664541483
0.005412613973021507
0.007822804152965546
0.014126061461865902
0.015135249122977257
