0.5621296167373657
0.5621976852416992
0.5623071789741516
0.5621829628944397
0.5622039437294006
0.562140941619873
0.562109649181366
0.562203049659729
0.5621512532234192
0.5621562600135803
0.5621231198310852
0.5621301531791687
0.5620774626731873
0.5620742440223694
0.5621964931488037
0.5620158314704895
0.5620623230934143
0.5620229840278625
0.5620364546775818
0.5621026754379272
0.5618810057640076
0.5618196129798889
0.561894416809082
0.5618783831596375
0.5618048906326294
0.561747670173645
0.5618849992752075
0.5614479780197144
0.5616431832313538
0.5616810917854309
0.5615964531898499
0.561396598815918
0.5614138245582581
0.5613901615142822
0.5610713958740234
0.5609809756278992
0.5611936450004578
0.5610684752464294
0.5612438321113586
0.5610160827636719
0.561460018157959
0.5604886412620544
0.5599581003189087
0.560385525226593
0.5603854656219482
0.5594848990440369
0.5595557689666748
0.5581692457199097
0.5587043166160583
0.5581437349319458
0.5588362216949463
0.5563415884971619
0.5568282604217529
0.5569930076599121
0.5555294752120972
0.5565831661224365
0.5537046194076538
0.5555754899978638
0.548804521560669
0.5518941283226013
0.547955334186554
0.5470972061157227
0.5459997057914734
0.5414926409721375
0.5467787981033325
0.5404788255691528
0.5356997847557068
0.5397599935531616
0.5364860892295837
0.5222398638725281
0.5227864980697632
0.4807674288749695
0.4834223687648773
0.4967019259929657
0.4958595931529999
0.4441717863082886
0.49060097336769104
0.44919082522392273
0.36262163519859314
0.3155393898487091
0.2971200942993164
0.30796825885772705
0.3860552906990051
0.2936859726905823
0.37648430466651917
0.2200893759727478
0.364576518535614
0.3313528597354889
0.34308987855911255
0.39001205563545227
0.3211413323879242
0.3392975926399231
0.40643370151519775
0.43780452013015747
0.3959309756755829
0.4185808598995209
0.505167543888092
0.41651037335395813
0.39257416129112244
0.4831283986568451
0.416003942489624
0.4191766083240509
0.4678059220314026
0.41940388083457947
0.45517727732658386
0.40573158860206604
0.42377740144729614
0.4258551299571991
0.43871596455574036
0.4259280264377594
0.39484018087387085
0.42933109402656555
0.4357345402240753
0.45225492119789124
0.4356006383895874
0.40743762254714966
0.4196499288082123
0.4106011986732483
0.4160749614238739
0.42671388387680054
0.42975565791130066
0.4623667299747467
0.40347182750701904
0.4057649075984955
0.5134298205375671
0.4376108646392822
0.42427900433540344
0.42276114225387573
0.41385418176651
0.4314210116863251
0.3703969120979309
0.43278974294662476
0.3676988482475281
0.33531638979911804
0.3469237983226776
0.40920788049697876
0.43856382369995117
0.4026269018650055
0.40572258830070496
0.33856630325317383
0.3274258077144623
0.34139224886894226
0.371186226606369
0.3570960462093353
0.39288148283958435
0.34949254989624023
0.33482927083969116
0.3951296806335449
0.2794792056083679
0.310664564371109
0.313569575548172
0.3992636203765869
0.2933114469051361
0.30260175466537476
0.3450693190097809
0.32290688157081604
0.30930471420288086
0.27352970838546753
0.4230378270149231
0.23488949239253998
0.29348963499069214
0.3507956564426422
0.32138219475746155
0.37239331007003784
0.2857806980609894
0.28054073452949524
0.29245349764823914
0.24688556790351868
0.30305057764053345
0.2446340173482895
0.24412479996681213
0.3265616297721863
0.2994998097419739
0.3067651391029358
0.2852643132209778
0.25699397921562195
0.2525087594985962
0.3035018742084503
0.35388630628585815
0.33875811100006104
0.37161707878112793
0.3351440727710724
0.3161904513835907
0.2920326590538025
0.294674813747406
0.35727885365486145
0.32678425312042236
0.35662758350372314
0.3060162365436554
0.3268088400363922
0.3264067471027374
0.252261757850647
0.26773834228515625
0.3524883985519409
0.2422552853822708
0.31922197341918945
0.32090073823928833
0.25977882742881775
0.3119807541370392
0.36196476221084595
0.32143425941467285
0.2973303496837616
0.37283530831336975
0.322060227394104
0.2717060446739197
0.2539430260658264
0.27266955375671387
0.3397105634212494
0.3628771901130676
0.35798972845077515
0.32861340045928955
0.29400303959846497
0.2907697260379791
0.27193301916122437
0.32770249247550964
0.42611658573150635
0.28823384642601013
0.3461313843727112
0.36923089623451233
0.2810872495174408
0.29845675826072693
0.2370568811893463
0.3503609895706177
0.32616132497787476
0.39248114824295044
0.28646114468574524
0.31407564878463745
0.25371408462524414
0.3014650344848633
0.3212875425815582
0.30942225456237793
0.29257214069366455
0.2526443600654602
0.28561875224113464
0.3096584975719452
0.2733604311943054
0.2671669125556946
0.38002464175224304
0.3058202564716339
0.2999158203601837
0.353321373462677
0.29332107305526733
0.3183307647705078
0.2903806269168854
0.298442542552948
0.25521689653396606
0.35510918498039246
0.2982334792613983
0.3138014078140259
0.25786903500556946
