0.0627095028758049
0.06280051916837692
0.06288443505764008
0.06277752667665482
0.06287459284067154
0.06275942176580429
0.06278593838214874
0.0628543421626091
0.06285076588392258
0.06279541552066803
0.06281110644340515
0.06286230683326721
0.06280584633350372
0.06298281252384186
0.06302717328071594
0.06282800436019897
0.06285863369703293
0.06283394992351532
0.0628451332449913
0.06299973279237747
0.06278806924819946
0.06275840848684311
0.06274329870939255
0.06285280734300613
0.06288784742355347
0.06273181736469269
0.06295518577098846
0.06269650906324387
0.06289349496364594
0.06301932036876678
0.0627104789018631
0.06276154518127441
0.06280317902565002
0.06286472082138062
0.0626753717660904
0.06264037638902664
0.06274464726448059
0.06284603476524353
0.06284977495670319
0.06281479448080063
0.06306137144565582
0.06275872886180878
0.06279078871011734
0.06286557018756866
0.0629316195845604
0.06258223950862885
0.06262212246656418
0.0626203715801239
0.06265322118997574
0.06258795410394669
0.06273182481527328
0.06258288770914078
0.06246907263994217
0.0625733882188797
0.06254185736179352
0.06299562752246857
0.06258776783943176
0.06273305416107178
0.062366120517253876
0.0625266432762146
0.06234031170606613
0.06248448044061661
0.06240459904074669
0.06240047886967659
0.06278593093156815
0.0626254454255104
0.06245831772685051
0.06258721649646759
0.062419742345809937
0.06241752952337265
0.06249656900763512
0.0618966780602932
0.06197698786854744
0.06242336705327034
0.06278515607118607
0.06210653483867645
0.06277897953987122
0.06271246820688248
0.0620151162147522
0.06202004849910736
0.06206321343779564
0.06208623945713043
0.06258074194192886
0.06169801205396652
0.061774976551532745
0.061559464782476425
0.06219041720032692
0.0619184635579586
0.0613984689116478
0.061825040727853775
0.06049181520938873
0.06167983636260033
0.06137247756123543
0.062195826321840286
0.061213284730911255
0.059196509420871735
0.061415549367666245
0.06186152249574661
0.059982866048812866
0.06257995218038559
0.060328468680381775
0.061862289905548096
0.06092836335301399
0.059476081281900406
0.06076911836862564
0.058160316199064255
0.057102032005786896
0.05601193755865097
0.05932505428791046
0.05513898655772209
0.05197026953101158
0.05736961215734482
0.05472758784890175
0.05488365888595581
0.05360478162765503
0.050363652408123016
0.04653722792863846
0.05006685107946396
0.04395276680588722
0.05104197934269905
0.049847859889268875
0.056473299860954285
0.042863406240940094
0.03963353484869003
0.14079797267913818
0.06536757200956345
0.05468162149190903
0.05869613587856293
0.19312527775764465
0.04740702360868454
0.0537257120013237
0.0652056634426117
0.03324093669652939
0.0288933627307415
0.040451399981975555
0.04673215374350548
0.044061366468667984
0.051070623099803925
0.052496012300252914
0.03871287405490875
0.042685218155384064
0.041648976504802704
0.05443255603313446
0.05234973505139351
0.05681488290429115
0.056048206984996796
0.05384267494082451
0.05761954188346863
0.06428151577711105
0.05381375551223755
0.05814211070537567
0.06032482162117958
0.05501421540975571
0.05700879171490669
0.06078279763460159
0.05984063073992729
0.06126970425248146
0.057296570390462875
0.06329673528671265
0.05691804736852646
0.058679789304733276
0.06166525557637215
0.06116880849003792
0.061917901039123535
0.05905340611934662
0.060740791261196136
0.059388529509305954
0.05831960588693619
0.06297226995229721
0.05802576616406441
0.05831402167677879
0.06116439402103424
0.060213226824998856
0.0614989809691906
0.06424807012081146
0.059867918491363525
0.06054668501019478
0.062412079423666
0.06412104517221451
0.0616288036108017
0.06023780629038811
0.06249779835343361
0.06289291381835938
0.06047732010483742
0.0611538290977478
0.06232784688472748
0.06243564561009407
0.06227709725499153
0.06435345113277435
0.06438016146421432
0.06164134293794632
0.06003141030669212
0.062370169907808304
0.06232874095439911
0.06075828894972801
0.06099937856197357
0.0602792464196682
0.06251899898052216
0.0633244663476944
0.06506164371967316
0.060731470584869385
0.05981298163533211
0.06354077905416489
0.06144583597779274
0.06046280264854431
0.06085440516471863
0.05974136292934418
0.06737947463989258
0.062116920948028564
0.061516840010881424
0.06126914173364639
0.06337355077266693
0.06238655000925064
0.06210765987634659
0.0614437498152256
0.06438099592924118
0.06136862933635712
0.06092503294348717
0.0621081218123436
0.05971832573413849
0.0583924800157547
0.058814648538827896
0.062356967478990555
0.06432725489139557
0.06449414789676666
0.0644000768661499
0.06149649992585182
0.06010456383228302
0.06157655641436577
0.06197727844119072
0.061450086534023285
0.0584731325507164
0.06198111176490784
0.0612819641828537
0.06559698283672333
0.061411432921886444
0.06014763191342354
0.06701621413230896
0.05974113568663597
0.060878686606884
0.06347769498825073
0.06227874010801315
0.060648418962955475
0.060140520334243774
0.06274129450321198
0.06077831611037254
0.06732673943042755
0.061170175671577454
0.06080823764204979
0.06230917200446129
0.06243390589952469
0.060520704835653305
0.06168952211737633
0.06252920627593994
0.059841953217983246
0.06161785498261452
0.061634402722120285
0.061429381370544434
0.060249097645282745
0.06332522630691528
0.06150474399328232
0.061981551349163055
0.062154002487659454
0.06091632321476936
0.061422623693943024
0.05984863266348839
0.060576919466257095
0.06221450865268707
0.06286318600177765
0.05949968099594116
0.058218877762556076
0.06147465854883194
0.061247069388628006
0.061498627066612244
0.0618072934448719
0.06051168590784073
0.06428752094507217
0.06176929920911789
0.0635792464017868
0.06375104933977127
0.06220442056655884
0.06010008603334427
0.062490712851285934
0.06166030466556549
0.06032175198197365
0.05993742495775223
0.0619039461016655
0.06365634500980377
0.058467186987400055
0.06074151396751404
0.06291395425796509
0.05931716039776802
0.060919389128685
0.06572867929935455
0.06230080872774124
0.060280948877334595
0.06248467415571213
0.06177791208028793
0.06096036732196808
0.061362460255622864
0.061734091490507126
0.061150263994932175
0.06096209958195686
0.06024784594774246
0.0628679096698761
0.06056015565991402
0.06549053639173508
0.06139533594250679
0.06008633226156235
0.05959160253405571
0.061889685690402985
0.06096472591161728
0.062004368752241135
0.0621236227452755
0.06171756610274315
0.06123005226254463
0.06125213950872421
0.05979900807142258
0.060538921505212784
0.06022525206208229
0.05900057777762413
0.060827888548374176
0.059967346489429474
0.06163967400789261
0.06041872501373291
0.060819271951913834
0.057470452040433884
0.059158045798540115
0.05886784940958023
0.061288218945264816
0.06005732715129852
0.06580714136362076
0.06071015074849129
0.05989477410912514
0.061915166676044464
0.05938153713941574
0.06143729388713837
0.06034024432301521
0.0618797168135643
0.0620444118976593
0.06276834011077881
0.06148859113454819
0.06064904108643532
0.0606083869934082
0.059781745076179504
0.06060529127717018
0.05932772532105446
0.06095220893621445
0.06125554069876671
0.06131149083375931
0.06205393746495247
0.05964261293411255
0.06046704575419426
0.06254954636096954
0.06152540445327759
0.060886070132255554
0.0608881413936615
0.060830242931842804
0.05899689346551895
0.06257891654968262
0.06120980903506279
0.06080670654773712
0.06151200085878372
0.06013355776667595
0.060619380325078964
0.06139344722032547
0.06099795177578926
0.05841992050409317
0.06290757656097412
0.060401417315006256
0.06189219653606415
0.06042519584298134
0.06101329252123833
0.06117516756057739
0.061345942318439484
0.06113585829734802
0.06121252104640007
0.05944274738430977
0.058855462819337845
0.06113184988498688
0.06288348138332367
0.06182489171624184
0.0603148452937603
0.058823343366384506
0.06180322542786598
0.062087878584861755
0.060253772884607315
0.06149045377969742
0.059946972876787186
0.06138407811522484
0.060860730707645416
0.06007605791091919
0.05914812907576561
0.06068013608455658
0.06092061847448349
0.059384774416685104
0.06040989235043526
0.05888736620545387
0.06095389649271965
0.06135012209415436
0.05921175330877304
0.061684541404247284
0.059472497552633286
0.060273125767707825
0.058883361518383026
0.06099296733736992
0.060475170612335205
0.06051608547568321
0.060036320239305496
0.06432011723518372
0.0620989166200161
0.06129307672381401
0.05996308475732803
0.060544997453689575
0.059521663933992386
0.06165045499801636
0.05900413170456886
0.06038151681423187
0.061210550367832184
0.06130555272102356
0.06142647564411163
0.06061588600277901
0.060496050864458084
0.0597182996571064
0.06288637965917587
0.06046108156442642
0.05770743265748024
0.06059441342949867
0.061004847288131714
0.06238647550344467
0.06195389851927757
0.06242910400032997
0.059229254722595215
0.06147308275103569
0.06269825994968414
0.060918211936950684
0.05931108444929123
0.06101451441645622
0.05995766818523407
0.06109987571835518
0.0612642876803875
0.06209792196750641
0.059895679354667664
0.06132567673921585
0.0612286813557148
0.062034972012043
0.06190462410449982
0.058429162949323654
0.06137409433722496
0.061939872801303864
0.05903405696153641
0.06004633009433746
0.06057501211762428
0.059013038873672485
0.06121008098125458
0.06086695194244385
0.06229816749691963
0.05971928685903549
0.06365647912025452
0.06036737561225891
0.06055394187569618
0.06116323173046112
0.05968117341399193
0.061888642609119415
0.05982044339179993
0.06408742815256119
0.060532305389642715
0.061182040721178055
0.05948442220687866
0.05985958129167557
0.059423547238111496
0.06065100058913231
0.060650020837783813
0.06002962961792946
0.060988929122686386
0.05969582498073578
0.0594845749437809
0.05900127813220024
0.059921495616436005
0.059326063841581345
0.05968233570456505
0.05701150372624397
0.06174669414758682
0.059966281056404114
0.060741227120161057
0.06127892807126045
0.05980880185961723
0.06086074560880661
0.058858755975961685
0.05976816266775131
0.05727716535329819
0.062232956290245056
0.06050437316298485
0.06011093407869339
0.05800511687994003
0.05882970243692398
0.061967648565769196
0.059086065739393234
0.059425029903650284
0.0608648806810379
0.05944005772471428
0.05975225567817688
0.05947571620345116
0.05886557698249817
0.0622713603079319
0.05972219258546829
0.06136972829699516
0.06170068308711052
0.0628950223326683
0.0606108196079731
0.06043299660086632
0.0602709986269474
0.06416015326976776
0.06172874569892883
0.059201665222644806
0.060118257999420166
0.0624917596578598
0.06130874156951904
0.058822281658649445
0.05988655611872673
0.06057387590408325
0.06173150986433029
0.061232201755046844
0.05974099785089493
0.0628572329878807
0.06062938645482063
0.0628264918923378
0.06033584848046303
0.06093870475888252
0.06162765622138977
0.059602946043014526
0.0611361563205719
0.05940186604857445
0.05881734564900398
0.059746772050857544
0.06241516023874283
0.06089772284030914
0.05991402268409729
0.06020744517445564
0.059794969856739044
0.05978266894817352
0.059811320155858994
0.05862104520201683
0.060566194355487823
0.0626494437456131
0.05706116929650307
0.06088156998157501
0.059836551547050476
0.05957939475774765
0.058200109750032425
0.06086542084813118
0.06261970847845078
0.060420360416173935
0.05923633277416229
0.058964479714632034
0.058370862156152725
0.0583210214972496
0.06091824173927307
0.05844159051775932
0.06234685331583023
0.05918559059500694
0.06293340772390366
0.060086607933044434
0.05929965525865555
0.060452692210674286
0.061408545821905136
0.06192439794540405
0.05806955695152283
0.062234435230493546
0.05739247798919678
0.0619128942489624
0.0613928884267807
0.05984640493988991
0.05959047004580498
0.06000566482543945
0.06042829155921936
0.05869295448064804
0.060313183814287186
0.056936249136924744
0.059297800064086914
0.061568986624479294
0.060683008283376694
0.05996770039200783
0.058543525636196136
0.058436065912246704
0.05963180959224701
0.05741674825549126
0.05945408344268799
0.06041562184691429
0.0610993430018425
0.05787220224738121
0.056131038814783096
0.05829823017120361
0.0631498172879219
0.06070929393172264
0.059325095266103745
0.05940729379653931
0.05559777095913887
0.05759253352880478
0.05917365103960037
0.0632123276591301
0.059112247079610825
0.060215435922145844
0.059501804411411285
0.05651269853115082
0.05836371332406998
0.060168519616127014
0.060214392840862274
0.06038377061486244
0.05811087042093277
0.05924393609166145
0.058051273226737976
0.06057404726743698
0.05586623027920723
0.05811038985848427
0.05766370892524719
0.0613371841609478
0.06076924502849579
0.05803941935300827
0.059473343193531036
0.0561445988714695
0.06030862778425217
0.05635202303528786
0.058947231620550156
0.058240700513124466
0.057555582374334335
0.06184597685933113
0.05941950902342796
0.05697117745876312
0.06118340417742729
0.0573834553360939
0.05875647813081741
0.0608205609023571
0.0606100931763649
0.0583445280790329
0.05892032012343407
0.05690743029117584
0.05467979982495308
0.06073019653558731
0.06030919775366783
0.06037928909063339
0.05747000873088837
0.06565585732460022
0.05962200462818146
0.057473961263895035
0.05800908803939819
0.06031172722578049
0.0571664534509182
0.06298142671585083
0.06162027269601822
0.05900236964225769
0.05668332055211067
0.05689851567149162
0.05863213166594505
0.05909481272101402
0.05867338553071022
0.057815250009298325
0.05955541506409645
0.058236006647348404
0.06001706421375275
0.059685032814741135
0.05790518596768379
0.0598447248339653
0.05937204509973526
0.060123685747385025
0.06221434101462364
0.05942867696285248
0.05795758217573166
0.0600767508149147
0.055882543325424194
0.059528253972530365
0.06336025148630142
0.06079008802771568
0.0613102950155735
0.0566924586892128
0.061429381370544434
0.05878179147839546
0.05892733484506607
0.06072501465678215
0.05675087124109268
0.05822319909930229
0.05781938135623932
0.05957108736038208
0.05930117517709732
0.06313520669937134
0.057971641421318054
0.058688122779130936
0.05948419123888016
0.056089673191308975
0.05753010883927345
0.05865142121911049
0.057549577206373215
0.060103219002485275
0.05800821632146835
0.057416025549173355
0.06283744424581528
0.06023160368204117
0.060848236083984375
0.05965481325984001
0.05759349837899208
0.06026121601462364
0.05885699763894081
0.05637378245592117
0.057477112859487534
0.06047780439257622
0.05866368114948273
0.06533673405647278
0.0571925975382328
0.059425100684165955
0.05925629660487175
0.057558972388505936
0.06142314150929451
0.05792014300823212
0.05930030718445778
0.05997978150844574
0.05872778967022896
0.0612337701022625
0.057328734546899796
0.05795244872570038
0.058088015764951706
0.05853210762143135
0.06057009473443031
0.05842790752649307
0.058797433972358704
0.058446839451789856
0.05988311767578125
0.057587720453739166
0.059729281812906265
0.055875372141599655
0.058387305587530136
0.0581774078309536
0.058406535536050797
0.06257285177707672
0.056172195822000504
0.056885696947574615
0.059778906404972076
0.05866839364171028
0.05961804836988449
0.0614469088613987
0.05973097309470177
0.057367149740457535
0.05990708991885185
0.056345000863075256
0.062034688889980316
0.058681830763816833
0.05831253528594971
0.05851350352168083
0.058937426656484604
0.06309615820646286
0.05834935978055
0.05932443588972092
0.054390307515859604
0.0590183325111866
0.059302546083927155
0.058393578976392746
0.05903305113315582
0.05813319981098175
0.05804700404405594
0.05800458416342735
0.05993090942502022
0.05758307874202728
0.06203317642211914
0.061937469989061356
0.05748220905661583
0.060753341764211655
0.055748749524354935
0.05896841734647751
0.05856502428650856
0.05826947093009949
0.06125140190124512
0.055139798671007156
0.06091015413403511
0.05651130527257919
0.054985202848911285
0.05620197206735611
0.057863641530275345
0.05952732637524605
0.05754782631993294
0.05572669580578804
0.06253928691148758
0.057054802775382996
0.061138495802879333
0.060193803161382675
0.0559115931391716
0.06252329051494598
0.056743279099464417
0.05601014941930771
0.058197617530822754
0.05740882456302643
0.05835944414138794
0.05622914806008339
0.05760869383811951
0.06015481799840927
0.058636922389268875
0.056175000965595245
0.061394236981868744
0.05522580072283745
0.05577472224831581
0.05889035761356354
0.060217540711164474
0.057842057198286057
0.05783964693546295
0.05537675693631172
0.0619935505092144
0.0567355714738369
0.05663665011525154
0.05390387028455734
0.060197003185749054
0.057925377041101456
0.056866228580474854
0.060626354068517685
0.05796029418706894
0.05716460198163986
0.060358934104442596
0.05632292851805687
0.05861111730337143
0.05829061567783356
0.05841689929366112
0.0580938346683979
0.05982231721282005
0.05416406691074371
0.06247250735759735
0.055964794009923935
0.058490265160799026
0.05950210988521576
0.058711983263492584
0.06604313105344772
0.06556324660778046
0.055525042116642
0.05589735507965088
0.055170413106679916
0.05993747338652611
0.05499507114291191
0.05635933205485344
0.06449003517627716
0.05907589569687843
0.05855127424001694
0.05834471061825752
0.0570899173617363
0.059332914650440216
0.05958450213074684
0.05501644313335419
0.05868713930249214
0.05885857343673706
0.054480962455272675
0.06014995276927948
0.05597701296210289
0.055568352341651917
0.05763356387615204
0.05910184606909752
0.060103222727775574
0.05874130129814148
0.05885645002126694
0.05912221223115921
0.05666321888566017
0.05742739140987396
0.05730702355504036
0.05363931134343147
0.057023514062166214
0.056045301258563995
0.05896919593214989
0.06398218870162964
0.0564626082777977
0.058122891932725906
0.060354650020599365
0.05945669487118721
0.05780903249979019
0.05943186208605766
0.05912621691823006
0.057850830256938934
0.05897350236773491
0.05693364143371582
0.05802306532859802
0.05837121233344078
0.05446499213576317
0.057436734437942505
0.05923101305961609
0.054812755435705185
0.05838050693273544
0.05948907881975174
0.05675759166479111
0.057719096541404724
0.05632618069648743
0.057436488568782806
0.056922972202301025
0.05558039993047714
0.056397903710603714
0.054244790226221085
0.054566361010074615
0.05939820781350136
0.05443982779979706
0.06176266819238663
0.05710144713521004
0.05361856892704964
0.052320320159196854
0.05656447261571884
0.05717324838042259
0.05451880767941475
0.06106390431523323
0.05710141360759735
0.05838806927204132
0.058844149112701416
0.05949031561613083
0.057804182171821594
0.056494951248168945
0.05501045286655426
0.0575985349714756
0.05671854689717293
0.05334081873297691
0.05526122450828552
0.05802721530199051
0.0576360747218132
0.05635176971554756
0.053963467478752136
0.0579935722053051
0.054097793996334076
0.060420241206884384
0.05672445520758629
0.05694890767335892
0.05674133822321892
0.05520564690232277
0.05184711888432503
0.05394422262907028
0.059209488332271576
0.05189135670661926
0.05632113665342331
0.052639614790678024
0.055569589138031006
0.05794878676533699
0.060389235615730286
0.05611839517951012
0.056001998484134674
0.05758346989750862
0.057914137840270996
0.06635181605815887
0.05412069708108902
0.04866776615381241
0.054283466190099716
0.05412951111793518
0.056878406554460526
0.05617297440767288
0.05637117847800255
0.05800456553697586
0.05632568895816803
0.05696801096200943
0.0636715516448021
0.057203587144613266
0.053046904504299164
0.050731025636196136
0.05632428079843521
0.05278010293841362
0.06164311245083809
0.05614355579018593
0.05993320420384407
0.05485283583402634
0.05558769777417183
0.05738680809736252
0.05491875484585762
0.05089130625128746
0.055201902985572815
0.05317225307226181
0.054778795689344406
0.056592948734760284
0.0536041222512722
0.05578652396798134
0.05980973318219185
0.06010735034942627
0.053125444799661636
0.05967884510755539
0.05480000749230385
0.056500375270843506
0.056601546704769135
0.053579896688461304
0.05776020884513855
0.053965914994478226
0.05580393970012665
0.05524669587612152
0.056974221020936966
0.06004643440246582
0.06246735155582428
0.057539746165275574
0.055556852370500565
0.06019717454910278
0.05429123714566231
0.058351028710603714
0.04922492802143097
0.052600350230932236
0.05163099989295006
0.053062573075294495
0.0513468012213707
0.05414806306362152
0.0574645921587944
0.05388098210096359
0.054375775158405304
0.04787057638168335
0.057421717792749405
0.05254724621772766
0.052906330674886703
0.057355187833309174
0.058158278465270996
