0.37462952733039856
0.374697208404541
0.3748072683811188
0.37468278408050537
0.3747042119503021
0.37464162707328796
0.37460875511169434
0.3747028708457947
0.3746512532234192
0.37465599179267883
0.3746231198310852
0.3746300935745239
0.3745770752429962
0.3745742738246918
0.3746963441371918
0.37451615929603577
0.3745623230934143
0.3745225667953491
0.3745361864566803
0.3746028244495392
0.3743809163570404
0.3743196427822113
0.37439408898353577
0.37437838315963745
0.37430527806282043
0.37424764037132263
0.37438449263572693
0.3739486336708069
0.374143123626709
0.37418079376220703
0.37409651279449463
0.37389686703681946
0.3739137053489685
0.37389013171195984
0.3735714554786682
0.3734806180000305
0.37369370460510254
0.37356895208358765
0.37374407052993774
0.37351638078689575
0.37395966053009033
0.3729885518550873
0.37245842814445496
0.3728858530521393
0.37288519740104675
0.37198472023010254
0.37205570936203003
0.37066954374313354
0.3712042570114136
0.3706437051296234
0.3713366985321045
0.3688420057296753
0.3693283200263977
0.36949265003204346
0.36802977323532104
0.36908337473869324
0.3662044405937195
0.36807525157928467
0.36130425333976746
0.3643941879272461
0.3604556918144226
0.35959723591804504
0.3584994077682495
0.3539925217628479
0.3592785894870758
0.35297906398773193
0.34819990396499634
0.3522599935531616
0.348985493183136
0.3347400724887848
0.33528655767440796
0.29326754808425903
0.29592210054397583
0.3092990815639496
0.3084265887737274
0.2578240931034088
0.3064644932746887
0.2648385465145111
0.20041708648204803
0.1707242727279663
0.14260807633399963
0.1795520782470703
0.24280893802642822
0.187201127409935
0.2458716481924057
0.10849771648645401
0.21831153333187103
0.17454232275485992
0.18465349078178406
0.2246575802564621
0.16597585380077362
0.18519644439220428
0.2400091588497162
0.26227307319641113
0.23520413041114807
0.25155287981033325
0.32091790437698364
0.24986109137535095
0.22900718450546265
0.30143991112709045
0.24760498106479645
0.248419389128685
0.2882230281829834
0.24500541388988495
0.2729330062866211
0.23630832135677338
0.24320876598358154
0.24323907494544983
0.2562463581562042
0.24037806689739227
0.2039262354373932
0.23868173360824585
0.24639594554901123
0.2555864453315735
0.23852308094501495
0.2113967388868332
0.21724458038806915
0.20670084655284882
0.20506630837917328
0.20439255237579346
0.21984143555164337
0.24853242933750153
0.20254011452198029
0.19746342301368713
0.3102838397026062
0.21472828090190887
0.19254590570926666
0.1995202898979187
0.2026868313550949
0.2038845270872116
0.15721437335014343
0.20251163840293884
0.1515188366174698
0.10884426534175873
0.13039298355579376
0.1852129101753235
0.20966647565364838
0.18931944668293
0.17567867040634155
0.13660196959972382
0.1204494833946228
0.13430404663085938
0.1650461107492447
0.1430998146533966
0.16952677071094513
0.15821531414985657
0.1387687772512436
0.17822209000587463
0.11685855686664581
0.12526197731494904
0.12893928587436676
0.2233302891254425
0.12757430970668793
0.14222152531147003
0.18088950216770172
0.1692771166563034
0.1520736962556839
0.13084428012371063
0.24948816001415253
0.10387744009494781
0.15319891273975372
0.20414641499519348
0.17742298543453217
0.22729770839214325
0.15631084144115448
0.15100765228271484
0.16194897890090942
0.12404622882604599
0.1790410876274109
0.1234956681728363
0.1353180706501007
0.20023256540298462
0.18064050376415253
0.18418672680854797
0.17855073511600494
0.1475028097629547
0.1456340104341507
0.18826670944690704
0.21166616678237915
0.19745375216007233
0.22594216465950012
0.2074132114648819
0.19246812164783478
0.16539384424686432
0.1759900152683258
0.2163996398448944
0.19956094026565552
0.2208036482334137
0.1874465048313141
0.19535209238529205
0.18499073386192322
0.14012841880321503
0.14860668778419495
0.2148531973361969
0.13530993461608887
0.18058103322982788
0.1828106939792633
0.1366167515516281
0.17465531826019287
0.21028408408164978
0.17597518861293793
0.1700391322374344
0.21064387261867523
0.17095284163951874
0.14432783424854279
0.11938442289829254
0.13611389696598053
0.1825210005044937
0.2064824104309082
0.20833911001682281
0.16606949269771576
0.14967523515224457
0.14962553977966309
0.12741023302078247
0.17436502873897552
0.2475978285074234
0.14334185421466827
0.17880694568157196
0.20274975895881653
0.14072024822235107
0.14031553268432617
0.10363204032182693
0.17590968310832977
0.16858749091625214
0.21568267047405243
0.1378609985113144
0.14885078370571136
0.11740299314260483
0.1328548789024353
0.15013980865478516
0.13172386586666107
0.12757587432861328
0.10274147987365723
0.12931649386882782
0.1497228741645813
0.11106928437948227
0.11255374550819397
0.20409758388996124
0.1264916956424713
0.14028218388557434
0.18031944334506989
0.12654325366020203
0.13482427597045898
0.14205248653888702
0.14393553137779236
0.10535780340433121
0.1681198924779892
0.12900041043758392
0.13134977221488953
0.10566441714763641
