0.7418519854545593
0.741908073425293
0.7420290112495422
0.7418971657752991
0.741881251335144
0.7418417930603027
0.7417815923690796
0.7418850660324097
0.7418092489242554
0.7418419718742371
0.7417848110198975
0.741765558719635
0.7417094707489014
0.7416096925735474
0.7417652010917664
0.7415928244590759
0.7416448593139648
0.74158775806427
0.7415958046913147
0.7416040301322937
0.7413784861564636
0.7412852048873901
0.7414044737815857
0.7412989735603333
0.7411341071128845
0.741145133972168
0.7411907911300659
0.7406560778617859
0.7408123016357422
0.7407741546630859
0.7408323287963867
0.7404028177261353
0.740402102470398
0.740239143371582
0.7398269772529602
0.7396997809410095
0.7399348020553589
0.7395139336585999
0.739848792552948
0.7393520474433899
0.7398005723953247
0.7383700013160706
0.7373092174530029
0.7378456592559814
0.73775714635849
0.7363901734352112
0.7363007664680481
0.7331876158714294
0.7341656684875488
0.7331376075744629
0.7342362999916077
0.7283305525779724
0.7296728491783142
0.7299584746360779
0.7266696095466614
0.7264711856842041
0.7218399047851562
0.7253561615943909
0.7103606462478638
0.7158774137496948
0.7084502577781677
0.704582154750824
0.6992202997207642
0.687462329864502
0.6963589787483215
0.6812782883644104
0.6636642813682556
0.6730718016624451
0.6606671214103699
0.6172884106636047
0.6131588816642761
0.4969192147254944
0.4842248558998108
0.5095502138137817
0.47541671991348267
0.3957626521587372
0.4286383390426636
0.39839646220207214
0.2695159614086151
0.2872561514377594
0.33742526173591614
0.3882600963115692
0.5235110521316528
0.39616021513938904
0.5252602696418762
0.3666156530380249
0.5087204575538635
0.4891080856323242
0.49639615416526794
0.530849277973175
0.4694312810897827
0.4635118842124939
0.5387811064720154
0.5645421743392944
0.5210883617401123
0.5304020047187805
0.6290723085403442
0.5321687459945679
0.4995720684528351
0.605263352394104
0.5471036434173584
0.5364660620689392
0.598177969455719
0.5631756782531738
0.5876694321632385
0.525094747543335
0.5636196732521057
0.5693445205688477
0.5831819772720337
0.5641927123069763
0.525067150592804
0.5640688538551331
0.5758503079414368
0.5920748114585876
0.5782551765441895
0.5440233945846558
0.576624870300293
0.5712311267852783
0.5672094821929932
0.5783799290657043
0.5698490142822266
0.6156513094902039
0.5567466616630554
0.557100236415863
0.6587110161781311
0.5921202301979065
0.5769013166427612
0.5776585340499878
0.5486472249031067
0.5839635133743286
0.5345628261566162
0.5974692702293396
0.5255665183067322
0.48903223872184753
0.4867227077484131
0.5701038241386414
0.5984130501747131
0.558833658695221
0.5744729042053223
0.4905191659927368
0.48534855246543884
0.49929341673851013
0.5279408097267151
0.49743902683258057
0.5577929019927979
0.5061607360839844
0.4975563585758209
0.575652539730072
0.41845592856407166
0.4630558490753174
0.47982123494148254
0.5373506546020508
0.44194167852401733
0.4530582129955292
0.48541000485420227
0.42563971877098083
0.44222983717918396
0.4213915765285492
0.5672091841697693
0.37206244468688965
0.41847941279411316
0.47249236702919006
0.4473009407520294
0.4905133545398712
0.40129339694976807
0.41043323278427124
0.42642152309417725
0.34503209590911865
0.4119442403316498
0.3681322932243347
0.357774019241333
0.40475982427597046
0.3984259068965912
0.4051873981952667
0.3366926610469818
0.33781591057777405
0.3183172047138214
0.3985050916671753
0.4354473948478699
0.41437065601348877
0.448983758687973
0.40913161635398865
0.38662877678871155
0.3545743525028229
0.3252769112586975
0.42498964071273804
0.3797001242637634
0.38663825392723083
0.3537410795688629
0.36327531933784485
0.3800897002220154
0.2988370656967163
0.29411229491233826
0.40802401304244995
0.2590281367301941
0.3357052206993103
0.37383130192756653
0.3004299998283386
0.3212767541408539
0.40577182173728943
0.36118850111961365
0.3218677341938019
0.4385856091976166
0.3609772026538849
0.2970343828201294
0.27069953083992004
0.2813577651977539
0.3517862558364868
0.4148250222206116
0.3768337070941925
0.3665589392185211
0.31264403462409973
0.3283023238182068
0.2916053831577301
0.3594058156013489
0.5131300687789917
0.31447556614875793
0.40194112062454224
0.4290626645088196
0.2886785566806793
0.3118751049041748
0.2585374414920807
0.3905627429485321
0.3698294162750244
0.4730575978755951
0.3051203787326813
0.3591892421245575
0.26597824692726135
0.34644123911857605
0.374911904335022
0.3506850302219391
0.311085045337677
0.2973557412624359
0.2997679114341736
0.3616942763328552
0.3078272342681885
0.30817335844039917
0.39999109506607056
0.36206352710723877
0.34534895420074463
0.40971842408180237
0.34538549184799194
0.3777323067188263
0.3202020227909088
0.33920374512672424
0.31257420778274536
0.42284852266311646
0.346343994140625
0.37194132804870605
0.31625470519065857
