0.04999256506562233
0.05000634863972664
0.04999634250998497
0.04999163746833801
0.05000084266066551
0.049997299909591675
0.05000448226928711
0.05012167990207672
0.04999670386314392
0.05000278353691101
0.04999886453151703
0.04999803751707077
0.0500011071562767
0.04999438300728798
0.04999389126896858
0.0499994195997715
0.05000382289290428
0.05000049248337746
0.05000946298241615
0.04999040439724922
0.05000320449471474
0.04999720677733421
0.04999995976686478
0.05000155046582222
0.05000688508152962
0.0499906986951828
0.050008293241262436
0.0499962717294693
0.05000025033950806
0.04999738559126854
0.04990405589342117
0.04999133571982384
0.049994803965091705
0.04999293386936188
0.04998432844877243
0.04999718815088272
0.04998081922531128
0.05000603199005127
0.050003960728645325
0.04999951273202896
0.05000009015202522
0.050089020282030106
0.04999753460288048
0.0500052310526371
0.04999877139925957
0.05000041052699089
0.04998936131596565
0.05000682547688484
0.049996331334114075
0.04999905824661255
0.050001904368400574
0.049997568130493164
0.049981120973825455
0.05000435560941696
0.04999805986881256
0.049992892891168594
0.04999225586652756
0.04998401179909706
0.05000212788581848
0.050014130771160126
0.04999374970793724
0.05000272020697594
0.04999025538563728
0.050002653151750565
0.04999970272183418
0.050008613616228104
0.05005098134279251
0.05001908540725708
0.049997229129076004
0.049999795854091644
0.05000215768814087
0.049844857305288315
0.049994468688964844
0.050001926720142365
0.050007499754428864
0.0499950647354126
0.050011325627565384
0.05000966787338257
0.050003159791231155
0.049999382346868515
0.04985746368765831
0.04999350383877754
0.05000435560941696
0.049996208399534225
0.04999464750289917
0.050015732645988464
0.04999876767396927
0.050005413591861725
0.04999438300728798
0.0474773608148098
0.04987284913659096
0.049819182604551315
0.04907553270459175
0.033700086176395416
0.04817413538694382
0.04932619631290436
0.049882590770721436
0.049781590700149536
0.0509057454764843
0.04966748505830765
0.04949014261364937
0.045092035084962845
0.07204974442720413
0.049449946731328964
0.049601394683122635
0.050191327929496765
0.04528818279504776
0.04611071199178696
0.04818418249487877
0.0452752523124218
0.08435437828302383
0.04476591572165489
0.045970380306243896
0.04681522026658058
0.04255992919206619
0.04859115555882454
0.04455353319644928
0.038997627794742584
0.02325957641005516
0.03437408059835434
0.04502852261066437
0.04405459761619568
0.042379457503557205
0.037956081330776215
0.031192127615213394
0.03634152561426163
0.05705181509256363
0.026306865736842155
0.03296536207199097
0.03852606192231178
0.0380101203918457
0.03227931261062622
0.03700340911746025
0.025324184447526932
0.038513392210006714
0.02967485412955284
0.03126154839992523
0.035019177943468094
0.04299495369195938
0.03674041107296944
0.023457547649741173
0.02616667002439499
0.06205529719591141
0.030060747638344765
0.04280426725745201
0.044200241565704346
0.04433849826455116
0.03636712208390236
0.02287745475769043
0.0366361141204834
0.01486409455537796
0.03559139370918274
0.04254910722374916
0.03812377527356148
0.03421443700790405
0.02116606943309307
0.015303513035178185
0.02408445067703724
0.01662997156381607
0.036013081669807434
0.038172028958797455
0.03328963741660118
0.020110327750444412
0.014676837250590324
0.014515832997858524
0.01806994155049324
0.027786601334810257
0.024159064516425133
0.03280253708362579
0.020758971571922302
0.01723058708012104
0.014465529471635818
0.0157408956438303
0.02319888025522232
0.02973286435008049
0.027597762644290924
0.014466792345046997
0.013054845854640007
0.040513940155506134
0.016358032822608948
0.022276533767580986
0.035542283207178116
0.03059174120426178
0.02541864663362503
0.010472897440195084
0.0331498384475708
0.012345694936811924
0.023679254576563835
0.03321272134780884
0.03344074636697769
0.03163199871778488
0.009283016435801983
0.0136882858350873
0.015224073082208633
0.03079470433294773
0.03362148255109787
0.028149407356977463
0.015366530045866966
0.015221397392451763
0.020983586087822914
0.016699058935046196
0.027626553550362587
0.0314909927546978
0.027922697365283966
0.02198989875614643
0.019923444837331772
0.018342390656471252
0.020522110164165497
0.022216428071260452
0.030878765508532524
0.02770906314253807
0.017893832176923752
0.02695203572511673
0.01664399728178978
0.015534058213233948
0.0317663699388504
0.032542917877435684
0.020987052470445633
0.020576097071170807
0.027453895658254623
0.015978990122675896
0.026825839653611183
0.028007065877318382
0.02569565735757351
0.011247680522501469
0.013265244662761688
0.012690437026321888
0.025208434090018272
0.02035900391638279
0.026440544053912163
0.014896005392074585
0.0249922052025795
0.050397928804159164
0.012531723827123642
0.02600390836596489
0.037537917494773865
0.0260965246707201
0.010692608542740345
0.014218534342944622
0.037316787987947464
0.02313225343823433
0.03624289110302925
0.040119342505931854
0.02389930933713913
0.01328201312571764
0.010822477750480175
0.011524864472448826
0.026662088930606842
0.02282261662185192
0.020861010998487473
0.007516330573707819
0.013735270127654076
0.01743648760020733
0.01554855890572071
0.026878394186496735
0.02401116117835045
0.013119549490511417
0.010305166244506836
0.019823765382170677
0.009177500382065773
0.019605716690421104
0.022277956828475
0.015195191837847233
0.015491107478737831
0.02347029559314251
0.01440114714205265
0.012295076623558998
0.018411708995699883
0.01544231828302145
0.008275493048131466
0.02479393035173416
0.01731211692094803
0.012882002629339695
0.025932561606168747
0.023807259276509285
0.01991180144250393
0.009851559065282345
0.008102091029286385
0.011845335364341736
0.022374998778104782
0.0169935692101717
0.008424844592809677
0.012787970714271069
0.0089812520891428
0.013269389048218727
0.013970639556646347
0.01832798309624195
0.013369990512728691
0.022665437310934067
0.013220417313277721
0.010811619460582733
0.02268906682729721
0.01655610278248787
0.01610749214887619
0.009075897745788097
0.010110626928508282
0.012605402618646622
0.020657075569033623
0.010755786672234535
0.008393253199756145
0.011645475402474403
0.008181718178093433
0.008237222209572792
0.015795059502124786
0.016195544973015785
0.006095062475651503
0.0310276560485363
0.013807746581733227
0.01873287931084633
0.022421080619096756
0.014867961406707764
0.01150202751159668
0.043181419372558594
0.009253104217350483
0.02803443744778633
0.02458026260137558
0.019836463034152985
0.009226757101714611
0.011565057560801506
0.011125586926937103
0.01204544398933649
0.020118311047554016
0.011615350842475891
0.00772083317860961
0.011176267638802528
0.007026005070656538
0.015194986015558243
0.014192462898790836
0.01755908690392971
0.010517663322389126
0.010650922544300556
0.019850052893161774
0.019576391205191612
0.01790700852870941
0.0071197329089045525
0.018135052174329758
0.005862893536686897
0.013288659043610096
0.01769682765007019
0.017427971586585045
0.00809904932975769
0.012939663603901863
0.008007260039448738
0.013871200382709503
0.015277552418410778
0.012136568315327168
0.007045205216854811
0.008475407026708126
0.007989569567143917
0.009730381891131401
0.011267350986599922
0.011854712851345539
0.0070276809856295586
0.009148234501481056
0.006128942593932152
0.013915377669036388
0.016845861449837685
0.0060317362658679485
0.0095377117395401
0.014543893747031689
0.00918026827275753
0.01313554123044014
0.0123957060277462
0.006862659007310867
0.014751404523849487
0.00642256299033761
0.006012400612235069
0.015604530461132526
0.012122358195483685
0.007392815314233303
0.009566755965352058
0.006662419065833092
0.01168949156999588
0.014420740306377411
0.007221275940537453
0.01337574701756239
0.013491281308233738
0.007230187766253948
0.009960805997252464
0.012724890373647213
0.009341053664684296
0.014287957921624184
0.009086054749786854
0.020483840256929398
0.012363189831376076
0.006464267149567604
0.012283830903470516
0.006852969992905855
0.00686607277020812
0.011892352253198624
0.006431579124182463
0.004175055772066116
0.005833170842379332
0.017984293401241302
0.011706821620464325
0.015489015728235245
0.005714093334972858
0.012515653856098652
0.008588495664298534
0.010250263847410679
0.014746258035302162
0.0061821299605071545
0.00399934034794569
0.012589866295456886
0.00926038809120655
0.010403488762676716
0.012498578988015652
0.008249551057815552
0.02076851762831211
0.003354626940563321
0.01003801729530096
0.013817498460412025
0.008027658797800541
0.003465998684987426
0.01817677728831768
0.007012080401182175
0.018773287534713745
0.012254970148205757
0.028738493099808693
0.015098832547664642
0.004502873867750168
0.018222078680992126
0.010258774273097515
0.0059021939523518085
0.009099041111767292
0.005617117043584585
0.006882112473249435
0.01711408980190754
0.007127305958420038
0.011534390971064568
0.010922344401478767
0.012981273233890533
0.015282422304153442
0.009159678593277931
0.003583780024200678
0.007120212074369192
0.012050393968820572
0.010828820057213306
0.010829535312950611
0.007519084960222244
0.005928968079388142
0.011600416153669357
0.015928037464618683
0.01028746273368597
0.007528634276241064
0.028542425483465195
0.006561533082276583
0.010048404335975647
0.011913489550352097
0.0134070860221982
0.010474416427314281
0.011485317721962929
0.0037938947789371014
0.008276253938674927
0.011553030461072922
0.009013746865093708
0.006630906369537115
0.007125752046704292
0.008574189618229866
0.013256129808723927
0.006112259346991777
0.01978219859302044
0.0022352111991494894
0.018184510990977287
0.020793575793504715
0.016307612881064415
0.013071191497147083
0.0044762007892131805
0.012612652033567429
0.011916427873075008
0.004806200973689556
0.015193218365311623
0.007318176329135895
0.009465252980589867
0.010127810761332512
0.004103675950318575
0.006860889960080385
0.013901435770094395
0.005339625291526318
0.013499286957085133
0.007965993136167526
0.008533972315490246
0.0068650576286017895
0.008411687798798084
0.010045897215604782
0.004169913940131664
0.005210201721638441
0.006529876962304115
0.015135996043682098
0.008959781378507614
0.007157108746469021
0.0027488006744533777
0.0024047046899795532
0.011425303295254707
0.0061772726476192474
0.01136448048055172
0.007900865748524666
0.022694360464811325
0.005107734818011522
0.010521601885557175
0.009410209022462368
0.008677043952047825
0.008223297074437141
0.005783485248684883
0.008289191871881485
0.013750501908361912
0.0032819602638483047
0.009408412501215935
0.002615080215036869
0.008391283452510834
0.006257749628275633
0.006364205852150917
0.02341025322675705
0.0060893516056239605
0.015883374959230423
0.0053939130157232285
0.002781383227556944
0.014400028623640537
0.00355191039852798
0.010251721367239952
0.009465569630265236
0.002699886914342642
0.004808743018656969
0.011181583628058434
0.012311753816902637
0.005834566429257393
0.0044678132981061935
0.023891376331448555
0.004830407444387674
0.014234173111617565
0.007304772734642029
0.006039587315171957
0.007701106835156679
0.005528208799660206
0.015447942540049553
0.010480421595275402
0.006206879857927561
0.01026825699955225
0.0037104536313563585
0.011548403650522232
0.006555866915732622
0.002787611912935972
0.005478840321302414
0.007652458734810352
0.010917199775576591
0.01310095563530922
0.0070188697427511215
0.009122786112129688
0.004772961139678955
0.01055250596255064
0.00726579362526536
0.006119567435234785
0.01109848078340292
0.0044809309765696526
0.008853156119585037
0.003778561018407345
0.006708516739308834
0.008695464581251144
0.006162112578749657
0.010640325956046581
0.007118860725313425
0.007849409244954586
0.003863347927108407
0.006344215478748083
0.007538453675806522
0.005490060895681381
0.0074563343077898026
0.010701291263103485
0.011004623956978321
0.00845987256616354
0.0025593540631234646
0.007268236018717289
0.009034664370119572
0.011080057360231876
0.007415736094117165
0.015334543772041798
0.0032200010027736425
0.004324489738792181
0.005265297833830118
0.0035689789801836014
0.011888349428772926
0.0039417073130607605
0.00537046417593956
0.0061313989572227
0.004338282626122236
0.009399011731147766
0.004902861546725035
0.004831469617784023
0.005260530859231949
0.003017608541995287
0.008857586421072483
0.005847456865012646
0.009392213076353073
0.0053350720554590225
0.0039108796045184135
0.016525762155652046
0.004147582687437534
0.010777740739285946
0.004990802146494389
0.008701127953827381
0.0025786913465708494
0.011454600840806961
0.00687744515016675
0.0068391128443181515
0.006977461744099855
0.002009364776313305
0.00569630041718483
0.0074686347506940365
0.004792026709765196
0.0033751127775758505
0.011951270513236523
0.00523753184825182
0.004536488093435764
0.0029001901857554913
0.0033768105786293745
0.004217532463371754
0.007035117596387863
0.006652538664638996
0.008206658996641636
0.011552116833627224
0.004534496925771236
0.01129162311553955
0.005485759116709232
0.010035707615315914
0.004338151775300503
0.011852665804326534
0.004086609929800034
0.008396482095122337
0.006150231231004
0.007651656866073608
0.005937040317803621
0.00416150689125061
0.006551165133714676
0.008213953115046024
0.006818035617470741
0.005904744379222393
0.002175323897972703
0.010798257775604725
0.006693596951663494
0.010622377507388592
0.0085882768034935
0.00412046629935503
0.007561053149402142
0.006334672216325998
0.009030786342918873
0.004014244303107262
0.011525886133313179
0.008194291964173317
0.007501714862883091
0.011483512818813324
0.009072542190551758
0.010902930982410908
0.004991040099412203
0.005497703794389963
0.007289357017725706
0.0065177748911082745
0.004326176829636097
0.0061548626981675625
0.004055473953485489
0.004358694422990084
0.006845969706773758
0.015874892473220825
0.004819917026907206
0.0046461597084999084
0.004292530007660389
0.0032930499874055386
0.007148446515202522
0.005029864609241486
0.008375117555260658
0.00719157001003623
0.004655193071812391
0.00934730377048254
0.00953747984021902
0.006725608371198177
0.006829690188169479
0.00806675385683775
0.005178313236683607
0.013276945799589157
0.004063785541802645
0.013967709615826607
0.006597256753593683
0.006104186177253723
0.0032896529883146286
0.004631290212273598
0.009107928723096848
0.008722975850105286
0.0029029930010437965
0.006411772221326828
0.007926294580101967
0.007160600274801254
0.0074223726987838745
0.002939011203125119
0.004014663398265839
0.004514699801802635
0.0048109604977071285
0.00402668584138155
0.01669120602309704
0.006937463767826557
0.018328648060560226
0.008077898994088173
0.004309782758355141
0.006791422143578529
0.007612917106598616
0.0025376989506185055
0.003400804242119193
0.0025764841120690107
0.0041687930934131145
0.0031843080651015043
0.0051401471719145775
0.0036774117033928633
0.011267023161053658
0.004287233576178551
0.0031573588494211435
0.0043294415809214115
0.0024689268320798874
0.007352225948125124
0.0028021049220114946
0.005711664445698261
0.006197243928909302
0.006128010340034962
0.004171403590589762
0.0018023108132183552
0.00558777991682291
0.0029940386302769184
0.007889284752309322
0.0055727893486619
0.004751438274979591
0.006106669083237648
0.004246105439960957
0.005682597868144512
0.01024792343378067
0.0016567116836085916
0.0034277455415576696
0.0047119795344769955
0.0036499311681836843
0.0025374190881848335
0.00196208618581295
0.005392447579652071
0.005194713361561298
0.0034402229357510805
0.005185533314943314
0.005599066615104675
0.003996703773736954
0.004192672204226255
0.0015756809152662754
0.004672860726714134
0.009626297280192375
0.007638025563210249
0.005391574464738369
0.0051755644381046295
0.0038363172207027674
0.002967384411022067
0.0011642973404377699
0.0049938783049583435
0.0029994254000484943
0.005505095236003399
0.006093992851674557
0.001651473343372345
0.006391842849552631
0.0023173177614808083
0.004863222595304251
0.0029946272261440754
0.003805217333137989
0.0017129514599218965
0.0057514323852956295
0.0025424575433135033
0.004636581055819988
0.0016844605561345816
0.0034378645941615105
0.005698536988347769
0.004473687149584293
0.006010979879647493
0.009122137911617756
0.010977054014801979
0.004145338200032711
0.002118133008480072
0.002852235920727253
0.0031619335059076548
0.001435855752788484
0.004360982216894627
0.004545385949313641
0.0062470994889736176
0.0056414236314594746
0.0023069209419190884
0.006494198925793171
0.009076524525880814
0.002383835380896926
0.003951024264097214
0.008061823435127735
0.004007111769169569
0.0011697839945554733
0.002697940682992339
0.00271595548838377
0.00434268731623888
0.004440870136022568
0.0021163534838706255
0.005353553220629692
0.002050457987934351
0.00736037315800786
0.0015168704558163881
0.0026142653077840805
0.0058477092534303665
0.001231189351528883
0.005626526661217213
0.005146366078406572
0.00834688264876604
0.0023269308730959892
0.004343393258750439
0.007557283155620098
0.004797439556568861
0.0054413629695773125
0.0036048705223947763
0.0033172336407005787
0.0052589355036616325
0.005401677452027798
0.004482835531234741
0.00361342984251678
0.0031815124675631523
0.000904262182302773
0.006691125221550465
0.006829672958701849
0.0034526451490819454
0.005087887868285179
0.010939439758658409
0.0024868655018508434
0.006660460960119963
0.007505419664084911
0.0036854762583971024
0.004166526719927788
0.005992058664560318
0.008267448283731937
0.0034148292616009712
0.002515505999326706
0.006792077794671059
0.003997582010924816
0.006820479407906532
0.003331823041662574
0.006139739416539669
0.0033643690403550863
0.004712299909442663
0.002752112690359354
0.004163450561463833
0.005519429221749306
0.003784008789807558
0.003078853478655219
0.005523987114429474
0.0025438801385462284
0.0027290871366858482
0.0037315813824534416
0.004343424923717976
0.005168006755411625
0.004321611020714045
0.004026962909847498
0.001605641096830368
0.0028796647675335407
0.0037224062252789736
0.00246318057179451
0.002268968615680933
0.0018090952653437853
0.0030324156396090984
0.003142314264550805
0.011496917344629765
0.0014778198674321175
0.002900665160268545
0.004301236942410469
0.002808887744322419
0.004950899630784988
0.0022967385593801737
0.0016959584318101406
0.00312621658667922
0.004335165489464998
0.003081884700804949
0.001856807735748589
0.002325025387108326
0.001954464241862297
0.0021418253891170025
0.0034075225703418255
0.0019735805690288544
0.004680167883634567
0.002680530771613121
0.0046570319682359695
0.00336714880540967
0.0028337903786450624
0.004514954052865505
0.005348237231373787
0.00484815426170826
0.0017253807745873928
0.0017600131686776876
0.0033056195825338364
0.0037666219286620617
0.005330103449523449
0.002223315881565213
0.004101624712347984
0.0028856026474386454
0.0047149816527962685
0.0036261738277971745
0.002739422023296356
0.005295560695230961
0.005192589946091175
0.0032519251108169556
0.004581834655255079
0.005912033375352621
0.0020261728204786777
0.0033040428534150124
0.007939338684082031
0.002487721387296915
0.004245753400027752
0.0024233954027295113
0.002130280015990138
0.007691123057156801
0.003262829501181841
0.001759571605361998
0.006759548094123602
0.0024418411776423454
0.004119747318327427
0.0016254159854725003
0.007359381765127182
0.0051049720495939255
0.002799456939101219
0.002331422409042716
0.0012688935967162251
0.004410557448863983
0.005180514417588711
0.004242160357534885
0.0037398787681013346
0.003029614221304655
0.0034368601627647877
0.004281490109860897
0.0014919016975909472
0.0033755397889763117
0.0047193048521876335
0.002561205765232444
0.002473739441484213
0.002559107029810548
0.00575829204171896
0.002030803821980953
0.0035040045622736216
0.004130318760871887
0.001826283405534923
0.005719984881579876
0.003320257179439068
0.0027203350327908993
0.002098953351378441
0.008913761004805565
0.004634645767509937
0.004287373274564743
0.0032589517068117857
0.002250951947644353
0.003810199210420251
0.0034240861423313618
0.003418962936848402
0.003169782692566514
0.0035424460656940937
0.004333189222961664
0.0025155714247375727
0.004046526737511158
0.0026195822283625603
0.0026422888040542603
0.004869287833571434
0.0028171606827527285
0.007353257387876511
0.001509111374616623
0.0016206650761887431
0.005822996608912945
0.002897155936807394
0.0053831469267606735
0.004724701400846243
0.007170064840465784
0.002910736482590437
0.0064961910247802734
0.0021902560256421566
0.0030180392786860466
0.004083368927240372
0.007980582304298878
0.006581614725291729
0.0037594514433294535
0.007142296526581049
0.0029333061538636684
0.0015569755341857672
0.003542746417224407
0.002325968351215124
0.002644011052325368
0.007000993937253952
0.0015451976796612144
0.002350596943870187
0.0018779612146317959
0.004873007070273161
0.0012926904018968344
0.0024666518438607454
0.0060956235975027084
0.0031452463008463383
0.0030254966113716364
0.0017212433740496635
0.004001024644821882
0.003156743012368679
0.0009271178860217333
0.007449690718203783
0.005754831712692976
0.004065391607582569
0.001160769141279161
