0.025278788059949875
0.025024279952049255
0.025015633553266525
0.025013862177729607
0.025015123188495636
0.025018226355314255
0.02501736953854561
0.02529965713620186
0.025017499923706055
0.025026455521583557
0.025013452395796776
0.025016525760293007
0.02501767873764038
0.025027921423316002
0.025021038949489594
0.02502456121146679
0.02502814494073391
0.02501813694834709
0.025032542645931244
0.025025799870491028
0.02502458542585373
0.025021309033036232
0.02501978725194931
0.02501794323325157
0.025036657229065895
0.025023650377988815
0.02502565085887909
0.025017080828547478
0.02501867711544037
0.02501983754336834
0.025134647265076637
0.02501656487584114
0.025022197514772415
0.025012526661157608
0.025006407871842384
0.02501956932246685
0.025062425062060356
0.025032538920640945
0.02502531185746193
0.02501543052494526
0.025017857551574707
0.025367973372340202
0.025027843192219734
0.025029568001627922
0.025013932958245277
0.025014963001012802
0.02502140775322914
0.025043953210115433
0.02501426264643669
0.025017820298671722
0.025019362568855286
0.025024287402629852
0.025024451315402985
0.025031669065356255
0.025023020803928375
0.025012198835611343
0.02503059059381485
0.025038450956344604
0.025021037086844444
0.025032654404640198
0.025012092664837837
0.02503986656665802
0.025024008005857468
0.025023067370057106
0.02502061426639557
0.025027606636285782
0.02518727444112301
0.025040237233042717
0.025019917637109756
0.025019561871886253
0.025019582360982895
0.025586070492863655
0.025024356320500374
0.025024142116308212
0.02503146417438984
0.025017917156219482
0.02504904940724373
0.02502947673201561
0.02502129226922989
0.025015302002429962
0.02545631304383278
0.025032341480255127
0.025025518611073494
0.02501574531197548
0.02504037134349346
0.02508913353085518
0.02502051182091236
0.025026248767971992
0.02501257136464119
0.03540850803256035
0.025038136169314384
0.025072894990444183
0.026404917240142822
0.025442000478506088
0.028975456953048706
0.02564818412065506
0.025014549493789673
0.02533746138215065
0.025984501466155052
0.025109373033046722
0.025401702150702477
0.025664784014225006
0.0788150504231453
0.02692839317023754
0.025404028594493866
0.02768092229962349
0.026488404721021652
0.025177275761961937
0.025093093514442444
0.02535577304661274
0.03387770056724548
0.1080922931432724
0.026716383174061775
0.026084475219249725
0.02639133110642433
0.03383266180753708
0.02485729567706585
0.02463695779442787
0.025236887857317924
0.05054963007569313
0.03332868218421936
0.02575269713997841
0.02606704831123352
0.03484708070755005
0.024006178602576256
0.025045981630682945
0.023636551573872566
0.025787411257624626
0.02436261996626854
0.026493947952985764
0.023771382868289948
0.025482051074504852
0.025103988125920296
0.023702429607510567
0.02550595998764038
0.022160353139042854
0.024497367441654205
0.022836610674858093
0.025369901210069656
0.02714550867676735
0.024040494114160538
0.02342415228486061
0.02384239435195923
0.02187594771385193
0.025309968739748
0.023388011381030083
0.02213468588888645
0.02387252077460289
0.020485255867242813
0.023040810599923134
0.019291438162326813
0.023566842079162598
0.023259947076439857
0.022251997143030167
0.021957535296678543
0.02136961556971073
0.021954109892249107
0.023753885179758072
0.017458856105804443
0.022354532033205032
0.022979117929935455
0.01936676912009716
0.018356554210186005
0.016675535589456558
0.018638839945197105
0.01864742487668991
0.020668866112828255
0.014815806411206722
0.023418592289090157
0.018329910933971405
0.018143240362405777
0.016492601484060287
0.01760070025920868
0.01940293051302433
0.016365841031074524
0.019457140937447548
0.01341325230896473
0.01625562459230423
0.019979827105998993
0.01629185676574707
0.013616500422358513
0.01627151295542717
0.017281733453273773
0.018823791295289993
0.012774527072906494
0.01396124716848135
0.014408973976969719
0.013767367228865623
0.0134577052667737
0.01838584616780281
0.017251882702112198
0.011951901949942112
0.012752832844853401
0.01565588265657425
0.02226943150162697
0.020125914365053177
0.013133322820067406
0.013944169506430626
0.012048599310219288
0.01566387712955475
0.014443863183259964
0.0169186033308506
0.014414752833545208
0.014004860073328018
0.016660619527101517
0.013278048485517502
0.01513625867664814
0.01699962466955185
0.00935269147157669
0.015383969061076641
0.020793534815311432
0.01880093663930893
0.014628482982516289
0.016900524497032166
0.011483714915812016
0.014842075295746326
0.015154935419559479
0.018068993464112282
0.01695769838988781
0.0180136039853096
0.017046302556991577
0.01746032014489174
0.017220791429281235
0.015019906684756279
0.015208176337182522
0.011627133935689926
0.012603430077433586
0.02112731710076332
0.010408809408545494
0.014516215771436691
0.02507461979985237
0.017962658777832985
0.01985352858901024
0.01578117534518242
0.01697802171111107
0.0161605067551136
0.015134245157241821
0.010673889890313148
0.01150273997336626
0.023570582270622253
0.017314303666353226
0.017442431300878525
0.02144298516213894
0.01685800962150097
0.011655540205538273
0.011409251019358635
0.010394100099802017
0.01577727496623993
0.008252933621406555
0.013853609561920166
0.012037085369229317
0.01335078477859497
0.018387293443083763
0.013666943646967411
0.013740215450525284
0.014604100957512856
0.01876409538090229
0.013892808929085732
0.014921564608812332
0.013382789678871632
0.010024355724453926
0.01580064557492733
0.017315968871116638
0.011396663263440132
0.01683131232857704
0.0171746164560318
0.008995341137051582
0.009500762447714806
0.012526141479611397
0.007146309595555067
0.015478899702429771
0.009789766743779182
0.007582923397421837
0.01280372403562069
0.015705427154898643
0.01715492643415928
0.008583525195717812
0.00777505524456501
0.008394856005907059
0.014544263482093811
0.010647160932421684
0.009186265990138054
0.01360640861093998
0.008138416334986687
0.01009201817214489
0.010919574648141861
0.010889100842177868
0.010882233269512653
0.01872335746884346
0.02241486869752407
0.01075419969856739
0.013563377782702446
0.01717318221926689
0.012784524820744991
0.01120322197675705
0.012650273740291595
0.012264126911759377
0.016289908438920975
0.008349502459168434
0.015215210616588593
0.012242721393704414
0.01051567867398262
0.0074557410553097725
0.010109785944223404
0.011368665844202042
0.00530588161200285
0.019202683120965958
0.011260926723480225
0.014755330048501492
0.014141730964183807
0.010358158499002457
0.012422784231603146
0.019947942346334457
0.01327444426715374
0.016613487154245377
0.011734935455024242
0.01995600387454033
0.013854244723916054
0.008771982975304127
0.014902554452419281
0.014409207738935947
0.010090724565088749
0.015146801248192787
0.009546821936964989
0.016479220241308212
0.015928251668810844
0.01218529511243105
0.008420471101999283
0.01994355209171772
0.009553966112434864
0.017086990177631378
0.022593583911657333
0.01213813852518797
0.020847566425800323
0.009813237935304642
0.012595301494002342
0.010765206068754196
0.009493714198470116
0.009063074365258217
0.014531318098306656
0.015377284958958626
0.011478845030069351
0.015838630497455597
0.013256076723337173
0.009279659017920494
0.011090964078903198
0.01144460029900074
0.005605440586805344
0.014325166121125221
0.007631712593138218
0.009996550157666206
0.014306874945759773
0.006667025852948427
0.008951805531978607
0.00952437985688448
0.009622514247894287
0.031150788068771362
0.009704557247459888
0.010606014169752598
0.012738058343529701
0.011339759454131126
0.009846476837992668
0.017946971580386162
0.011486669071018696
0.010682214051485062
0.008271871134638786
0.007396131753921509
0.009693333879113197
0.013389832340180874
0.011503191664814949
0.008849205449223518
0.009442517533898354
0.00760680390521884
0.010535698384046555
0.014946751296520233
0.008814878761768341
0.012898510321974754
0.008872388862073421
0.006286476273089647
0.012714799493551254
0.008547899313271046
0.011554157361388206
0.014903172850608826
0.020839525386691093
0.011285469867289066
0.008966644294559956
0.008982216939330101
0.007205226458609104
0.008578980341553688
0.008572636172175407
0.009099556133151054
0.0046938820742070675
0.005726325325667858
0.014586413279175758
0.0067106811329722404
0.00861772708594799
0.008979713544249535
0.007469285745173693
0.007508136797696352
0.010981203988194466
0.00948726013302803
0.007036530412733555
0.006118935998529196
0.01166977547109127
0.0071615432389080524
0.006036006845533848
0.007311792578548193
0.010840920731425285
0.009473767131567001
0.006035359110683203
0.007710790727287531
0.0076479194685816765
0.009565929882228374
0.0036989429499953985
0.012324241921305656
0.007095293141901493
0.011007251217961311
0.011484351009130478
0.022933650761842728
0.01267285831272602
0.006331622134894133
0.012087741866707802
0.007226640358567238
0.007753490936011076
0.007534343749284744
0.012262020260095596
0.005179922096431255
0.015267668291926384
0.00574208190664649
0.011272263713181019
0.009481078013777733
0.012197254225611687
0.008415762335062027
0.007264322601258755
0.004601920023560524
0.007325327955186367
0.011820163577795029
0.007588960230350494
0.00801133457571268
0.007082662545144558
0.005594296846538782
0.009683109819889069
0.01106027141213417
0.010488685220479965
0.008500330150127411
0.01474036555737257
0.007354734465479851
0.007114870939403772
0.007761092856526375
0.012894760817289352
0.00940718874335289
0.012864723801612854
0.003421981353312731
0.0032997443340718746
0.008749421685934067
0.009001809172332287
0.005867740139365196
0.009432291612029076
0.006881536915898323
0.011157327331602573
0.006151895970106125
0.0092697124928236
0.003395213047042489
0.010720339603722095
0.014368271455168724
0.014730686321854591
0.009425697848200798
0.005356513895094395
0.008228294551372528
0.007989135570824146
0.004660007078200579
0.010861115530133247
0.007897704839706421
0.007231232710182667
0.0049473317340016365
0.005459219217300415
0.005791181698441505
0.011425355449318886
0.004327420145273209
0.010644292458891869
0.006725488230586052
0.0070901429280638695
0.007570598274469376
0.00812359619885683
0.004850396420806646
0.0042373910546302795
0.0034393349196761847
0.0059937541373074055
0.015530060976743698
0.008987190201878548
0.008651647716760635
0.004322296939790249
0.004040700849145651
0.010959126055240631
0.003220129758119583
0.012067481875419617
0.007942857220768929
0.012645184993743896
0.0063961707055568695
0.006834239233285189
0.005654117092490196
0.009742649272084236
0.005616497248411179
0.007386323064565659
0.005201017018407583
0.012341329827904701
0.005439686588943005
0.0068435450084507465
0.00324102770537138
0.005647875368595123
0.005082591436803341
0.006685131229460239
0.01783539354801178
0.006258845794945955
0.011556986719369888
0.0041505275294184685
0.004407338798046112
0.01102236658334732
0.0037911608815193176
0.0061325328424572945
0.0055265845730900764
0.00708144111558795
0.004273851402103901
0.006782637909054756
0.011613259091973305
0.004191318526864052
0.0056061288341879845
0.011029651388525963
0.006032993085682392
0.012007755227386951
0.004964685067534447
0.006813756190240383
0.005456191021949053
0.006209057290107012
0.0127445412799716
0.008666465058922768
0.008293493650853634
0.006560460664331913
0.005798753350973129
0.005239925347268581
0.005397679749876261
0.004850456956773996
0.004791749641299248
0.010440783575177193
0.006772010121494532
0.012922435998916626
0.005977937951683998
0.0057068075984716415
0.004971759859472513
0.00856028962880373
0.006633182987570763
0.007177943829447031
0.009566687047481537
0.0036183265037834644
0.004562780726701021
0.0059508467093110085
0.0054122889414429665
0.007362524978816509
0.004445256199687719
0.006070318631827831
0.006650186143815517
0.006749043241143227
0.005897347815334797
0.0036409967578947544
0.005314371082931757
0.00551576679572463
0.005729828029870987
0.010478023439645767
0.005282883998006582
0.00796443223953247
0.003944047261029482
0.002690535970032215
0.008387056179344654
0.006068005692213774
0.008649369701743126
0.01125833485275507
0.0029981161933392286
0.004204802215099335
0.002672614064067602
0.004354983568191528
0.00696532242000103
0.004416170530021191
0.004684047307819128
0.005153092555701733
0.006473133340477943
0.0072164032608270645
0.005275714211165905
0.0026875524781644344
0.004292548168450594
0.005146167241036892
0.007529622875154018
0.006809146609157324
0.006736863404512405
0.006319729145616293
0.003853458911180496
0.013335196301341057
0.0033945110626518726
0.008789705112576485
0.006537584587931633
0.006329457741230726
0.004197825212031603
0.007271346636116505
0.005820397287607193
0.00954548828303814
0.005323221907019615
0.002873750636354089
0.0039817774668335915
0.006514120846986771
0.005432342179119587
0.0032771779224276543
0.013959412463009357
0.0043897125869989395
0.0057978094555437565
0.005487451329827309
0.0032498654909431934
0.003313608467578888
0.007145400159060955
0.007689942605793476
0.006464878097176552
0.015616029500961304
0.004754618741571903
0.01084139570593834
0.0074918633326888084
0.008706845343112946
0.00497504323720932
0.00923805683851242
0.007077495567500591
0.008525911718606949
0.009779823943972588
0.00706801051273942
0.008004315197467804
0.005946304649114609
0.004734433721750975
0.011160200461745262
0.005706818774342537
0.007942689582705498
0.005770147778093815
0.01264199335128069
0.007015868090093136
0.009556828066706657
0.008754008449614048
0.0032528401352465153
0.007286929525434971
0.005836465395987034
0.010425152257084846
0.006062052212655544
0.010161129757761955
0.008327638730406761
0.007196393329650164
0.014273817650973797
0.008600446395576
0.010974956676363945
0.00498220045119524
0.006506477482616901
0.010675117373466492
0.005345507524907589
0.005901153665035963
0.006288826931267977
0.008961154147982597
0.003987970761954784
0.008936279453337193
0.013122433796525002
0.006651252508163452
0.007403524126857519
0.0032785157673060894
0.0045871189795434475
0.007371613755822182
0.006151021923869848
0.007138160988688469
0.008785946294665337
0.0037949688266962767
0.009671802632510662
0.009704269468784332
0.005753795616328716
0.0073425862938165665
0.007735761348158121
0.008161905221641064
0.012123014777898788
0.006596806459128857
0.01265857182443142
0.008313987404108047
0.007866011932492256
0.003466045716777444
0.004569373093545437
0.008990433998405933
0.010656727477908134
0.003522890619933605
0.009987663477659225
0.006814898923039436
0.012411588802933693
0.008061629720032215
0.005278594326227903
0.005310341715812683
0.006991331931203604
0.007155802100896835
0.004283321090042591
0.02720227837562561
0.009127521887421608
0.02384944260120392
0.010710543021559715
0.005275725852698088
0.00622944813221693
0.010238260962069035
0.0053374809212982655
0.003934268839657307
0.0032247332856059074
0.005627261940389872
0.00634296890348196
0.004522980190813541
0.005464195739477873
0.01010088063776493
0.006675477139651775
0.003891351632773876
0.0066369082778692245
0.00414115097373724
0.009022627025842667
0.005199879873543978
0.005524480249732733
0.006314080208539963
0.005973035003989935
0.0076451473869383335
0.002758671762421727
0.005547799170017242
0.0028836242854595184
0.009230236522853374
0.00724668288603425
0.006782480049878359
0.006735834293067455
0.0063174874521791935
0.007989680394530296
0.007915911264717579
0.002535262145102024
0.0036118070129305124
0.007349709514528513
0.0030104932375252247
0.0037112366408109665
0.001998993568122387
0.0057996297255158424
0.00442999042570591
0.0034156509209424257
0.006226671859622002
0.006627115420997143
0.00462803291156888
0.0035775641445070505
0.002256174571812153
0.004000192508101463
0.00890083983540535
0.006515578366816044
0.005558832082897425
0.005659606773406267
0.006127264350652695
0.004720074590295553
0.0018382964190095663
0.005282980389893055
0.003492394695058465
0.00673438236117363
0.006074340082705021
0.0019377418793737888
0.005565478466451168
0.004996142350137234
0.004667248576879501
0.00418046023696661
0.003927589859813452
0.0035442416556179523
0.005964466370642185
0.0034775594249367714
0.005258763674646616
0.003242426086217165
0.003308922052383423
0.007022220175713301
0.004855173174291849
0.005815728567540646
0.012325985357165337
0.010484036058187485
0.006215263623744249
0.0028638578951358795
0.004684534855186939
0.0034024210181087255
0.00327589875087142
0.004331385716795921
0.005400775000452995
0.005911077372729778
0.0065847160294651985
0.0033918581902980804
0.007754148915410042
0.008680141530930996
0.005285033956170082
0.005771170370280743
0.009872796013951302
0.005252194590866566
0.0032763867639005184
0.004411460366100073
0.004602402448654175
0.006381967570632696
0.005374269559979439
0.002632718998938799
0.005270569119602442
0.003000508761033416
0.006834832951426506
0.0024550273083150387
0.0033149963710457087
0.006828144192695618
0.002040404360741377
0.006067467387765646
0.00454866886138916
0.007345318328589201
0.003473729593679309
0.00636265566572547
0.006660988554358482
0.00641286838799715
0.006304414011538029
0.004675612784922123
0.0037501573096960783
0.007346861995756626
0.005617273040115833
0.004591462202370167
0.006195406895130873
0.005274314433336258
0.002110967878252268
0.006822363939136267
0.007069368846714497
0.0047312891110777855
0.007314891088753939
0.00863984227180481
0.004459806717932224
0.006690722890198231
0.008909988217055798
0.004148546606302261
0.004575001075863838
0.005627511069178581
0.007657687179744244
0.003809672314673662
0.0028213434852659702
0.005441507790237665
0.005977870896458626
0.007082125172019005
0.004957069642841816
0.005683069117367268
0.00587758794426918
0.004613417666405439
0.0036042393185198307
0.003939088433980942
0.0063942959532141685
0.003378216177225113
0.0038950257003307343
0.00863950327038765
0.003638935973867774
0.004135334398597479
0.003947574645280838
0.003925910219550133
0.006561687216162682
0.004004151560366154
0.00428359117358923
0.002011003438383341
0.0033081024885177612
0.004280950874090195
0.0032822703942656517
0.0024080167058855295
0.003422489622607827
0.0028747967444360256
0.0036493325605988503
0.012106996960937977
0.0025263666175305843
0.0042571257799863815
0.004561355337500572
0.003223833627998829
0.005946367047727108
0.0039336783811450005
0.0025696540251374245
0.0036442861892282963
0.0043582008220255375
0.003808479756116867
0.003864299738779664
0.0027108443900942802
0.003129589604213834
0.002848174888640642
0.004744626581668854
0.0025090177077800035
0.004955007694661617
0.002975111361593008
0.005654307547956705
0.0035034255124628544
0.003687990829348564
0.004476836416870356
0.006185088772326708
0.004984076600521803
0.002547238487750292
0.002258246298879385
0.004130553919821978
0.004469585604965687
0.005344417877495289
0.0023030214942991734
0.00737691530957818
0.0033177356235682964
0.00593280466273427
0.004099812358617783
0.00298143713735044
0.005273379851132631
0.006387307774275541
0.004231457598507404
0.004482876975089312
0.006530409678816795
0.003065770259127021
0.003587325569242239
0.0074339876882731915
0.0029302737675607204
0.006533395033329725
0.00374748557806015
0.003028054255992174
0.007144861854612827
0.004345524124801159
0.0031743221916258335
0.008950839750468731
0.002845389535650611
0.004907839931547642
0.00216303882189095
0.008410442620515823
0.004881665576249361
0.005521771498024464
0.004166622180491686
0.0019558225758373737
0.004659089259803295
0.006405644118785858
0.004413492511957884
0.00583835132420063
0.004624201916158199
0.004879736807197332
0.009528109803795815
0.002317490056157112
0.0039055270608514547
0.004622016102075577
0.002349169459193945
0.003046649508178234
0.003729242365807295
0.006477808579802513
0.002954038791358471
0.003610843326896429
0.004772399552166462
0.002114294096827507
0.005971907638013363
0.0034533441066741943
0.005246701650321484
0.0029909382574260235
0.013266733847558498
0.005779477767646313
0.005970134399831295
0.005418278276920319
0.0032708318904042244
0.005359571892768145
0.005361390300095081
0.0036017673555761576
0.002153074136003852
0.007939424365758896
0.007436332292854786
0.004593846388161182
0.0049492171965539455
0.008501853793859482
0.003014188725501299
0.007079584989696741
0.004209889564663172
0.01028237771242857
0.002828131429851055
0.00526229664683342
0.0070937080308794975
0.006241297349333763
0.006275976076722145
0.005581622943282127
0.00898716226220131
0.004282020032405853
0.006669510155916214
0.004096632357686758
0.003913660068064928
0.004137787967920303
0.009083904325962067
0.008463796228170395
0.006995155476033688
0.00761332456022501
0.005637538153678179
0.0022368617355823517
0.007496613543480635
0.003235314041376114
0.012791388668119907
0.008980315178632736
0.004302460700273514
0.002732659224420786
0.003973424434661865
0.005390070844441652
0.0024740281514823437
0.0038611763156950474
0.006475989241153002
0.00680174957960844
0.004222302697598934
0.0034798975102603436
0.0038866233080625534
0.006822798866778612
0.0017696379218250513
0.008564853109419346
0.00517957704141736
0.006582769565284252
0.002127742860466242
