0.0015535634011030197
0.0010576461208984256
0.0010353568941354752
0.0010444601066410542
0.001035974477417767
0.0010419904720038176
0.0010399494785815477
0.0020153094083070755
0.0010460092453286052
0.0010540896328166127
0.0010368598159402609
0.0010409461101517081
0.0010439440375193954
0.0010713818483054638
0.0010541046503931284
0.0010540831135585904
0.0010636233491823077
0.0010425583459436893
0.0010636613005772233
0.0010720505379140377
0.001059799687936902
0.0010599587112665176
0.0010481375502422452
0.0010474128648638725
0.0010658922838047147
0.0010666146408766508
0.0010696614626795053
0.0010429815156385303
0.0010518264025449753
0.0010566391283646226
0.0013311835937201977
0.0010484500089660287
0.0010632015764713287
0.001046453951857984
0.001030718325637281
0.0010474647860974073
0.0011649096850305796
0.0010664177825674415
0.001053320593200624
0.0010462478967383504
0.0010558482026681304
0.0016670674085617065
0.0010621739784255624
0.0010685883462429047
0.001036959933117032
0.001038312097080052
0.0010663570137694478
0.001116103259846568
0.001041612820699811
0.0010471792193129659
0.0010448972461745143
0.0010498549090698361
0.0010809431551024318
0.0010835399152711034
0.0010592372855171561
0.0010353708639740944
0.0010520800715312362
0.001094101113267243
0.001053211628459394
0.001064211130142212
0.0010366827482357621
0.001085375202819705
0.0010729407658800483
0.0010529753053560853
0.0010501609649509192
0.0010567009449005127
0.0012479748111218214
0.0010891775600612164
0.0010529711144044995
0.0010452616261318326
0.00104758539237082
0.002472818363457918
0.001063617062754929
0.001063962234184146
0.0010624362621456385
0.001057627727277577
0.0011293243151158094
0.001060491893440485
0.001052615698426962
0.0010346915805712342
0.0024150835815817118
0.001072609331458807
0.0010572156170383096
0.0010434396099299192
0.0010863273637369275
0.001227782922796905
0.0010605958523228765
0.0010563251562416553
0.001033688778989017
0.02686820551753044
0.001175604877062142
0.0012755992356687784
0.0030728597193956375
0.003537178738042712
0.05847689509391785
0.005559555720537901
0.0014817744959145784
0.003088369034230709
0.0017606979236006737
0.001412347424775362
0.0018451412906870246
0.0026029262226074934
0.01805127039551735
0.028783420100808144
0.007304174825549126
0.010386155918240547
0.0023225038312375546
0.0016381535679101944
0.0014907789882272482
0.0019833045080304146
0.006783974356949329
0.041493531316518784
0.03849527984857559
0.007921375334262848
0.002046068897470832
0.0025345105677843094
0.001970649231225252
0.0018421034328639507
0.002771527972072363
0.012916097417473793
0.03987555578351021
0.007606090512126684
0.0019174162298440933
0.003915139939635992
0.002158520743250847
0.001783539541065693
0.002116098999977112
0.004696127027273178
0.004462935496121645
0.005580180790275335
0.001896546920761466
0.002319781109690666
0.0017408981220796704
0.0016707221511751413
0.002603970468044281
0.002438741736114025
0.002176460577175021
0.004199078772217035
0.0018080135341733694
0.0018192774150520563
0.0017460559029132128
0.0018191575072705746
0.0026997160166502
0.001956505700945854
0.0036501360591500998
0.0015607872046530247
0.0015296852216124535
0.002977132797241211
0.0034065537620335817
0.0017000982770696282
0.0015892005758360028
0.0017802953952923417
0.0017668893560767174
0.00154182780534029
0.0023496884386986494
0.00395957613363862
0.001644983422011137
0.0018941963789984584
0.002159059513360262
0.002090072026476264
0.0019365812186151743
0.001619397895410657
0.0021154514979571104
0.0016184246633201838
0.001656374312005937
0.0016723228618502617
0.001624013064429164
0.005598205607384443
0.0018409438198432326
0.00204782048240304
0.0021637696772813797
0.0013477227184921503
0.0013725338503718376
0.0019025115761905909
0.0014104440342634916
0.001257601659744978
0.0023932517506182194
0.0014904162380844355
0.0015653262380510569
0.0017303851200267673
0.0017282605404034257
0.0014613901730626822
0.0020761657506227493
0.001473453245125711
0.001229120185598731
0.0015646159881725907
0.0018571726977825165
0.001268513035029173
0.0018344190903007984
0.0013091295259073377
0.0016479610931128263
0.0013511247234418988
0.001276195514947176
0.001567408675327897
0.0013689317274838686
0.0013599068624898791
0.0013036249438300729
0.0012339247623458505
0.0020566447637975216
0.002781366463750601
0.0013242983259260654
0.0016495753079652786
0.0013721310533583164
0.0013877222081646323
0.002340751700103283
0.0020664790645241737
0.0014260293683037162
0.0013712655054405332
0.0011878905352205038
0.0012932221870869398
0.0028851786628365517
0.0028795991092920303
0.0013030455447733402
0.0017903510015457869
0.00254629529081285
0.0012477714335545897
0.001163463806733489
0.001283964142203331
0.0013245854061096907
0.0012281370582059026
0.0018487947527319193
0.0013238961109891534
0.001946904230862856
0.0013208469608798623
0.0013818774605169892
0.001334727625362575
0.0013990605948492885
0.0011888373410329223
0.0025901237968355417
0.0012415831442922354
0.0013707035686820745
0.0020233518444001675
0.001197194796986878
0.0016171556198969483
0.0012378377141430974
0.0012866505421698093
0.0012637748150154948
0.0015141910407692194
0.0016060732305049896
0.001281095203012228
0.0012864659074693918
0.001236130716279149
0.001210580114275217
0.0012642492074519396
0.001471723080612719
0.001214726478792727
0.0011333797592669725
0.001587019069120288
0.001799847581423819
0.0011750523699447513
0.0012386083835735917
0.0012299828231334686
0.0012359237298369408
0.0011811229633167386
0.0016568766441196203
0.0012634694576263428
0.0011689671082422137
0.0011301737977191806
0.0012694743927568197
0.001431369106285274
0.001350665814243257
0.0011942071141675115
0.00115403498057276
0.001201947103254497
0.0011337937321513891
0.0015161230694502592
0.001258766045793891
0.00117971608415246
0.0011372260050848126
0.0019278477411717176
0.0016077740583568811
0.0012303156545385718
0.0012112610274925828
0.0012035493273288012
0.0013177538057789207
0.0011451214086264372
0.0011977007379755378
0.0011191556695848703
0.0011612296802923083
0.0011814682511612773
0.001155365607701242
0.0011604393366724253
0.0011890834430232644
0.0010974988108500838
0.001290361862629652
0.001288119936361909
0.0017490913160145283
0.001151281874626875
0.0018939009169116616
0.0011945865117013454
0.0014243016485124826
0.0010893072467297316
0.001096945139579475
0.001122894580475986
0.0011243557091802359
0.0011498244712129235
0.0011171047808602452
0.0011876780772581697
0.0011224697809666395
0.0011748436372727156
0.0011587576009333134
0.0014119758270680904
0.0011117176618427038
0.0011135354870930314
0.0012976754223927855
0.0011308839311823249
0.0012826549354940653
0.0012849646154791117
0.0011350734857842326
0.0013220515102148056
0.0011117862304672599
0.0011338916374370456
0.0011067194864153862
0.0011588720371946692
0.00109910499304533
0.0011510468320921063
0.0010996295604854822
0.0011484887218102813
0.001115466933697462
0.0011379097122699022
0.0011987423058599234
0.0010834428248926997
0.001191283343359828
0.0014654728583991528
0.0011702541960403323
0.001315651461482048
0.0011168636847287416
0.0010728632332757115
0.0012126179644837976
0.001126547809690237
0.0010768795618787408
0.001252558664418757
0.001097603002563119
0.001094053965061903
0.0011326870881021023
0.0012218273477628827
0.0011055286740884185
0.001101121655665338
0.001076972926966846
0.001092089107260108
0.0011182029265910387
0.0011163073359057307
0.0011167550692334771
0.001155477249994874
0.001110452227294445
0.0014091461198404431
0.0010749940993264318
0.001091711688786745
0.0011083724675700068
0.00109587621409446
0.0011243594344705343
0.001077723689377308
0.0010612013284116983
0.001074667670764029
0.0014156171819195151
0.0010738254059106112
0.00113213702570647
0.0010702644940465689
0.0010769035434350371
0.0011257677106186748
0.0016802700702100992
0.0010651316260918975
0.0014553689397871494
0.0013374305563047528
0.001357375644147396
0.001112680183723569
0.0012421621941030025
0.0012150718830525875
0.001066161086782813
0.0011251504765823483
0.0013857604935765266
0.001066005788743496
0.001222001388669014
0.0010716801043599844
0.0010777089046314359
0.001067321514710784
0.001099476939998567
0.0010942226508632302
0.001111145131289959
0.0010713237570598722
0.0010933744488283992
0.0010665318695828319
0.0010755349649116397
0.0010682698339223862
0.0012191814603284001
0.001187934074550867
0.0010328484931960702
0.0013546244008466601
0.0010964121902361512
0.0011339745251461864
0.0010616857325658202
0.0014081652043387294
0.0010711532086133957
0.0011100673582404852
0.0010756469564512372
0.0011082295095548034
0.0011498320382088423
0.001062633702531457
0.0011036532232537866
0.0012244662502780557
0.0011077304370701313
0.0010506781982257962
0.0012598572066053748
0.0010642206761986017
0.0010578014189377427
0.0010961125371977687
0.0010711582144722342
0.001077975146472454
0.001082871574908495
0.0010840622708201408
0.001072420971468091
0.0011159864952787757
0.0011741070775315166
0.0010395500576123595
0.0010862675262615085
0.0010841998737305403
0.0011085262522101402
0.0010897067841142416
0.0010642484994605184
0.001273036701604724
0.001192389870993793
0.0011309953406453133
0.0011092794593423605
0.0010654011275619268
0.0012046161573380232
0.0011050119064748287
0.0010695128003135324
0.0010456695454195142
0.0012362542329356074
0.0011801256332546473
0.001131718629039824
0.0010971218580380082
0.0010704842861741781
0.0010670243063941598
0.001054073916748166
0.0010652885539457202
0.0011470591416582465
0.0010743507882580161
0.001178020378574729
0.0010534937027841806
0.001072211773134768
0.001076697139069438
0.0010708984918892384
0.0012370268814265728
0.0012736961944028735
0.0010558911599218845
0.001052273204550147
0.0010552821913734078
0.0013905077939853072
0.0010663240682333708
0.0010608072625473142
0.0013115033507347107
0.0010408522794023156
0.001044329022988677
0.0011487019946798682
0.0010547253768891096
0.0010623603593558073
0.0010648248717188835
0.001074465224519372
0.001054688123986125
0.0010525434045121074
0.0010422614868730307
0.0010299660498276353
0.0010811279062181711
0.0010660197585821152
0.0010486205574125051
0.0011106961173936725
0.0010642227716743946
0.0010559287620708346
0.001042586169205606
0.0010926401009783149
0.00104217987973243
0.0012358324602246284
0.0010558130452409387
0.001054692198522389
0.0011710969265550375
0.001073547638952732
0.0010547093115746975
0.001045707263983786
0.0011785597307607532
0.001067918143235147
0.0011329763801768422
0.0010589329758659005
0.0010817993897944689
0.0010440037585794926
0.0010347706265747547
0.00108627462759614
0.0010718911653384566
0.001110800658352673
0.0015198118053376675
0.0010457978351041675
0.001046075951308012
0.0011474722996354103
0.0010632149642333388
0.001041941693983972
0.0010758450953289866
0.0010431482223793864
0.0010651953052729368
0.0011056908406317234
0.0010492168366909027
0.0010325831826776266
0.0010393130360171199
0.001035618712194264
0.0010644008871167898
0.0011020635720342398
0.0011140621500089765
0.0010308369528502226
0.0010604107519611716
0.0010567361023277044
0.0010303884046152234
0.0010435279691591859
0.0010609807213768363
0.001142879482358694
0.001053671701811254
0.001037968904711306
0.0010443847859278321
0.001061397371813655
0.0010512134758755565
0.0010455437004566193
0.0010431575356051326
0.001053153770044446
0.001040521776303649
0.001039978233166039
0.0010311295045539737
0.001046344987116754
0.0010437630116939545
0.0010332653764635324
0.0010548812570050359
0.0012327717849984765
0.0010508154518902302
0.0010409516980871558
0.0010650410549715161
0.001062620198354125
0.0010560665978118777
0.0010513822780922055
0.0010483167134225368
0.0010479494230821729
0.0010483309160917997
0.0012762421974912286
0.0010358282597735524
0.001035563531331718
0.0010389145463705063
0.0010370156960561872
0.0010416723089292645
0.0011142791481688619
0.0010686556342989206
0.001038285088725388
0.001045258715748787
0.0010366842616349459
0.0010935439495369792
0.0011174158426001668
0.001062727184034884
0.0010666250018402934
0.0010430903639644384
0.001039083581417799
0.0010371588869020343
0.0010877915192395449
0.0010385620407760143
0.0010295026004314423
0.0010377165162935853
0.0010300645371899009
0.0010316673433408141
0.0010483465157449245
0.0010894984006881714
0.0010424369247630239
0.0010379638988524675
0.0011587823973968625
0.0011160592548549175
0.0010407024528831244
0.001061936723999679
0.00110538094304502
0.001025487668812275
0.0010620005195960402
0.0010599339148029685
0.0010264227166771889
0.0010476395254954696
0.001025418285280466
0.001158277504146099
0.0010819640010595322
0.0010652519995346665
0.0010411147959530354
0.0010648972820490599
0.0010382625041529536
0.0010361617896705866
0.0010330947116017342
0.0010371484095230699
0.0010335890110582113
0.001129861455410719
0.0010376630816608667
0.0010161313693970442
0.001043271622620523
0.0010428889654576778
0.001092484570108354
0.0010888729011639953
0.0010293993400409818
0.001050333259627223
0.001027601188980043
0.001037395792081952
0.001030000508762896
0.0010384918423369527
0.0010220736730843782
0.0010460809571668506
0.0010324256727471948
0.0012760015670210123
0.0011308541288599372
0.0010334029793739319
0.001107479794882238
0.001021379022859037
0.0010309561621397734
0.0010314140236005187
0.0010336322011426091
0.0010222530690953135
0.0011221356689929962
0.0010749842040240765
0.0010258799884468317
0.0010417640442028642
0.0010301937581971288
0.0010666459565982223
0.001042436226271093
0.0010966192930936813
0.0010242952266708016
0.0010294397361576557
0.0010372372344136238
0.001048885053023696
0.0010247007012367249
0.001036538160406053
0.0010491992579773068
0.0010207239538431168
0.0010332039091736078
0.0010384186170995235
0.0010329416254535317
0.0010304751340299845
0.0010354726109653711
0.0010467084357514977
0.0010172162437811494
0.001030385377816856
0.0010252775391563773
0.0010697328252717853
0.0010309653589501977
0.0010297015542164445
0.0010626581497490406
0.001041089417412877
0.0010332028614357114
0.0010196008952334523
0.0010459617478772998
0.001089715980924666
0.0010383673943579197
0.0010517672635614872
0.0010275306412950158
0.001063674921169877
0.0010256024543195963
0.0010333162499591708
0.0010532604064792395
0.0010442326311022043
0.0010297648841515183
0.001029578153975308
0.001025618053972721
0.0010296506807208061
0.0010195859940722585
0.0010283825686201453
0.0010388584341853857
0.001052676234394312
0.0010655721416696906
0.0010307150660082698
0.001027683261781931
0.0010333198588341475
0.0010320235742256045
0.001021110569126904
0.0010353653924539685
0.0010328141506761312
0.0010130787268280983
0.0010269501945003867
0.0010298952693119645
0.0010662352433428168
0.0010216356022283435
0.001026263926178217
0.0010214850772172213
0.0010369314113631845
0.0010478554759174585
0.0010397682199254632
0.0010506451362743974
0.001032669679261744
0.0010162554681301117
0.001118882093578577
0.0010853786952793598
0.001021261210553348
0.001070667989552021
0.0010213956702500582
0.001039707800373435
0.001044353237375617
0.0010219392133876681
0.0011102942517027259
0.0010225484147667885
0.0010339783038944006
0.0010370579548180103
0.001016320544295013
0.0010255220113322139
0.0010207314044237137
0.0010372509714215994
0.0010399877792224288
0.0010307962074875832
0.0010194593342021108
0.0010214113863185048
0.0010208288440480828
0.001054129097610712
0.0010259803384542465
0.0010628142626956105
0.0010154781630262733
0.001036950619891286
0.0010249571641907096
0.001035195542499423
0.0010176567593589425
0.0010214551584795117
0.001026285463012755
0.001022829907014966
0.0010596145875751972
0.0010152305476367474
0.0010272219078615308
0.001029749633744359
0.001023518736474216
0.001019761199131608
0.0010135654592886567
0.0010377434082329273
0.001037172507494688
0.0010305721079930663
0.0010202272096648812
0.0010267045581713319
0.0010329954093322158
0.0010238755494356155
0.0010253895306959748
0.0012233257293701172
0.0010187517618760467
0.001027763239108026
0.0010283679002895951
0.0010333373211324215
0.001024286961182952
0.0010196733055636287
0.0010305613977834582
0.0010235313093289733
0.0010307872435078025
0.0010239926632493734
0.0010257366811856627
0.0010217983508482575
0.0010264175944030285
0.0010186675935983658
0.0010215021902695298
0.0010394410928711295
0.0010242237476632
0.0010244428412988782
0.0010205281432718039
0.0010450547561049461
0.0010224930010735989
0.0010163397528231144
0.001020714407786727
0.0010128294816240668
0.0010241302661597729
0.0010284644085913897
0.001013337285257876
0.0010231712367385626
0.0010243449360132217
0.0010197495575994253
0.0010284798918291926
0.0010251749772578478
0.0010153440525755286
0.0010214278008788824
0.0010459538316354156
0.0010201864643022418
0.001014759880490601
0.0010179630480706692
0.001020131865516305
0.0010286219185218215
0.0010216257069259882
0.0010422499617561698
0.001036390196532011
0.0010308728087693453
0.001014145091176033
0.0010199814569205046
0.0010158560471609235
0.0010143055114895105
0.0010156212374567986
0.0010190793545916677
0.0010262108407914639
0.001018491922877729
0.0010112294694408774
0.0010241363197565079
0.0010498624760657549
0.0010151604656130075
0.0010115090990439057
0.0010249995393678546
0.0010898992186412215
0.0010172210168093443
0.0010190460598096251
0.0010192140471190214
0.0012845624005421996
0.0010180957615375519
0.0010247802129015326
0.001012630295008421
0.001014620065689087
0.0010267816251143813
0.0010423175990581512
0.0010153083130717278
0.0010246390011161566
0.0010167798027396202
0.0010385550558567047
0.0010221959091722965
0.0010292596416547894
0.0010219801915809512
0.0010231826454401016
0.0010274299420416355
0.0010166692081838846
0.00102998036891222
0.001027155900374055
0.0010418049059808254
0.001019486109726131
0.0010151407914236188
0.001014258828945458
0.0010155391646549106
0.0010146604618057609
0.0010338753927499056
0.001023250981234014
0.00101697095669806
0.001015408313833177
0.0010262434370815754
0.0010145815322175622
0.0010303539456799626
0.0011623650789260864
0.0010345764458179474
0.0010218918323516846
0.0010120526421815157
0.0010259663686156273
0.0010266174795106053
0.0010180165991187096
0.0010173505870625377
0.001028334954753518
0.0010189713211730123
0.00103036651853472
0.0010137108620256186
0.001021906966343522
0.001039303606376052
0.0010239423718303442
0.0010132953757420182
0.0010482118232175708
0.0010190801694989204
0.0010137950303032994
0.001033172244206071
0.0016934999730437994
0.0010200070682913065
0.0010140573140233755
0.0010151162277907133
0.0010300411377102137
0.0010219288524240255
0.0010328993666917086
0.0010127194691449404
0.0010218922980129719
0.0010903130751103163
0.001016828347928822
0.0010170625755563378
0.0010176686337217689
0.001016658148728311
0.0010408583329990506
0.001013576635159552
0.0010219101095572114
0.0010228215251117945
0.001023090910166502
0.0010202763369306922
0.0010112226009368896
0.001020945725031197
0.001042999792844057
0.0010150757152587175
0.001017231261357665
0.0010120691731572151
0.0010132065508514643
0.001030180137604475
0.0010157456854358315
0.0010108035057783127
0.0010149360168725252
0.0010117772035300732
0.0010179260279983282
0.0010179098462685943
0.0010146874701604247
0.0010231425985693932
0.0010091570438817143
0.0010129004949703813
0.0010168394073843956
0.0010290207574144006
0.0010175893548876047
0.0010130520677194
0.001014494919218123
0.001021930598653853
0.0010204593418166041
0.0010187334846705198
0.0010162581456825137
0.0010181334801018238
0.001017976668663323
0.0010309771168977022
0.0010727397166192532
0.0010420166654512286
0.0010736576514318585
0.0010740269208326936
0.0010180643294006586
0.001059766742400825
0.0010421850020065904
0.0011343619553372264
0.0010637544328346848
0.0010165912099182606
0.0010271057253703475
0.0010226869489997625
0.0010505870450288057
0.0010312250815331936
0.0010248299222439528
0.00102224329020828
0.0010156834032386541
0.0010271866340190172
0.0010411649709567428
0.0010372053366154432
0.0010188486194238067
0.0010433091083541512
0.0010184190468862653
0.0010147492866963148
0.0010273761581629515
0.0010147255379706621
0.0010167962172999978
0.001021573320031166
0.0010149510344490409
0.001015093526802957
0.0010104331886395812
0.0010134712792932987
0.001014125533401966
0.0010105210822075605
0.0010153971379622817
0.0010217165108770132
0.0010116241173818707
0.0010166055290028453
0.001016492722555995
0.0010153315961360931
0.0010200231336057186
0.0010188879678025842
0.001020291238091886
0.0010191875044256449
0.0010150428861379623
0.0010138510260730982
0.0010127546265721321
0.0010110946604982018
0.0010198120726272464
0.0010200326796621084
0.0010103152599185705
0.001014881650917232
0.0010148299625143409
0.001018611015751958
0.0010134698823094368
0.0010169572196900845
0.0010093789314851165
0.0010114152682945132
0.001016160356812179
0.0010168440639972687
0.0010100150248035789
0.001014405395835638
0.0010201785480603576
0.0010163458064198494
0.0010135608026757836
0.0010410355171188712
0.0010176912182942033
0.0010088756680488586
0.0010984272230416536
0.0010152497561648488
0.0010138581274077296
0.0010085641406476498
0.001021228265017271
0.001008905004709959
0.0010090116411447525
0.00102110649459064
0.0010089782299473882
0.001013045315630734
0.0010155912023037672
0.0010272966464981437
0.001014523091726005
0.0010147009743377566
0.001012845546938479
0.0010151393944397569
0.0010246213059872389
0.0010229225736111403
0.001030258135870099
0.0010579988593235612
0.001033696229569614
0.0010835890425369143
0.0011124287266284227
0.0010736807016655803
0.001064507057890296
0.001034789253026247
0.0010295662796124816
0.001268833177164197
0.001049308804795146
0.0010977961355820298
0.0010493440786376595
0.0010298392735421658
0.0010249870829284191
0.0010628093732520938
0.0010484658414497972
0.0010409675305709243
0.0010186281288042665
