0.0054858094081282616
0.005589279346168041
0.005662017036229372
0.005561656318604946
0.005692125763744116
0.005553722381591797
0.005602975841611624
0.005658744368702173
0.0056780665181577206
0.00558923976495862
0.005624616984277964
0.005693999119102955
0.005629648454487324
0.005885060410946608
0.005882021971046925
0.005670992657542229
0.005687702912837267
0.0056632328778505325
0.005663625430315733
0.005840160883963108
0.005629881285130978
0.0055970302782952785
0.005543806124478579
0.005685901269316673
0.005731556564569473
0.005547113250941038
0.005780783016234636
0.005551625043153763
0.005730592645704746
0.005876551382243633
0.0054992069490253925
0.0055630020797252655
0.005614071153104305
0.005652797874063253
0.00547794159501791
0.005479229614138603
0.005532662849873304
0.00562327541410923
0.005613191984593868
0.005569251719862223
0.005758972372859716
0.005532550625503063
0.005582666024565697
0.0056112902238965034
0.005650347098708153
0.00540902279317379
0.005386780481785536
0.005457244347780943
0.005472326651215553
0.005426753778010607
0.0055117313750088215
0.005412828177213669
0.005247492343187332
0.005377345252782106
0.005381949245929718
0.005568380001932383
0.005399639718234539
0.005511321127414703
0.005317294970154762
0.005393718834966421
0.0052980342879891396
0.005371550098061562
0.005293471273034811
0.005315121728926897
0.005445586517453194
0.0053758579306304455
0.0054084062576293945
0.005480481311678886
0.005319372750818729
0.005340273026376963
0.005394875071942806
0.005282836966216564
0.005286131985485554
0.005462002009153366
0.0055489991791546345
0.005290945991873741
0.005371794104576111
0.0053632790222764015
0.005269603803753853
0.0053191594779491425
0.005270511843264103
0.005349775776267052
0.005350667983293533
0.005349084734916687
0.005391885992139578
0.0054458086378872395
0.005465247202664614
0.0053480761125683784
0.005310615058988333
0.005326111800968647
0.005328805185854435
0.005429780576378107
0.005373450927436352
0.005363665986806154
0.00537658529356122
0.0053275818936526775
0.0053646438755095005
0.005448060110211372
0.005510250106453896
0.005479295738041401
0.005317158531397581
0.005453931167721748
0.00535985641181469
0.005360793322324753
0.005412030499428511
0.005385196767747402
0.005302892532199621
0.0053307064808905125
0.005329673644155264
0.0053295777179300785
0.005346694495528936
0.005383624229580164
0.005356922745704651
0.005391306709498167
0.005400222260504961
0.005439928732812405
0.005371732637286186
0.005317344795912504
0.005306167062371969
0.005263465456664562
0.005389066878706217
0.005349891260266304
0.005364745855331421
0.005239114630967379
0.005633526481688023
0.005318239331245422
0.0054588341154158115
0.005305371712893248
0.005270772147923708
0.005352871026843786
0.005309835076332092
0.005403496790677309
0.005238748621195555
0.005259018857032061
0.005242443177849054
0.005568086635321379
0.005233180243521929
0.005295258481055498
0.005273529794067144
0.005406881682574749
0.005493437871336937
0.00527504738420248
0.005375127773731947
0.005266892723739147
0.005225815810263157
0.005350024905055761
0.005321715492755175
0.005310277920216322
0.005298918578773737
0.005244157277047634
0.005341498646885157
0.005495965480804443
0.005247553810477257
0.0052720014937222
0.005287964828312397
0.005422518122941256
0.005316534545272589
0.005228894297033548
0.005384352058172226
0.005273018032312393
0.00537859695032239
0.0053140404634177685
0.005325982812792063
0.005329108331352472
0.005255112424492836
0.005376873537898064
0.005246804095804691
0.005344743374735117
0.005337494425475597
0.005177729297429323
0.005172892939299345
0.005283767823129892
0.0054720621556043625
0.0052498141303658485
0.005466117989271879
0.005393701139837503
0.005387390032410622
0.005283026956021786
0.005466692615300417
0.00531099084764719
0.005172255914658308
0.005318470299243927
0.005280614364892244
0.005153757985681295
0.005265832878649235
0.005406480748206377
0.005217439960688353
0.005236196331679821
0.005396496504545212
0.005424043163657188
0.005275321193039417
0.0051897126249969006
0.005368328653275967
0.005340842064470053
0.005181341897696257
0.005253893323242664
0.005341861397027969
0.005325013305991888
0.00540396012365818
0.005246387794613838
0.005243177060037851
0.0051942807622253895
0.0053259627893567085
0.005276903975754976
0.005215371493250132
0.005354538559913635
0.005202867556363344
0.005552011076360941
0.005338299088180065
0.005170924589037895
0.005159185733646154
0.005341226235032082
0.005527610890567303
0.005363916512578726
0.005331701133400202
0.0054662288166582584
0.005381257738918066
0.005450061056762934
0.005346144549548626
0.005195931997150183
0.00524856336414814
0.0052283694967627525
0.005367669276893139
0.005320703145116568
0.005425407085567713
0.005393468774855137
0.005408782511949539
0.005144402850419283
0.005202209576964378
0.005443152040243149
0.0053058890625834465
0.005097165238112211
0.005380375310778618
0.005363437347114086
0.005556400399655104
0.005445721093565226
0.005250449292361736
0.005401213653385639
0.0050974697805941105
0.005228521768003702
0.005199899431318045
0.005223935004323721
0.005206589121371508
0.005247631575912237
0.005403345916420221
0.00526425801217556
0.005556963849812746
0.005179036408662796
0.00523242587223649
0.005255335476249456
