0.002987293992191553
0.0030899392440915108
0.0031616438645869493
0.003061233786866069
0.0031925069633871317
0.0030531538650393486
0.0031047402881085873
0.0031586529221385717
0.0031771622598171234
0.0030894505325704813
0.0031263655982911587
0.003192904172465205
0.003128183539956808
0.003378426656126976
0.0033813663758337498
0.0031699026003479958
0.0031886729411780834
0.0031623579561710358
0.0031622587703168392
0.0033411241602152586
0.003130008466541767
0.0030968657229095697
0.003043480683118105
0.0031844424083828926
0.003229091875255108
0.003047035774216056
0.0032789267133921385
0.0030519338324666023
0.0032304374035447836
0.0033775847405195236
0.0030000589322298765
0.003063173033297062
0.003113715909421444
0.0031523536890745163
0.002977729309350252
0.0029788222163915634
0.0030335739720612764
0.0031229015439748764
0.0031149154528975487
0.003068151418119669
0.003258748911321163
0.0030319644138216972
0.0030832996126264334
0.003112038364633918
0.0031517818570137024
0.0029105113353580236
0.0028874080162495375
0.002956350799649954
0.002972206799313426
0.002926306799054146
0.003012182656675577
0.002911540912464261
0.0027470749337226152
0.0028774503152817488
0.0028816175181418657
0.003066559787839651
0.0028982802759855986
0.003010131185874343
0.002817561849951744
0.002892743330448866
0.0027978336438536644
0.0028714898508042097
0.002794533735141158
0.0028155287727713585
0.0029455344192683697
0.0028764165472239256
0.002907221671193838
0.002979729324579239
0.0028207474388182163
0.002839918714016676
0.002893749624490738
0.0027832116466015577
0.0027860538102686405
0.002961716614663601
0.00305028073489666
0.00279094441793859
0.0028735357336699963
0.0028634481132030487
0.002769957762211561
0.002819712972268462
0.0027711959555745125
0.0028489057440310717
0.0028510892298072577
0.0028497627936303616
0.0028905505314469337
0.0029446925036609173
0.0029641834553331137
0.0028482696507126093
0.0028090861160308123
0.0028249002061784267
0.0028273118659853935
0.002928946167230606
0.002874025609344244
0.002862761728465557
0.0028751741629093885
0.002827863208949566
0.0028621521778404713
0.0029454976320266724
0.003003905527293682
0.0029785954393446445
0.0028167557902634144
0.00295448862016201
0.002859263215214014
0.002859247848391533
0.002911387477070093
0.002884854795411229
0.0028020187746733427
0.0028304706793278456
0.0028304115403443575
0.0028288925532251596
0.002845865674316883
0.0028815683908760548
0.0028576410841196775
0.002889972645789385
0.002902563428506255
0.0029383674263954163
0.002869620220735669
0.002818772569298744
0.002805242547765374
0.002763058990240097
0.0028868590015918016
0.0028481571935117245
0.0028628611471503973
0.0027388695161789656
0.0031298177782446146
0.0028178230859339237
0.0029579969123005867
0.0028054420836269855
0.0027698762714862823
0.0028529625851660967
0.0028096677269786596
0.002904260531067848
0.002738804090768099
0.002758836606517434
0.002743099583312869
0.003063344396650791
0.0027332487516105175
0.0027951940428465605
0.0027737754862755537
0.0029048193246126175
0.002990281442180276
0.002773804822936654
0.0028750095516443253
0.0027664313092827797
0.0027252600993961096
0.002848424483090639
0.002822511363774538
0.0028098442126065493
0.0027981954626739025
0.002744073746725917
0.0028410654049366713
0.002995022339746356
0.0027465084567666054
0.0027703633531928062
0.0027865564916282892
0.002920805010944605
0.002815729472786188
0.002729063853621483
0.0028840068262070417
0.0027732201851904392
0.0028793462552130222
0.0028140703216195107
0.0028280294500291348
0.002829579869285226
0.0027548791840672493
0.002878249390050769
0.002747327322140336
0.0028468924574553967
0.0028367384802550077
0.0026788038667291403
0.0026725928764790297
0.0027852067723870277
0.002975886920467019
0.002751250984147191
0.0029671883676201105
0.0028965147212147713
0.0028885563369840384
0.002783713396638632
0.0029710493981838226
0.002811663318425417
0.0026726629585027695
0.0028191062156111
0.002780510112643242
0.0026538351085036993
0.0027661691419780254
0.0029033836908638477
0.002716626739129424
0.00273515353910625
0.002895614830777049
0.002922678366303444
0.0027763578109443188
0.0026904339902102947
0.0028619826771318913
0.002840988803654909
0.0026811661664396524
0.0027516447007656097
0.0028444204945117235
0.002824752824380994
0.00290256692096591
0.0027487154584378004
0.002744903787970543
0.0026950740721076727
0.0028275619260966778
0.002779787639155984
0.002717622322961688
0.00285678100772202
0.00270462641492486
0.0030536914709955454
0.002842716407030821
0.002671416848897934
0.0026597182732075453
0.0028434772975742817
0.0030350128654390574
0.0028661107644438744
0.0028348700143396854
0.0029685003682971
0.002882894827052951
0.0029516436625272036
0.002845541574060917
0.002696416573598981
0.002748825354501605
0.0027288186829537153
0.00287190405651927
0.0028222338296473026
0.0029271277599036694
0.0028949035331606865
0.002910331357270479
0.002645917236804962
0.002703398000448942
0.0029454119503498077
0.0028082127682864666
0.0025976651813834906
0.0028810559306293726
0.002864935202524066
0.003060274990275502
0.0029467977583408356
0.0027511201333254576
0.0029013908933848143
0.0025978826452046633
0.0027288696728646755
0.0027005644515156746
0.0027260645292699337
0.0027064047753810883
0.0027488339692354202
0.0029045981355011463
0.0027648129034787416
0.003056634683161974
0.002679346362128854
0.002733696950599551
0.002755399327725172
0.0029171158093959093
0.0026321662589907646
0.002916753990575671
0.002855223137885332
0.002730755601078272
0.002734116744250059
0.0028179397340863943
0.0027478844858705997
0.0028194535989314318
0.0029167127795517445
0.0028139313217252493
0.0026654473040252924
0.0028032746631652117
0.002759731374680996
0.002948829671368003
0.0027453552465885878
0.002697413321584463
0.0026804888620972633
0.0029928572475910187
0.0026261566672474146
0.0025968258269131184
0.002729624742642045
0.0027028070762753487
0.0027775755152106285
0.002821270376443863
0.0028809974901378155
0.003181994426995516
0.0029571675695478916
0.0027519562281668186
0.0028270171023905277
0.0030312088783830404
0.002647670451551676
0.002765058306977153
0.0027443014550954103
0.002640414983034134
0.0027387638110667467
0.0028568459674715996
0.002760453848168254
0.002637543249875307
0.002843703143298626
0.0028341098222881556
0.0027051311917603016
0.0027909527998417616
0.00332099967636168
0.0026670140214264393
0.002614375902339816
0.0028758265543729067
0.00279663922265172
0.0026755111757665873
0.00263976096175611
0.0027162458281964064
0.002738587325438857
0.002750050975009799
0.002669509733095765
0.0028182612732052803
0.002678762888535857
0.002875011181458831
0.0027245772071182728
0.002622219966724515
0.002668899018317461
0.0026046328712254763
0.0025987988337874413
0.002643733751028776
0.0026737579610198736
0.0026602058205753565
0.0026383178774267435
0.002638243604451418
0.0026302833575755358
0.002631833078339696
0.002689856104552746
0.0026632575318217278
0.0026301536709070206
0.0027686343528330326
0.002750600455328822
0.002632945543155074
0.0027886726893484592
0.002696000272408128
0.002732633613049984
0.002656881930306554
0.002687210915610194
0.002609121147543192
0.0029272588435560465
0.0026855580508708954
0.0028942327480763197
0.0026138662360608578
0.002729827770963311
0.002941765123978257
0.002624322660267353
0.0029093038756400347
0.00262941000983119
0.002632664516568184
0.002712792484089732
0.0026922738179564476
0.002707341918721795
0.0026501771062612534
0.0026852067094296217
0.002678261138498783
0.0030784625560045242
0.0028606713749468327
0.002659345744177699
0.0028179085347801447
0.0026728787925094366
0.002628134796395898
0.0028679086826741695
0.00279155932366848
0.002643819898366928
0.0026073292829096317
0.002848418429493904
0.0026999060064554214
0.002640417544171214
0.0025847414508461952
0.002610202878713608
0.002679433673620224
0.0027004843577742577
0.002598385326564312
0.00257325591519475
0.0025829339865595102
0.002565001603215933
0.002613058313727379
0.0027335239574313164
0.0026106350123882294
0.0025679352693259716
0.002605423331260681
0.0026136504020541906
0.0025916066952049732
0.002604840788990259
0.0025644705165177584
0.0025941175408661366
0.002543503185734153
0.002614449942484498
0.0026827859692275524
0.0025848797522485256
0.002617091406136751
0.0025868378579616547
0.002558903070166707
0.002600115491077304
0.002606764202937484
0.002778744325041771
0.0026991653721779585
0.0025559912901371717
0.002623092383146286
0.002638106234371662
0.0025517416652292013
0.002583320252597332
0.0026371374260634184
0.002601419808343053
0.002571060787886381
0.002575392834842205
0.002653527772054076
0.0025596129707992077
0.002618558472022414
0.002608276903629303
0.002575361169874668
0.002617648569867015
0.002599359257146716
0.0025867021176964045
0.0026178830303251743
0.00261714612133801
0.0026226688642054796
0.0027969940565526485
0.0026443011593073606
0.0028476309962570667
0.0026389295235276222
0.0026563135907053947
0.002659784397110343
0.002594608813524246
0.0025375382974743843
0.002573540899902582
0.0026816886384040117
0.002646620385348797
0.002626650035381317
0.0026221000589430332
0.002665273379534483
0.002643743995577097
0.0025971808936446905
0.0025671906769275665
0.0025505786761641502
0.002579787280410528
0.002537791384384036
0.0027218563482165337
0.002573018427938223
0.002678637159988284
0.0025487078819423914
0.0025781970471143723
0.00259125092998147
0.0025901722256094217
0.0025778322014957666
0.0025908604729920626
0.0025594448670744896
0.0026237971615046263
0.0026065229903906584
0.0025490387342870235
0.002543564885854721
0.0025656011421233416
0.002544478978961706
0.0025875333230942488
0.0026702433824539185
0.0025863756891340017
0.002535585081204772
0.002563497284427285
0.0025316020473837852
0.0026087674777954817
0.002534824889153242
0.0025475360453128815
0.0025654644705355167
0.002567833289504051
0.0026389802806079388
0.002527833916246891
0.0026079609524458647
0.00255949585698545
0.002549733966588974
0.002554008038714528
0.0025590199511498213
0.002594258636236191
0.0025247863959521055
0.002547068987041712
0.0025690689217299223
0.0025430379901081324
0.002564959228038788
0.0025314686354249716
0.0025345690082758665
0.0025980116333812475
0.0025517859030514956
0.0025723539292812347
0.002563951537013054
0.002601275686174631
0.0025584467221051455
0.0025631538592278957
0.002561120316386223
0.0026245135813951492
0.002568818861618638
0.0025682540144771338
0.0025584332179278135
0.002529720775783062
0.002600636798888445
0.0026446913834661245
0.002532233251258731
0.002549653872847557
0.0025806594640016556
0.0025424135383218527
0.0026222181040793657
0.0025683233980089426
0.0025904958602041006
0.0025357375852763653
0.0025722766295075417
0.0025463455822318792
0.002623235573992133
0.002533520106226206
0.002529826480895281
0.0026192525401711464
0.002554526086896658
0.0026115239597857
0.002566909184679389
0.0026128629688173532
0.0026570777408778667
0.0025551896542310715
0.00257965293712914
0.002796477871015668
0.002563673770055175
0.0025491586420685053
0.0025806615594774485
0.002529649529606104
0.0026584493461996317
0.0025522159412503242
0.002516226377338171
0.0025370384100824594
0.002560039283707738
0.0025764969177544117
0.0025615619961172342
0.0025231775362044573
0.002524775918573141
0.002597118727862835
0.002523956587538123
0.0025366211775690317
0.00253906543366611
0.002529134973883629
0.0025784450117498636
0.002536328276619315
0.002550603821873665
0.002523589413613081
0.0025174643378704786
0.0025161616504192352
0.002514946274459362
0.002524792216718197
0.0025260201655328274
0.002542457077652216
0.002562609501183033
0.0025257105007767677
0.002553142374381423
0.0025494922883808613
0.00253081857226789
0.0025171353481709957
0.0025204515550285578
0.0025705345906317234
0.002610145602375269
0.0025441832840442657
0.0025411657989025116
0.002560065360739827
0.0025915976148098707
0.0025141751393675804
0.002531149424612522
0.0025634809862822294
0.002533730585128069
0.00254585943184793
0.002580955857411027
0.0025179556105285883
0.0025261358823627234
0.0025376270059496164
0.002547202166169882
0.002526236930862069
0.0025541733484715223
0.002552392892539501
0.002556111663579941
0.0025359205901622772
0.0026327345985919237
0.0025881649926304817
0.002544259885326028
0.002575261052697897
0.002582020591944456
0.0025393939577043056
0.0026278553996235132
0.002524743787944317
0.002541470807045698
0.002519038738682866
0.0025708756875246763
0.0025373557582497597
0.002544291317462921
0.002528324956074357
0.0025263195857405663
0.002550791949033737
0.0025640695821493864
0.002520275767892599
0.002530376659706235
0.0025422319304198027
0.0025143481325358152
0.002567628398537636
0.0025194440968334675
0.0025221630930900574
0.0025453846901655197
0.002531861886382103
0.002510292222723365
0.0025119108613580465
0.0025157774798572063
0.0025366635527461767
0.002514349762350321
0.0025459134485572577
0.002516696462407708
0.002520141890272498
0.002516675041988492
0.0025180920492857695
0.0025775579269975424
0.0025255342479795218
0.0025323904119431973
0.002549626398831606
0.0025155264884233475
0.0025167835410684347
0.0025159555952996016
0.0025230913888663054
0.002543074544519186
0.002513687591999769
0.002516078995540738
0.002520583337172866
0.002530010649934411
0.0025240282993763685
0.0025275633670389652
0.0025204194243997335
0.002573984209448099
0.0025256245862692595
0.002534789266064763
0.0025130638387054205
0.0025262997951358557
0.0025232669431716204
0.0025302583817392588
0.0025413164403289557
0.0025326008908450603
0.002519470639526844
0.0025089429691433907
0.002533315448090434
0.002514580264687538
0.0025186974089592695
0.0025134386960417032
0.0025200853124260902
0.0025238213129341602
0.002516344655305147
0.0025294884108006954
0.0025265056174248457
0.0025121024809777737
0.0025103401858359575
0.002514092018827796
0.0025315582752227783
0.0025130033027380705
0.0025265133008360863
0.002523356582969427
0.0025224601849913597
0.002519630128517747
0.0025314183440059423
0.0025220089592039585
0.0025172072928398848
0.002540518529713154
0.002533980878069997
0.0025137325283139944
0.0025094959419220686
0.002511365106329322
0.002518622437492013
0.0025175015907734632
0.0025131497532129288
0.0025158401113003492
0.002520784270018339
0.002519499510526657
0.0025236334186047316
0.002531138714402914
0.002523968927562237
0.0025306730531156063
0.002516315784305334
0.0025222287513315678
0.0025140608195215464
0.0025330111384391785
0.0025153395254164934
0.0025128244888037443
0.002508382312953472
0.002516502281650901
0.002520130015909672
0.0025164815597236156
0.002512738574296236
0.0025130484718829393
0.002541762311011553
0.0025251207407563925
0.002536577405408025
0.0025079092010855675
0.002504965290427208
0.0025206180289387703
0.002508457750082016
0.0025102468207478523
0.0025141346268355846
0.00251023075543344
0.0025151188019663095
0.0025100307539105415
0.002515264321118593
0.002519043628126383
0.0025130880530923605
0.0025136012118309736
0.002509817248210311
0.0025088870897889137
0.0025118894409388304
0.0025178210344165564
0.002511015860363841
0.0025089660193771124
0.0025222748517990112
0.0025153160095214844
0.002508061472326517
0.00251597398892045
0.002514745807275176
0.002516073640435934
0.0025139818899333477
0.002512096194550395
0.0025149723514914513
0.0025278266984969378
0.002516601700335741
0.002513208193704486
0.0025120526552200317
0.002514561638236046
0.0025101525243371725
0.0025142973754554987
0.0025117199402302504
0.002516946755349636
0.002508663572371006
0.0025103269144892693
0.0025132254231721163
0.00250858161598444
0.002504612086340785
0.002509059151634574
0.002510618418455124
0.0025062153581529856
0.0025139302015304565
0.00251422799192369
0.002511988626793027
0.0025044686626642942
0.0025124559178948402
0.002511452417820692
0.0025068458635360003
0.0025081150233745575
0.0025130852591246367
0.002511595841497183
0.0025099157355725765
0.002513874787837267
0.002508897567167878
0.0025087229441851377
0.002507581375539303
0.002513718791306019
0.0025096985045820475
0.0025133637245744467
0.0025125686079263687
0.0025180529337376356
0.0025169148575514555
0.002516524400562048
0.0025047624949365854
0.0025082649663090706
0.0025118321646004915
0.0025146028492599726
0.002509256126359105
0.002508945530280471
0.002503292402252555
0.0025061769410967827
0.0025040244217962027
0.0025071867275983095
0.002505105920135975
0.0025137346237897873
0.0025053462013602257
0.0025047315284609795
0.002505743410438299
0.002507517347112298
0.0025092007126659155
0.002510982798412442
0.002509047742933035
0.0025088973343372345
0.0025070563424378633
0.0025055583100765944
0.002510471735149622
0.0025061978958547115
0.0025082046631723642
0.0025087958201766014
0.00251882360316813
0.002505604876205325
0.002507871715351939
0.0025057601742446423
0.0025089746341109276
0.0025048390962183475
0.002506086602807045
0.0025076435413211584
0.00250784819945693
0.0025058742612600327
0.002508525038138032
0.002503836527466774
0.0025107846595346928
0.002509608631953597
0.0025099918711930513
0.0025044113863259554
0.0025094542652368546
0.0025051485281437635
0.002510073594748974
0.0025056726299226284
0.0025053073186427355
0.0025063753128051758
0.0025023198686540127
0.00250518461689353
0.002505883574485779
0.002508206060156226
0.0025061967317014933
0.0025065371301025152
0.0025050321128219366
0.0025101781357079744
0.002504169475287199
0.002505282638594508
0.0025034421123564243
0.0025038544554263353
0.0025047077797353268
0.0025020763278007507
0.0025124354287981987
0.0025077094323933125
0.002504669828340411
0.00250991340726614
0.00250428169965744
0.0025084090884774923
0.002505610464140773
0.002504593227058649
0.002503017894923687
0.002506471471861005
0.0025054505094885826
0.0025041578337550163
0.0025045331567525864
0.0025052339769899845
0.0025044793728739023
0.0025047261733561754
0.002503499621525407
0.002505068900063634
0.0025033720303326845
0.002505306154489517
0.002511941595003009
0.0025047080125659704
0.002502982271835208
0.002503857249394059
0.0025098363403230906
0.0025024060159921646
0.002504338975995779
0.0025119963102042675
0.0025066486559808254
0.0025067150127142668
0.0025055170990526676
0.0025043729692697525
0.002504633739590645
0.0025043864734470844
0.0025045110378414392
0.002504830714315176
0.0025041585322469473
0.0025061429478228092
0.002508070319890976
0.0025049964897334576
0.0025033762212842703
0.002503389725461602
0.0025046204682439566
0.0025043743662536144
0.002505088457837701
0.002504324773326516
0.002509662415832281
0.0025072144344449043
0.0025027680676430464
0.0025055231526494026
0.0025034251157194376
0.0025020306929945946
0.0025058318860828876
0.002507732016965747
0.0025096568278968334
0.0025035743601620197
0.00250450917519629
0.0025049541145563126
0.002504117554053664
0.002503808820620179
0.002503479365259409
0.002502765506505966
0.0025063969660550356
0.0025047650560736656
0.002504441188648343
0.0025041294284164906
0.0025028830859810114
0.0025033338461071253
0.0025041867047548294
0.0025031412951648235
0.0025026642251759768
0.0025031641125679016
0.0025023063644766808
0.0025023617781698704
0.0025037142913788557
0.002503011841326952
0.0025018637534230947
0.0025022742338478565
0.002503713360056281
0.0025052193086594343
0.00250227190554142
0.002502969466149807
0.0025035468861460686
0.002503106137737632
0.0025036968290805817
0.0025032889097929
0.002504179487004876
0.0025022539775818586
0.002507556462660432
0.002505537588149309
0.0025043473578989506
0.0025027955416589975
0.002505076117813587
0.0025027021765708923
0.0025035401340574026
0.002507192315533757
0.002509298035874963
0.0025019431486725807
0.0025034802965819836
0.0025023496709764004
0.002503912663087249
0.00250493036583066
0.0025024241767823696
0.0025019629392772913
0.00250482140108943
0.0025032300036400557
0.002502436051145196
0.00250250194221735
0.0025045692455023527
0.0025042376946657896
0.0025023031048476696
0.0025070381816476583
0.002502653282135725
0.002503247233107686
0.002502249553799629
0.0025027275551110506
0.002503103343769908
0.0025028504896909
0.0025022479239851236
0.0025021745823323727
0.0025014770217239857
0.002502172952517867
0.00250281416811049
0.0025023554917424917
0.0025027990341186523
0.0025024169590324163
0.002501972019672394
0.0025044369976967573
0.0025017629377543926
0.0025034411810338497
0.0025019547902047634
0.002503408817574382
0.002502548275515437
0.0025034621357917786
0.002501552226021886
0.002502172952517867
0.002501917537301779
0.0025023415219038725
0.0025022283662110567
0.002501924755051732
0.002502352697774768
0.0025023126509040594
0.002501827199012041
0.0025021876208484173
0.0025055648293346167
0.002503476571291685
0.0025031783152371645
0.0025019252207130194
0.0025034951977431774
0.002502477029338479
0.0025022842455655336
0.0025024123024195433
0.0025029582902789116
0.0025032295379787683
0.002502116607502103
0.002504505217075348
0.002502845600247383
0.002503626747056842
0.0025047671515494585
0.002505315002053976
0.0025021706242114305
0.002506816992536187
0.0025046064984053373
0.0025025676004588604
0.002501640934497118
0.002502218121662736
0.002502832096070051
0.002502843039110303
0.0025019363965839148
0.0025022828485816717
0.0025022930931299925
0.00250420649535954
0.002502403687685728
0.0025027894880622625
0.0025018504820764065
0.0025038053281605244
0.0025024728383868933
0.0025024793576449156
0.002501383423805237
0.002502651885151863
0.0025025017093867064
0.0025012274272739887
0.0025012355763465166
0.0025022360496222973
0.002501747803762555
0.002501735696569085
0.0025015459395945072
0.0025014302227646112
0.002503358293324709
0.0025020006578415632
0.0025020071770995855
0.002502184361219406
0.002502711256965995
