0.09843156486749649
0.09896019101142883
0.09895289689302444
0.09892918914556503
0.09897515177726746
0.09895006567239761
0.09896651655435562
0.09799634665250778
0.09895285964012146
0.09895168244838715
0.09895520657300949
0.0989498496055603
0.09895574301481247
0.09891749173402786
0.09895733743906021
0.09894450753927231
0.0989561527967453
0.09895944595336914
0.09895981103181839
0.09891395270824432
0.09895623475313187
0.09893549233675003
0.09895507246255875
0.09896209836006165
0.09894075989723206
0.09892468899488449
0.09897033125162125
0.09894818067550659
0.09895484894514084
0.09894626587629318
0.0984712466597557
0.09892747551202774
0.09894120693206787
0.09893512725830078
0.09892728924751282
0.09894759953022003
0.09884737432003021
0.09894677251577377
0.09896089881658554
0.09896306693553925
0.09895823895931244
0.09855304658412933
0.09892374277114868
0.09895922243595123
0.09895704686641693
0.09896369278430939
0.09893270581960678
0.09890174865722656
0.0989428162574768
0.09895732253789902
0.09896199405193329
0.09894926846027374
0.09889564663171768
0.09895224124193192
0.09893441945314407
0.0989445224404335
0.0989300012588501
0.09889392554759979
0.09894733130931854
0.09896925836801529
0.09894850850105286
0.09893419593572617
0.09889271855354309
0.09895709902048111
0.09895182400941849
0.09896306693553925
0.09879915416240692
0.09895255416631699
0.0989551842212677
0.09896208345890045
0.09896118193864822
0.09766432642936707
0.09893342852592468
0.09896193444728851
0.09895800799131393
0.09893565624952316
0.09892164170742035
0.09897170215845108
0.09896357357501984
0.09896516054868698
0.09727908670902252
0.09894022345542908
0.09894619137048721
0.0989379808306694
0.09890158474445343
0.09887629002332687
0.0989590734243393
0.09896916896104813
0.09895338863134384
0.06283795088529587
0.09594374150037766
0.09168869256973267
0.04425203427672386
0.043952833861112595
0.08920834958553314
0.09223688393831253
0.09781090915203094
0.09645452350378036
0.042384665459394455
0.07821973413228989
0.05735337361693382
0.051868684589862823
0.07304003089666367
0.09454478323459625
0.09453197568655014
0.09329730272293091
0.0651356503367424
0.047501370310783386
0.04635459929704666
0.0241752490401268
0.06842242926359177
0.08039514720439911
0.08368710428476334
0.08729952573776245
0.059967923909425735
0.029250741004943848
0.05487918108701706
0.008621571585536003
0.02376754954457283
0.056053224951028824
0.07219500094652176
0.07218444347381592
0.0583580918610096
0.027056092396378517
0.0241094920784235
0.014196068048477173
0.029113369062542915
0.046348296105861664
0.04014984518289566
0.041966117918491364
0.008530670776963234
0.031325750052928925
0.011118626222014427
0.03141465783119202
0.027520814910531044
0.04429854080080986
0.0282489825040102
0.018027586862444878
0.020759902894496918
0.00875637773424387
0.0042697046883404255
0.013736157678067684
0.039568815380334854
0.02755940519273281
0.0268868338316679
0.00439500343054533
0.0019469264661893249
0.056852828711271286
0.009194065816700459
0.035214077681303024
0.028015756979584694
0.02583315409719944
0.013527123257517815
0.012098776176571846
0.005781619809567928
0.0050534699112176895
0.011021386831998825
0.020138274878263474
0.009484798647463322
0.019579077139496803
0.02777717262506485
0.005693436600267887
0.007251954637467861
0.008506528101861477
0.012176601216197014
0.008435136638581753
0.013645184226334095
0.003523807739838958
0.019185496494174004
0.00746102724224329
0.004419390112161636
0.0040243566036224365
0.006838980596512556
0.01122309360653162
0.0022948195692151785
0.0023259364534169436
0.0033842509146779776
0.0029564197175204754
0.012182213366031647
0.007002598140388727
0.002690492896363139
0.0034677893854677677
0.004049284383654594
0.006500088609755039
0.0021996707655489445
0.002701222663745284
0.00517913606017828
0.0034005241468548775
0.008882682770490646
0.007278729695826769
0.007789647206664085
0.0018219982739537954
0.0015021912986412644
0.015518955886363983
0.007183927111327648
0.010878453031182289
0.002498075133189559
0.007945834659039974
0.005811147391796112
0.005524520296603441
0.004689630586653948
0.004107621498405933
0.005316737107932568
0.002924603410065174
0.016047142446041107
0.0037222024984657764
0.005222323816269636
0.009345997124910355
0.0014749038964509964
0.011710927821695805
0.0029516282957047224
0.009518127888441086
0.005067729856818914
0.005160780623555183
0.004246276803314686
0.0034455214627087116
0.0035267993807792664
0.0081012062728405
0.005674972198903561
0.0038044347893446684
0.004892440512776375
0.003319567535072565
0.0019978585187345743
0.006501090247184038
0.002107062144204974
0.0023536141961812973
0.004271659534424543
0.005010025110095739
0.0022676822263747454
0.0014423225075006485
0.01410595327615738
0.020463012158870697
0.009096120484173298
0.00521441176533699
0.007214158773422241
0.005246371030807495
0.0020548678003251553
0.002256551291793585
0.00386561406776309
0.00816977210342884
0.004042733460664749
0.005112821236252785
0.006646865047514439
0.0021530012600123882
0.003959784284234047
0.002743890043348074
0.002648923546075821
0.005387961398810148
0.001314700348302722
0.0021337198559194803
0.0014977669343352318
0.0017126745078712702
0.003935771994292736
0.004196839407086372
0.005390602629631758
0.006595574785023928
0.00314175128005445
0.0020406250841915607
0.006955787539482117
0.001445247558876872
0.0025647254660725594
0.0035234582610428333
0.002799172420054674
0.002319286810234189
0.0032242839224636555
0.0053480989299714565
0.002721014665439725
0.0018802490085363388
0.0017864136025309563
0.0016242396086454391
0.0024847579188644886
0.003973342478275299
0.0013411676045507193
0.003702412825077772
0.0034704837016761303
0.0047159320674836636
0.0017738465685397387
0.0012545895297080278
0.0031177939381450415
0.006195046938955784
0.0011754898587241769
0.0011539581464603543
0.0024391296319663525
0.0012110305251553655
0.0033526469487696886
0.0014030009042471647
0.0008262469200417399
0.002514943480491638
0.0034767361357808113
0.002542673610150814
0.003502452280372381
0.0020871711894869804
0.003415042534470558
0.007029073312878609
0.0010798047296702862
0.0030748723074793816
0.0024260857608169317
0.002838134067133069
0.002377323107793927
0.0024946979247033596
0.0035147678572684526
0.0013231493066996336
0.0026885420083999634
0.002322082407772541
0.002954639960080385
0.0007641890551894903
0.004174955189228058
0.0030892726499587297
0.0019176462665200233
0.0020150120835751295
0.0016308440826833248
0.004977559670805931
0.002113458001986146
0.0017648932989686728
0.015145460143685341
0.0022691229823976755
0.002960558980703354
0.004020038992166519
0.0021151620894670486
0.0014637508429586887
0.0011763592483475804
0.0012533031404018402
0.0028954290319234133
0.0011609444627538323
0.0019655502401292324
0.0017171944491565228
0.0017217101994901896
0.0005523693980649114
0.0025270995683968067
0.0015765761490911245
0.002009719843044877
0.007127762772142887
0.0010124179534614086
0.003135374281555414
0.0012419484555721283
0.0024625982623547316
0.001229304587468505
0.003296265611425042
0.000653830065857619
0.0034265853464603424
0.0013541565276682377
0.002183447126299143
0.0017620779108256102
0.002650734269991517
0.002527344971895218
0.0019348685164004564
0.0018905398901551962
0.001123970840126276
0.0014155625831335783
0.0024285255931317806
0.0011041911784559488
0.0020889616571366787
0.0008389868307858706
0.0014222364407032728
0.0009235904435627162
0.0018143326742574573
0.006645364221185446
0.0007315565599128604
0.0012578237801790237
0.0038817240856587887
0.002712428802624345
0.001013255794532597
0.002652069553732872
0.001824439619667828
0.0037782443687319756
0.0012072882382199168
0.0009269940201193094
0.0015447760233655572
0.0025945627130568027
0.000934640527702868
0.002724373945966363
0.0011572762159630656
0.001967035699635744
0.001919152564369142
0.0010670694755390286
0.002344702137634158
0.0048700179904699326
0.0015724468976259232
0.001806905958801508
0.0015011028153821826
0.0017277735751122236
0.0015392836648970842
0.0009045331971719861
0.0018052735831588507
0.0019151887390762568
0.0008667568326927722
0.003770452458411455
0.0020973561331629753
0.0012032820377498865
0.0013397145085036755
0.0014855553163215518
0.0011109914630651474
0.0005682820337824523
0.0022843857295811176
0.001494868192821741
0.0007970534497871995
0.0023812672588974237
0.0018388006137683988
0.0012010212522000074
0.007294336799532175
0.0009949302766472101
0.0008085626177489758
0.0015478378627449274
0.0019890465773642063
0.0020894985646009445
0.0006483273464255035
0.0011313091963529587
0.0014387520495802164
0.0013468853430822492
0.0007168169831857085
0.0011852472089231014
0.0019078950863331556
0.0018810259643942118
0.0009932622779160738
0.0027767966967076063
0.001358608715236187
0.0010638601379469037
0.0014195796102285385
0.005047861952334642
0.0032526860013604164
0.0011711125262081623
0.0028528794646263123
0.0007863144855946302
0.000981644494459033
0.001074239145964384
0.0014381265500560403
0.0010154342744499445
0.0015533734112977982
0.0013014874421060085
0.0017184088937938213
0.0019492828287184238
0.004679074976593256
0.002875508042052388
0.0010856203734874725
0.0005821754457429051
0.002167724771425128
0.0015324170235544443
0.0018584784120321274
0.001565599231980741
0.002525807823985815
0.0008436848293058574
0.0013115362962707877
0.002652250463142991
0.0020491741597652435
0.0014094626531004906
0.008205613121390343
0.0008590095094405115
0.002387474523857236
0.0026739768218249083
0.002831871621310711
0.0015154164284467697
0.001835345639847219
0.0007101283990778029
0.0008072832133620977
0.0020213359966874123
0.00271133566275239
0.0018868539482355118
0.004700605757534504
0.0015065011102706194
0.002076420933008194
0.0018338338704779744
0.003367549739778042
0.0005754174781031907
0.0043158442713320255
0.003979748114943504
0.0016287778271362185
0.0019336574478074908
0.0022039872128516436
0.0011743211653083563
0.0011604682076722383
0.0009328960441052914
0.0023110699839890003
0.0020802824292331934
0.001287850784137845
0.000889836810529232
0.0016284121666103601
0.0012115873396396637
0.002205147873610258
0.000820759916678071
0.001186768407933414
0.000938050274271518
0.0030503300949931145
0.0012872004881501198
0.0012769624590873718
0.00138148944824934
0.0008813155582174659
0.0009796236408874393
0.0014914264902472496
0.004684555809944868
0.0014407278504222631
0.0016423044726252556
0.0009722820250317454
0.0006901085725985467
0.003758752718567848
0.0005862843827344477
0.0033482960425317287
0.0014573446242138743
0.0014010521117597818
0.0012045740149915218
0.0007554839830845594
0.001301668118685484
0.0025082372594624758
0.000849761301651597
0.0016852323897182941
0.0009289158042520285
0.0015320833772420883
0.0010891896672546864
0.0014200449222698808
0.0006109196110628545
0.0009453340899199247
0.0014542946591973305
0.0017829303396865726
0.002945925109088421
0.0009937776485458016
0.0016886132070794702
0.000995466485619545
0.000891827279701829
0.0022042535711079836
0.0007373017724603415
0.001606983132660389
0.0008228097576647997
0.0007271466311067343
0.00110923801548779
0.002220659516751766
0.0024643647484481335
0.0011944209691137075
0.0015524809714406729
0.0019281106069684029
0.0012152063427492976
0.0022945483215153217
0.0027942494489252567
0.001195703400298953
0.002032318152487278
0.0013461250346153975
0.001527997199445963
0.0013064718805253506
0.0016000661998987198
0.0017212601378560066
0.001050543854944408
0.0014228621730580926
0.0007495081517845392
0.0009027969790622592
0.0013968045823276043
0.0010595298372209072
0.0010669584153220057
0.0012167694512754679
0.0010979173239320517
0.002278641564771533
0.0025356770493090153
0.001979979919269681
0.0018237995682284236
0.0012328748125582933
0.0019641686230897903
0.0009787722956389189
0.0011206144699826837
0.0009075476555153728
0.0011129174381494522
0.0014926895964890718
0.0009530142415314913
0.0009606179664842784
0.0014039708767086267
0.0016094096936285496
0.0007322898600250483
0.0007048081606626511
0.0006343267159536481
0.0012802535202354193
0.0013358769938349724
0.002853101585060358
0.001804437953978777
0.00118334183935076
0.0008588933851569891
0.0007401793263852596
0.0014606337063014507
0.0011601719306781888
0.0011304570361971855
0.0014711550902575254
0.0006934406701475382
0.001363858231343329
0.0006300891400314867
0.0007680233102291822
0.0015466928016394377
0.0009967146907001734
0.0010889119002968073
0.0008148694760166109
0.0009999655885621905
0.002044718712568283
0.0018290998414158821
0.0008387839188799262
0.00043727157753892243
0.0007229400798678398
0.0019597571808844805
0.0014592523220926523
0.0018133982084691525
0.0011556001845747232
0.0013361070305109024
0.002776516368612647
0.0008142091101035476
0.0018007532926276326
0.0007384021300822496
0.001114649698138237
0.000515337975230068
0.0013964269310235977
0.0012028055498376489
0.0024512873496860266
0.0014848308637738228
0.0006830702186562121
0.00190802535507828
0.002338262740522623
0.0005827667191624641
0.0008486423175781965
0.001593755790963769
0.0006689270958304405
0.0016818318981677294
0.0009620357304811478
0.000686327344737947
0.001369590638205409
0.0016503713559359312
0.0014808871783316135
0.0013266775058582425
0.004427735693752766
0.0007906854152679443
0.001522535108961165
0.0007818146259523928
0.0013248564209789038
0.0005772550939582288
0.0013257821556180716
0.0007332467357628047
0.0016786335036158562
0.0010591305326670408
0.0013190086465328932
0.0015267832204699516
0.0006945757777430117
0.0008987868204712868
0.0014774507144466043
0.0015357148367911577
0.0016210612375289202
0.0009723555413074791
0.0023417652118951082
0.001028374652378261
0.0012809715699404478
0.0010049373377114534
0.0010723266750574112
0.0019892409909516573
0.0010410345857962966
0.001462804153561592
0.0006216667825356126
0.002482166513800621
0.0007663490250706673
0.001935276435688138
0.002211837563663721
0.001293497160077095
0.0010758927091956139
0.001155372941866517
0.0012138434685766697
0.00199504173360765
0.0009477013954892755
0.0008690921240486205
0.0009776479564607143
0.001348248217254877
0.0009750454919412732
0.0016726101748645306
0.0011507635936141014
0.0007213592762127519
0.0025414563715457916
0.0006841822760179639
0.0007706003962084651
0.0011819256469607353
0.0007469988777302206
0.001354097155854106
0.0010687343310564756
0.0008040880202315748
0.0012981495819985867
0.0016378677682951093
0.001002312172204256
0.001229916699230671
0.0008350166608579457
0.0010863300412893295
0.003176296828314662
0.0010018424363806844
0.0026738750748336315
0.0012766981963068247
0.002400598954409361
0.0005598798161372542
0.0013900508638471365
0.0034460825845599174
0.0025327771436423063
0.0010638763196766376
0.000847981427796185
0.002032255521044135
0.0013681359123438597
0.0010220843832939863
0.000952366623096168
0.0019200460519641638
0.0005657736910507083
0.0010717286495491862
0.0010906042298302054
0.0041296943090856075
0.0007715001702308655
0.0021259929053485394
0.0011347440304234624
0.0006287837168201804
0.0011407212587073445
0.0017447039717808366
0.000366794818546623
0.0009945060592144728
0.0005800806684419513
0.0008277025772258639
0.0008054698118939996
0.0011843823594972491
0.0007077627815306187
0.0013910883571952581
0.0006876761326566339
0.0005508559988811612
0.0007202898850664496
0.0006757398368790746
0.0017588131595402956
0.0010098223574459553
0.0007436770247295499
0.0018551020184531808
0.0009489679941907525
0.0008432861650362611
0.0006633532466366887
0.0008478810195811093
0.0005044800927862525
0.001707460731267929
0.0012844400480389595
0.0009055235423147678
0.0010399280581623316
0.0005499582621268928
0.0011539977276697755
0.0020910229068249464
0.0007267319597303867
0.0006415871321223676
0.0011006726417690516
0.0010719755664467812
0.0008641410968266428
0.0007428257958963513
0.001343726646155119
0.0015909906942397356
0.0012355989310890436
0.0008748583495616913
0.0008859013905748725
0.0005901062395423651
0.000824709830339998
0.0005897483206354082
0.001709312666207552
0.001457814360037446
0.0012662061490118504
0.0018176836892962456
0.0010491546709090471
0.0008261239854618907
0.001002645120024681
0.0005669320817105472
0.001088787685148418
0.0007925668032839894
0.000759897637180984
0.0011751330457627773
0.0006801953422836959
0.0016157492063939571
0.0006985663785599172
0.0010246660094708204
0.0006914212135598063
0.0006318055093288422
0.00048584406613372266
0.0016900007613003254
0.0008496403461322188
0.0011025439016520977
0.00045420252718031406
0.0012422981671988964
0.002364644780755043
0.0007038337644189596
0.0021552513353526592
0.002038789913058281
0.001140825217589736
0.0006519456510432065
0.0005082027055323124
0.0008381393272429705
0.0010223048739135265
0.0006404289160855114
0.0012578722089529037
0.0020431841257959604
0.0010123096872121096
0.0013519864296540618
0.0008444610866717994
0.0011146182660013437
0.002453221706673503
0.0005280022160150111
0.0005377500201575458
0.0019133517052978277
0.000762027339078486
0.0008044978603720665
0.0007275484967976809
0.0007596734212711453
0.001478777383454144
0.0006035479018464684
0.0007080723298713565
0.001165946712717414
0.0006651190924458206
0.0008823506650514901
0.0007849019020795822
0.0005466091679409146
0.0014596579130738974
0.0006362306303344667
0.001215354073792696
0.001294744317419827
0.0010463609360158443
0.0006538124289363623
0.001406363444402814
0.002605261979624629
0.001677842577919364
0.0010755343828350306
0.0011497505474835634
0.0006684490363113582
0.0009319427190348506
0.0012831269996240735
0.001592435990460217
0.00124256475828588
0.0011925898725166917
0.0005579162971116602
0.0014483254635706544
0.0006835090462118387
0.001247659558430314
0.0007821902399882674
0.0009425953612662852
0.0008206457132473588
0.0012710749870166183
0.001760146114975214
0.0008658384322188795
0.0009779260726645589
0.0013296848628669977
0.001623940304853022
0.0008321393979713321
0.0005086639430373907
0.0008169770007953048
0.0008229326922446489
0.0011960228439420462
0.0007267594337463379
0.0013007099041715264
0.000784462783485651
0.0007985841948539019
0.0006394106312654912
0.001075641019269824
0.0012443368323147297
0.0010339674772694707
0.0020282003097236156
0.0024883635342121124
0.000810314784757793
0.0008658298756927252
0.0010032857535406947
0.0010432158596813679
0.00106794573366642
0.0010118975769728422
0.0009039293508976698
0.0004219593247398734
0.0014090018812566996
0.0012811006745323539
0.0007480017375200987
0.0006643565720878541
0.0005704276263713837
0.0009203405352309346
0.0006233832100406289
0.0019947162363678217
0.0006947509245947003
0.0010174340568482876
0.0004964075051248074
0.0010301501024514437
0.0026889957953244448
0.0007565044215880334
0.0005036505754105747
0.0008683362975716591
0.0006603819201700389
0.0006333637866191566
0.0005066561279818416
0.000757260830141604
0.000546113820746541
0.0009536279831081629
0.000755679327994585
0.000496501917950809
0.0009874249808490276
0.0009183096699416637
0.000911267357878387
0.0008205820340663195
0.0004985225386917591
0.0012394603108987212
0.0008564135059714317
0.0015138806775212288
0.0005155328544788063
0.0007891753339208663
0.0009391406201757491
0.00047341419849544764
0.0006047686329111457
0.0008659486193209887
0.0006869166390970349
0.0006026645423844457
0.0010975310578942299
0.0006903446046635509
0.00068566610570997
0.0019483619835227728
0.001799185061827302
0.0006162634817883372
0.0009061995660886168
0.0013952604494988918
0.000706664752215147
0.0006160128978081048
0.0007693770457990468
0.0007190892938524485
0.0007269374327734113
0.0006931420066393912
0.0007446067174896598
0.0011609946377575397
0.0010595249477773905
0.00045354044414125383
0.0013816209975630045
0.0006345426663756371
0.001123249065130949
0.00046451122034341097
0.0013119387440383434
0.0014731807168573141
0.0008873199112713337
0.0006509017548523843
0.0005097007961012423
0.000886265654116869
0.0008173989481292665
0.0008353632292710245
0.0009016953990794718
0.0004390015092212707
0.001076465123333037
0.0007929573766887188
0.0007486795075237751
0.0012450912036001682
0.0017428441205993295
0.0005674203857779503
0.001394390594214201
0.0009082801989279687
0.0013668470783159137
0.0007818469312041998
0.0006877999403513968
0.001969667850062251
0.0008083587745204568
0.0008589436765760183
0.0008675253484398127
0.0008230190142057836
0.0008760806522332132
0.0013776265550404787
0.0007426106021739542
0.000787871889770031
0.0004941339138895273
0.0008603701717220247
0.0006233435124158859
0.0006896073464304209
0.0012475007679313421
0.0007906203391030431
0.0005590756773017347
0.0011893338523805141
0.0006436642725020647
0.0005046818987466395
0.000664114486426115
0.0013519059866666794
0.0016946335090324283
0.00068190589081496
0.0010071774013340473
0.000495299173053354
0.0004570881719700992
0.0013079806230962276
0.0008510552579537034
0.001701992703601718
0.0009186237584799528
0.001830307999625802
0.0006612223223783076
0.001514304312877357
0.0008489559404551983
0.0007390266400761902
0.0013137457426637411
0.002187781734392047
0.002249510260298848
0.0006477822316810489
0.001548204803839326
0.0006240353104658425
0.0005241723265498877
0.0019820905290544033
0.0018588477978482842
0.0012343631824478507
0.0015126088401302695
0.0004077495541423559
0.0009094413835555315
0.0006535890279337764
0.0006923677865415812
0.0010989723959937692
0.0007050373824313283
0.0014370346907526255
0.0008413298055529594
0.0005545066087506711
0.000808497192338109
0.0008134391973726451
0.0008110901108011603
0.0007500280044041574
0.0010461184429004788
0.0019525336101651192
0.0007068729028105736
0.0005309225525707006
