0.1252787709236145
0.12502455711364746
0.12501566112041473
0.1250138133764267
0.12501516938209534
0.12501835823059082
0.12501740455627441
0.1252996176481247
0.12501752376556396
0.12502656877040863
0.12501342594623566
0.12501651048660278
0.12501780688762665
0.12502795457839966
0.12502102553844452
0.1250244826078415
0.12502814829349518
0.12501811981201172
0.12503266334533691
0.12502582371234894
0.125024676322937
0.12502124905586243
0.1250198483467102
0.12501777708530426
0.12503662705421448
0.12502364814281464
0.12502561509609222
0.12501715123653412
0.1250186413526535
0.125019833445549
0.1251346468925476
0.1250164955854416
0.1250222623348236
0.12501245737075806
0.12500640749931335
0.12501950562000275
0.12506245076656342
0.12503263354301453
0.12502534687519073
0.1250154823064804
0.1250178962945938
0.1253679096698761
0.1250278502702713
0.12502966821193695
0.12501388788223267
0.12501494586467743
0.12502127885818481
0.12504395842552185
0.12501439452171326
0.12501782178878784
0.1250195950269699
0.12502427399158478
0.12502442300319672
0.12503182888031006
0.12502309679985046
0.12501221895217896
0.125030517578125
0.12503856420516968
0.12502099573612213
0.12503278255462646
0.12501229345798492
0.12503986060619354
0.12502408027648926
0.12502312660217285
0.12502063810825348
0.12502755224704742
0.1251872479915619
0.12504008412361145
0.12501978874206543
0.1250196397304535
0.12501949071884155
0.12558607757091522
0.12502433359622955
0.1250240057706833
0.12503157556056976
0.12501788139343262
0.12504909932613373
0.12502947449684143
0.12502118945121765
0.12501534819602966
0.12545625865459442
0.12503233551979065
0.12502549588680267
0.1250157356262207
0.1250404715538025
0.12508909404277802
0.12502047419548035
0.12502612173557281
0.12501260638237
0.13539166748523712
0.12503835558891296
0.1250745952129364
0.12641312181949615
0.12543046474456787
0.12858544290065765
0.1256420910358429
0.12501409649848938
0.12534227967262268
0.12604428827762604
0.1251080185174942
0.12539710104465485
0.12568122148513794
0.17646124958992004
0.12690851092338562
0.1253274828195572
0.12706314027309418
0.12649819254875183
0.1251879334449768
0.12508802115917206
0.12530818581581116
0.1340722292661667
0.18697069585323334
0.1265946924686432
0.12619401514530182
0.12660951912403107
0.1352158933877945
0.12491273880004883
0.12449628859758377
0.12546484172344208
0.1499205231666565
0.13790541887283325
0.12625735998153687
0.12720021605491638
0.13586629927158356
0.12219580262899399
0.12515908479690552
0.12419775128364563
0.12345926463603973
0.12025648355484009
0.12709897756576538
0.11844013631343842
0.11799781024456024
0.12500382959842682
0.11999062448740005
0.12552155554294586
0.11327502131462097
0.1191430613398552
0.11433635652065277
0.12378986179828644
0.12265440076589584
0.11319809406995773
0.11520951241254807
0.10823474824428558
0.09968958050012589
0.12736108899116516
0.11029332876205444
0.09113574773073196
0.10419204086065292
0.10005407780408859
0.11358149349689484
0.06470077484846115
0.09773369133472443
0.11673246324062347
0.10150525718927383
0.08925089985132217
0.09367751330137253
0.09472551196813583
0.11836689710617065
0.0934477150440216
0.10559293627738953
0.09829030930995941
0.10318881273269653
0.09901516884565353
0.10254338383674622
0.08191604912281036
0.09709106385707855
0.11570801585912704
0.08150620013475418
0.11772505939006805
0.12240320444107056
0.10985218733549118
0.06175077706575394
0.09792409837245941
0.12117402255535126
0.08963819593191147
0.10224384814500809
0.11291889101266861
0.09459525346755981
0.10092028230428696
0.09185698628425598
0.08377966284751892
0.08087477087974548
0.10542047023773193
0.12282703071832657
0.10207243263721466
0.08300367742776871
0.08885127305984497
0.09858906269073486
0.09213252365589142
0.09718502312898636
0.11212540417909622
0.10457180440425873
0.062305938452482224
0.09418521076440811
0.11660522222518921
0.11090323328971863
0.10333645343780518
0.10665574669837952
0.06408359855413437
0.08057241886854172
0.10806621611118317
0.10942403227090836
0.09849059581756592
0.09657599031925201
0.09714224934577942
0.06402406841516495
0.08139103651046753
0.11248155683279037
0.09995012730360031
0.08465033024549484
0.09628410637378693
0.11704094707965851
0.08574725687503815
0.11364036798477173
0.1069146990776062
0.11185978353023529
0.09205999970436096
0.09338979423046112
0.07877859473228455
0.10137616097927094
0.10997051000595093
0.11451229453086853
0.09815797209739685
0.07860123366117477
0.0537627637386322
0.05937792360782623
0.08200527727603912
0.11371570080518723
0.09082991629838943
0.07942012697458267
0.0643758624792099
0.14768993854522705
0.16710811853408813
0.11593654006719589
0.11697246879339218
0.11661744862794876
0.08615580201148987
0.04572922736406326
0.07130453735589981
0.09673447906970978
0.11703383177518845
0.122599758207798
0.10733262449502945
0.08302976936101913
0.05777005851268768
0.07213333249092102
0.09008892625570297
0.10074559599161148
0.07743214815855026
0.0662287026643753
0.05512843281030655
0.064339280128479
0.08771137148141861
0.08046139031648636
0.09284914284944534
0.06650983542203903
0.06719842553138733
0.06469015032052994
0.08611291646957397
0.0836346372961998
0.07892367243766785
0.061747267842292786
0.05316058173775673
0.05805465579032898
0.14650346338748932
0.09741491824388504
0.0984201729297638
0.0967436134815216
0.07779426872730255
0.08608032763004303
0.08527405560016632
0.09513616561889648
0.09970003366470337
0.10828354209661484
0.09944335371255875
0.08601507544517517
0.07166982442140579
0.0877668559551239
0.0879792720079422
0.10232870280742645
0.08380717784166336
0.033008258789777756
0.070183664560318
0.09803925454616547
0.06697477400302887
0.07318729162216187
0.09138744324445724
0.08448336273431778
0.10958068072795868
0.1140974760055542
0.07367593050003052
0.08233698457479477
0.06935836374759674
0.1382407546043396
0.07146693766117096
0.10838145017623901
0.11200639605522156
0.10302142053842545
0.05828191712498665
0.05253041535615921
0.0679779201745987
0.10121248662471771
0.08908462524414062
0.08009601384401321
0.07747945934534073
0.030984843149781227
0.06988278031349182
0.07604364305734634
0.10596268624067307
0.088786281645298
0.057473376393318176
0.08180376887321472
0.1013321653008461
0.11216939985752106
0.12173200398683548
0.09838554263114929
0.08511223644018173
0.04464085400104523
0.07013070583343506
0.11354641616344452
0.10132937133312225
0.0784962847828865
0.05063258111476898
0.034178148955106735
0.08584655821323395
0.08976882696151733
0.08133307844400406
0.049640852957963943
0.06896238029003143
0.061976127326488495
0.13213825225830078
0.09547138214111328
0.0987863838672638
0.09034769237041473
0.049455270171165466
0.08531877398490906
0.09128511697053909
0.09809831529855728
0.10771482437849045
0.09372137486934662
0.07020196318626404
0.0663076862692833
0.0659700334072113
0.08620224893093109
0.09278592467308044
0.07667876780033112
0.04947306215763092
0.04048693925142288
0.05999520421028137
0.07425548881292343
0.0712854415178299
0.07453005015850067
0.03835119307041168
0.04581952095031738
0.0697256475687027
0.07720549404621124
0.09919992834329605
0.05213823914527893
0.060660965740680695
0.053836047649383545
0.058254074305295944
0.0711342841386795
0.07416694611310959
0.03911082446575165
0.08273503929376602
0.06874661147594452
0.06146617606282234
0.08232484757900238
0.0639447569847107
0.03806379437446594
0.06427159160375595
0.06237156689167023
0.07499115914106369
0.09065469354391098
0.03831440582871437
0.049953825771808624
0.048960838466882706
0.055922623723745346
0.06725090742111206
0.06614651530981064
0.06449392437934875
0.05796434357762337
0.07339946180582047
0.13116799294948578
0.0631275400519371
0.037481971085071564
0.06449726223945618
0.04313605651259422
0.06790348887443542
0.057414039969444275
0.04078703746199608
0.026206832379102707
0.03430970385670662
0.09358233213424683
0.06379913538694382
0.05863230302929878
0.044695302844047546
0.07085279375314713
0.08890331536531448
0.069127157330513
0.057235073298215866
0.024955300614237785
0.03540271520614624
0.05571660026907921
0.06801970303058624
0.06918036937713623
0.07592687010765076
0.06778881698846817
0.10580500960350037
0.061275701969861984
0.08602974563837051
0.06846971064805984
0.06544569134712219
0.0265384241938591
0.0498538576066494
0.06299091130495071
0.08100628852844238
0.06007498875260353
0.1431373655796051
0.06332051753997803
0.0430721677839756
0.08705596625804901
0.05123210698366165
0.050156690180301666
0.08986605703830719
0.06069274991750717
0.07543487101793289
0.07586909830570221
0.04078441113233566
0.05373579263687134
0.0570179782807827
0.07381659746170044
0.07773247361183167
0.05509892851114273
0.025917086750268936
0.045696988701820374
0.08543367683887482
0.07308483868837357
0.05766436457633972
0.04231063276529312
0.034479692578315735
0.05596857890486717
0.0964781790971756
0.054583996534347534
0.03776812180876732
0.2460312843322754
0.04636546969413757
0.07079987972974777
0.06614834070205688
0.07649467140436172
0.07173570990562439
0.08506356179714203
0.06337681412696838
0.07242859899997711
0.06398259103298187
0.054034166038036346
0.06196564435958862
0.08552832901477814
0.0969281867146492
0.0743182897567749
0.037332333624362946
0.08428379148244858
0.03521754965186119
0.09698152542114258
0.09648822247982025
0.09563920646905899
0.055656470358371735
0.04385663568973541
0.08247105032205582
0.06978142261505127
0.03847793862223625
0.05430232360959053
0.05858704820275307
0.07102486491203308
0.07730838656425476
0.03937045484781265
0.02788163721561432
0.05498664826154709
0.04323280230164528
0.07473248243331909
0.045955054461956024
0.042995255440473557
0.0472305491566658
0.04479805380105972
0.057977452874183655
0.04405141621828079
0.03919719159603119
0.05171995982527733
0.07770641148090363
0.06663171947002411
0.05835098773241043
0.027258705347776413
0.026765702292323112
0.059631042182445526
0.04849972575902939
0.06325806677341461
0.04968545585870743
0.11889119446277618
0.051707152277231216
0.095909982919693
0.05766937881708145
0.07113520801067352
0.03181695193052292
0.06392890214920044
0.07584819197654724
0.06912340223789215
0.0362359918653965
0.05630926787853241
0.04132258892059326
0.08952032029628754
0.060974329710006714
0.03889821469783783
0.14663881063461304
0.06027229502797127
0.10358037799596786
0.05734138563275337
0.028988029807806015
0.06867224723100662
0.058414608240127563
0.08827671408653259
0.10984067618846893
0.05094172805547714
0.0238381028175354
0.05789395049214363
0.1024884581565857
0.04077586531639099
0.04867609217762947
0.0473368763923645
0.05445127934217453
0.08163993805646896
0.0322677418589592
0.05840767174959183
0.037988416850566864
0.052752383053302765
0.06827850639820099
0.07096292078495026
0.04583419859409332
0.03884345665574074
0.03820521757006645
0.06914164125919342
0.035185109823942184
0.0325201191008091
0.041207242757081985
0.05955411493778229
0.05347548797726631
0.08240467309951782
0.04815378785133362
0.04492058977484703
0.0386127345263958
0.05940784141421318
0.035903554409742355
0.0856524258852005
0.0775953084230423
0.08224176615476608
0.07438579201698303
0.051306575536727905
0.037784773856401443
0.05980744957923889
0.07037323713302612
0.05958486348390579
0.05154594033956528
0.06434619426727295
0.058325354009866714
0.07674375176429749
0.04155431687831879
0.055256739258766174
0.05243302136659622
0.06589606404304504
0.06728968769311905
0.05534529313445091
0.03624004125595093
0.05141805484890938
0.05439705774188042
0.059497542679309845
0.06266878545284271
0.13617151975631714
0.030170384794473648
0.04539337009191513
0.03452503681182861
0.03540455177426338
0.04464542865753174
0.02843375876545906
0.03771373629570007
0.036614272743463516
0.05010247603058815
0.06933137774467468
0.054394256323575974
0.023027539253234863
0.04132043570280075
0.0384446457028389
0.04490751028060913
0.03455352783203125
0.04349775239825249
0.05526978150010109
0.036940958350896835
0.06832293421030045
0.025970950722694397
0.058154866099357605
0.04681488871574402
0.04237598180770874
0.02605336904525757
0.04373347759246826
0.03086005710065365
0.08162723481655121
0.031612712889909744
0.026996083557605743
0.03771929070353508
0.032789818942546844
0.04458829015493393
0.027814261615276337
0.08968201279640198
0.02757415734231472
0.050869446247816086
0.023168815299868584
0.022608432918787003
0.02473820373415947
0.036066941916942596
0.04788415879011154
0.042558591812849045
0.0849950760602951
0.035530898720026016
0.06415622681379318
0.057902924716472626
0.05066484957933426
0.0432283841073513
0.07272259891033173
0.046583935618400574
0.0668451339006424
0.06526485085487366
0.06836085021495819
0.05459228903055191
0.04005800932645798
0.02752949669957161
0.0700494572520256
0.050816625356674194
0.040499694645404816
0.02528381161391735
0.05790271610021591
0.06417202949523926
0.056497134268283844
0.05447090044617653
0.02297123894095421
0.06263139843940735
0.03825422003865242
0.04855844005942345
0.03311190754175186
0.06297171860933304
0.05303248390555382
0.04108854755759239
0.1381981074810028
0.07505016028881073
0.06574152410030365
0.061301589012145996
0.05029553174972534
0.054449670016765594
0.03102790005505085
0.05346298962831497
0.05223042517900467
0.05043443292379379
0.030604179948568344
0.05987999588251114
0.09668292105197906
0.03677362948656082
0.0368754044175148
0.030998725444078445
0.029757777228951454
0.07594676315784454
0.040792450308799744
0.0738401859998703
0.0577109158039093
0.02905866876244545
0.04925985634326935
0.042062848806381226
0.03220011293888092
0.06335116922855377
0.05437983199954033
0.03628164157271385
0.06233014538884163
0.02717563509941101
0.049133799970149994
0.04009309783577919
0.036789752542972565
0.0357079841196537
0.024969272315502167
0.0407990887761116
0.056958455592393875
0.026568934321403503
0.0519331730902195
0.04442357271909714
0.04444310814142227
0.05125528573989868
0.023491892963647842
0.023238420486450195
0.03910244628787041
0.032420895993709564
0.03004017472267151
0.10536756366491318
0.042346373200416565
0.05836966633796692
0.07633212208747864
0.027065811678767204
0.05142190307378769
0.0416635125875473
0.018954377621412277
0.028851138427853584
0.02266651950776577
0.033843107521533966
0.022512584924697876
0.03703022375702858
0.028361164033412933
0.08968330174684525
0.022743090987205505
0.022801317274570465
0.031813621520996094
0.027007851749658585
0.08942025899887085
0.023963414132595062
0.03742703050374985
0.04032018780708313
0.06772246211767197
0.03500952571630478
0.04090582951903343
0.03375957906246185
0.02810925617814064
0.04954144358634949
0.09126411378383636
0.04241619259119034
0.05917230248451233
0.031163228675723076
0.04578472301363945
0.07275135815143585
0.03220327943563461
0.03442494198679924
0.04578929767012596
0.0488581620156765
0.0327460803091526
0.026631135493516922
0.02668111026287079
0.045364417135715485
0.038538914173841476
0.03063436597585678
0.044710349291563034
0.03312037140130997
0.03005184419453144
0.018116381019353867
0.038371920585632324
0.05236491560935974
0.07021363079547882
0.04088848829269409
0.0585557296872139
0.03931800276041031
0.029303887858986855
0.030040306970477104
0.05591128021478653
0.03778475895524025
0.04080919176340103
0.04728136211633682
0.039551377296447754
0.09740716218948364
0.028712045401334763
0.038952238857746124
0.02390364184975624
0.03904643654823303
0.022677911445498466
0.04502168297767639
0.034365907311439514
0.04442862048745155
0.020279891788959503
0.03562112897634506
0.02795848622918129
0.035496849566698074
0.05067228898406029
0.06920769810676575
0.0872964859008789
0.03408941626548767
0.03183523938059807
0.022638555616140366
0.0369902066886425
0.025001399219036102
0.0365363173186779
0.026492103934288025
0.052286989986896515
0.04331811144948006
0.034377943724393845
0.047542523592710495
0.07044155150651932
0.035608693957328796
0.03520333021879196
0.07703511416912079
0.03296371549367905
0.03364070877432823
0.029527736827731133
0.024373892694711685
0.07133013010025024
0.03881495073437691
0.023886680603027344
0.055170342326164246
0.020828096196055412
0.08626857399940491
0.025997744873166084
0.03748489171266556
0.04058745875954628
0.01717372238636017
0.04509194940328598
0.04479208588600159
0.0696115791797638
0.028175385668873787
0.044351354241371155
0.049688272178173065
0.06518032401800156
0.03440137207508087
0.029772987589240074
0.030976831912994385
0.04752954840660095
0.031352028250694275
0.028984107077121735
0.04036680608987808
0.0433870330452919
0.013875347562134266
0.05203121900558472
0.047670260071754456
0.03323742747306824
0.05509360134601593
0.07851730287075043
0.05913317948579788
0.06312865018844604
0.055658988654613495
0.04326735436916351
0.04492013901472092
0.04640297591686249
0.08854523301124573
0.06802497059106827
0.06007777526974678
0.04917651787400246
0.03189295902848244
0.06082049757242203
0.06284486502408981
0.06436610221862793
0.04474026709794998
0.05320519953966141
0.061832085251808167
0.03677833080291748
0.04659798741340637
0.029107943177223206
0.050431281328201294
0.05454608052968979
0.04610202834010124
0.029123207554221153
0.05485054850578308
0.047369036823511124
0.055448949337005615
0.04214755445718765
0.06695325672626495
0.029869627207517624
0.05805712565779686
0.029514096677303314
0.031206047162413597
0.03091595508158207
0.03562208637595177
0.029529646039009094
0.050786975771188736
0.062045931816101074
0.03150826692581177
0.019721858203411102
0.059085145592689514
0.027965370565652847
0.045697420835494995
0.02255437709391117
0.030332859605550766
0.02731291763484478
0.05183637887239456
0.027118194848299026
0.026232723146677017
0.026775874197483063
0.024563735350966454
0.019555693492293358
0.036313481628894806
0.019334863871335983
0.038118161261081696
0.018876466900110245
0.04223679006099701
0.03414861857891083
0.037742484360933304
0.06215926259756088
0.05963332951068878
0.04928969591856003
0.025608288124203682
0.01711444929242134
0.04518599808216095
0.05235687270760536
0.046912990510463715
0.016811177134513855
0.03505870699882507
0.034200701862573624
0.04565630108118057
0.0391668826341629
0.030595140531659126
0.040128421038389206
0.03595586493611336
0.03329465538263321
0.03912688046693802
0.042157839983701706
0.035293690860271454
0.037836551666259766
0.04403167590498924
0.028239142149686813
0.03518857806921005
0.024168137460947037
0.020963221788406372
0.04339711368083954
0.029258836060762405
0.04670090973377228
0.03449109196662903
0.021084215492010117
0.025386501103639603
0.021561427041888237
0.04645872861146927
0.03518674895167351
0.021118134260177612
0.02356361597776413
0.017780104652047157
0.03281274437904358
0.041034359484910965
0.024227045476436615
0.031074795871973038
0.0297263003885746
0.02385648898780346
0.02614522911608219
0.017785435542464256
0.019169701263308525
0.07447625696659088
0.026520002633333206
0.03367745503783226
0.02791541814804077
0.04022400826215744
0.02081174962222576
0.02328936755657196
0.02837500348687172
0.0173901729285717
0.030842259526252747
0.030626852065324783
0.015749137848615646
0.014460951089859009
0.04842881113290787
0.028321774676442146
0.028700431808829308
0.027682969346642494
0.0211783479899168
0.026887107640504837
0.019087785854935646
0.021169882267713547
0.023812923580408096
0.02142251282930374
0.0371452197432518
0.011816240847110748
0.032512374222278595
0.018975891172885895
0.016541514545679092
0.02608664333820343
0.0292581208050251
0.039774537086486816
0.018109824508428574
0.009211171418428421
0.047326408326625824
0.017120111733675003
0.039698000997304916
0.033156320452690125
0.04261111840605736
0.015244618058204651
0.049855031073093414
0.02684348076581955
0.03977939486503601
0.04759532958269119
0.05017995089292526
0.08701971173286438
0.033829912543296814
0.05994640663266182
0.0294654443860054
0.02869502827525139
0.024241939187049866
0.028023015707731247
0.04000029340386391
0.065768763422966
0.012739676050841808
0.023354828357696533
0.02036278136074543
0.031542226672172546
0.01352490484714508
0.023275841027498245
0.04020094871520996
0.04234785586595535
0.023323379456996918
0.018267959356307983
0.03277908265590668
0.023648373782634735
0.02153131552040577
0.038443975150585175
0.0362408421933651
0.019416334107518196
0.015929561108350754
