0.09835285693407059
0.09840784221887589
0.09852734208106995
0.09839848428964615
0.098384790122509
0.09834035485982895
0.09827973693609238
0.09838724136352539
0.0983085036277771
0.09834317862987518
0.09828374534845352
0.0982658714056015
0.09820724278688431
0.09810806065797806
0.09826600551605225
0.09809254109859467
0.09814195334911346
0.09808720648288727
0.09809482842683792
0.09810478240251541
0.0978812500834465
0.09778739511966705
0.09790155291557312
0.09779787063598633
0.09763620048761368
0.09764530509710312
0.0976962074637413
0.09716388583183289
0.09731064736843109
0.09727191925048828
0.09733282774686813
0.09691599756479263
0.09690569341182709
0.09674423933029175
0.09633678942918777
0.09620150178670883
0.0964408814907074
0.09601485729217529
0.09635577350854874
0.09586405754089355
0.09631432592868805
0.09485574811697006
0.09381236135959625
0.09436770528554916
0.09427499026060104
0.09287802129983902
0.09278316050767899
0.08974962681531906
0.09069140255451202
0.08966139703989029
0.09075772017240524
0.08488480001688004
0.08618003875017166
0.08655522018671036
0.08331575244665146
0.08297955989837646
0.07846396416425705
0.0818617045879364
0.06707990914583206
0.07259739935398102
0.06510976701974869
0.06197791174054146
0.05818365141749382
0.048527784645557404
0.05621343106031418
0.047101251780986786
0.03767568618059158
0.049700941890478134
0.03483361378312111
0.025305315852165222
0.03053317219018936
0.010788718238472939
0.013052833266556263
0.03261816129088402
0.04205068200826645
0.011083454824984074
0.05472631752490997
0.03144911304116249
0.02427908591926098
0.012079677544534206
0.004751351661980152
0.048067327588796616
0.05297023430466652
0.0434829443693161
0.0768011286854744
0.00485426327213645
0.03284332901239395
0.011540345847606659
0.016973037272691727
0.03378719091415405
0.006495974492281675
0.00788862258195877
0.014774548821151257
0.022239666432142258
0.023185938596725464
0.03598760440945625
0.05458669736981392
0.02369871735572815
0.01740885153412819
0.04148111492395401
0.02233661711215973
0.01858282834291458
0.03988303616642952
0.018058311194181442
0.030364351347088814
0.024845847859978676
0.022025324404239655
0.0201873742043972
0.0268646739423275
0.020553968846797943
0.020367322489619255
0.027680054306983948
0.02676486223936081
0.035611871629953384
0.02813022956252098
0.025218358263373375
0.02619011513888836
0.025184569880366325
0.02435913309454918
0.020185112953186035
0.030860427767038345
0.03607631102204323
0.025535086169838905
0.021901272237300873
0.049483444541692734
0.027953527867794037
0.020260630175471306
0.023922504857182503
0.03152592107653618
0.025484003126621246
0.02068944275379181
0.0277568232268095
0.020426414906978607
0.0075670271180570126
0.010374856181442738
0.01835441216826439
0.025751881301403046
0.023673633113503456
0.01947169192135334
0.010875365696847439
0.007827749475836754
0.009280877187848091
0.01562703773379326
0.010718297213315964
0.009914386086165905
0.010646470822393894
0.01060763280838728
0.01623384840786457
0.009155244566500187
0.006994034629315138
0.010504117235541344
0.02646370232105255
0.008271858096122742
0.011355819180607796
0.014477372169494629
0.012016830034554005
0.00700056878849864
0.006174971349537373
0.01630629412829876
0.00275219464674592
0.008652402088046074
0.017009055241942406
0.00974244624376297
0.041036102920770645
0.004167220555245876
0.007539358921349049
0.006261304020881653
0.0019116229377686977
0.013472864404320717
0.0077189127914607525
0.011691663414239883
0.008157359436154366
0.008792665787041187
0.006695924326777458
0.026295453310012817
0.004920074716210365
0.0020659698639065027
0.005806675646454096
0.014740779995918274
0.013368763960897923
0.016367170959711075
0.012631397694349289
0.017299382016062737
0.0041245040483772755
0.006379046943038702
0.02820698171854019
0.013714428059756756
0.013246286660432816
0.021255897358059883
0.01818087138235569
0.02029208280146122
0.005444434937089682
0.0015257543418556452
0.020866170525550842
0.0056764306500554085
0.005119732581079006
0.01243862509727478
0.007081774994730949
0.014096928760409355
0.012905125506222248
0.012221109122037888
0.005470519885420799
0.010388786904513836
0.004816126078367233
0.004308026749640703
0.002704259008169174
0.0023424564860761166
0.014429586939513683
0.007414842024445534
0.006224623881280422
0.0018265945836901665
0.009435596875846386
0.00724954204633832
0.0018531533423811197
0.010183264501392841
0.009522593580186367
0.00762023963034153
0.0071852183900773525
0.020296357572078705
0.008465980179607868
0.006189624313265085
0.002578869229182601
0.029430260881781578
0.006505902856588364
0.042660076171159744
0.004925698973238468
0.006429856177419424
0.002782716415822506
0.002409409498795867
0.0130582544952631
0.008433070033788681
0.001820135279558599
0.0033285990357398987
0.017388494685292244
0.016196226701140404
0.007766697555780411
0.002115731593221426
0.009954062290489674
0.0024107065983116627
0.004090156406164169
0.01640085130929947
0.005060703493654728
0.0032775183208286762
0.008389766328036785
0.014614468440413475
0.006468138191848993
0.021465418860316277
0.004934294149279594
0.0048116883262991905
0.0018259836360812187
0.03155572712421417
0.00358511577360332
0.01736428402364254
0.007495753467082977
0.018271708860993385
0.007585596758872271
0.00306342588737607
0.012195018120110035
0.00431947922334075
0.01586378924548626
0.007487064227461815
0.0102310162037611
0.0041906279511749744
0.0036268546245992184
0.006193714216351509
0.002014655852690339
0.0026524746790528297
0.005948470905423164
0.008121256716549397
0.003385914023965597
0.0011297335149720311
0.010868552140891552
0.003908432554453611
0.005855881609022617
0.007016382645815611
0.01068166084587574
0.018789397552609444
0.009203006513416767
0.014156617224216461
0.022849036380648613
0.033429428935050964
0.008923363871872425
0.005874146707355976
0.009594731964170933
0.0024494866374880075
0.006036520004272461
0.008495654910802841
0.012315699830651283
0.0011431750608608127
0.014103681780397892
0.016336163505911827
0.002367435023188591
0.005306169390678406
0.025224369019269943
0.004267162177711725
0.0013516240287572145
0.006427392363548279
0.0024374532513320446
0.0025093965232372284
0.008754462003707886
0.004252328537404537
0.010349704883992672
0.007179957814514637
0.003033751156181097
0.010785873048007488
0.003820090088993311
0.02414119243621826
0.007001477759331465
0.0017892307369038463
0.00486345449462533
0.00661673117429018
0.003473888384178281
0.0053744809702038765
0.015252523124217987
0.004403128754347563
0.00650558527559042
0.011201690882444382
0.005484082270413637
0.005528099834918976
0.002746337093412876
0.002596092177554965
0.0048661306500434875
0.003954318352043629
0.008074416778981686
0.0029860902577638626
0.0034069183748215437
0.0074083530344069
0.005215994082391262
0.0028073443099856377
0.002029357012361288
0.013141708448529243
0.022560719400644302
0.004861542489379644
0.0029362873174250126
0.00716936681419611
0.0018084031762555242
0.004130187444388866
0.0027021104469895363
0.010507454164326191
0.008224873803555965
0.025350335985422134
0.009919391945004463
0.0021060470025986433
0.0022073881700634956
0.0047432128340005875
0.0017568705370649695
0.004231334198266268
0.0014370488934218884
0.0049244724214077
0.020909467712044716
0.005098550580441952
0.0033034649677574635
0.0032029966823756695
0.012616225518286228
0.003414361272007227
0.002147550228983164
0.012991326861083508
0.00621830252930522
0.0038840617053210735
0.014951599761843681
0.00868573971092701
0.00333911064080894
0.009437954053282738
0.005831369198858738
0.009687407873570919
0.002437501447275281
0.002898994367569685
0.01023095939308405
0.005885382182896137
0.0058257002383470535
0.006150007713586092
0.004958039149641991
0.0020529450848698616
0.012196647934615612
0.003484773449599743
0.0056998711079359055
0.002620538929477334
0.0020039849914610386
0.0011975608067587018
0.007304999511688948
0.005607196129858494
0.005914156325161457
0.005437822546809912
0.0032941061072051525
0.006419171579182148
0.004894781857728958
0.00563273299485445
0.006025830749422312
0.00449318066239357
0.014599478803575039
0.0027611693367362022
0.003951673861593008
0.0020108777098357677
0.0037877620197832584
0.002288361545652151
0.0018960970919579268
0.00304228812456131
0.0025415217969566584
0.008825127966701984
0.009602999314665794
0.0014013496693223715
0.002261730842292309
0.0021386402659118176
0.002294345526024699
0.0018247223924845457
0.0019354906398802996
0.008418348617851734
0.002985900267958641
0.006728525273501873
0.015840861946344376
0.004543424118310213
0.004459093324840069
0.005125996191054583
0.005133220925927162
0.005391988903284073
0.004299342166632414
0.004074595868587494
0.005370467901229858
0.006003797985613346
0.0025007552467286587
0.006565531715750694
0.01689281314611435
0.006557633634656668
0.002951520262286067
0.009577218443155289
0.0018414247315376997
0.002984355203807354
0.003093344159424305
0.006302425637841225
0.0036096046678721905
0.002558330772444606
0.00453786039724946
0.005674930289387703
0.005580416414886713
0.006523323245346546
0.003107890021055937
0.002670625690370798
0.01100903283804655
0.003002086654305458
0.004815137945115566
0.008976852521300316
0.005599504336714745
0.004110667388886213
0.005280881188809872
0.007015884388238192
0.015802448615431786
0.008822916075587273
0.00300725013948977
0.00936371274292469
0.019051386043429375
0.002391326706856489
0.00217732647433877
0.0045789796859025955
0.0020567395258694887
0.004796490538865328
0.011522190645337105
0.0058100163005292416
0.0019528421107679605
0.008724833838641644
0.004167790059000254
0.001028359984047711
0.005871817469596863
0.002759469673037529
0.00455547496676445
0.0024297437630593777
0.022950883954763412
0.004262986127287149
0.006763859651982784
0.002168441191315651
0.0026572677306830883
0.00405843323096633
0.005111788399517536
0.0032537998631596565
0.013991122134029865
0.009720243513584137
0.004813114181160927
0.0023782013449817896
0.0027959290891885757
0.0039975689724087715
0.011446679010987282
0.002682286314666271
0.00221590930595994
0.010515915229916573
0.009655806235969067
0.0042519643902778625
0.005218425765633583
0.0011262991465628147
0.0034710243344306946
0.0022707481402903795
0.0023008892312645912
0.0018042691517621279
0.004568940959870815
0.0016305712051689625
0.009557154029607773
0.002643495798110962
0.0021023638546466827
0.007246870547533035
0.004280283115804195
0.002751551568508148
0.0032705997582525015
0.0015599685721099377
0.002736300230026245
0.0018843330908566713
0.0027055286336690187
0.003638149704784155
0.0035749655216932297
0.0015204190276563168
0.005565515719354153
0.00600668927654624
0.0026436715852469206
0.0022385912016034126
0.0037969942204654217
0.013384589925408363
0.0056593166664242744
0.004987987689673901
0.005469319876283407
0.011735660955309868
0.00950338039547205
0.007113541476428509
0.00344315217807889
0.0021139411255717278
0.00524842320010066
0.00436010118573904
0.001980569213628769
0.007483063265681267
0.003723075380548835
0.006560221314430237
0.0020300541073083878
0.005210266914218664
0.003043633420020342
0.0034208581782877445
0.004082382190972567
0.005499236285686493
0.0014509675092995167
0.0014737951569259167
0.014993010088801384
0.0044748494401574135
0.002096183132380247
0.002855980768799782
0.002139067742973566
0.0023471505846828222
0.0017487960867583752
0.0035869015846401453
0.0026674256660044193
0.0038473540917038918
0.0032306744251400232
0.0017952099442481995
0.002651935676112771
0.004048370290547609
0.0010510729625821114
0.002589484676718712
0.006456240080296993
0.006322837434709072
0.0019253874197602272
0.0013978820061311126
0.001311008702032268
0.0012225968530401587
0.0036298013292253017
0.002100207842886448
0.005863336846232414
0.007395580410957336
0.004007142037153244
0.005116692744195461
0.002318613464012742
0.007599979639053345
0.004367934539914131
0.007066527847200632
0.00829235464334488
0.0043126055970788
0.002411480061709881
0.002832326339557767
0.010744117200374603
0.005034440662711859
0.002416136208921671
0.002936212345957756
0.004190585110336542
0.006033448036760092
0.014803050085902214
0.002095256932079792
0.002387967426329851
0.0028133057057857513
0.0010897943284362555
0.0025724435690790415
0.0038887797854840755
0.0026609746273607016
0.006687415763735771
0.0016050769481807947
0.003554727416485548
0.0037772939540445805
0.004708719439804554
0.0016992329619824886
0.0028803711757063866
0.002621293067932129
0.008920916356146336
0.0031206058338284492
0.0026963185518980026
0.002551437821239233
0.0017279305029660463
0.0021947333589196205
0.002365885302424431
0.011057241819798946
0.008744968101382256
0.0075716678984463215
0.0034403125755488873
0.001286773942410946
0.0028420097660273314
0.0028218417428433895
0.005179098341614008
0.005887473002076149
0.0036461567506194115
0.0017864853143692017
0.0013995113549754024
0.008549722842872143
0.0028361582662910223
0.0023661877494305372
0.002084937412291765
0.008321993052959442
0.003915297798812389
0.001617441768757999
0.0017318767495453358
0.0022601583041250706
0.0021615708246827126
0.0016068125842139125
0.0012614999432116747
0.0033339685760438442
0.0016620490932837129
0.011262091808021069
0.001664035371504724
0.0009383351425640285
0.007598386146128178
0.0022767179179936647
0.0010701713617891073
0.006555949337780476
0.010408368892967701
0.0012941606109961867
0.0021298513747751713
0.0011825446272268891
0.0010880951303988695
0.004876567982137203
0.0016215700889006257
0.002704021753743291
0.0021204010117799044
0.02068210206925869
0.006795709952712059
0.0009612583089619875
0.0025327818002551794
0.004220191854983568
0.0024280943907797337
0.01717870868742466
0.009049252606928349
0.003830801462754607
0.0013995482586324215
0.001724011730402708
0.0022476764861494303
0.003854051697999239
0.0018150615505874157
0.0014575943350791931
0.0012972485274076462
0.0016198843950405717
0.005156471859663725
0.005118407309055328
0.008600744418799877
0.002969535533338785
0.0021066234912723303
0.0018366441363468766
0.006427476182579994
0.0074394200928509235
0.001187691232189536
0.004765950608998537
0.003279697149991989
0.0012023192830383778
0.015448053367435932
0.006141942925751209
0.0017505998257547617
0.0014593617524951696
0.003568765241652727
0.0029030293226242065
0.005770838353782892
0.0034577094484120607
0.001954074716195464
0.0031281448900699615
0.0015067352214828134
0.0015561007894575596
0.003952886909246445
0.002734408713877201
0.006021268665790558
0.0019472837448120117
0.0043285866267979145
0.0026678815484046936
0.0015534085687249899
0.00145987537689507
0.001687629846855998
0.0023315823636949062
0.0026940328534692526
0.002044280990958214
0.019059238955378532
0.0017477700021117926
0.003103353548794985
0.006984568666666746
0.008698612451553345
0.002429430140182376
0.000994204543530941
0.0009446314070373774
0.0015067367348819971
0.008711457252502441
0.001781520084477961
0.014352654106914997
0.0024945861659944057
0.0024746332783252
0.0026374044828116894
0.002660890109837055
0.0036792270839214325
0.0016177550423890352
0.003023119643330574
0.00288586737588048
0.0019154729088768363
0.005154496990144253
0.0035860352218151093
0.0075708478689193726
0.0032775625586509705
0.0029244087636470795
0.002397440606728196
0.0014583463780581951
0.0012023351155221462
0.0035730379167944193
0.0032442021183669567
0.002201035153120756
0.004862532019615173
0.0015309895388782024
0.003835034091025591
0.00337999127805233
0.002485258039087057
0.00495627848431468
0.0017551553901284933
0.0029254774563014507
0.0025543065275996923
0.0030924160964787006
0.00396551052108407
0.0062169223092496395
0.0017236105632036924
0.004351612646132708
0.0039506154134869576
0.0019423644989728928
0.016429100185632706
0.0026970263570547104
0.0040744817815721035
0.009654587134718895
0.0031372562516480684
0.00989309698343277
0.004146832972764969
0.002368135843425989
0.002104521030560136
0.006646472029387951
0.0034001755993813276
0.005642919335514307
0.013700312934815884
0.003961753100156784
0.0045507559552788734
0.003766045905649662
0.003270355984568596
0.001847726060077548
0.004378759767860174
0.01303944457322359
0.002291198819875717
0.002419915981590748
0.0017115154769271612
0.0012261872179806232
0.0016478041652590036
0.0017404516693204641
0.010091099888086319
0.002425474114716053
0.0016707353061065078
0.0015678819036111236
0.002179895993322134
0.0011816961923614144
0.002439967356622219
0.006439691875129938
0.0047730389051139355
0.00492309732362628
0.008765937760472298
0.0037877983413636684
0.0016634778585284948
0.00621712114661932
0.0023828879930078983
0.004957866854965687
0.004437717143446207
0.0011020017554983497
0.001516554388217628
0.0026944251731038094
0.007334834896028042
0.0026791589334607124
0.0018016190733760595
0.0023879115469753742
0.001869806321337819
0.0022988731507211924
0.0029571130871772766
0.0017825168324634433
0.002495998051017523
0.002275354228913784
0.010709663853049278
0.002482201438397169
0.0024892634246498346
0.0008862506947480142
0.0065424456261098385
0.0011526800226420164
0.0012564375065267086
0.0023238887079060078
0.007304874248802662
0.006249471567571163
0.0038088602013885975
0.003819035831838846
0.0023878715001046658
0.008251271210610867
0.010032618418335915
0.00218821968883276
0.003297260729596019
0.0019182022660970688
0.0015310479793697596
0.001935252919793129
0.0035604056902229786
0.0020586047321558
0.01834871433675289
0.0030727731063961983
0.003563778242096305
0.007862702943384647
0.0030220968183130026
0.010625804774463177
0.0069318488240242004
0.0029747257940471172
0.002185981022194028
0.0024236165918409824
0.0026724489871412516
0.0023018810898065567
0.0030654140282422304
0.008124079555273056
0.003638957627117634
0.003595750778913498
0.0060208686627447605
0.00535048870369792
0.0010018519824370742
0.006137793883681297
0.0032424265518784523
0.001307620550505817
0.0027589863166213036
0.0023809592239558697
0.0035747424699366093
0.0014718492748215795
0.0010668729664757848
0.0018215005984529853
0.0029040684457868338
0.00481541408225894
0.007194695062935352
0.0021737730130553246
0.0024462067522108555
0.008597662672400475
0.004922047257423401
0.003724300302565098
0.003470473922789097
0.0016566304257139564
0.002107657492160797
0.0055191125720739365
0.0062284623272717
0.001959077548235655
0.008321544155478477
0.0016095181927084923
0.00462132366374135
0.0013543162494897842
0.004895561374723911
0.0024978136643767357
0.004251984879374504
0.002650334034115076
0.0025458158925175667
0.0097986264154315
0.0038335341960191727
0.0031813839450478554
0.0043982528150081635
0.0024426195304840803
0.003207002067938447
0.007112586870789528
0.003957008011639118
0.0018103285692632198
0.005903215147554874
0.01063647773116827
0.0021348425652831793
0.0013301195576786995
0.0018815610092133284
0.005321458913385868
0.004008650779724121
0.001284510944969952
0.003090368118137121
0.003271601628512144
0.01711065135896206
0.002480169525370002
0.0012337962398305535
0.0022078477777540684
0.002727842889726162
0.01095617190003395
0.0017822053050622344
0.0058428021147847176
0.0054887328296899796
0.003931413404643536
0.0025687667075544596
0.007444361690431833
0.004763584118336439
0.002081152983009815
0.0009119296446442604
0.0029140475671738386
0.0012296299682930112
0.0018411155324429274
0.0007437897147610784
0.0018471458461135626
0.0024327575229108334
0.0008830275037325919
0.0013345644110813737
0.00994257815182209
0.0015144320204854012
0.005168878007680178
0.004225010517984629
0.0021395827643573284
0.0022591769229620695
0.004254372790455818
0.004671579692512751
0.000651458976790309
0.005543015897274017
0.0013281210558488965
0.004709684289991856
0.002772704930976033
0.0011012940667569637
0.0018253708258271217
0.006577367428690195
0.001771019771695137
0.005353742279112339
0.0013028413522988558
0.002437534276396036
0.006666229572147131
0.00297155836597085
0.0012083799811080098
0.0011483912821859121
0.0025611890014261007
0.0033792383037507534
0.0027341204695403576
0.0014288885286077857
0.005151798948645592
0.0021997978910803795
0.0028224370907992125
0.00844141747802496
0.0056446632370352745
0.002598240040242672
0.005990518722683191
0.002537664957344532
0.0012969099916517735
0.005354962311685085
0.002233378356322646
0.004719915334135294
0.0025301857385784388
0.002034995472058654
0.0030680098570883274
0.0016653061611577868
0.0018052400555461645
0.007276630960404873
0.0025524727534502745
0.0011781896464526653
0.0016038864850997925
0.0013218621024861932
0.004333883989602327
0.0034912300761789083
0.004652476869523525
0.0032919663935899734
0.004642861895263195
0.0018763984553515911
0.00884906854480505
0.0011963127180933952
0.005164967849850655
0.0048834714107215405
0.004325320944190025
0.006155124865472317
0.0017739698523655534
0.0022555231116712093
0.0043243118561804295
0.0053473664447665215
0.008062525652348995
0.0030095649417489767
0.006503263954073191
0.0019463247153908014
0.002085065934807062
0.0009118849993683398
0.0024014143273234367
0.0020141222048550844
0.0037548448890447617
0.001684949966147542
0.0009727957076393068
0.009567944332957268
0.0015259559731930494
0.0011042110854759812
0.0017395967151969671
0.001910995808430016
0.0013090699212625623
0.0013559435028582811
0.007231889758259058
0.004512705374509096
