0.025209469720721245
0.025300487875938416
0.02538447082042694
0.02527754195034504
0.025374513119459152
0.02525949850678444
0.025285884737968445
0.025354351848363876
0.025350745767354965
0.025295505300164223
0.025311116129159927
0.025362292304635048
0.025305824354290962
0.025482850149273872
0.02552717551589012
0.02532801777124405
0.02535860799252987
0.025333954021334648
0.025345079600811005
0.02549976110458374
0.025288036093115807
0.02525836043059826
0.025243321433663368
0.025352830067276955
0.025387803092598915
0.025231774896383286
0.025455206632614136
0.025196541100740433
0.02539350651204586
0.025519315153360367
0.025210492312908173
0.025261547416448593
0.02530316822230816
0.025364741683006287
0.02517535723745823
0.025140367448329926
0.02524469420313835
0.025346040725708008
0.02534976415336132
0.025314778089523315
0.02556140162050724
0.02525871992111206
0.025290794670581818
0.025365550071001053
0.02543160878121853
0.025082241743803024
0.025122124701738358
0.02512032724916935
0.02515321411192417
0.025087973102927208
0.025231849402189255
0.025082845240831375
0.024969078600406647
0.02507336623966694
0.0250418558716774
0.025495590642094612
0.025087764486670494
0.025233078747987747
0.024866178631782532
0.025026675313711166
0.024840274825692177
0.024984490126371384
0.024904606863856316
0.02490045316517353
0.025285933166742325
0.025125449523329735
0.024958297610282898
0.02508721873164177
0.024919696152210236
0.02491750195622444
0.024996578693389893
0.024396680295467377
0.024477016180753708
0.024923350661993027
0.025285128504037857
0.0246066115796566
0.025278981775045395
0.025212479755282402
0.02451513521373272
0.024520007893443108
0.02456318773329258
0.024586236104369164
0.025080770254135132
0.024198010563850403
0.02427498809993267
0.02405945211648941
0.0246904157102108
0.024418476969003677
0.023898456245660782
0.02432510443031788
0.022991888225078583
0.024179860949516296
0.023872461169958115
0.024695832282304764
0.02371329255402088
0.021696539595723152
0.023915551602840424
0.024361513555049896
0.022482821717858315
0.025079965591430664
0.02282845973968506
0.024362292140722275
0.023429876193404198
0.021976275369524956
0.0232691653072834
0.02066090889275074
0.019614044576883316
0.018652984872460365
0.021832136437296867
0.017853479832410812
0.015508518554270267
0.020555518567562103
0.018103554844856262
0.019218266010284424
0.020359111949801445
0.016455207020044327
0.01592809334397316
0.017795227468013763
0.018254349008202553
0.02058263123035431
0.021609973162412643
0.024422012269496918
0.019430803135037422
0.01775767281651497
0.0658842921257019
0.028105532750487328
0.022240787744522095
0.022489182651042938
0.09085582196712494
0.017362115904688835
0.02260890044271946
0.02748689614236355
0.011515378952026367
0.009284328669309616
0.014252694323658943
0.01702067255973816
0.015400411561131477
0.018584731966257095
0.018511012196540833
0.013092299923300743
0.014604682102799416
0.014251754619181156
0.02049199491739273
0.01999358832836151
0.0212702676653862
0.02103840559720993
0.019847629591822624
0.021495454013347626
0.02506222017109394
0.019730884581804276
0.02259247936308384
0.023922301828861237
0.0206169243901968
0.021742265671491623
0.02395457774400711
0.023731520399451256
0.02424781024456024
0.021801086142659187
0.025043290108442307
0.02197769656777382
0.02224264293909073
0.02410491555929184
0.024123625829815865
0.024969151243567467
0.02311217226088047
0.02435445412993431
0.02305443026125431
0.022869866341352463
0.025542454794049263
0.022552095353603363
0.023304734379053116
0.0239245668053627
0.023290200158953667
0.02432822249829769
0.02583732083439827
0.02383149042725563
0.023992547765374184
0.024327881634235382
0.025463590398430824
0.024488599970936775
0.024077575653791428
0.024798106402158737
0.025646192952990532
0.024061236530542374
0.024252021685242653
0.02462550811469555
0.02501850016415119
0.02512180618941784
0.02601974830031395
0.025927022099494934
0.02427509054541588
0.02365773171186447
0.02483322285115719
0.02484530210494995
0.024158047512173653
0.024142593145370483
0.023746483027935028
0.02508266642689705
0.025232132524251938
0.026190368458628654
0.023986810818314552
0.023660721257328987
0.025416599586606026
0.02416732721030712
0.02377459593117237
0.02423163875937462
0.023698190227150917
0.027677442878484726
0.02500925213098526
0.02458197996020317
0.024242039769887924
0.025647025555372238
0.024602584540843964
0.024570897221565247
0.024749163538217545
0.02608604170382023
0.02444794774055481
0.024397995322942734
0.024927804246544838
0.02370578423142433
0.0229408610612154
0.02312236651778221
0.025221819058060646
0.02585376426577568
0.025997156277298927
0.025924263522028923
0.024284787476062775
0.02397231012582779
0.024699462577700615
0.024753611534833908
0.024271855130791664
0.023049786686897278
0.02440120279788971
0.024725977331399918
0.025906231254339218
0.02474784478545189
0.02337801270186901
0.027246491983532906
0.023498650640249252
0.024025853723287582
0.02592300809919834
0.024631571024656296
0.023820115253329277
0.02362818643450737
0.024808837100863457
0.023759284988045692
0.026579955592751503
0.024026617407798767
0.024166936054825783
0.024768909439444542
0.02475716918706894
0.024088354781270027
0.024598117917776108
0.024956630542874336
0.023793742060661316
0.024506578221917152
0.024426480755209923
0.02425820380449295
0.023482386022806168
0.025544116273522377
0.024725519120693207
0.02460862696170807
0.024899879470467567
0.02404901757836342
0.024153277277946472
0.023605581372976303
0.023979390040040016
0.024733517318964005
0.0249653160572052
0.023548012599349022
0.02290678769350052
0.02402261644601822
0.02410256490111351
0.024037178605794907
0.02443486638367176
0.023895863443613052
0.025054872035980225
0.024371596053242683
0.025455377995967865
0.025477327406406403
0.024553207680583
0.024048475548624992
0.024684688076376915
0.024419818073511124
0.023655634373426437
0.023464201018214226
0.024502946063876152
0.025464488193392754
0.022765031084418297
0.023970406502485275
0.025256812572479248
0.023164991289377213
0.023830430582165718
0.026051238179206848
0.024696992710232735
0.02349693700671196
0.024344023317098618
0.023714549839496613
0.024098951369524002
0.024291351437568665
0.024094371125102043
0.024025321006774902
0.024026252329349518
0.02382294088602066
0.025144431740045547
0.023724377155303955
0.026011895388364792
0.024228999391198158
0.023562457412481308
0.02334335260093212
0.024456599727272987
0.024020764976739883
0.024495135992765427
0.0245953556150198
0.024112695828080177
0.024214744567871094
0.02404746040701866
0.023103265091776848
0.02378835529088974
0.023381825536489487
0.022600829601287842
0.023856643587350845
0.02308855764567852
0.024213962256908417
0.023637138307094574
0.023861529305577278
0.02243613265454769
0.023126153275370598
0.022898349910974503
0.024341793730854988
0.023705672472715378
0.02581033483147621
0.02360081858932972
0.023894445970654488
0.02443227730691433
0.023212416097521782
0.023984329774975777
0.02335578203201294
0.02498742751777172
0.02447659708559513
0.025799673050642014
0.024121293798089027
0.023444492369890213
0.02339889481663704
0.02350148744881153
0.023816358298063278
0.022652532905340195
0.023569364100694656
0.02414632961153984
0.023752344772219658
0.024285275489091873
0.022660784423351288
0.023513739928603172
0.0246555395424366
0.024014456197619438
0.024030087515711784
0.0232576634734869
0.02366529405117035
0.02305552177131176
0.024431105703115463
0.023927446454763412
0.02363344468176365
0.024270527064800262
0.022861093282699585
0.023750601336359978
0.023806579411029816
0.024080155417323112
0.022699974477291107
0.024623367935419083
0.02347002737224102
0.02414211817085743
0.023409144952893257
0.02371504157781601
0.023899421095848083
0.02383899874985218
0.0239325650036335
0.023604221642017365
0.022363703697919846
0.02253057435154915
0.02398604154586792
0.02447952702641487
0.024258660152554512
0.02291785180568695
0.02296437881886959
0.023796895518898964
0.02392609603703022
0.023427098989486694
0.024004895240068436
0.022845357656478882
0.02421082928776741
0.023464668542146683
0.02340075559914112
0.02251301519572735
0.02356073260307312
0.023608025163412094
0.022732388228178024
0.023184897378087044
0.022608354687690735
0.02374665066599846
0.023851770907640457
0.02241365611553192
0.02401736006140709
0.02264963462948799
0.022938113659620285
0.02228451706469059
0.02339719980955124
0.02276061475276947
0.023300640285015106
0.023357165977358818
0.02546573430299759
0.024286538362503052
0.023413583636283875
0.02305624634027481
0.023195644840598106
0.02289389632642269
0.024328533560037613
0.02252988889813423
0.022991247475147247
0.02353273145854473
0.023267574608325958
0.023895656690001488
0.023665083572268486
0.023391829803586006
0.022673841565847397
0.025264235213398933
0.023160971701145172
0.021543942391872406
0.022703800350427628
0.023660235106945038
0.023865532130002975
0.02421947568655014
0.024309737607836723
0.02233678102493286
0.023576414212584496
0.024691399186849594
0.023162227123975754
0.02247919887304306
0.02303989790380001
0.02301907166838646
0.023421842604875565
0.02358059398829937
0.024276986718177795
0.02262488752603531
0.02370784431695938
0.023520302027463913
0.02447962388396263
0.0240114014595747
0.021865766495466232
0.024014150723814964
0.024618132039904594
0.022065097466111183
0.022266162559390068
0.023308658972382545
0.02237844094634056
0.023390918970108032
0.02312130108475685
0.023760151118040085
0.022435298189520836
0.02520679496228695
0.02279656007885933
0.02315765991806984
0.02338457852602005
0.02225559577345848
0.024006269872188568
0.02236427739262581
0.026371758431196213
0.023164862766861916
0.023437760770320892
0.0224213358014822
0.0225241556763649
0.022769348695874214
0.02316911518573761
0.023066909983754158
0.02230101078748703
0.023720035329461098
0.022735929116606712
0.022171244025230408
0.02142275683581829
0.022459963336586952
0.02263973280787468
0.022694237530231476
0.020439011976122856
0.02429528534412384
0.022253679111599922
0.022950612008571625
0.023366231471300125
0.022580381482839584
0.02311055175960064
0.021677738055586815
0.022569231688976288
0.02082032337784767
0.024201616644859314
0.022746523842215538
0.022767486050724983
0.020737415179610252
0.022328361868858337
0.02397235482931137
0.022190479561686516
0.02228856086730957
0.023481842130422592
0.021969109773635864
0.021937170997262
0.0220183078199625
0.02134992927312851
0.023774761706590652
0.02167275920510292
0.022771000862121582
0.02372245118021965
0.0247812420129776
0.022912494838237762
0.022511180490255356
0.022941287606954575
0.02600046806037426
0.023760275915265083
0.021294182166457176
0.02203018218278885
0.02460106834769249
0.02364216186106205
0.02065390534698963
0.02236148901283741
0.0230720117688179
0.023636911064386368
0.023556899279356003
0.021894369274377823
0.025303859263658524
0.02238711714744568
0.024059578776359558
0.022197941318154335
0.022903526201844215
0.024271681904792786
0.021946486085653305
0.02370567061007023
0.021267086267471313
0.02092103287577629
0.021922841668128967
0.024012552574276924
0.02314940094947815
0.021634981036186218
0.021934770047664642
0.021992336958646774
0.022042114287614822
0.021797677502036095
0.02139226160943508
0.022564778104424477
0.023650432005524635
0.019626574590802193
0.02285350300371647
0.021714845672249794
0.02063066139817238
0.020798159763216972
0.02279619686305523
0.024152657017111778
0.02203737013041973
0.021434402093291283
0.02117319032549858
0.02088806964457035
0.02002745307981968
0.02269674465060234
0.020299667492508888
0.024277083575725555
0.02102232351899147
0.025133425369858742
0.022194424644112587
0.020770922303199768
0.02188601717352867
0.022834138944745064
0.023849831894040108
0.0197825338691473
0.02357732132077217
0.019175395369529724
0.02177141234278679
0.024246390908956528
0.022119799628853798
0.020384546369314194
0.02160416543483734
0.02221026085317135
0.020538650453090668
0.021978013217449188
0.01941869407892227
0.020826585590839386
0.023311421275138855
0.023247582837939262
0.02180572599172592
0.02032472938299179
0.020176803693175316
0.02097547985613346
0.019245341420173645
0.021661169826984406
0.022208403795957565
0.022437386214733124
0.019171571359038353
0.018360454589128494
0.01963905617594719
0.026209086179733276
0.02228974737226963
0.021176066249608994
0.02175210975110531
0.017264315858483315
0.01898146979510784
0.02128002978861332
0.025045394897460938
0.020068734884262085
0.02213202230632305
0.020816519856452942
0.017513809725642204
0.01986369676887989
0.0216832235455513
0.021244490519165993
0.022287901490926743
0.019617311656475067
0.0210135355591774
0.019740816205739975
0.021061787381768227
0.017300749197602272
0.019489534199237823
0.017976369708776474
0.021497905254364014
0.02307991497218609
0.019063958898186684
0.020863765850663185
0.016911543905735016
0.021923160180449486
0.017226723954081535
0.020454416051506996
0.01912868395447731
0.01806294545531273
0.02367883361876011
0.02097010798752308
0.018119247630238533
0.0229998417198658
0.01832214742898941
0.019666390493512154
0.022663747891783714
0.022505896165966988
0.019308481365442276
0.01870039850473404
0.016862723976373672
0.01447050180286169
0.02153642103075981
0.020008526742458344
0.02182900346815586
0.01848185621201992
0.03024430386722088
0.020844794809818268
0.017679112032055855
0.01918487437069416
0.02259763330221176
0.017488589510321617
0.02442803420126438
0.023755453526973724
0.020210064947605133
0.016737060621380806
0.01695084758102894
0.01922188699245453
0.019603367894887924
0.019279401749372482
0.01860721968114376
0.019795747473835945
0.018935605883598328
0.021028822287917137
0.01932358741760254
0.01802077144384384
0.020412981510162354
0.018966766074299812
0.02075931429862976
0.024637140333652496
0.020269131287932396
0.017968783155083656
0.02093692496418953
0.014930958859622478
0.01969444751739502
0.025754643604159355
0.02123960852622986
0.022162986919283867
0.01526976190507412
0.021547429263591766
0.018869556486606598
0.019954729825258255
0.021872123703360558
0.015686267986893654
0.017580008134245872
0.0177984070032835
0.01946174167096615
0.01917976886034012
0.025112032890319824
0.017911799252033234
0.01841336488723755
0.018847497180104256
0.015213603153824806
0.01722835563123226
0.01775476709008217
0.01650165021419525
0.020763153210282326
0.016385948285460472
0.017032792791724205
0.023677602410316467
0.02063564769923687
0.021496515721082687
0.019877217710018158
0.01836431957781315
0.020008062943816185
0.017616290599107742
0.013733180239796638
0.01627947948873043
0.023823566734790802
0.017819074913859367
0.02773318812251091
0.015382611192762852
0.018684864044189453
0.018199540674686432
0.016488047316670418
0.023441625759005547
0.01732112467288971
0.01919981837272644
0.02012951672077179
0.017274389043450356
0.02180045284330845
0.016458027064800262
0.01681121066212654
0.015929775312542915
0.016746878623962402
0.021659493446350098
0.017108893021941185
0.017808159813284874
0.016635626554489136
0.01942920871078968
0.016968095675110817
0.01969125308096409
0.013372628018260002
0.01778261922299862
0.016719434410333633
0.017269326373934746
0.023736622184515
0.014140503481030464
0.01693595200777054
0.01967329904437065
0.016905110329389572
0.018999192863702774
0.022342616692185402
0.0190334003418684
0.0148909417912364
0.019651897251605988
0.014104838483035564
0.02247152477502823
0.01484672725200653
0.015214415267109871
0.017731521278619766
0.017748713493347168
0.027624819427728653
0.016553621739149094
0.018659571185708046
0.011403276585042477
0.01792435348033905
0.019312245771288872
0.016214029863476753
0.018494432792067528
0.01598421484231949
0.017558543011546135
0.01844780705869198
0.019931837916374207
0.01583927869796753
0.023412300273776054
0.02182938903570175
0.015459015965461731
0.02134036459028721
0.012039619497954845
0.016801489517092705
0.016104668378829956
0.0156562440097332
0.022814465686678886
0.011359153315424919
0.020614461973309517
0.013537907972931862
0.011355506256222725
0.014335952699184418
0.015762995928525925
0.018773984163999557
0.015618907287716866
0.01305292546749115
0.023495525121688843
0.014479516074061394
0.020759370177984238
0.022142041474580765
0.013497612439095974
0.02430225908756256
0.014691000804305077
0.012950552627444267
0.015565513633191586
0.015168027952313423
0.015524376183748245
0.012557461857795715
0.015394089743494987
0.018588338047266006
0.015955276787281036
0.012037877924740314
0.022826634347438812
0.012164358049631119
0.013068257831037045
0.0187684278935194
0.018468886613845825
0.015464569441974163
0.014718905091285706
0.011342441663146019
0.02642039768397808
0.012759948149323463
0.012599436566233635
0.009894139133393764
0.018969032913446426
0.018218625336885452
0.013987928628921509
0.020947225391864777
0.016165725886821747
0.021140053868293762
0.01966136321425438
0.013737674802541733
0.018546875566244125
0.018903419375419617
0.01607247069478035
0.01478527206927538
0.01963382214307785
0.011546368710696697
0.024863876402378082
0.014987999573349953
0.019323475658893585
0.01934036612510681
0.015842242166399956
0.03422272950410843
0.03281228244304657
0.012446079403162003
0.012251332402229309
0.011648816987872124
0.01899171993136406
0.012433300726115704
0.01446301769465208
0.027121050283312798
0.017137426882982254
0.015825092792510986
0.015971053391695023
0.014114722609519958
0.01684393361210823
0.022600315511226654
0.014037305489182472
0.016578609123826027
0.014589203521609306
0.009578462690114975
0.017166487872600555
0.012583401054143906
0.012371087446808815
0.014639783650636673
0.015524007380008698
0.018587475642561913
0.018930181860923767
0.014381032437086105
0.016217932105064392
0.015472165308892727
0.012588942423462868
0.01441188808530569
0.013541613705456257
0.01451050490140915
0.013433200307190418
0.017581379041075706
0.02613653987646103
0.013974986039102077
0.022858381271362305
0.017169658094644547
0.017486758530139923
0.013938786461949348
0.02157694473862648
0.015481801703572273
0.017678746953606606
0.015685468912124634
0.014123192057013512
0.018908191472291946
0.017214691266417503
0.010873021557927132
0.018127067014575005
0.019299060106277466
0.00937570445239544
0.0207643024623394
0.019514737650752068
0.012330128811299801
0.016366396099328995
0.013835079036653042
0.012974513694643974
0.011517989449203014
0.011385838501155376
0.01501817349344492
0.010706881061196327
0.009152663871645927
0.019238680601119995
0.011102654971182346
0.02500048279762268
0.01387509610503912
0.008673356845974922
0.009502856060862541
0.015741899609565735
0.018510974943637848
0.01139172725379467
0.020119626075029373
0.015295043587684631
0.017653461545705795
0.01767560839653015
0.02885660156607628
0.01706121675670147
0.013616994023323059
0.011172234080731869
0.016323775053024292
0.014567140489816666
0.00931629166007042
0.009824736975133419
0.014557123184204102
0.013555707409977913
0.013288299553096294
0.009643984027206898
0.014282211661338806
0.009884532541036606
0.02036256343126297
0.015146579593420029
0.013014106079936028
0.012634356506168842
0.013829682022333145
0.010595349594950676
0.009473111480474472
0.016943570226430893
0.01094234548509121
0.015033408999443054
0.009425918571650982
0.01073957234621048
0.014239741489291191
0.029581572860479355
0.01414215937256813
0.017191067337989807
0.012831379659473896
0.01585901528596878
0.04137181118130684
0.011910052970051765
0.006823464762419462
0.011437256820499897
0.009167294949293137
0.01619444601237774
0.011685172095894814
0.012115726247429848
0.017646625638008118
0.01352762058377266
0.013615657575428486
0.02757096290588379
0.014756319113075733
0.011245181784033775
0.013262616470456123
0.013200211338698864
0.009029833599925041
0.021076448261737823
0.012681692838668823
0.02230174094438553
0.013482744805514812
0.010531407780945301
0.021057287231087685
0.011331363581120968
0.008478358387947083
0.014359199441969395
0.017061039805412292
0.012772809714078903
0.01118428073823452
0.009334390051662922
0.016931403428316116
0.013614071533083916
0.01817643642425537
0.02235960029065609
0.013350163586437702
0.012342633679509163
0.01690056174993515
0.012717777863144875
0.013845907524228096
0.017110591754317284
0.013556722551584244
0.01847033202648163
0.010971223935484886
0.01515514962375164
0.017713937908411026
0.032863013446331024
0.018464846536517143
0.010517190210521221
0.01970871165394783
0.01093270257115364
0.01285569742321968
0.00718015618622303
0.01043614000082016
0.008183765225112438
0.01336941123008728
0.009916190057992935
0.00994456559419632
0.01804487034678459
0.009723461233079433
0.011087003163993359
0.006240013986825943
0.015079484321177006
0.009868930093944073
0.010637717321515083
0.01702539250254631
0.027511103078722954
