0.08953459560871124
0.08997317403554916
0.08996457606554031
0.0899488627910614
0.08998139202594757
0.0899626761674881
0.08997665345668793
0.08955644071102142
0.08996259421110153
0.0899662896990776
0.08996875584125519
0.08996444940567017
0.08996860682964325
0.0899500697851181
0.08996906131505966
0.08996107429265976
0.08997330069541931
0.08996899425983429
0.08997130393981934
0.08994978666305542
0.0899713858962059
0.08995450288057327
0.08996821939945221
0.08997219055891037
0.08995183557271957
0.08995120972394943
0.08998032659292221
0.08996208012104034
0.08996860682964325
0.08995761722326279
0.08957095444202423
0.08994583785533905
0.08995696157217026
0.0899515300989151
0.08994285762310028
0.08995693922042847
0.08988916128873825
0.08996519446372986
0.08997529745101929
0.08997219800949097
0.08996843546628952
0.0896456390619278
0.08995581418275833
0.08997255563735962
0.08996924012899399
0.08997029811143875
0.089925616979599
0.08994513005018234
0.08995871245861053
0.08996725082397461
0.08996982127428055
0.08994311094284058
0.0899205431342125
0.08996683359146118
0.08995161950588226
0.08995683491230011
0.08992677181959152
0.08993350714445114
0.0899638831615448
0.08997873961925507
0.08995857834815979
0.08993294090032578
0.08993043005466461
0.08997011929750443
0.08996109664440155
0.0899684727191925
0.08982683718204498
0.0899694636464119
0.08996688574552536
0.08996951580047607
0.08996936678886414
0.08894145488739014
0.08995398879051208
0.08997294306755066
0.08996491879224777
0.08994249999523163
0.08994165062904358
0.08998163789510727
0.08997005224227905
0.08996747434139252
0.08867287635803223
0.08995791524648666
0.08996442705392838
0.08994988352060318
0.08991709351539612
0.08991359919309616
0.08996426314115524
0.08997739851474762
0.08995527774095535
0.062113478779792786
0.08823449909687042
0.08603755384683609
0.05405871942639351
0.03685956448316574
0.08370287716388702
0.0854034423828125
0.0892222672700882
0.0880546122789383
0.05354351922869682
0.0789189413189888
0.06506133079528809
0.0529375895857811
0.06571367383003235
0.08623990416526794
0.08635404706001282
0.08533098548650742
0.057688158005476
0.04634849354624748
0.05226607620716095
0.026110660284757614
0.05413258448243141
0.07552482932806015
0.07798785716295242
0.08136402070522308
0.05606265366077423
0.037524767220020294
0.03373955562710762
0.015284181572496891
0.02903377264738083
0.0593033991754055
0.07265917211771011
0.07343528419733047
0.06166498735547066
0.02458101138472557
0.021908245980739594
0.022897498682141304
0.03460317850112915
0.04809798300266266
0.04250974580645561
0.0456596203148365
0.013071376830339432
0.03226863965392113
0.0133931003510952
0.025906411930918694
0.02366168424487114
0.04391107335686684
0.030890412628650665
0.021077066659927368
0.02503364533185959
0.01655336655676365
0.010927366092801094
0.01576709747314453
0.03746215999126434
0.030708517879247665
0.030489981174468994
0.009097134694457054
0.008653800003230572
0.0750761330127716
0.011376757174730301
0.04237280413508415
0.03894796222448349
0.03453531116247177
0.016856923699378967
0.02940942719578743
0.014025835320353508
0.010830228216946125
0.015657026320695877
0.03156822547316551
0.016564205288887024
0.023474479094147682
0.04694331809878349
0.01842072606086731
0.011818372644484043
0.01981334388256073
0.03486306965351105
0.01953469216823578
0.016812438145279884
0.010453793220221996
0.0567069947719574
0.01241117250174284
0.01777404174208641
0.024724168702960014
0.020749704912304878
0.012464100494980812
0.012762526050209999
0.011768457479774952
0.010704394429922104
0.008186496794223785
0.027442343533039093
0.015193171799182892
0.005899874493479729
0.017864156514406204
0.011244971305131912
0.0160287544131279
0.006827492732554674
0.011121031828224659
0.012799225747585297
0.007878966629505157
0.014703646302223206
0.01734163798391819
0.01943816803395748
0.005551007576286793
0.005989571567624807
0.014366754330694675
0.011169731616973877
0.019459350034594536
0.008934376761317253
0.014091328717768192
0.009976264089345932
0.01595993898808956
0.011245102621614933
0.01013593003153801
0.015077086165547371
0.011323854327201843
0.024321475997567177
0.010134956799447536
0.011880074627697468
0.013119540177285671
0.004451701417565346
0.020886031910777092
0.013837171718478203
0.014859136193990707
0.01629522256553173
0.014113246463239193
0.007236744277179241
0.010731025598943233
0.012689514085650444
0.014712552540004253
0.01323816180229187
0.020551349967718124
0.012305107899010181
0.008201957680284977
0.010983817279338837
0.013154732063412666
0.005036484450101852
0.009883072227239609
0.01170584186911583
0.015230841934680939
0.008759970776736736
0.0106889046728611
0.01651431992650032
0.020778313279151917
0.01907888427376747
0.013098335824906826
0.009907763451337814
0.021528633311390877
0.012251961044967175
0.0057192957028746605
0.00971001386642456
0.015962591394782066
0.0076581211760640144
0.011593999341130257
0.02360108122229576
0.006383851636201143
0.009610386565327644
0.014755843207240105
0.00811379961669445
0.010347210802137852
0.006490868050605059
0.007228881120681763
0.005568940192461014
0.01665527932345867
0.013173331506550312
0.006458635441958904
0.015728045254945755
0.018122170120477676
0.006002950016409159
0.01012618001550436
0.01307686697691679
0.005528997629880905
0.010127907618880272
0.01624639332294464
0.008277541026473045
0.006753153633326292
0.011437497101724148
0.009966284967958927
0.008321046829223633
0.011416668072342873
0.00783233717083931
0.0048340968787670135
0.009738659486174583
0.012206523679196835
0.003949064761400223
0.01352795772254467
0.011325746774673462
0.009483627043664455
0.007736227009445429
0.007197551429271698
0.006276189815253019
0.012056474573910236
0.005612779408693314
0.0036806310527026653
0.010976879857480526
0.0054677207954227924
0.005393641535192728
0.006886675953865051
0.006301567889750004
0.0063261715695261955
0.011875888332724571
0.008718939498066902
0.006810988299548626
0.0067968824878335
0.010773672722280025
0.011873872019350529
0.005303034093230963
0.007593417540192604
0.007120432332158089
0.008908028714358807
0.007643969729542732
0.005193796474486589
0.006197914481163025
0.006644997280091047
0.004462942481040955
0.006305632647126913
0.011503270827233791
0.003020745236426592
0.007852746173739433
0.007729928940534592
0.0055413879454135895
0.007255410309880972
0.0066232820972800255
0.008188535459339619
0.008801651187241077
0.00670376792550087
0.013331927359104156
0.006074534263461828
0.007664849050343037
0.0070663862861692905
0.007698387838900089
0.007204178720712662
0.0047129178419709206
0.005618807394057512
0.008697422221302986
0.0034774490632116795
0.00726925628259778
0.005857535172253847
0.004728278610855341
0.00442951824516058
0.007936342619359493
0.004896251019090414
0.00807429663836956
0.014169048517942429
0.0034918668679893017
0.01038388628512621
0.0044123269617557526
0.007384024560451508
0.004097850061953068
0.007045689970254898
0.0028347629122436047
0.007749887183308601
0.005294083617627621
0.006355258636176586
0.004523029085248709
0.005934205837547779
0.005642514675855637
0.0059549883008003235
0.004864058457314968
0.004269520752131939
0.004043434280902147
0.005084782373160124
0.004109723959118128
0.0057373251765966415
0.0032203367445617914
0.004121523816138506
0.003024750854820013
0.005901854485273361
0.01406538300216198
0.00309146661311388
0.005313025321811438
0.010182029567658901
0.00472395122051239
0.0035694227553904057
0.008009716868400574
0.0051409523002803326
0.00681172264739871
0.003615520428866148
0.0036702947691082954
0.006615334190428257
0.007103851065039635
0.003962097689509392
0.005604997742921114
0.004127769730985165
0.004623462446033955
0.0060254838317632675
0.004293810576200485
0.005465132184326649
0.008897433988749981
0.004194881301373243
0.0038436907343566418
0.005771826487034559
0.004506031516939402
0.005066742189228535
0.00367510924115777
0.007521910592913628
0.004765790421515703
0.003393399529159069
0.005583629943430424
0.0057523129507899284
0.0032676926348358393
0.0034527608659118414
0.004348175600171089
0.0031742416322231293
0.0021519921720027924
0.0058922008611261845
0.003983419854193926
0.0031446951907128096
0.005619795527309179
0.003965700510889292
0.003934432752430439
0.009984367527067661
0.003448222763836384
0.0026836672332137823
0.004077221266925335
0.0069852788001298904
0.00487646646797657
0.002390948124229908
0.003312179120257497
0.0037703365087509155
0.005335677415132523
0.002342403633520007
0.00392902409657836
0.004475444555282593
0.005087421275675297
0.0023906431160867214
0.006736044771969318
0.005090934224426746
0.004449861589819193
0.0036880155093967915
0.01118413731455803
0.006128520704805851
0.0029385415837168694
0.006369795650243759
0.003060309449210763
0.0024541188031435013
0.004311356693506241
0.0037096890155225992
0.0025610870216041803
0.005756216589361429
0.0031456383876502514
0.004794632084667683
0.006425704341381788
0.006458838004618883
0.005886683240532875
0.0033676624298095703
0.002488871803507209
0.004738689865916967
0.00468367338180542
0.004587712697684765
0.004985310137271881
0.004775666166096926
0.004082489758729935
0.004833153448998928
0.005737805739045143
0.004880668129771948
0.004122344311326742
0.011897159740328789
0.003360958304256201
0.007806583307683468
0.005884626414626837
0.00853405985981226
0.00379188428632915
0.0066129835322499275
0.0014843650860711932
0.0020192330703139305
0.004408634267747402
0.005480685271322727
0.00468318210914731
0.007722622714936733
0.0033129784278571606
0.005603280384093523
0.004208109341561794
0.006266691721975803
0.0020026122219860554
0.0075613344088196754
0.010362351313233376
0.005816902033984661
0.004353103693574667
0.004219749942421913
0.0042900885455310345
0.003339516930282116
0.0030522469896823168
0.005994993261992931
0.004584846552461386
0.004206787794828415
0.0029019485227763653
0.00323063344694674
0.003219576785340905
0.005864741280674934
0.0023279916495084763
0.0037254630587995052
0.0031411023810505867
0.004861248657107353
0.004192732740193605
0.003688270226120949
0.004161919932812452
0.0025785218458622694
0.0033400258980691433
0.003612743690609932
0.007731157820671797
0.0033775577321648598
0.003774923738092184
0.0022268760949373245
0.0018777581863105297
0.00814809650182724
0.0019590335432440042
0.006799633614718914
0.0043692393228411674
0.004560778848826885
0.00345415947958827
0.002946955617517233
0.0025101578794419765
0.0052238693460822105
0.0027426360175013542
0.004006784874945879
0.0033293021842837334
0.005246008280664682
0.00251504173502326
0.0029833707958459854
0.0021154608111828566
0.0028373561799526215
0.0028217388316988945
0.004653199575841427
0.009338276460766792
0.003443343099206686
0.005991762969642878
0.0019222580594941974
0.0023419498465955257
0.005698088090866804
0.001931757666170597
0.003104396164417267
0.0031064695212990046
0.0017722377087920904
0.0032883700914680958
0.005320883356034756
0.005596877541393042
0.0031104397494345903
0.0026512129697948694
0.007189353462308645
0.003598468843847513
0.005070943385362625
0.00581527641043067
0.0031858470756560564
0.005090255290269852
0.003433285281062126
0.005098649300634861
0.0040553538128733635
0.004907295107841492
0.004481461364775896
0.0026158529799431562
0.003477030899375677
0.002164287492632866
0.0021511244121938944
0.0032869658898562193
0.004050429444760084
0.003445938229560852
0.004611143376678228
0.0034227902069687843
0.003478416008874774
0.0044367192313075066
0.00465789157897234
0.005180866923183203
0.003598200622946024
0.0053663915023207664
0.0022804043255746365
0.0031071677803993225
0.002489553764462471
0.002789320657029748
0.0032190177589654922
0.002684269566088915
0.0027506917249411345
0.00330108730122447
0.004985135514289141
0.0028275030199438334
0.0021951973903924227
0.002675703726708889
0.0035098267253488302
0.0034912985283881426
0.006923456210643053
0.0026280756574124098
0.003998283296823502
0.0019866731017827988
0.0018614043947309256
0.004247880075126886
0.004203095566481352
0.004256261512637138
0.005877221468836069
0.0018267853884026408
0.0036685019731521606
0.0019104647217318416
0.0026642580050975084
0.0037026850041002035
0.002793817315250635
0.0025264304131269455
0.0024907581973820925
0.0024206016678363085
0.003939216025173664
0.00325795728713274
0.0027171282563358545
0.0019009110983461142
0.0022582989186048508
0.00471846666187048
0.0039030187763273716
0.004016949329525232
0.003061852650716901
0.0020748102106153965
0.006752487272024155
0.002173390705138445
0.004565289709717035
0.0026155253872275352
0.0032307663932442665
0.0014917966909706593
0.0040999529883265495
0.002748501254245639
0.005377867259085178
0.003692295867949724
0.0014029796002432704
0.004033131990581751
0.0053033079020679
0.0019930617418140173
0.0024538442958146334
0.004172545857727528
0.0024489141069352627
0.003161299042403698
0.0023483354598283768
0.0020826994441449642
0.0035123960115015507
0.0038404581137001514
0.003191059920936823
0.003524007275700569
0.007501847576349974
0.001333335181698203
0.004832977429032326
0.0030916163232177496
0.0036024260334670544
0.002332567935809493
0.0042472584173083305
0.0020543341524899006
0.004028393421322107
0.004020309075713158
0.003049643710255623
0.0027244652155786753
0.0024720635265111923
0.0025609664153307676
0.003793323878198862
0.002975817769765854
0.0029539233073592186
0.001796952448785305
0.00491675641387701
0.003492536023259163
0.004202734678983688
0.003398660570383072
0.002508870791643858
0.004966367967426777
0.0031798379495739937
0.0033368864096701145
0.0021221404895186424
0.005476104095578194
0.0028433166444301605
0.00438549742102623
0.006739867851138115
0.003530515357851982
0.004400019068270922
0.0025533761363476515
0.0030909881461411715
0.00438941502943635
0.00307282991707325
0.0023373905569314957
0.0027374238707125187
0.002784418174996972
0.00210116570815444
0.003825516439974308
0.0029972915071994066
0.002207466633990407
0.0035571251064538956
0.0017187398625537753
0.0023057684302330017
0.003752287942916155
0.0023823874071240425
0.003789796493947506
0.0033508564811199903
0.0020889730658382177
0.004312659148126841
0.0037946728989481926
0.002505955519154668
0.0035714765544980764
0.0030229762196540833
0.003023113589733839
0.0054018241353333
0.0023742662742733955
0.006879983004182577
0.003234963398426771
0.0039071133360266685
0.0021041138097643852
0.0029085595160722733
0.005471775773912668
0.005748411640524864
0.002232073340564966
0.003072741674259305
0.0044849943369627
0.0029095567297190428
0.0028410411905497313
0.0021386577282100916
0.0029249670915305614
0.0016137167112901807
0.0026105372235178947
0.002243334660306573
0.008619020693004131
0.002164720091968775
0.0062067508697509766
0.004175197798758745
0.0019838467705994844
0.0028597177006304264
0.002331073861569166
0.0014323197538033128
0.0016195132629945874
0.0023558917455375195
0.0017277837032452226
0.001984215108677745
0.002726910635828972
0.0018924679607152939
0.004368020221590996
0.0019009152892977
0.0020238570868968964
0.0020029579754918814
0.0016382422763854265
0.003956502769142389
0.0020861674565821886
0.0029248844366520643
0.00367593951523304
0.004171222448348999
0.0022775698453187943
0.001668863114900887
0.002915254095569253
0.0014749621041119099
0.003298915456980467
0.002792714163661003
0.002617646474391222
0.0037884777411818504
0.0018730079755187035
0.0023244863841682673
0.003681390080600977
0.0015674346359446645
0.0014649913646280766
0.0027334289625287056
0.002340206876397133
0.001934366300702095
0.0021470761857926846
0.0035330308601260185
0.0035814486909657717
0.0025608607102185488
0.002160229254513979
0.0036239875480532646
0.001774185337126255
0.002104157814756036
0.0016428761882707477
0.002585536800324917
0.004734700080007315
0.0038942252285778522
0.0027243737131357193
0.002795401494950056
0.0027821853291243315
0.002514657098799944
0.0011224164627492428
0.0024845078587532043
0.0017991737695410848
0.0027363612316548824
0.0030794518534094095
0.0012374462094157934
0.003897537011653185
0.0016676774248480797
0.0030867077875882387
0.0018761565443128347
0.0022777945268899202
0.0011674815323203802
0.0038223036099225283
0.0019777303095906973
0.0026718336157500744
0.0011776157189160585
0.0029206424951553345
0.0034420425072312355
0.0023869071155786514
0.004070846829563379
0.0061400411650538445
0.004024391062557697
0.0023003388196229935
0.0012108252849429846
0.0019119847565889359
0.0026144678704440594
0.0016614394262433052
0.002602851018309593
0.003219554666429758
0.003551011672243476
0.0034191852901130915
0.0018269182182848454
0.0030708634294569492
0.004992299247533083
0.001614703331142664
0.0015518631553277373
0.004647210240364075
0.0018945628544315696
0.0013651438057422638
0.0014018620131537318
0.001710747368633747
0.003310728119686246
0.002395539777353406
0.0018989737145602703
0.0031440011225640774
0.0016502488870173693
0.0028986611869186163
0.0014301985502243042
0.0011720519978553057
0.002898053266108036
0.0011011168826371431
0.0033510210923850536
0.003023738507181406
0.0044580381363630295
0.0014819317730143666
0.0031867073848843575
0.005413197912275791
0.0029371390119194984
0.0027459070552140474
0.0023478439543396235
0.0019530759891495109
0.002758713671937585
0.003983831033110619
0.002854845952242613
0.002277825493365526
0.002187512582167983
0.0010243008146062493
0.003521853592246771
0.0029255086556077003
0.0021342523396015167
0.0026108846068382263
0.0033905243035405874
0.0016215344658121467
0.003505333326756954
0.004115821793675423
0.002278233878314495
0.0022456911392509937
0.0026067651342600584
0.003926917444914579
0.0022158236242830753
0.0015634711598977447
0.003146813251078129
0.0022765768226236105
0.003121601417660713
0.001982123823836446
0.002836908446624875
0.0018557381117716432
0.002881070366129279
0.0015289895236492157
0.002572285244241357
0.0032827677205204964
0.0029500876553356647
0.0030383446719497442
0.005019980948418379
0.001967826159670949
0.002289042342454195
0.0033404123969376087
0.00244528497569263
0.00335842277854681
0.0024234112352132797
0.0022507491521537304
0.0009299138328060508
0.002592566655948758
0.0026907764840871096
0.002016453305259347
0.0013706940226256847
0.0009560748585499823
0.0019483494106680155
0.0017868573777377605
0.007088904269039631
0.001343261799775064
0.0024088616482913494
0.0015261356020346284
0.0021331487223505974
0.0037179538048803806
0.0016846562502905726
0.0013756992993876338
0.0021342947147786617
0.0022950228303670883
0.001765004126355052
0.0011640444863587618
0.0017399669159203768
0.0013524249661713839
0.001951754093170166
0.0022158739157021046
0.0014610590878874063
0.0024071894586086273
0.0015141671756282449
0.002479790709912777
0.0018691930454224348
0.0007835269207134843
0.002364457817748189
0.0021900406572967768
0.003137996420264244
0.0009248724672943354
0.0016381458844989538
0.001934983185492456
0.0019601902458816767
0.002199281472712755
0.0022167714778333902
0.0023096927907317877
0.0016657229280099273
0.002175339963287115
0.0023186043836176395
0.0017771334387362003
0.003510182024911046
0.003225939115509391
0.001574564608745277
0.0019688631873577833
0.004228116478770971
0.0013774875551462173
0.0015688855201005936
0.0032160328701138496
0.0018250723369419575
0.001773142023012042
0.0015164839569479227
0.0017444685800001025
0.004512602463364601
0.0017605910543352365
0.0010268392506986856
0.003528665052726865
0.0018348849844187498
0.00302307796664536
0.0012115421704947948
0.003519148100167513
0.004118128214031458
0.0016251476481556892
0.00126366107724607
0.0009524322231300175
0.0020749082323163748
0.0024406013544648886
0.0024689920246601105
0.0018218199256807566
0.0016596631612628698
0.001951613579876721
0.0018593126442283392
0.001881792675703764
0.0030012857168912888
0.0027883362490683794
0.001469518756493926
0.002697770483791828
0.001528761349618435
0.0025063243228942156
0.0014156927354633808
0.0020748754031956196
0.00298045901581645
0.0017115345690399408
0.0026041578967124224
0.0017867146525532007
0.001303256954997778
0.0015852064825594425
0.0037403893657028675
0.0020958264358341694
0.0022607878781855106
0.0016911813290789723
0.0015242963563650846
0.0019331150688230991
0.0016386853531002998
0.003547901753336191
0.001941218040883541
0.0015223559457808733
0.0026165898889303207
0.0010089502902701497
0.0016528837149962783
0.0014401953667402267
0.001898700138553977
0.003148061688989401
0.001600582618266344
0.0033419402316212654
0.0009463003370910883
0.0010151589522138238
0.004243894945830107
0.0014708791859447956
0.0026978333480656147
0.0020012822933495045
0.003939052578061819
0.0016542163211852312
0.0038330787792801857
0.0015980345197021961
0.0019000621978193521
0.0024370721075683832
0.004400121979415417
0.004485126584768295
0.0014761616475880146
0.0037389188073575497
0.0018318137153983116
0.0012090462259948254
0.0027282233349978924
0.002541325055062771
0.0022002849727869034
0.003876287490129471
0.0009145053918473423
0.0018728828290477395
0.0012514515547081828
0.002141485922038555
0.0009053926914930344
0.002054377691820264
0.002713496796786785
0.0022887117229402065
0.0017222819151356816
0.0011988371843472123
0.002383252140134573
0.0012362883426249027
0.0009456146508455276
0.0032706945203244686
0.0037908621598035097
0.002629349008202553
0.0013318175915628672
