0.010485813021659851
0.010589288547635078
0.010662012733519077
0.01056166086345911
0.010692124255001545
0.010553720407187939
0.010602978058159351
0.010658741928637028
0.010678059421479702
0.010589247569441795
0.010624611750245094
0.010693999007344246
0.010629652068018913
0.010885072872042656
0.010882026515901089
0.010670986957848072
0.010687708854675293
0.010663233697414398
0.010663623921573162
0.010840159840881824
0.010629884898662567
0.010597039945423603
0.010543819516897202
0.01068590022623539
0.010731554590165615
0.01054711826145649
0.010780785232782364
0.010551625862717628
0.010730598121881485
0.010876551270484924
0.01049920916557312
0.010562999173998833
0.010614078491926193
0.010652796365320683
0.010477947071194649
0.010479223914444447
0.01053265854716301
0.010623276233673096
0.010613176971673965
0.01056925393640995
0.010758967138826847
0.010532553307712078
0.01058266032487154
0.010611298494040966
0.010650352574884892
0.010409027338027954
0.010386792942881584
0.010457239113748074
0.010472316294908524
0.010426755994558334
0.01051172986626625
0.010412832722067833
0.010247491300106049
0.010377348400652409
0.010381943546235561
0.010568378493189812
0.010399648919701576
0.010511339642107487
0.010317298583686352
0.01039372943341732
0.010298033244907856
0.01037154532968998
0.01029347162693739
0.01031511276960373
0.01044558547437191
0.010375851765275002
0.010408401489257812
0.010480483993887901
0.010319376364350319
0.010340271517634392
0.010394887067377567
0.01028282381594181
0.010286141186952591
0.010461997240781784
0.010549003258347511
0.010290938429534435
0.010371786542236805
0.010363277047872543
0.010269607417285442
0.010319157503545284
0.010270511731505394
0.010349776595830917
0.01035066694021225
0.010349091142416
0.010391881689429283
0.010445812717080116
0.010465246625244617
0.010348073206841946
0.010310620069503784
0.010326114483177662
0.010328811593353748
0.010429775342345238
0.010373450815677643
0.010363669134676456
0.010376582853496075
0.010327594354748726
0.010364645160734653
0.010448058135807514
0.010510250926017761
0.010479296557605267
0.010317157953977585
0.010453925468027592
0.010359853506088257
0.01036078855395317
0.010412024334073067
0.010385195724666119
0.010302894748747349
0.01033070683479309
0.010329662822186947
0.010329564101994038
0.010346694849431515
0.010383636690676212
0.010356922633945942
0.010391308926045895
0.010400229133665562
0.01043993141502142
0.010371734388172626
0.010317345149815083
0.01030617393553257
0.01026347279548645
0.010389058850705624
0.01034989021718502
0.010364744812250137
0.010239124298095703
0.010633530095219612
0.010318230837583542
0.010458823293447495
0.010305367410182953
0.010270783677697182
0.010352874174714088
0.010309822857379913
0.010403486900031567
0.010238750837743282
0.010258999653160572
0.010242442600429058
0.010568083263933659
0.010233181528747082
0.010295246727764606
0.010273528285324574
0.01040688343346119
0.010493447072803974
0.010275060310959816
0.010375120677053928
0.010266897268593311
0.010225815698504448
0.01035001128911972
0.010321715846657753
0.010310277342796326
0.010298924520611763
0.01024415623396635
0.010341494344174862
0.010495960712432861
0.010247554630041122
0.010272013023495674
0.010287970304489136
0.010422524064779282
0.010316531173884869
0.010228904895484447
0.010384353809058666
0.010273022577166557
0.01037860382348299
0.010314036160707474
0.010325987823307514
0.010329115204513073
0.010255111381411552
0.010376868769526482
0.01024679746478796
0.01034474652260542
0.010337499901652336
0.0101777333766222
0.010172894224524498
0.01028376817703247
0.010472065769135952
0.010249807499349117
0.010466115549206734
0.010393700562417507
0.010387394577264786
0.010283022187650204
0.01046669576317072
0.01031099446117878
0.010172254405915737
0.010318477638065815
0.010280616581439972
0.01015376765280962
0.010265832766890526
0.010406498797237873
0.010217447765171528
0.010236208327114582
0.010396504774689674
0.010424047708511353
0.010275324806571007
0.010189712047576904
0.010368325747549534
0.010340839624404907
0.010181346908211708
0.01025389414280653
0.010341855697333813
0.010325009934604168
0.010403965599834919
0.0102463997900486
0.010243172757327557
0.010194276459515095
0.010325957089662552
0.010276899673044682
0.010215369053184986
0.01035454124212265
0.010202866047620773
0.010552000254392624
0.01033829990774393
0.010170923545956612
0.010159188881516457
0.010341226123273373
0.010527614504098892
0.010363909415900707
0.010331711731851101
0.010466236621141434
0.010381271131336689
0.010450069792568684
0.010346137918531895
0.010195935145020485
0.010248567909002304
0.01022839080542326
0.01036766730248928
0.010320699773728848
0.010425407439470291
0.010393462143838406
0.010408777743577957
0.010144402272999287
0.010202205739915371
0.010443159379065037
0.010305899195373058
0.010097159072756767
0.010380370542407036
0.010363440029323101
0.010556397028267384
0.010445726104080677
0.010250451043248177
0.010401210747659206
0.010097474791109562
0.010228509083390236
0.010199899785220623
0.010223939083516598
0.010206587612628937
0.010247633792459965
0.010403349064290524
0.010264264419674873
0.010556962341070175
0.010179037228226662
0.010232430882751942
0.010255340486764908
