0.44945597648620605
0.4495161175727844
0.44963347911834717
0.44950395822525024
0.44950273633003235
0.44945502281188965
0.449404239654541
0.44950464367866516
0.4494376480579376
0.4494599997997284
0.44941195845603943
0.4494028091430664
0.44934791326522827
0.4492850601673126
0.44942840933799744
0.4492529630661011
0.4493033289909363
0.44925400614738464
0.44926345348358154
0.44929441809654236
0.44907069206237793
0.4489904046058655
0.44909268617630005
0.4490223824977875
0.4488944709300995
0.4488784074783325
0.44896161556243896
0.4484644830226898
0.44863754510879517
0.448631227016449
0.44863361120224
0.4482966661453247
0.4483039677143097
0.4482003152370453
0.44782406091690063
0.44771280884742737
0.4479423463344574
0.4476468861103058
0.44791728258132935
0.44753652811050415
0.4479920268058777
0.44673964381217957
0.4458959996700287
0.44640323519706726
0.4463498294353485
0.4451766312122345
0.4451606273651123
0.4427832067012787
0.4435894191265106
0.44275379180908203
0.4436935782432556
0.439260333776474
0.4402335584163666
0.44047459959983826
0.4379652142524719
0.4383968412876129
0.4344524145126343
0.4373053014278412
0.42583081126213074
0.4304170310497284
0.42437779903411865
0.4219067692756653
0.4186094403266907
0.41005271673202515
0.4176522493362427
0.4063510000705719
0.39505770802497864
0.402401328086853
0.394299179315567
0.36403876543045044
0.3628610670566559
0.27988046407699585
0.2767615020275116
0.2999303340911865
0.28449875116348267
0.21420833468437195
0.2693940997123718
0.2174520492553711
0.14713144302368164
0.1341407597064972
0.12760627269744873
0.2019512802362442
0.2912868559360504
0.20341336727142334
0.30841064453125
0.15923269093036652
0.27128666639328003
0.2485659122467041
0.25470036268234253
0.2930721938610077
0.23525629937648773
0.24341367185115814
0.29891636967658997
0.31733182072639465
0.2875491678714752
0.3014114201068878
0.3754017949104309
0.29745644330978394
0.27904585003852844
0.3497229218482971
0.3014479875564575
0.2936091423034668
0.33393627405166626
0.30015385150909424
0.3233169913291931
0.2776016294956207
0.29636263847351074
0.29608383774757385
0.3115796446800232
0.2890251576900482
0.24536025524139404
0.2847778797149658
0.2960710823535919
0.3073601722717285
0.2895302176475525
0.26129433512687683
0.28154486417770386
0.26966771483421326
0.2645421326160431
0.268938809633255
0.27662187814712524
0.3119271993637085
0.2554023861885071
0.25647369027137756
0.3600507378578186
0.2763822376728058
0.25736573338508606
0.26360949873924255
0.24255646765232086
0.2645937502384186
0.21711629629135132
0.2663128077983856
0.2080719769001007
0.16040927171707153
0.17292368412017822
0.24356335401535034
0.2711870074272156
0.2379186898469925
0.24061596393585205
0.17600888013839722
0.16205047070980072
0.18222078680992126
0.2041592299938202
0.17300942540168762
0.22358885407447815
0.19107280671596527
0.1746279001235962
0.23255929350852966
0.13130083680152893
0.1509123146533966
0.15764902532100677
0.2511444389820099
0.13882125914096832
0.16590940952301025
0.18835678696632385
0.1658063530921936
0.15856164693832397
0.13942380249500275
0.26676273345947266
0.105333112180233
0.15601301193237305
0.2140844315290451
0.18172875046730042
0.23413392901420593
0.15173326432704926
0.15662115812301636
0.17317652702331543
0.1153789684176445
0.17900587618350983
0.12430042773485184
0.14495179057121277
0.18981580436229706
0.18756677210330963
0.18554849922657013
0.1785462200641632
0.1434936225414276
0.13836070895195007
0.18617595732212067
0.22134821116924286
0.20740710198879242
0.24551768600940704
0.2103244662284851
0.19776366651058197
0.17053064703941345
0.16799584031105042
0.23304735124111176
0.20621810853481293
0.21978239715099335
0.19397863745689392
0.19964294135570526
0.20298978686332703
0.15063869953155518
0.15334615111351013
0.23392550647258759
0.1372637152671814
0.18542243540287018
0.20443779230117798
0.15327821671962738
0.18197308480739594
0.23191189765930176
0.19399333000183105
0.18123510479927063
0.2430887222290039
0.2020540088415146
0.16065701842308044
0.1346433460712433
0.15125901997089386
0.2008221596479416
0.23649388551712036
0.22078362107276917
0.19814340770244598
0.16826656460762024
0.17392125725746155
0.1464051902294159
0.19951307773590088
0.2886160910129547
0.16322536766529083
0.2110660821199417
0.23347771167755127
0.1546027958393097
0.15902762115001678
0.12339004129171371
0.20399144291877747
0.1980651617050171
0.2554894983768463
0.15785109996795654
0.17744792997837067
0.13580982387065887
0.16321039199829102
0.18126218020915985
0.16385148465633392
0.1500937044620514
0.13259868323802948
0.14615602791309357
0.17338700592517853
0.13690614700317383
0.1393038034439087
0.2164091169834137
0.15487970411777496
0.16645541787147522
0.2089841216802597
0.15101595222949982
0.16156268119812012
0.15195408463478088
0.16202972829341888
0.1322633922100067
0.19537580013275146
0.150075301527977
0.1562993973493576
0.12759730219841003
