0.08945703506469727
0.08951637893915176
0.08963164687156677
0.08950557559728622
0.0895056277513504
0.08945281058549881
0.08940310776233673
0.0895063504576683
0.08943704515695572
0.08946112543344498
0.0894114077091217
0.08940311521291733
0.08934623003005981
0.08928335458040237
0.08942908048629761
0.08925294876098633
0.08930099010467529
0.0892525166273117
0.08926254510879517
0.08929546922445297
0.08907297253608704
0.0889926329255104
0.0890902653336525
0.08902166038751602
0.0888960212469101
0.08887902647256851
0.0889662355184555
0.08847153186798096
0.0886366218328476
0.08862977474927902
0.08863413333892822
0.08830831199884415
0.08830686658620834
0.08820424228906631
0.08783175051212311
0.08771387487649918
0.08794774115085602
0.08764699101448059
0.08792267739772797
0.08754527568817139
0.08800258487462997
0.08672694861888885
0.0858994796872139
0.08642177283763885
0.08636466413736343
0.08516761660575867
0.08514682948589325
0.08283151686191559
0.08360877633094788
0.08277304470539093
0.08370865136384964
0.07929996401071548
0.08023916929960251
0.08055128902196884
0.07808142155408859
0.0783945694565773
0.07455167919397354
0.07730697095394135
0.0659877359867096
0.07054077833890915
0.06441124528646469
0.06220849230885506
0.059486545622348785
0.05178200080990791
0.058644913136959076
0.05069788917899132
0.042760517448186874
0.052720218896865845
0.041583411395549774
0.03134217858314514
0.03493905067443848
0.014581553637981415
0.018704725429415703
0.03743743896484375
0.04625867307186127
0.016333352774381638
0.07206317782402039
0.04060453176498413
0.03498365357518196
0.023421522229909897
0.015407894738018513
0.058413878083229065
0.05734497308731079
0.058886632323265076
0.07157786935567856
0.01525946520268917
0.044618166983127594
0.019485458731651306
0.029881203547120094
0.04244036599993706
0.01191706769168377
0.012421594001352787
0.020625591278076172
0.030686747282743454
0.024072563275694847
0.03324299305677414
0.057788703590631485
0.025960126891732216
0.018440011888742447
0.044716980308294296
0.020661823451519012
0.021602341905236244
0.04046536609530449
0.01604427769780159
0.028403548523783684
0.022747863084077835
0.022110512480139732
0.018628304824233055
0.026522470638155937
0.01951923593878746
0.021912364289164543
0.027978798374533653
0.02702871896326542
0.035961076617240906
0.029589055106043816
0.027282360941171646
0.028413783758878708
0.027186403051018715
0.02729106694459915
0.02480965107679367
0.03415525332093239
0.04188493639230728
0.029069527983665466
0.026599789038300514
0.05088059604167938
0.033972274512052536
0.025521961972117424
0.028741981834173203
0.03548762947320938
0.03189358487725258
0.02613029256463051
0.033731844276189804
0.0243985652923584
0.014522861689329147
0.016266560181975365
0.026565035805106163
0.029697149991989136
0.03141751512885094
0.026713937520980835
0.01608682982623577
0.013908076100051403
0.014895538799464703
0.023783747106790543
0.019811801612377167
0.01754465140402317
0.017241913825273514
0.01832730509340763
0.024905841797590256
0.017148880288004875
0.012556410394608974
0.019789308309555054
0.03172469511628151
0.013523055240511894
0.016077959910035133
0.02240046113729477
0.01883501559495926
0.013305467553436756
0.012475287541747093
0.022158320993185043
0.007585554383695126
0.013937445357441902
0.024326665326952934
0.01796659082174301
0.03544129431247711
0.00884217582643032
0.015181900933384895
0.011172797530889511
0.005963588133454323
0.021528294309973717
0.00790075771510601
0.014177552424371243
0.013666165992617607
0.014586687088012695
0.014093920588493347
0.03028366155922413
0.011224865913391113
0.008501208387315273
0.011492431163787842
0.01784544624388218
0.021187862381339073
0.01772189512848854
0.017899679020047188
0.026099257171154022
0.009264607913792133
0.01385173574090004
0.03378237411379814
0.02166125737130642
0.02034509927034378
0.030408157035708427
0.031090788543224335
0.028810035437345505
0.012730713933706284
0.008863101713359356
0.02347228117287159
0.012569481506943703
0.01490146666765213
0.022351667284965515
0.01502903550863266
0.02562691643834114
0.0216758381575346
0.018001027405261993
0.013207545503973961
0.02150716818869114
0.015421099960803986
0.01084466278553009
0.010372345335781574
0.011426791548728943
0.030667558312416077
0.017078524455428123
0.014637194573879242
0.010793035849928856
0.023054588586091995
0.01573823019862175
0.01091417483985424
0.022421536967158318
0.022989803925156593
0.018099302425980568
0.019224543124437332
0.03564853593707085
0.014468052424490452
0.015523076057434082
0.008618203923106194
0.040010303258895874
0.016648972406983376
0.039380740374326706
0.015531203709542751
0.01598280854523182
0.010012748651206493
0.009313827380537987
0.024607617408037186
0.018790608271956444
0.0068314154632389545
0.010717744007706642
0.01868676207959652
0.032000306993722916
0.015179678797721863
0.011427558958530426
0.02514132857322693
0.0080104423686862
0.011424056254327297
0.021986454725265503
0.012420136481523514
0.012248115614056587
0.01771371066570282
0.0212689358741045
0.012890401296317577
0.02780953422188759
0.011474899016320705
0.01170532125979662
0.009274543263018131
0.030079949647188187
0.011365520767867565
0.023122072219848633
0.01630784198641777
0.020629022270441055
0.017440851777791977
0.01063067652285099
0.01895342767238617
0.012832794338464737
0.02158382721245289
0.015638509765267372
0.017354153096675873
0.009626924060285091
0.009824969805777073
0.012063318863511086
0.008348749950528145
0.006814583204686642
0.013126925565302372
0.01429666392505169
0.009286914020776749
0.005304238758981228
0.010946519672870636
0.009472701698541641
0.013070732355117798
0.01271071471273899
0.014177300967276096
0.018981078639626503
0.015561370179057121
0.017899665981531143
0.023217055946588516
0.017559481784701347
0.013578390702605247
0.010040119290351868
0.014550488442182541
0.007968084886670113
0.0113571397960186
0.011792597360908985
0.01508093811571598
0.005006338004022837
0.011547031812369823
0.02261037565767765
0.007841646671295166
0.011096185073256493
0.02239619567990303
0.008811812847852707
0.006502929609268904
0.011956173926591873
0.008692258968949318
0.00817178562283516
0.017508652061223984
0.011841334402561188
0.014764860272407532
0.014068905264139175
0.007737664505839348
0.014348960481584072
0.01031057070940733
0.021020766347646713
0.012039067223668098
0.006568438373506069
0.011687349528074265
0.012910014018416405
0.009624972008168697
0.012512732297182083
0.020110690966248512
0.010802483186125755
0.012279780581593513
0.012582985684275627
0.011195005849003792
0.011011938564479351
0.008099046535789967
0.00726191233843565
0.01007678359746933
0.013033386319875717
0.013367081992328167
0.006651905830949545
0.013260168954730034
0.012863106094300747
0.00964381080120802
0.009677591733634472
0.0071907686069607735
0.022685594856739044
0.024222025647759438
0.009819144383072853
0.0072788577526807785
0.01274096593260765
0.005843466147780418
0.011710148304700851
0.008154927752912045
0.022723987698554993
0.015348055399954319
0.025904642418026924
0.01648261584341526
0.00856037624180317
0.008638003841042519
0.010416042990982533
0.008559225127100945
0.009072260931134224
0.007331539411097765
0.011425689794123173
0.020168324932456017
0.011711359955370426
0.008774440735578537
0.00943187065422535
0.023555725812911987
0.01154761016368866
0.009786432608962059
0.016971901059150696
0.013192960061132908
0.008294281549751759
0.01889771781861782
0.015727873891592026
0.010977072641253471
0.01726985163986683
0.012485271319746971
0.015720747411251068
0.009275472722947598
0.01067580096423626
0.015502787195146084
0.015401523560285568
0.013225795701146126
0.012913588434457779
0.009458387270569801
0.009207135066390038
0.01907718926668167
0.010353624820709229
0.01317334733903408
0.011520784348249435
0.008281245827674866
0.00541494507342577
0.015508459880948067
0.00998871959745884
0.01324903592467308
0.011315357871353626
0.008482329547405243
0.015233488753437996
0.011626577004790306
0.012740331701934338
0.014964772388339043
0.008586276322603226
0.016330504789948463
0.008106285706162453
0.008376755751669407
0.007711309008300304
0.009923191741108894
0.007106763310730457
0.007662507239729166
0.008386951871216297
0.008986957371234894
0.017581135034561157
0.014900756999850273
0.005498360842466354
0.00701516680419445
0.008156022056937218
0.009860997088253498
0.005167580209672451
0.009259430691599846
0.016683023422956467
0.008383463136851788
0.01497895922511816
0.02637460082769394
0.007410334423184395
0.0113503597676754
0.011382486671209335
0.012426132336258888
0.010371634736657143
0.010497460141777992
0.008682082407176495
0.009391145780682564
0.012768302112817764
0.008033482357859612
0.014466777443885803
0.020874882116913795
0.011584972962737083
0.00698449881747365
0.015371539629995823
0.005960073322057724
0.007551024667918682
0.008667971938848495
0.010393314063549042
0.010990029200911522
0.008473923429846764
0.011245540343225002
0.009816576726734638
0.011984337121248245
0.01449078693985939
0.00927029363811016
0.007879246026277542
0.01658501662313938
0.007584330625832081
0.009640705771744251
0.013622146099805832
0.01201646588742733
0.008154427632689476
0.010237464681267738
0.013451112434267998
0.023759666830301285
0.011752881109714508
0.007690128870308399
0.01251075230538845
0.025957945734262466
0.005404967814683914
0.0065564485266804695
0.009743155911564827
0.006034767720848322
0.010407151654362679
0.015835914760828018
0.011466210708022118
0.005525978282094002
0.014522472396492958
0.010426685214042664
0.004425905179232359
0.011367090046405792
0.008315224200487137
0.011615194380283356
0.0069047510623931885
0.022924985736608505
0.009811447001993656
0.011431386694312096
0.00782220158725977
0.006421564146876335
0.007995002903044224
0.00987754575908184
0.0068132830783724785
0.0189500879496336
0.014379747211933136
0.009644774720072746
0.007034560665488243
0.007500267121940851
0.008035004138946533
0.017682446166872978
0.009655194357037544
0.006402147002518177
0.01630641147494316
0.014638271182775497
0.009734735824167728
0.011799560859799385
0.006037003360688686
0.008854180574417114
0.005815922282636166
0.006384618114680052
0.006302381865680218
0.01177407056093216
0.006830785423517227
0.013783161528408527
0.005715850740671158
0.007673071697354317
0.011796326376497746
0.008148595690727234
0.005932416766881943
0.008276933804154396
0.005125126801431179
0.00887434370815754
0.005210022442042828
0.006237423978745937
0.011039169505238533
0.007508893497288227
0.005057619884610176
0.009705115109682083
0.012514837086200714
0.007819991558790207
0.006576200947165489
0.008416417054831982
0.017504114657640457
0.011920779943466187
0.010320685803890228
0.009842202067375183
0.015501001849770546
0.01452862098813057
0.010872602462768555
0.008326467126607895
0.006332291755825281
0.011915450915694237
0.009283813647925854
0.005567024927586317
0.016247833147644997
0.010434619151055813
0.01576823927462101
0.007270790170878172
0.009074762463569641
0.010075237601995468
0.00786413624882698
0.00881454348564148
0.005856391973793507
0.006041744723916054
0.006324447691440582
0.01867799647152424
0.010555652901530266
0.006463606841862202
0.008293398655951023
0.006448504514992237
0.005680245812982321
0.005598627962172031
0.008709369227290154
0.008749894797801971
0.010286279954016209
0.0075947195291519165
0.0064692385494709015
0.007288694381713867
0.011375609785318375
0.004139909986406565
0.0068262186832726
0.012165007181465626
0.011172691360116005
0.006297184620052576
0.005117378197610378
0.004635377787053585
0.005452633835375309
0.009406073950231075
0.007595490198582411
0.011359353549778461
0.013141033239662647
0.009009127505123615
0.010437017306685448
0.006867351476103067
0.015013260766863823
0.01100059412419796
0.01624329388141632
0.0124972490593791
0.009283087216317654
0.006870001554489136
0.007740031462162733
0.015078173018991947
0.010519920848309994
0.007095130626112223
0.0089060477912426
0.010182946920394897
0.014006691053509712
0.019621292129158974
0.006752512417733669
0.006045086774975061
0.009377297013998032
0.005157056264579296
0.007880889810621738
0.0094987777993083
0.007630862761288881
0.013383045792579651
0.005052090622484684
0.008831622079014778
0.010236024856567383
0.010472072288393974
0.007987886667251587
0.007002194412052631
0.006534617859870195
0.020702116191387177
0.00858045369386673
0.007075927220284939
0.0067771743051707745
0.003964216448366642
0.006950217764824629
0.008938118815422058
0.02071405202150345
0.015612376853823662
0.010641830042004585
0.007724129129201174
0.004829671699553728
0.007470079697668552
0.008119512349367142
0.01188372541218996
0.011241769418120384
0.010075449012219906
0.007439258974045515
0.005739950574934483
0.011336373165249825
0.007191956043243408
0.0077583324164152145
0.005791476462036371
0.014492880553007126
0.01215430349111557
0.005443244706839323
0.005801210179924965
0.006721815560013056
0.007859563454985619
0.005440779961645603
0.004733383655548096
0.008142624981701374
0.006627666763961315
0.018282223492860794
0.006734540686011314
0.0041536069475114346
0.011769210919737816
0.008914995938539505
0.00477485591545701
0.01126306876540184
0.016983825713396072
0.004958004225045443
0.006498729810118675
0.004742317367345095
0.0036407546140253544
0.011715371161699295
0.007063544820994139
0.006720932200551033
0.006438766606152058
0.032753776758909225
0.011654108762741089
0.003927561920136213
0.006616929080337286
0.011042908765375614
0.007246232591569424
0.01967865601181984
0.016122106462717056
0.010325370356440544
0.005084101110696793
0.005212926305830479
0.0063768248073756695
0.01157458871603012
0.006416496820747852
0.0054792361333966255
0.0055504655465483665
0.007219608873128891
0.012899416498839855
0.012477350421249866
0.011388931423425674
0.007801417261362076
0.005883450619876385
0.005556511227041483
0.02030911296606064
0.014245946891605854
0.004732677713036537
0.008793117478489876
0.007318634539842606
0.00477153854444623
0.020781507715582848
0.011234057135879993
0.007143023423850536
0.005378115922212601
0.009442513808608055
0.0077101606875658035
0.011778241954743862
0.007932290434837341
0.0052686287090182304
0.00881418026983738
0.005852172151207924
0.006072715390473604
0.007900627329945564
0.010054212063550949
0.011293021962046623
0.0055232904851436615
0.008771875873208046
0.006908627692610025
0.006296136416494846
0.005425712093710899
0.005773171316832304
0.007684493437409401
0.006218883208930492
0.0053485604003071785
0.030071746557950974
0.00550968199968338
0.008178887888789177
0.01346537098288536
0.012096819467842579
0.007999040186405182
0.004858288913965225
0.004553365521132946
0.004916746634989977
0.015415707603096962
0.006851804442703724
0.0185792688280344
0.006438120733946562
0.008395570330321789
0.008247298188507557
0.007026235107332468
0.010811373591423035
0.005038293544203043
0.0071541015058755875
0.00818103738129139
0.005604937206953764
0.0113475751131773
0.00790461990982294
0.011915452778339386
0.007706408854573965
0.006664005108177662
0.009102564305067062
0.0046856589615345
0.004350197501480579
0.008283308707177639
0.008500665426254272
0.005866339895874262
0.009692777879536152
0.004871862940490246
0.009356029331684113
0.00897359848022461
0.00784858874976635
0.011267224326729774
0.006245865952223539
0.00875807274132967
0.007491640280932188
0.006714513525366783
0.009271129034459591
0.012058712542057037
0.005896773189306259
0.008468376472592354
0.011940780095756054
0.0064164320938289165
0.023604676127433777
0.006790630519390106
0.007944071665406227
0.01880316063761711
0.00907171331346035
0.016001537442207336
0.00891048088669777
0.007680893875658512
0.004435881972312927
0.011229341849684715
0.007930909283459187
0.008668230846524239
0.017459915950894356
0.007792334537953138
0.009365903213620186
0.007516938727349043
0.008170248940587044
0.005246666260063648
0.011299993842840195
0.020094871520996094
0.007700624875724316
0.008558714762330055
0.005584188736975193
0.005363369360566139
0.005741111468523741
0.005727846175432205
0.016486765816807747
0.005914689972996712
0.00681268610060215
0.005455770995467901
0.005678705871105194
0.004596784710884094
0.005813250318169594
0.012395188212394714
0.009803138673305511
0.00880072358995676
0.01511024497449398
0.007411806844174862
0.005036217160522938
0.013437706977128983
0.006092797499150038
0.014344273135066032
0.009292440488934517
0.0040340730920434
0.0054675517603755
0.006071809679269791
0.011507080867886543
0.00625312514603138
0.005336076021194458
0.006541362963616848
0.00553319975733757
0.00568609032779932
0.011762158945202827
0.00650414451956749
0.0063368030823767185
0.005944933742284775
0.01193360798060894
0.006853270810097456
0.006992794573307037
0.0037706238217651844
0.015367936342954636
0.0045934515073895454
0.003944155294448137
0.006659931968897581
0.01449969969689846
0.010640265420079231
0.010253604501485825
0.01072976365685463
0.009758444502949715
0.012619275599718094
0.012786665931344032
0.0064033400267362595
0.008280986919999123
0.00864572636783123
0.004824646282941103
0.006533181760460138
0.012414852157235146
0.006143550388514996
0.023078836500644684
0.007840768434107304
0.011223562061786652
0.013014061376452446
0.007059316150844097
0.02162524312734604
0.016443753615021706
0.006192455068230629
0.005742605775594711
0.007338817231357098
0.007769081741571426
0.005935711320489645
0.008117759600281715
0.014209963381290436
0.009354575537145138
0.006513815373182297
0.01024865172803402
0.009145693853497505
0.0036449050530791283
0.010506921447813511
0.00808275118470192
0.005116920918226242
0.0073959678411483765
0.00660377461463213
0.009939123876392841
0.005168153904378414
0.00399594334885478
0.006658159662038088
0.007099761627614498
0.00996898952871561
0.015396671369671822
0.006292738486081362
0.007898882031440735
0.012029089033603668
0.009128943085670471
0.00933072715997696
0.007332037203013897
0.0048765805549919605
0.005262148566544056
0.01216330099850893
0.012330589815974236
0.006183477118611336
0.012956127524375916
0.005085796117782593
0.011913353577256203
0.005130024626851082
0.010717088356614113
0.005829527974128723
0.010527627542614937
0.006240064278244972
0.006091554649174213
0.01597624644637108
0.008369212038815022
0.007462942972779274
0.010232541710138321
0.008449641987681389
0.0055429390631616116
0.013113314285874367
0.010251917876303196
0.004794050008058548
0.009088026359677315
0.014214031398296356
0.004436698276549578
0.004096556454896927
0.005926110781729221
0.011810597032308578
0.009469395503401756
0.004898488987237215
0.009155640378594398
0.007183452602475882
0.019911333918571472
0.006023085676133633
0.0045906356535851955
0.005479359999299049
0.008263081312179565
0.01881498470902443
0.0061211297288537025
0.009690437465906143
0.008231103420257568
0.00833411980420351
0.007983517833054066
0.015519905835390091
0.010778775438666344
0.0062616379000246525
0.004463714547455311
0.00820163544267416
0.004612525459378958
0.005404368974268436
0.0026968480087816715
0.0062772296369075775
0.00836254097521305
0.0035888412967324257
0.004231262020766735
0.011844717897474766
0.005832288414239883
0.012329893186688423
0.009039836004376411
0.006411406677216291
0.005247590132057667
0.007716725114732981
0.009511062875390053
0.0033207470551133156
0.008504550904035568
0.0044693369418382645
0.009328591637313366
0.0053374748677015305
0.0032269179355353117
0.005479626357555389
0.012276094406843185
0.00564712006598711
0.011355248279869556
0.004216772969812155
0.008079711347818375
0.01550731435418129
0.007152698002755642
0.0035058530047535896
0.004153546877205372
0.005754790268838406
0.007182140368968248
0.005929035134613514
0.0051109157502651215
0.010568752884864807
0.005959409289062023
0.007457999046891928
0.014178693294525146
0.009794377721846104
0.006177060771733522
0.009638212621212006
0.00549174752086401
0.003786808578297496
0.012432447634637356
0.006567174568772316
0.012941190972924232
0.006437359843403101
0.005164823494851589
0.007444786839187145
0.005861176643520594
0.004211420193314552
0.009935449808835983
0.007640019059181213
0.005134835373610258
0.005785138811916113
0.004171479027718306
0.010902874171733856
0.006986117921769619
0.01031869649887085
0.009380146861076355
0.007409990765154362
0.00610201433300972
0.011335146613419056
0.004266873933374882
0.010202376171946526
0.009380634874105453
0.00886838324368
0.008308080025017262
0.005612631794065237
0.007478421553969383
0.012233821675181389
0.01240539364516735
0.01130004320293665
0.006035159341990948
0.012881606817245483
0.005484183318912983
0.0056838467717170715
0.0032939650118350983
0.006013566628098488
0.005381704308092594
0.00788287166506052
0.005033860914409161
0.0042875404469668865
0.010459567420184612
0.004396533593535423
0.004290041513741016
0.003759335493668914
0.00685377512127161
0.003767498768866062
0.004981162957847118
0.01031840592622757
0.010057365521788597
