0.0627787783741951
0.06252426654100418
0.06251563131809235
0.06251384317874908
0.06251509487628937
0.06251826137304306
0.06251732259988785
0.06279965490102768
0.06251749396324158
0.06252637505531311
0.06251341104507446
0.06251657009124756
0.0625176727771759
0.0625278577208519
0.06252102553844452
0.06252457946538925
0.06252817064523697
0.06251813471317291
0.06253250688314438
0.06252583861351013
0.06252463161945343
0.06252137571573257
0.06251979619264603
0.06251795589923859
0.06253664195537567
0.06252361088991165
0.06252562254667282
0.06251705437898636
0.06251869350671768
0.0625198557972908
0.0626346617937088
0.06251653283834457
0.06252222508192062
0.06251249462366104
0.06250640749931335
0.06251952797174454
0.06256245076656342
0.06253254413604736
0.06252536177635193
0.06251543760299683
0.06251787394285202
0.06286793202161789
0.0625278502702713
0.06252959370613098
0.06251395493745804
0.06251498311758041
0.06252139806747437
0.06254396587610245
0.06251431256532669
0.06251781433820724
0.06251940131187439
0.06252425909042358
0.0625244751572609
0.06253166496753693
0.0625229924917221
0.06251218914985657
0.06253058463335037
0.06253845989704132
0.0625210702419281
0.06253262609243393
0.06251212954521179
0.06253986805677414
0.06252402067184448
0.06252308189868927
0.0625205710530281
0.06252763420343399
0.06268733739852905
0.06254023313522339
0.06251993030309677
0.06251955032348633
0.06251956522464752
0.06308608502149582
0.06252436339855194
0.06252416968345642
0.06253143399953842
0.062517911195755
0.06254903227090836
0.06252944469451904
0.0625213235616684
0.0625152438879013
0.06295634061098099
0.06253232061862946
0.06252551823854446
0.06251569092273712
0.06254038959741592
0.06258910894393921
0.06252046674489975
0.06252628564834595
0.06251247972249985
0.07289163768291473
0.06253816187381744
0.06257449090480804
0.06391315162181854
0.06293049454689026
0.06608548015356064
0.0631420835852623
0.06251409649848938
0.06284220516681671
0.06354433298110962
0.06260810047388077
0.06289708614349365
0.06318129599094391
0.1142769604921341
0.064410001039505
0.06283816695213318
0.06466416269540787
0.06398513168096542
0.06268514692783356
0.06258759647607803
0.06281718611717224
0.07154461741447449
0.12955963611602783
0.06413642317056656
0.0636078268289566
0.06399751454591751
0.07275836169719696
0.062240615487098694
0.06203240901231766
0.06274547427892685
0.0875631794333458
0.07267685979604721
0.06343163549900055
0.06409922987222672
0.07351426780223846
0.060484014451503754
0.06268613785505295
0.061320409178733826
0.06185178458690643
0.059677690267562866
0.06414300203323364
0.058670978993177414
0.05981092154979706
0.06246662884950638
0.059179291129112244
0.06290251761674881
0.055188942700624466
0.059931084513664246
0.05672423541545868
0.06249595806002617
0.06383857131004333
0.057514406740665436
0.05734013393521309
0.05575111508369446
0.052319448441267014
0.06311212480068207
0.05514073371887207
0.0504155158996582
0.055689290165901184
0.046026721596717834
0.05482549965381622
0.039071232080459595
0.048707835376262665
0.05510519817471504
0.057011350989341736
0.04066326841711998
0.046673476696014404
0.05343588441610336
0.059300780296325684
0.033231545239686966
0.05269579961895943
0.06320644170045853
0.036407530307769775
0.04392708092927933
0.053613245487213135
0.048144351691007614
0.04284622520208359
0.0468144565820694
0.045838862657547
0.04936452955007553
0.05047834292054176
0.055655524134635925
0.049030475318431854
0.036517947912216187
0.04792358726263046
0.03755563870072365
0.045630812644958496
0.045216649770736694
0.048348478972911835
0.04861326515674591
0.037323497235774994
0.029206186532974243
0.047826699912548065
0.040068332105875015
0.056562963873147964
0.052554983645677567
0.05143650993704796
0.038686785846948624
0.036757759749889374
0.03221261873841286
0.04296282306313515
0.05395305156707764
0.0508529432117939
0.04898640513420105
0.035660285502672195
0.06254781782627106
0.06297357380390167
0.04950740933418274
0.057458557188510895
0.05862364172935486
0.05627639219164848
0.03454270213842392
0.04313066601753235
0.03346513211727142
0.0487227588891983
0.055135972797870636
0.05394493043422699
0.04189823567867279
0.04332737997174263
0.021129045635461807
0.04303823411464691
0.045356132090091705
0.049374256283044815
0.05005078762769699
0.042157042771577835
0.025245212018489838
0.04493104666471481
0.04304876551032066
0.04907527565956116
0.048641566187143326
0.05426103621721268
0.03577469289302826
0.04370879381895065
0.03648819774389267
0.036665257066488266
0.045415300875902176
0.0425151102244854
0.03492948040366173
0.04531343653798103
0.02851487137377262
0.033917829394340515
0.03851716220378876
0.0486348532140255
0.046884819865226746
0.029563289135694504
0.030102919787168503
0.04991896450519562
0.043615832924842834
0.04098260775208473
0.0462922677397728
0.04806206002831459
0.04191622883081436
0.0511331781744957
0.0496654249727726
0.052915509790182114
0.04709316045045853
0.04489795118570328
0.02391558140516281
0.037773068994283676
0.020620372146368027
0.04168929159641266
0.04858681187033653
0.04958678409457207
0.04171382635831833
0.02511376328766346
0.035686615854501724
0.03512455150485039
0.04438526928424835
0.043110430240631104
0.039705391973257065
0.024108093231916428
0.019539235159754753
0.031797271221876144
0.038334090262651443
0.043271567672491074
0.03996187075972557
0.04009963572025299
0.0360739529132843
0.02333087846636772
0.04552453011274338
0.03806265443563461
0.036839887499809265
0.026832258328795433
0.0192680973559618
0.026784107089042664
0.040777888149023056
0.042058415710926056
0.03379998356103897
0.017673026770353317
0.02166762948036194
0.06135302782058716
0.03336014226078987
0.040425077080726624
0.045684050768613815
0.020490247756242752
0.03620360419154167
0.026072438806295395
0.032247744500637054
0.05116031691431999
0.04740625247359276
0.04190962761640549
0.022750893607735634
0.022814486175775528
0.03480774164199829
0.04072865843772888
0.0443514920771122
0.03216152638196945
0.022838614881038666
0.03734002262353897
0.017983147874474525
0.03811873495578766
0.03798414766788483
0.020934993401169777
0.011855628341436386
0.019324347376823425
0.025358591228723526
0.025344256311655045
0.04468020424246788
0.022890320047736168
0.03594748675823212
0.035866495221853256
0.03328334540128708
0.031928956508636475
0.04681583493947983
0.02620439976453781
0.06519223749637604
0.023403510451316833
0.03728713095188141
0.039715249091386795
0.03765656054019928
0.03578959032893181
0.010804726742208004
0.02620144747197628
0.03177948296070099
0.03552713990211487
0.03992775082588196
0.018002532422542572
0.04341708868741989
0.021957192569971085
0.045789945870637894
0.044632162898778915
0.042487792670726776
0.05715572088956833
0.017112452536821365
0.02864222414791584
0.03685735538601875
0.04320786893367767
0.024864353239536285
0.028286412358283997
0.01290701050311327
0.028690464794635773
0.04475988447666168
0.0365532785654068
0.020102936774492264
0.030500972643494606
0.017735987901687622
0.028203995898365974
0.03172454237937927
0.022223876789212227
0.01756119355559349
0.012486688792705536
0.017544765025377274
0.032849546521902084
0.03062123991549015
0.024704571813344955
0.021493850275874138
0.0308087095618248
0.05136754363775253
0.04286240413784981
0.041232261806726456
0.022583043202757835
0.023177724331617355
0.02087537571787834
0.03165622800588608
0.04224009811878204
0.034506864845752716
0.01960436999797821
0.032492075115442276
0.02618711069226265
0.04063795134425163
0.04623202607035637
0.025229744613170624
0.018211180344223976
0.019261730834841728
0.031442951411008835
0.03430653735995293
0.031145567074418068
0.02896185591816902
0.015149319544434547
0.013715045526623726
0.03067314811050892
0.03367631882429123
0.03320014104247093
0.02860613539814949
0.10683691501617432
0.03763768821954727
0.05094723775982857
0.046443916857242584
0.01593528501689434
0.014921821653842926
0.022366276010870934
0.033690955489873886
0.03578067570924759
0.017880287021398544
0.04554925113916397
0.017676588147878647
0.03852400928735733
0.040843021124601364
0.03200424090027809
0.02162274532020092
0.03998339921236038
0.02260465919971466
0.03713181987404823
0.03634300082921982
0.03443552181124687
0.015487119555473328
0.014415524899959564
0.029712243005633354
0.04128200560808182
0.03060612641274929
0.00790111068636179
0.013294621370732784
0.018405243754386902
0.022368062287569046
0.022289561107754707
0.021998286247253418
0.022008249536156654
0.024036336690187454
0.029211534187197685
0.05408259108662605
0.03295472264289856
0.01374814286828041
0.029529066756367683
0.014244770631194115
0.033290378749370575
0.03102267161011696
0.016300419345498085
0.01080315187573433
0.0415177047252655
0.021788064390420914
0.04461459442973137
0.02454575151205063
0.031885989010334015
0.022266076877713203
0.02772311121225357
0.031580373644828796
0.030818728730082512
0.031115613877773285
0.01603459008038044
0.01931075192987919
0.03071737103164196
0.02507430501282215
0.030313631519675255
0.04916255921125412
0.02590496651828289
0.0385529063642025
0.05074550583958626
0.020834166556596756
0.01905006915330887
0.023047981783747673
0.04712444543838501
0.04572446644306183
0.035360801964998245
0.0069322846829891205
0.006549505051225424
0.02938322350382805
0.0338282436132431
0.0257255882024765
0.022983111441135406
0.026409270241856575
0.024061864241957664
0.031474437564611435
0.030347833409905434
0.00869798194617033
0.03612542897462845
0.034967295825481415
0.04481525719165802
0.03350542485713959
0.013994748704135418
0.03578353673219681
0.022722143679857254
0.03050961345434189
0.04665859788656235
0.021402375772595406
0.015976212918758392
0.015918564051389694
0.02558615617454052
0.033492423593997955
0.0340232253074646
0.0069120777770876884
0.03490003943443298
0.026783253997564316
0.04071669653058052
0.03274562954902649
0.016584524884819984
0.01139331329613924
0.018470343202352524
0.024176478385925293
0.025660645216703415
0.03594400733709335
0.04354557767510414
0.026353023946285248
0.03978174552321434
0.026052076369524002
0.022317685186862946
0.006988736800849438
0.024135036394000053
0.03496171161532402
0.036336153745651245
0.011006081476807594
0.020075159147381783
0.016025613993406296
0.03950364887714386
0.031252071261405945
0.013998351991176605
0.029880531132221222
0.029572367668151855
0.035434540361166
0.03216991201043129
0.006216755136847496
0.01666298136115074
0.016674643382430077
0.030762452632188797
0.04992828518152237
0.014489500783383846
0.035093069076538086
0.010852912440896034
0.02659391053020954
0.03707931190729141
0.01002215500921011
0.014515697956085205
0.018575100228190422
0.03095308691263199
0.01910758763551712
0.012464182451367378
0.05551978573203087
0.014187633991241455
0.02940264530479908
0.035729631781578064
0.015259439125657082
0.06016067788004875
0.01566493883728981
0.03242006525397301
0.02382953092455864
0.015405125916004181
0.05216193199157715
0.039070338010787964
0.04674740880727768
0.03536982089281082
0.009903930127620697
0.012065568007528782
0.02041040174663067
0.03880144655704498
0.031657181680202484
0.023929519578814507
0.02202795259654522
0.03713621944189072
0.034550976008176804
0.025969713926315308
0.008220946416258812
0.021683963015675545
0.019221972674131393
0.038569867610931396
0.024228520691394806
0.009983756579458714
0.010840363800525665
0.023607488721609116
0.02382427081465721
0.016444802284240723
0.015688367187976837
0.012359024956822395
0.019633719697594643
0.028699416667222977
0.01700635626912117
0.010865295305848122
0.010013779625296593
0.019985700026154518
0.0190088152885437
0.03138043358922005
0.015956776216626167
0.016714703291654587
0.014085160568356514
0.01035655289888382
0.017903845757246017
0.024280890822410583
0.023740142583847046
0.04175886511802673
0.010515866801142693
0.02054409310221672
0.006920290179550648
0.01271054707467556
0.02327314019203186
0.011395969428122044
0.015352386981248856
0.012810129672288895
0.022834431380033493
0.033060453832149506
0.010854331776499748
0.007790230214595795
0.009326311759650707
0.014348860830068588
0.023902785032987595
0.017919443547725677
0.02789485454559326
0.017726562917232513
0.024515828117728233
0.032380279153585434
0.006749783642590046
0.019318222999572754
0.01685294881463051
0.027293536812067032
0.014792496338486671
0.02857700176537037
0.010640742257237434
0.027245596051216125
0.023869596421718597
0.005549986846745014
0.02762262523174286
0.015511667355895042
0.028337512165308
0.018931839615106583
0.06274468451738358
0.01104036532342434
0.028393080458045006
0.03045491687953472
0.012908924371004105
0.00583016499876976
0.018042320385575294
0.03649204969406128
0.030450979247689247
0.02899153158068657
0.009303813800215721
0.030665870755910873
0.032739926129579544
0.021509919315576553
0.007599647156894207
0.021474778652191162
0.02120109274983406
0.026274962350726128
0.025799792259931564
0.03552744537591934
0.021109219640493393
0.036254800856113434
0.01823023334145546
0.016160719096660614
0.014521829783916473
0.022187020629644394
0.0341896153986454
0.02373502217233181
0.02020128257572651
0.015913937240839005
0.03265853598713875
0.023737899959087372
0.024345574900507927
0.010071384720504284
0.022245582193136215
0.02413255348801613
0.025648001581430435
0.010511571541428566
0.013757655397057533
0.044548459351062775
0.030587585642933846
0.031624119728803635
0.0161246657371521
0.013470599427819252
0.02779707871377468
0.013749136589467525
0.009351874701678753
0.01244399230927229
0.017933126538991928
0.01394149661064148
0.020555026829242706
0.032368939369916916
0.013535706326365471
0.02430422604084015
0.01400574017316103
0.010472692549228668
0.01918124407529831
0.019724717363715172
0.023012932389974594
0.020999757573008537
0.007955025881528854
0.017626475542783737
0.03276217356324196
0.013180011883378029
0.020806478336453438
0.014581403695046902
0.023144755512475967
0.028599660843610764
0.013363083824515343
0.018666289746761322
0.01771623268723488
0.0197954922914505
0.01590729132294655
0.009860317222774029
0.019734926521778107
0.028926745057106018
0.01117510162293911
0.02701343409717083
0.021733639761805534
0.02187737450003624
0.022933045402169228
0.012311993166804314
0.008571197278797626
0.01188309770077467
0.01821090653538704
0.018528783693909645
0.09868676215410233
0.031135965138673782
0.04931170120835304
0.030555877834558487
0.014712733216583729
0.021429438143968582
0.036961499601602554
0.024206673726439476
0.014838142320513725
0.008101377636194229
0.01531645655632019
0.024647120386362076
0.02341989055275917
0.010017720982432365
0.04056443274021149
0.027727637439966202
0.023363662883639336
0.018635064363479614
0.010315235704183578
0.02650795690715313
0.025034045800566673
0.012448452413082123
0.018112197518348694
0.01267300732433796
0.028126893565058708
0.018915416672825813
0.013841908425092697
0.005724727176129818
0.031914591789245605
0.030202284455299377
0.014976030215620995
0.020434793084859848
0.01392967440187931
0.028777197003364563
0.02212950587272644
0.009604662656784058
0.009131202474236488
0.020272446796298027
0.01463822741061449
0.012051975354552269
0.007230858318507671
0.019401252269744873
0.015990082174539566
0.011333158239722252
0.018180297687649727
0.024464096873998642
0.015914946794509888
0.016782347112894058
0.005831360816955566
0.01368686929345131
0.03022116981446743
0.030201081186532974
0.01785895600914955
0.01917903497815132
0.015319619327783585
0.018286816775798798
0.008125556632876396
0.019426070153713226
0.009596777148544788
0.027131758630275726
0.0202229805290699
0.007877286523580551
0.02372932620346546
0.023474162444472313
0.016478877514600754
0.00993954949080944
0.010799787938594818
0.012803865596652031
0.020838897675275803
0.00974506139755249
0.015952622517943382
0.005947642959654331
0.013683881610631943
0.016679560765624046
0.013616545125842094
0.02249877341091633
0.041297197341918945
0.03001333586871624
0.010738086886703968
0.0038549972232431173
0.013249333016574383
0.01624709740281105
0.005594315007328987
0.011471234261989594
0.010128351859748363
0.01950104907155037
0.014123371802270412
0.007101204711943865
0.01939203217625618
0.022044992074370384
0.012579580768942833
0.018818091601133347
0.029857594519853592
0.02438710629940033
0.01277536153793335
0.013041126541793346
0.00809904932975769
0.014847200363874435
0.019246835261583328
0.008616553619503975
0.01547266822308302
0.00849869567900896
0.02945193089544773
0.007286106236279011
0.00917988270521164
0.02019108086824417
0.012517329305410385
0.014321552589535713
0.01961599290370941
0.016011323779821396
0.019018612802028656
0.016577480360865593
0.028085149824619293
0.016786236315965652
0.02291684038937092
0.014011832885444164
0.011002783663570881
0.01869978755712509
0.018292680382728577
0.014170167036354542
0.015187947079539299
0.008124390617012978
0.010868634097278118
0.020810026675462723
0.02033832110464573
0.014737715013325214
0.01963437721133232
0.027063824236392975
0.012961529195308685
0.020234446972608566
0.02456354722380638
0.023140523582696915
0.010737203992903233
0.011559082195162773
0.02000913769006729
0.02175608091056347
0.008045627735555172
0.01868412457406521
0.01681416854262352
0.025669991970062256
0.010874499566853046
0.018309494480490685
0.012431273236870766
0.01989264041185379
0.008925522677600384
0.014223490841686726
0.01733529008924961
0.009430824778974056
0.008940097875893116
0.032047487795352936
0.014286942780017853
0.023876018822193146
0.01077621802687645
0.01831919699907303
0.01590689830482006
0.019289199262857437
0.008390942588448524
0.0068086786195635796
0.008361306972801685
0.0169913899153471
0.00927779357880354
0.006734115071594715
0.00765113765373826
0.012080512009561062
0.015025787055492401
0.04748445004224777
0.007847235538065434
0.017286712303757668
0.015368416905403137
0.0072851055301725864
0.014818741008639336
0.013144893571734428
0.0067252726294100285
0.013293948024511337
0.014035610482096672
0.012833502143621445
0.007464373484253883
0.009027337655425072
0.0069650039076805115
0.011053143069148064
0.013484416529536247
0.013799811713397503
0.01275621633976698
0.012766871601343155
0.013379713520407677
0.012653475627303123
0.010388237424194813
0.016520462930202484
0.020078329369425774
0.011507255956530571
0.006302035879343748
0.010023300535976887
0.009238279424607754
0.029238726943731308
0.01775124855339527
0.017782332375645638
0.00824381597340107
0.008655190467834473
0.01652582176029682
0.0235331729054451
0.007290640380233526
0.02076387032866478
0.0227519478648901
0.02375270053744316
0.01703120395541191
0.02203192189335823
0.018549971282482147
0.020222246646881104
0.03497220203280449
0.009098615497350693
0.030190560966730118
0.016513820737600327
0.009666020050644875
0.022699275985360146
0.019315727055072784
0.011193875223398209
0.02058330923318863
0.008616014383733273
0.018308814615011215
0.009648501873016357
0.022927481681108475
0.013492409139871597
0.02439337596297264
0.008097772486507893
0.004763680510222912
0.014780879952013493
0.019996993243694305
0.010823299176990986
0.018617523834109306
0.017385194078087807
0.016764609143137932
0.010344820097088814
0.004113123286515474
0.009974826127290726
0.019697092473506927
0.00868200697004795
0.014212987385690212
0.013115312904119492
0.022021973505616188
0.007942687720060349
0.008459797129034996
0.014475388452410698
0.014483663253486156
0.01672707311809063
0.00934919435530901
0.015560938976705074
0.009495850652456284
0.04244571551680565
0.02442549727857113
0.03765605390071869
0.014489919878542423
0.009527082554996014
0.0161878801882267
0.029354294762015343
0.007648824714124203
0.0055717285722494125
0.01882503740489483
0.028385309502482414
0.005440644919872284
0.011483410373330116
0.016662906855344772
0.014160032384097576
0.01155006978660822
0.006852286867797375
0.031187186017632484
0.010908973403275013
0.005052092019468546
0.022651102393865585
0.0199049673974514
0.015279090963304043
0.014087463729083538
0.01831805519759655
0.017541151493787766
0.020162004977464676
0.0101222088560462
0.011482007801532745
0.01944570802152157
0.01626921258866787
0.025045128539204597
0.018255801871418953
0.024078186601400375
0.011212905868887901
0.006265044212341309
0.012850143015384674
0.011705508455634117
0.011874082498252392
0.03469312936067581
0.012390218675136566
0.01221904531121254
0.007663954980671406
0.01955518126487732
0.011055974289774895
0.011750912293791771
0.027818700298666954
0.02006702870130539
0.02621377818286419
0.005603032652288675
0.009187309071421623
0.020181972533464432
0.01773059368133545
0.013484800234436989
0.015468399040400982
0.021905450150370598
0.008936460129916668
