0.5621445775032043
0.5624836683273315
0.5624924302101135
0.5624799728393555
0.5624844431877136
0.5624706149101257
0.5624657273292542
0.5623200535774231
0.5624746680259705
0.5624716877937317
0.562479555606842
0.5624775886535645
0.5624770522117615
0.5624548196792603
0.5624773502349854
0.5624725818634033
0.5624749660491943
0.5624862909317017
0.5624786615371704
0.5624808669090271
0.5624706745147705
0.5624746680259705
0.5624786615371704
0.5624765157699585
0.5624914765357971
0.5624718070030212
0.5624839663505554
0.5624635219573975
0.5624744296073914
0.5624935030937195
0.5623224973678589
0.5624681115150452
0.5624773502349854
0.5624748468399048
0.5624754428863525
0.5624603033065796
0.5624284148216248
0.5624654293060303
0.562478244304657
0.5624796748161316
0.5624983906745911
0.5621671676635742
0.5624668002128601
0.5624836683273315
0.5624819397926331
0.562491238117218
0.5624669790267944
0.5624579191207886
0.5624694228172302
0.5624710917472839
0.5624769926071167
0.5624822378158569
0.562402069568634
0.5624802708625793
0.5624836087226868
0.5624774098396301
0.5624684691429138
0.5624553561210632
0.5624772906303406
0.5624853372573853
0.5624762773513794
0.5624606609344482
0.5624641180038452
0.5624708533287048
0.5624775886535645
0.5624926686286926
0.562358021736145
0.5624654293060303
0.5624673962593079
0.5624722242355347
0.5624780058860779
0.5616015791893005
0.562467098236084
0.5624929070472717
0.5624847412109375
0.5624819397926331
0.562436580657959
0.5624812245368958
0.5624757409095764
0.5624813437461853
0.5616692900657654
0.5624746084213257
0.5624866485595703
0.5624701380729675
0.56247478723526
0.562484085559845
0.562492311000824
0.5624809265136719
0.5624702572822571
0.5448444485664368
0.5613727569580078
0.5594009160995483
0.5488445162773132
0.4714997708797455
0.5519536137580872
0.5579796433448792
0.561726450920105
0.5600170493125916
0.5431457161903381
0.5587774515151978
