0.49991902709007263
0.49999916553497314
0.5000963807106018
0.49998053908348083
0.5000393390655518
0.49995186924934387
0.4999490976333618
0.5000308156013489
0.5000038743019104
0.4999791383743286
0.49997085332870483
0.5000026822090149
0.4999508559703827
0.5000434517860413
0.5001262426376343
0.4999370872974396
0.499976247549057
0.49994781613349915
0.499963641166687
0.5000808238983154
0.49986371397972107
0.49982452392578125
0.4998546838760376
0.4999137222766876
0.499910444021225
0.49979403614997864
0.499992311000824
0.4996544122695923
0.4998630881309509
0.49995362758636475
0.4997444152832031
0.4997164309024811
0.4997440576553345
0.49979716539382935
0.49955981969833374
0.4994940459728241
0.49965840578079224
0.4997107684612274
0.4997665584087372
0.49969130754470825
0.5000446438789368
0.49949049949645996
0.4993433654308319
0.49957507848739624
0.49963971972465515
0.49906495213508606
0.49917811155319214
0.4988228380680084
0.49898576736450195
0.49876290559768677
0.4991178512573242
0.4984608590602875
0.4984903931617737
0.49855899810791016
0.49816393852233887
0.49923422932624817
0.4978838860988617
0.4985552430152893
0.4965275824069977
0.49759405851364136
0.49631527066230774
0.49647706747055054
0.4965132176876068
0.49556979537010193
0.4975281059741974
0.4960263967514038
0.49500858783721924
0.4958246946334839
0.495510995388031
0.4932948648929596
0.4936365485191345
0.4856833517551422
0.4870990812778473
0.4917565882205963
0.49246150255203247
0.48422715067863464
0.4963776469230652
0.4926305115222931
0.48091280460357666
0.47801071405410767
0.47831469774246216
0.4732624590396881
0.4893195629119873
0.45749330520629883
0.4487664997577667
0.41935598850250244
0.45842981338500977
0.4174318015575409
0.3819054365158081
0.3741891384124756
0.2806669771671295
0.3023810088634491
0.3150203227996826
0.36472469568252563
0.3100168704986572
0.2778335511684418
0.5198326110839844
0.3725985288619995
0.3591902554035187
0.4655759334564209
0.3899739682674408
0.4084322452545166
0.4304541051387787
0.41274508833885193
0.44259363412857056
0.4327201247215271
0.42406320571899414
0.43280595541000366
0.4532657563686371
0.4271432161331177
0.40293920040130615
0.4538467228412628
0.44687768816947937
0.4559330642223358
0.4432201385498047
0.44084328413009644
0.4374121427536011
0.43880847096443176
0.43353259563446045
0.4425840377807617
0.4485919177532196
0.4711996912956238
0.4365383982658386
0.4214111566543579
0.49696794152259827
0.443729966878891
0.42992115020751953
0.42991259694099426
0.45365720987319946
0.43484261631965637
0.41309067606925964
0.4406050741672516
0.3986162841320038
0.3741103708744049
0.3812568187713623
0.41953161358833313
0.44115474820137024
0.4227214455604553
0.4222230017185211
0.38382184505462646
0.35850635170936584
0.367439329624176
0.4018493890762329
0.4178239703178406
0.41854703426361084
0.3840734362602234
0.36815568804740906
0.41765540838241577
0.327126681804657
0.3541446030139923
0.34146225452423096
0.44347280263900757
0.3247496485710144
0.340509831905365
0.3742794394493103
0.37653881311416626
0.344182550907135
0.2859150469303131
0.4369131326675415
0.264626145362854
0.3032764494419098
0.3697337210178375
0.3593180179595947
0.41352635622024536
0.2807234525680542
0.2737903594970703
0.306270956993103
0.25192567706108093
0.3120310604572296
0.2466162145137787
0.23291128873825073
0.3330965042114258
0.2925485372543335
0.3332929015159607
0.3312312364578247
0.2543565332889557
0.2613634765148163
0.3221338987350464
0.38326990604400635
0.37269386649131775
0.3642513155937195
0.32124000787734985
0.3603018820285797
0.29985129833221436
0.32975322008132935
0.3776940405368805
0.35196515917778015
0.3782346248626709
0.34652119874954224
0.3702356815338135
0.3590024709701538
0.3019423484802246
0.3147427439689636
0.38826078176498413
0.2992120683193207
0.35454797744750977
0.3623625338077545
0.313868910074234
0.36140039563179016
0.4017828702926636
0.35846588015556335
0.34138360619544983
0.40848585963249207
0.3781062364578247
0.3173238933086395
0.3246592581272125
0.3315505087375641
0.3958128094673157
0.387238472700119
0.4004336893558502
0.37952443957328796
0.3597618341445923
0.34025436639785767
0.34067946672439575
0.38172176480293274
0.4380683898925781
0.34425461292266846
0.390930712223053
0.3974851667881012
0.33992457389831543
0.35131263732910156
0.3032454252243042
0.403825968503952
0.371112585067749
0.4394058585166931
0.34790119528770447
0.35147935152053833
0.3280860483646393
0.35001859068870544
0.3818345367908478
0.3678257465362549
0.3344857692718506
0.3202129900455475
0.341342955827713
0.3515654504299164
0.31195545196533203
0.3463027775287628
0.4447774887084961
0.35382869839668274
0.3473110496997833
0.3782576322555542
0.3413364589214325
0.34834039211273193
0.32861703634262085
0.34556469321250916
0.2988002896308899
0.3933522701263428
0.344763845205307
0.35137513279914856
0.3115624785423279
