0.007985811680555344
0.008089282549917698
0.008162013255059719
0.008061661384999752
0.008192121051251888
0.008053721860051155
0.00810297206044197
0.00815874058753252
0.008178062736988068
0.00808924250304699
0.008124614134430885
0.008193997666239738
0.008129647001624107
0.008385066874325275
0.008382023312151432
0.008170993067324162
0.008187700994312763
0.008163227699697018
0.008163624443113804
0.008340160362422466
0.008129882626235485
0.008097036741673946
0.008043811656534672
0.008185898885130882
0.008231551386415958
0.00804711040109396
0.008280783891677856
0.008051625452935696
0.008230595849454403
0.008376553654670715
0.007999209687113762
0.008062997832894325
0.008114077150821686
0.008152800612151623
0.007977945730090141
0.007979227229952812
0.00803266279399395
0.008123274892568588
0.008113185875117779
0.008069250732660294
0.008258972316980362
0.00803255196660757
0.008082663640379906
0.008111288771033287
0.008150351233780384
0.007909026928246021
0.007886778563261032
0.007957241497933865
0.00797231961041689
0.007926754653453827
0.00801173411309719
0.007912831380963326
0.007747491355985403
0.007877347990870476
0.007881946861743927
0.008068377152085304
0.007899639196693897
0.00801132619380951
0.007817300036549568
0.007893717847764492
0.007798034232109785
0.007871548645198345
0.007793473079800606
0.007815119810402393
0.007945584133267403
0.007875853218138218
0.007908403873443604
0.00798047799617052
0.007819370366632938
0.00784027948975563
0.007894877344369888
0.007782826665788889
0.007786137983202934
0.007961997762322426
0.008048994466662407
0.0077909426763653755
0.007871790789067745
0.007863280363380909
0.007769612595438957
0.0078191589564085
0.007770512253046036
0.00784977711737156
0.007850667461752892
0.007849089801311493
0.0078918831422925
0.007945808582007885
0.007965241558849812
0.007848077453672886
0.007810620591044426
0.007826114073395729
0.007828807458281517
0.007929776795208454
0.00787344854325056
0.007863666862249374
0.007876582443714142
0.007827592082321644
0.007864643819630146
0.007948063313961029
0.00801024865359068
0.007979296147823334
0.007817158475518227
0.007953932508826256
0.007859857752919197
0.007860790006816387
0.00791203323751688
0.007885192520916462
0.007802894804626703
0.007830701768398285
0.007829668000340462
0.007829570211470127
0.007846697233617306
0.007883623242378235
0.00785691849887371
0.007891311310231686
0.00790022499859333
0.007939929142594337
0.00787173118442297
0.007817340083420277
0.007806168403476477
0.007763467729091644
0.007889064028859138
0.00784989446401596
0.007864747196435928
0.0077391210943460464
0.008133525028824806
0.007818234153091908
0.007958830334246159
0.007805369794368744
0.007770782336592674
0.007852873764932156
0.007809832226485014
0.007903482764959335
0.007738756015896797
0.0077590132132172585
0.007742444984614849
0.008068088442087173
0.0077331820502877235
0.007795246783643961
0.007773526478558779
0.007906879298388958
0.007993441075086594
0.0077750543132424355
0.007875132374465466
0.007766897790133953
0.007725819479674101
0.007850021123886108
0.007821721956133842
0.00781028438359499
0.007798918057233095
0.007744159083813429
0.007841494865715504
0.007995964027941227
0.00774755235761404
0.007772007491439581
0.007787973619997501
0.0079225217923522
0.007816530764102936
0.0077289012260735035
0.007884351536631584
0.007773025892674923
0.007878596894443035
0.007814038544893265
0.007825984619557858
0.007829112000763416
0.0077551137655973434
0.007876869291067123
0.0077468017116189
0.007844742387533188
0.00783749483525753
0.0076777394860982895
0.007672891952097416
0.007783765904605389
0.00797206349670887
0.007749812677502632
0.007966115139424801
0.007893701083958149
0.007887396030128002
0.0077830227091908455
0.007966696284711361
0.0078109921887516975
0.0076722558587789536
0.007818471640348434
0.0077806198969483376
0.0076537649147212505
0.007765838410705328
0.007906490936875343
0.007717451546341181
0.0077362037263810635
0.007896491326391697
0.00792404543608427
0.007775320205837488
0.0076897116377949715
0.0078683290630579
0.007840834558010101
0.007681345567107201
0.0077538928017020226
0.007841857150197029
0.007825016044080257
0.007903962396085262
0.007746392395347357
0.007743171416223049
0.007694277446717024
0.007825957611203194
0.007776904385536909
0.0077153765596449375
0.007854542694985867
0.0077028656378388405
0.008052010089159012
0.007838300429284573
0.007670923601835966
0.007659186143428087
0.007841224782168865
0.008027608506381512
0.007863909937441349
0.00783170573413372
0.007966236211359501
0.007881266996264458
0.007950063794851303
0.007846140302717686
0.007695934735238552
0.00774856423959136
0.00772837596014142
0.007867667824029922
0.00782070029526949
0.007925405167043209
0.007893463596701622
0.007908779196441174
0.007644400000572205
0.007702208589762449
0.007943155243992805
0.007805895525962114
0.007597159594297409
0.007880372926592827
0.007863440550863743
0.008056399412453175
0.007945727556943893
0.007750448305159807
0.007901210337877274
0.007597469259053469
0.0077285184524953365
0.00769989937543869
0.007723940070718527
0.007706587202847004
0.007747636642307043
0.007903343066573143
0.007764262147247791
0.008056966587901115
0.007679038215428591
0.007732423022389412
0.0077553377486765385
