0.18720631301403046
0.1874864399433136
0.18747687339782715
0.18747122585773468
0.18748877942562103
0.1874777227640152
0.18748725950717926
0.187200665473938
0.18747662007808685
0.18747960031032562
0.18748344480991364
0.18747839331626892
0.18748480081558228
0.18746668100357056
0.18748363852500916
0.18747426569461823
0.18748418986797333
0.1874818652868271
0.18749351799488068
0.18746930360794067
0.18748216331005096
0.18747583031654358
0.18748217821121216
0.1874857097864151
0.18747663497924805
0.18746733665466309
0.18749085068702698
0.187476247549057
0.187482088804245
0.18747471272945404
0.18733127415180206
0.18745842576026917
0.1874748319387436
0.18747012317180634
0.18746231496334076
0.18748106062412262
0.1874348372220993
0.187479630112648
0.1874856799840927
0.18748313188552856
0.18748284876346588
0.18724240362644196
0.18746814131736755
0.18748506903648376
0.18748117983341217
0.1874832808971405
0.1874634474515915
0.18747398257255554
0.18747711181640625
0.187480166554451
0.18748417496681213
0.18747468292713165
0.18744657933712006
0.18748264014720917
0.1874742954969406
0.18747347593307495
0.18746395409107208
0.18746261298656464
0.18748143315315247
0.18749158084392548
0.18747574090957642
0.18746820092201233
0.18744519352912903
0.1874825656414032
0.1874794363975525
0.18749050796031952
0.18742282688617706
0.1874801218509674
0.18748170137405396
0.18748290836811066
0.18748432397842407
0.18685947358608246
0.18747317790985107
0.18748731911182404
0.18748734891414642
0.1874709278345108
0.18745207786560059
0.18749280273914337
0.18748697638511658
0.1874837875366211
0.1866140365600586
0.1874735951423645
0.18748387694358826
0.1874752640724182
0.18746180832386017
0.18746012449264526
0.1874822974205017
0.18749026954174042
0.1874731481075287
0.16199679672718048
0.18626093864440918
0.18494708836078644
0.14884057641029358
0.12016483396291733
0.18098552525043488
0.18326351046562195
0.18675437569618225
0.18555423617362976
0.16978023946285248
0.17909124493598938
0.16959701478481293
0.1469745934009552
0.16638047993183136
0.18327197432518005
0.1839497834444046
0.1830345243215561
0.13345330953598022
0.14620570838451385
0.15566441416740417
0.08600698411464691
0.13845789432525635
0.16956765949726105
0.1717119663953781
0.1768135279417038
0.13779449462890625
0.11518755555152893
0.11375467479228973
0.07420993596315384
0.04987099766731262
0.13409839570522308
0.15947076678276062
0.16810202598571777
0.1514095664024353
0.07491398602724075
0.07799594849348068
0.09302853047847748
0.10542984306812286
0.11621379107236862
0.13884615898132324
0.15216131508350372
0.09032217413187027
0.07869543135166168
0.09594797343015671
0.11422328650951385
0.06425707042217255
0.09476868808269501
0.1291375756263733
0.12847569584846497
0.07168199121952057
0.050625029951334
0.10024932771921158
0.08342956751585007
0.13212791085243225
0.11530978977680206
0.14945101737976074
0.10625812411308289
0.03636796027421951
0.10698054730892181
0.07747684419155121
0.10470618307590485
0.03176458179950714
0.10753115266561508
0.10419882833957672
0.05000867694616318
0.04208587855100632
0.09144449234008789
0.06520204246044159
0.0909283310174942
0.0799475684762001
0.12192685157060623
0.10555301606655121
0.057821959257125854
0.06780478358268738
0.05997360497713089
0.04837975651025772
0.0354333333671093
0.09975504130125046
0.05552580580115318
0.04778691381216049
0.0752020925283432
0.08884532004594803
0.027987487614154816
0.03526315838098526
0.107950858771801
0.054774027317762375
0.033411379903554916
0.05833028256893158
0.08103995025157928
0.08175621926784515
0.05124121159315109
0.07503212243318558
0.0784679651260376
0.03675433248281479
0.0929010808467865
0.07714655250310898
0.035893514752388
0.049164120107889175
0.0779058113694191
0.05465105175971985
0.06037081032991409
0.10036524385213852
0.06585539877414703
0.020891450345516205
0.07716032862663269
0.08660587668418884
0.05086155980825424
0.04327663034200668
0.07769471406936646
0.06846178323030472
0.04402440786361694
0.08076424151659012
0.07956623286008835
0.04968797415494919
0.050448596477508545
0.10188613831996918
0.04310908168554306
0.032834917306900024
0.09367839246988297
0.050688486546278
0.045695144683122635
0.09330637753009796
0.1036100909113884
0.0519610196352005
0.04668845981359482
0.08881941437721252
0.04885309934616089
0.04265303909778595
0.0886480063199997
0.07062247395515442
0.03213898092508316
0.05670466274023056
0.06226355955004692
0.03642601519823074
0.05579367280006409
0.0627383217215538
0.03220420330762863
0.04536522179841995
0.10907958447933197
0.048635486513376236
0.024697458371520042
0.0632513239979744
0.09140811860561371
0.06454578042030334
0.03938882052898407
0.06658396869897842
0.07433031499385834
0.029834801331162453
0.048562414944171906
0.039350345730781555
0.0570685938000679
0.04059625416994095
0.040798164904117584
0.05216272920370102
0.04595280438661575
0.0442313551902771
0.02188216522336006
0.029812045395374298
0.07118469476699829
0.022317679598927498
0.027668271213769913
0.03035760670900345
0.029595891013741493
0.04214128106832504
0.04720917344093323
0.046310290694236755
0.030221853405237198
0.03261829912662506
0.0352385975420475
0.037680163979530334
0.024049030616879463
0.05372941866517067
0.03459666669368744
0.034206364303827286
0.026396390050649643
0.02423444762825966
0.05740225315093994
0.03737478703260422
0.024540070444345474
0.019383860751986504
0.028114045038819313
0.027444757521152496
0.04243958741426468
0.024362582713365555
0.03604045882821083
0.03235037624835968
0.036612965166568756
0.022995254024863243
0.018691234290599823
0.02915080264210701
0.033138155937194824
0.018778592348098755
0.028001777827739716
0.029501035809516907
0.017919955775141716
0.047060493379831314
0.023706097155809402
0.022042155265808105
0.036550357937812805
0.04244928061962128
0.03305276855826378
0.03318454325199127
0.03247426450252533
0.03446171432733536
0.04595824331045151
0.02069743536412716
0.02627776935696602
0.03619211167097092
0.03405354917049408
0.020813114941120148
0.025582384318113327
0.022643957287073135
0.01859045960009098
0.029167257249355316
0.029529709368944168
0.031576260924339294
0.013926854357123375
0.039775997400283813
0.025859372690320015
0.028520707041025162
0.021374240517616272
0.021807139739394188
0.03657031059265137
0.04104244336485863
0.023248564451932907
0.06450405716896057
0.01760115474462509
0.04565053805708885
0.04098723083734512
0.023921910673379898
0.02841430902481079
0.01942512020468712
0.020278755575418472
0.02609242871403694
0.01945965550839901
0.024223631247878075
0.019398506730794907
0.020929839462041855
0.01004328578710556
0.03337085619568825
0.02325974963605404
0.024832865223288536
0.08037832379341125
0.016427161172032356
0.028762098401784897
0.021702004596590996
0.026952218264341354
0.015615945681929588
0.028695059940218925
0.013976876623928547
0.027397289872169495
0.020880647003650665
0.022319115698337555
0.02390642836689949
0.04280669614672661
0.015713486820459366
0.022261470556259155
0.020161770284175873
0.014068637043237686
0.026102781295776367
0.016355998814105988
0.015500612556934357
0.024297401309013367
0.015877297148108482
0.01567804627120495
0.014669609256088734
0.02340574376285076
0.04767434671521187
0.01691996306180954
0.02017972245812416
0.03152816742658615
0.022768953815102577
0.01514981035143137
0.027384590357542038
0.026540089398622513
0.02555806189775467
0.01724795438349247
0.01874273084104061
0.020592182874679565
0.026399947702884674
0.01904989406466484
0.019905276596546173
0.01579529605805874
0.022620640695095062
0.022857774049043655
0.020369306206703186
0.0200154148042202
0.03319038450717926
0.017166124656796455
0.014147559180855751
0.029401373118162155
0.018120601773262024
0.01836523972451687
0.018796322867274284
0.04421214014291763
0.021030999720096588
0.018643151968717575
0.02002863585948944
0.016294362023472786
0.022363964468240738
0.011571312323212624
0.01557193137705326
0.010341338813304901
0.009129893034696579
0.040439166128635406
0.020551355555653572
0.014782499521970749
0.022616267204284668
0.019000502303242683
0.015411832369863987
0.029669757932424545
0.015664370730519295
0.012024423107504845
0.01743011549115181
0.023928605020046234
0.026781704276800156
0.010712924413383007
0.012489888817071915
0.023651447147130966
0.019639598205685616
0.01046618539839983
0.016028549522161484
0.017140135169029236
0.019599325954914093
0.011465564370155334
0.022841041907668114
0.018550138920545578
0.01826663501560688
0.013805818744003773
0.05372242629528046
0.022490456700325012
0.013386091217398643
0.02985232137143612
0.010533073917031288
0.013902473263442516
0.014433121308684349
0.01494833268225193
0.011095592752099037
0.026544034481048584
0.015706097707152367
0.02727949060499668
0.02313738316297531
0.03591211512684822
0.021663662046194077
0.013493143953382969
0.012445947155356407
0.017585739493370056
0.020535830408334732
0.01529721263796091
0.015547020360827446
0.02171424962580204
0.014594788663089275
0.022900592535734177
0.033984456211328506
0.01634465903043747
0.02222214639186859
0.042870454490184784
0.01471671462059021
0.0310923270881176
0.019674688577651978
0.034114640206098557
0.018551090732216835
0.024988802149891853
0.007580469362437725
0.007483258377760649
0.01963648945093155
0.027535751461982727
0.016719218343496323
0.0296953022480011
0.016656501218676567
0.02194901555776596
0.017384162172675133
0.024656781926751137
0.007529678754508495
0.037507884204387665
0.03768262267112732
0.03181493282318115
0.0218287892639637
0.016586018726229668
0.02304285392165184
0.013232983648777008
0.015162326395511627
0.027964584529399872
0.01863102801144123
0.021327726542949677
0.011302290484309196
0.01239132322371006
0.01459567155689001
0.02561904489994049
0.009416150860488415
0.01863008365035057
0.01585547998547554
0.01843438483774662
0.017510870471596718
0.020182467997074127
0.01570049300789833
0.010681412182748318
0.01255909726023674
0.014700192026793957
0.03823180869221687
0.010704840533435345
0.014744400046765804
0.010635163635015488
0.006216417998075485
0.032151319086551666
0.010009167715907097
0.02504267916083336
0.02036944031715393
0.021355297416448593
0.015564988367259502
0.011737936176359653
0.015059096738696098
0.024629272520542145
0.010949146933853626
0.01923229545354843
0.017464496195316315
0.026707135140895844
0.012492197565734386
0.012673011049628258
0.009224709123373032
0.014012396335601807
0.012285314500331879
0.01838386245071888
0.03263663500547409
0.016430076211690903
0.021181102842092514
0.006163137033581734
0.009503928944468498
0.018451891839504242
0.008181465789675713
0.0121928621083498
0.01171686127781868
0.007511080242693424
0.010360399261116982
0.022756341844797134
0.03881188854575157
0.012065444141626358
0.015798941254615784
0.029332390055060387
0.013745438307523727
0.028880435973405838
0.020351475104689598
0.018594488501548767
0.01641794852912426
0.019497830420732498
0.028768019750714302
0.026686176657676697
0.023584501817822456
0.01935640349984169
0.00984827522188425
0.013171928003430367
0.013411318883299828
0.009749495424330235
0.013212714344263077
0.03042633645236492
0.015813060104846954
0.0317511111497879
0.013548723421990871
0.014042497612535954
0.020581088960170746
0.019355857744812965
0.022516602650284767
0.014531899243593216
0.026921220123767853
0.01063645351678133
0.013573026284575462
0.009188178926706314
0.011537603102624416
0.012694370932877064
0.013668817467987537
0.011939628049731255
0.017006760463118553
0.016172733157873154
0.011808371171355247
0.008505547419190407
0.008848801255226135
0.014169715344905853
0.01505433488637209
0.026049360632896423
0.010994592681527138
0.01676722802221775
0.0070230960845947266
0.009028144180774689
0.02056822180747986
0.011439243331551552
0.019181203097105026
0.023312855511903763
0.0065304432064294815
0.015160555019974709
0.006367658730596304
0.009271771647036076
0.014379935339093208
0.01032947562634945
0.01013430766761303
0.01082468032836914
0.010626847855746746
0.017679166048765182
0.016007499769330025
0.008751733228564262
0.009040175005793571
0.010126512497663498
0.01815078966319561
0.019088171422481537
0.01420333981513977
0.011431179940700531
0.007986857555806637
0.02901940420269966
0.007258913479745388
0.020422037690877914
0.011192364618182182
0.013147041201591492
0.00660476740449667
0.01901131123304367
0.01318120677024126
0.01793903484940529
0.012751695699989796
0.006167830433696508
0.01387838739901781
0.017066095024347305
0.009050145745277405
0.01036878302693367
0.024097686633467674
0.00818740576505661
0.012781202793121338
0.008540350943803787
0.007961202412843704
0.009312119334936142
0.014812727458775043
0.013998610898852348
0.012987859547138214
0.0392930693924427
0.005903841461986303
0.02878246270120144
0.013847002759575844
0.019729401916265488
0.009610746055841446
0.02423868700861931
0.010180609300732613
0.02190980315208435
0.01630358211696148
0.011711089871823788
0.012279704213142395
0.009412383660674095
0.014674180187284946
0.01902124285697937
0.011509306728839874
0.016092732548713684
0.006052733398973942
0.028322456404566765
0.015090602450072765
0.017914770171046257
0.017494063824415207
0.009716633707284927
0.02452395297586918
0.011103030294179916
0.022393759340047836
0.009590981528162956
0.026650821790099144
0.012102710083127022
0.01855766400694847
0.03134901821613312
0.019078388810157776
0.023760873824357986
0.00888274610042572
0.012249709106981754
0.013164373114705086
0.014829966239631176
0.010640843771398067
0.010849831625819206
0.012180695310235023
0.010357845574617386
0.020491469651460648
0.016620002686977386
0.013376640155911446
0.014208875596523285
0.008387421257793903
0.00979818869382143
0.014707428403198719
0.011825506575405598
0.016139671206474304
0.01680784858763218
0.007984897121787071
0.017811913043260574
0.014428932219743729
0.01211199164390564
0.017054174095392227
0.010914003476500511
0.010451219975948334
0.021968591958284378
0.011028442531824112
0.026146452873945236
0.011704955250024796
0.015393003821372986
0.009453697130084038
0.009427670389413834
0.01677699387073517
0.020852353423833847
0.007118062116205692
0.01502932794392109
0.016528122127056122
0.013256658799946308
0.010416118428111076
0.007054353132843971
0.009011151269078255
0.006291208788752556
0.009640953503549099
0.008570060133934021
0.042118947952985764
0.009345377795398235
0.04339899122714996
0.01773327775299549
0.009607748128473759
0.011540472507476807
0.013752852566540241
0.006691290996968746
0.008354727178812027
0.009024657309055328
0.006494038738310337
0.009060731157660484
0.01055870484560728
0.008839893154799938
0.02550465799868107
0.009452125057578087
0.007580260746181011
0.009106977842748165
0.008469432592391968
0.016641765832901
0.007641458418220282
0.010011941194534302
0.01398228295147419
0.015335781499743462
0.009094939567148685
0.0057933032512664795
0.012172946706414223
0.005248767789453268
0.013278442434966564
0.009328177198767662
0.012404168024659157
0.01889321766793728
0.006568346172571182
0.010415120050311089
0.016381321474909782
0.005320972763001919
0.006652894429862499
0.011421472765505314
0.006763366982340813
0.00902573298662901
0.00747426925227046
0.012260867282748222
0.012473443523049355
0.008312493562698364
0.011454367078840733
0.012630414217710495
0.008399531245231628
0.007822448387742043
0.004990359768271446
0.008994312025606632
0.022299261763691902
0.015946343541145325
0.011416601948440075
0.012280811555683613
0.010888266377151012
0.0089200958609581
0.003565652994439006
0.01162935234606266
0.00758955767378211
0.011424529366195202
0.010408260859549046
0.0052040014415979385
0.017727520316839218
0.006375742144882679
0.010819045826792717
0.006787478923797607
0.009904901497066021
0.005357296671718359
0.011933390982449055
0.006815010216087103
0.01099567674100399
0.0037468092050403357
0.00810667872428894
0.012038817629218102
0.010933957062661648
0.014851783402264118
0.02336893603205681
0.017280271276831627
0.009457603096961975
0.004492762498557568
0.006608627736568451
0.008651113137602806
0.004484156146645546
0.009936477988958359
0.011070244014263153
0.012516085989773273
0.013969633728265762
0.005859953351318836
0.012869816273450851
0.02033631131052971
0.0051054623909294605
0.007489711977541447
0.01795252226293087
0.007453547324985266
0.0046422285959124565
0.005925498437136412
0.00619447510689497
0.013341410085558891
0.010057250037789345
0.0068068490363657475
0.01300117652863264
0.005365789867937565
0.012254523113369942
0.0053283171728253365
0.0037248998414725065
0.009996388107538223
0.0034387437626719475
0.010430894792079926
0.011698960326611996
0.01850457489490509
0.004180586896836758
0.010219186544418335
0.019626235589385033
0.011452782899141312
0.009772449731826782
0.007926211692392826
0.007467111572623253
0.010856114327907562
0.013434549793601036
0.009315026924014091
0.006116289645433426
0.006928068585693836
0.002695352304726839
0.012013057246804237
0.012546610087156296
0.006853496190160513
0.010132797062397003
0.015559213235974312
0.0061853788793087006
0.013008189387619495
0.014672661200165749
0.007925767451524734
0.007550330832600594
0.010320299305021763
0.016324089840054512
0.007437726948410273
0.005983738694339991
0.011654634959995747
0.009981503710150719
0.012931203469634056
0.006528010591864586
0.011295498348772526
0.007612710818648338
0.010313894599676132
0.006013369187712669
0.008267868310213089
0.01577446609735489
0.010493705049157143
0.008920064195990562
0.013970385305583477
0.007176938932389021
0.007714754901826382
0.011727223172783852
0.009368102066218853
0.015079498291015625
0.009323612786829472
0.008141601458191872
0.002862155670300126
0.008643186651170254
0.00955679826438427
0.005952227860689163
0.004631044343113899
0.0034171498846262693
0.006714668124914169
0.005777479615062475
0.026786375790834427
0.00458798510953784
0.0087905153632164
0.007150997407734394
0.006291317753493786
0.012451697140932083
0.006267098244279623
0.005496124736964703
0.008130209520459175
0.00908710341900587
0.006792562082409859
0.00367486453615129
0.006123107858002186
0.00453495979309082
0.006447849795222282
0.008254405111074448
0.005644268821924925
0.009581378661096096
0.006231637671589851
0.009633952751755714
0.008882284164428711
0.003495098790153861
0.008605520240962505
0.009319593198597431
0.010268880054354668
0.0035777355078607798
0.005594067275524139
0.007477967068552971
0.010122064501047134
0.009546846151351929
0.007518839556723833
0.006983786355704069
0.0065744598396122456
0.009944254532456398
0.009158164262771606
0.00692540779709816
0.013987217098474503
0.010552911087870598
0.007362881675362587
0.010816115885972977
0.014659455977380276
0.005101453047245741
0.008773368783295155
0.015725666657090187
0.00690493592992425
0.008463907986879349
0.006075129844248295
0.007309185806661844
0.01906568557024002
0.007175309583544731
0.004849424585700035
0.0130764814093709
0.005614628084003925
0.010099021717905998
0.004356034100055695
0.014211630448698997
0.015004083514213562
0.0069243162870407104
0.005519397556781769
0.0030118580907583237
0.009085919708013535
0.009988656267523766
0.009361962787806988
0.007325372658669949
0.00781558733433485
0.006767399609088898
0.008547178469598293
0.005028020590543747
0.009128370322287083
0.011459613218903542
0.005180814769119024
0.008314523845911026
0.006694466341286898
0.010218825191259384
0.004836326465010643
0.007161981426179409
0.011092945002019405
0.005568759050220251
0.016873560845851898
0.006950279697775841
0.006972838193178177
0.006017549894750118
0.020730331540107727
0.014994196593761444
0.009430987760424614
0.00991905853152275
0.005025613121688366
0.010726569220423698
0.006112389266490936
0.014433679170906544
0.007383780553936958
0.00908278301358223
0.009409267455339432
0.00432621780782938
0.007295615039765835
0.006857855245471001
0.006589186377823353
0.014738976955413818
0.005512536969035864
0.01783597841858864
0.0035217837430536747
0.004234215710312128
0.014208868145942688
0.004866388160735369
0.013473276048898697
0.008976086974143982
0.015484066680073738
0.007099261041730642
0.01564554125070572
0.005499115213751793
0.010398168116807938
0.010316124185919762
0.020605003461241722
0.01645089127123356
0.0069600967690348625
0.01793309487402439
0.0071791717782616615
0.005735265091061592
0.00881077628582716
0.008199235424399376
0.008257058449089527
0.01752948760986328
0.002830345183610916
0.00643013883382082
0.004804225638508797
0.010459101758897305
0.0030119081493467093
0.007571354508399963
0.012885598465800285
0.010137863457202911
0.006857111118733883
0.004706982057541609
0.010603087022900581
0.006514202803373337
0.0036171365063637495
0.01650201715528965
0.014878716319799423
0.008807810954749584
0.004652086179703474
