0.49994736909866333
0.500006914138794
0.5000128746032715
0.5000065565109253
0.5000123977661133
0.49999579787254333
0.4999935030937195
0.49962711334228516
0.5000011920928955
0.49999213218688965
0.5000017881393433
0.4999983012676239
0.49999570846557617
0.5000129342079163
0.5000014901161194
0.4999886751174927
0.49999892711639404
0.5000120997428894
0.5000032782554626
0.5000041127204895
0.49999308586120605
0.49999403953552246
0.4999989867210388
0.4999941289424896
0.5000196695327759
0.49999386072158813
0.5000084638595581
0.49998727440834045
0.4999997317790985
0.5000236630439758
0.4999598264694214
0.4999954402446747
0.4999987483024597
0.4999994933605194
0.49999678134918213
0.4999828636646271
0.4999845623970032
0.5000079870223999
0.49999934434890747
0.4999985992908478
0.5000197887420654
0.4999235272407532
0.499992698431015
0.5000033378601074
0.49999991059303284
0.5000320672988892
0.5000206232070923
0.5000075697898865
0.5000005960464478
0.49999314546585083
0.49999886751174927
0.5000025033950806
0.49994975328445435
0.5000068545341492
0.5000077486038208
0.49999910593032837
0.4999993145465851
0.5000055432319641
0.5000128746032715
0.5000073909759521
0.499988853931427
0.49997958540916443
0.4999983608722687
0.49999311566352844
0.500001072883606
0.5000269412994385
0.49998965859413147
0.5000010132789612
0.49999168515205383
0.49999189376831055
0.4999968707561493
0.49982017278671265
0.4999943971633911
0.5000144839286804
0.500011682510376
0.5000123977661133
0.5000048279762268
0.5000026822090149
0.4999922513961792
0.500001847743988
0.49984124302864075
0.5000142455101013
0.5000159740447998
0.5000208616256714
0.5000171661376953
0.5000300407409668
0.50002121925354
0.49999919533729553
0.49999046325683594
0.501887321472168
0.4997391700744629
0.4996849298477173
0.4996224343776703
0.48717933893203735
0.4955993890762329
0.4990404546260834
0.4998869299888611
0.49993786215782166
0.5020374059677124
0.49942833185195923
