0.18713077902793884
0.18719758093357086
0.18730545043945312
0.1871841698884964
0.18720662593841553
0.18713966012001038
0.18710844218730927
0.18720446527004242
0.1871507167816162
0.18715687096118927
0.18712300062179565
0.18713043630123138
0.18707577884197235
0.18707168102264404
0.18719665706157684
0.18701548874378204
0.18706102669239044
0.18702152371406555
0.18703500926494598
0.18710359930992126
0.18688301742076874
0.18682152032852173
0.18689215183258057
0.1868777871131897
0.18680571019649506
0.18674792349338531
0.18688754737377167
0.18645326793193817
0.1866423636674881
0.18668054044246674
0.1865970343351364
0.18640516698360443
0.1864158660173416
0.18639251589775085
0.18607637286186218
0.1859811693429947
0.1861976832151413
0.18606865406036377
0.18624907732009888
0.18602202832698822
0.18646621704101562
0.1854795515537262
0.18496154248714447
0.18539921939373016
0.18539512157440186
0.1844802051782608
0.18454624712467194
0.1831977218389511
0.18371550738811493
0.18315599858760834
0.18384435772895813
0.18136157095432281
0.1818317174911499
0.18204018473625183
0.18060259521007538
0.18156933784484863
0.17876845598220825
0.1805734485387802
0.17389962077140808
0.17696717381477356
0.17297977209091187
0.17205414175987244
0.17103734612464905
0.1666075885295868
0.17189531028270721
0.1656407117843628
0.16076010465621948
0.1648707091808319
0.1614002287387848
0.14759697020053864
0.14816398918628693
0.10849375277757645
0.11150314658880234
0.1275545209646225
0.12610913813114166
0.08944497257471085
0.14155176281929016
0.10494193434715271
0.07978949695825577
0.06726010888814926
0.047021470963954926
0.09180893003940582
0.1253471076488495
0.11151421070098877
0.13492584228515625
0.04684329777956009
0.11000687628984451
0.060707949101924896
0.07279124855995178
0.08915816992521286
0.04418695718050003
0.052841924130916595
0.08239257335662842
0.09993471950292587
0.08556143194437027
0.09687024354934692
0.14038586616516113
0.09753929078578949
0.07982401549816132
0.12753994762897491
0.09206514060497284
0.09758929908275604
0.1222335621714592
0.09255599230527878
0.1110304519534111
0.0971282571554184
0.095812126994133
0.089908167719841
0.10884576290845871
0.09165304154157639
0.07654071599245071
0.09819771349430084
0.09817606210708618
0.10991710424423218
0.09125708788633347
0.08673686534166336
0.08340830355882645
0.07911492139101028
0.07504943758249283
0.06757954508066177
0.08605792373418808
0.10136653482913971
0.07360412180423737
0.060653455555438995
0.13309887051582336
0.07283243536949158
0.05799402669072151
0.05969393998384476
0.09800207614898682
0.06151732802391052
0.05177973955869675
0.07170646637678146
0.050115566700696945
0.03017258830368519
0.03528408333659172
0.0563766248524189
0.08463138341903687
0.07299919426441193
0.05643673241138458
0.042957596480846405
0.03225763514637947
0.03653492033481598
0.06259976327419281
0.04672667384147644
0.04276959225535393
0.05691693723201752
0.0374302864074707
0.05745245888829231
0.04814239591360092
0.04219396412372589
0.04370526596903801
0.12025020271539688
0.04178567975759506
0.04885782673954964
0.08925779163837433
0.0648929551243782
0.04439554363489151
0.03319451957941055
0.08387942612171173
0.02566630393266678
0.041470859199762344
0.08225634694099426
0.05775012820959091
0.09363429248332977
0.03849180042743683
0.04488995671272278
0.050758350640535355
0.026224249973893166
0.0661662220954895
0.028197646141052246
0.04355835169553757
0.06383189558982849
0.0745091587305069
0.060892894864082336
0.08143050968647003
0.04134783893823624
0.04418931156396866
0.07094138115644455
0.08238925784826279
0.07288284599781036
0.07685251533985138
0.0708850771188736
0.08523418754339218
0.05515827611088753
0.05925464630126953
0.09497658163309097
0.0808008536696434
0.07877123355865479
0.09074275940656662
0.0809575617313385
0.0728345662355423
0.050858356058597565
0.049932289868593216
0.09120231121778488
0.05484696477651596
0.0688319057226181
0.06760026514530182
0.05362296104431152
0.07231810688972473
0.08635494112968445
0.06732046604156494
0.06670866906642914
0.08691893517971039
0.06609973311424255
0.05917748436331749
0.042466044425964355
0.04719457030296326
0.07460053265094757
0.08147868514060974
0.09240871667861938
0.06504631787538528
0.06697368621826172
0.06332232803106308
0.051433950662612915
0.07112014293670654
0.09269329160451889
0.06037672609090805
0.05842423066496849
0.07128141820430756
0.056555721908807755
0.05007467791438103
0.03499837964773178
0.06868349015712738
0.07410366833209991
0.08367307484149933
0.04997369274497032
0.04400967061519623
0.04336409270763397
0.04515732079744339
0.05195106938481331
0.048938438296318054
0.03523687645792961
0.0319853350520134
0.045421093702316284
0.05961475521326065
0.036661386489868164
0.03330656513571739
0.0721350759267807
0.038789745420217514
0.036900825798511505
0.05989355221390724
0.04468415677547455
0.03138439357280731
0.04765841364860535
0.05561661720275879
0.03046714887022972
0.05873582512140274
0.03395627439022064
0.035010531544685364
0.029648272320628166
0.08975528180599213
0.035927947610616684
0.07232610881328583
0.05489347130060196
0.04589761421084404
0.047462716698646545
0.02863248623907566
0.05657372623682022
0.035578593611717224
0.05463534593582153
0.05186011642217636
0.051940035074949265
0.03275782987475395
0.03006947599351406
0.03679148107767105
0.026548068970441818
0.02355237491428852
0.05342821031808853
0.05114133656024933
0.03587958216667175
0.01976049318909645
0.03484104201197624
0.03505481034517288
0.05669304355978966
0.05026409775018692
0.061046749353408813
0.04870838671922684
0.04375292360782623
0.08647353947162628
0.06279100477695465
0.04965951293706894
0.05477619916200638
0.05474524572491646
0.05070681497454643
0.022807341068983078
0.0438431017100811
0.06386272609233856
0.04942622780799866
0.02300966903567314
0.03731420263648033
0.06616881489753723
0.03308088704943657
0.04538189619779587
0.04589090496301651
0.03442401438951492
0.03464566171169281
0.0495227575302124
0.03333562985062599
0.0287453755736351
0.04098910465836525
0.028364818543195724
0.0590125173330307
0.06087353825569153
0.031039303168654442
0.0426153838634491
0.034139927476644516
0.058788057416677475
0.03899866342544556
0.030125293880701065
0.039322178810834885
0.04625118151307106
0.03851515054702759
0.047057099640369415
0.08217497169971466
0.032634466886520386
0.03978946805000305
0.03805616497993469
0.04349929466843605
0.04166794568300247
0.03211202844977379
0.025669554248452187
0.03477354720234871
0.02602168172597885
0.03940688073635101
0.020200632512569427
0.03272208571434021
0.042413130402565
0.02688167616724968
0.03751946985721588
0.0258431788533926
0.05257180333137512
0.07623600214719772
0.028782343491911888
0.02477733977138996
0.04211205989122391
0.01381988450884819
0.039639607071876526
0.025775454938411713
0.08255280554294586
0.0470280796289444
0.09584243595600128
0.04137233644723892
0.025370365008711815
0.025845453143119812
0.03209339827299118
0.026418033987283707
0.03173762559890747
0.025520700961351395
0.02904670313000679
0.05861014872789383
0.04148458316922188
0.03801550716161728
0.03457086905837059
0.06499817967414856
0.029061399400234222
0.02941727638244629
0.05376289039850235
0.03812151402235031
0.02538279816508293
0.05274912342429161
0.052303146570920944
0.03259275108575821
0.04157533496618271
0.04293844848871231
0.03849029541015625
0.026650696992874146
0.03553037345409393
0.04510027915239334
0.03673730045557022
0.04056909307837486
0.04133949056267738
0.027391601353883743
0.027710573747754097
0.04009495675563812
0.034121233969926834
0.044414252042770386
0.03336857631802559
0.026860902085900307
0.019085124135017395
0.04371615871787071
0.02874217927455902
0.0421004593372345
0.032842494547367096
0.030146650969982147
0.04897456616163254
0.04050591588020325
0.0463041290640831
0.03984564170241356
0.032473091036081314
0.04522509500384331
0.029402978718280792
0.03068198822438717
0.028847873210906982
0.043907150626182556
0.026698026806116104
0.02816685289144516
0.03843197226524353
0.03227224946022034
0.05811126530170441
0.05086999759078026
0.02358439937233925
0.031281109899282455
0.034245025366544724
0.040692590177059174
0.022879963740706444
0.038973771035671234
0.06259967386722565
0.036556292325258255
0.044987671077251434
0.079161137342453
0.0356358177959919
0.0463828518986702
0.040768470615148544
0.05094999447464943
0.040784288197755814
0.041207604110240936
0.035011060535907745
0.031237661838531494
0.044378284364938736
0.0386592373251915
0.05511990934610367
0.06595925986766815
0.04451768845319748
0.03026723861694336
0.056740619242191315
0.031138693913817406
0.032300252467393875
0.03603600710630417
0.04134567454457283
0.04501119256019592
0.04389489069581032
0.036837778985500336
0.04029659181833267
0.04744422808289528
0.05005946010351181
0.03794516995549202
0.032220710068941116
0.049460165202617645
0.03289820998907089
0.04327360540628433
0.04991648346185684
0.043022964149713516
0.026826854795217514
0.04926648736000061
0.04814517870545387
0.08689817041158676
0.04854293912649155
0.029131576418876648
0.043364278972148895
0.08622787892818451
0.024712108075618744
0.02846747264266014
0.04229756444692612
0.03098491206765175
0.03931602090597153
0.052318040281534195
0.04051416367292404
0.02241222932934761
0.055752068758010864
0.0455939806997776
0.03192664682865143
0.0451517179608345
0.02810312621295452
0.04685138911008835
0.027637159451842308
0.07759146392345428
0.03457161411643028
0.04083199426531792
0.02634655311703682
0.025665905326604843
0.03394746035337448
0.035555191338062286
0.03205117583274841
0.05617407336831093
0.04469386860728264
0.040195025503635406
0.029440205544233322
0.026492677628993988
0.030743539333343506
0.05873256176710129
0.04198429733514786
0.021879073232412338
0.058791257441043854
0.05331587418913841
0.03908706083893776
0.048065222799777985
0.025763604789972305
0.033070117235183716
0.021303344517946243
0.025401875376701355
0.023710763081908226
0.04177800193428993
0.027620799839496613
0.04173126071691513
0.018864944577217102
0.029529612511396408
0.040744367986917496
0.02761848457157612
0.019561920315027237
0.03529589623212814
0.02377806045114994
0.02902435138821602
0.01800248771905899
0.026671603322029114
0.03732431307435036
0.03213543817400932
0.019258473068475723
0.04515311121940613
0.04379324987530708
0.031171239912509918
0.030326224863529205
0.030508004128932953
0.07683499157428741
0.0418829470872879
0.03275278955698013
0.03323322534561157
0.04932226985692978
0.051392339169979095
0.034591108560562134
0.030920464545488358
0.022491805255413055
0.030791640281677246
0.03577961400151253
0.022100593894720078
0.054839760065078735
0.037742435932159424
0.05307060480117798
0.033338308334350586
0.036611102521419525
0.04314094036817551
0.030148040503263474
0.03292841464281082
0.020232779905200005
0.020652208477258682
0.02386762574315071
0.05064648762345314
0.04141145572066307
0.02259214222431183
0.030594144016504288
0.02160680666565895
0.02302658185362816
0.022364811971783638
0.029952991753816605
0.030801991000771523
0.04837483540177345
0.022064343094825745
0.025516845285892487
0.028026483952999115
0.033498719334602356
0.014317866414785385
0.02524494007229805
0.06250956654548645
0.04123193398118019
0.02380240708589554
0.01982409879565239
0.020324718207120895
0.01758245751261711
0.03424540534615517
0.02773119881749153
0.04285917431116104
0.03609099239110947
0.04321419447660446
0.03365392982959747
0.022573065012693405
0.0433734655380249
0.04159361869096756
0.06246044114232063
0.03794797137379646
0.030660303309559822
0.025356736034154892
0.02294806018471718
0.06088494136929512
0.04109300300478935
0.02585500478744507
0.03218865394592285
0.03229088336229324
0.04660559073090553
0.0582415796816349
0.024558499455451965
0.025143994018435478
0.03404137119650841
0.020478766411542892
0.030091412365436554
0.03295597434043884
0.02816201187670231
0.05282420665025711
0.019559361040592194
0.0261598601937294
0.041928719729185104
0.04192099720239639
0.026887651532888412
0.022697966545820236
0.02702241577208042
0.08898259699344635
0.030552228912711143
0.02685992419719696
0.02073720656335354
0.015754111111164093
0.027850139886140823
0.04018806666135788
0.07042044401168823
0.04850573092699051
0.040403544902801514
0.02475479058921337
0.01693132147192955
0.03024645522236824
0.0319349467754364
0.04293475300073624
0.03560200333595276
0.04288656637072563
0.03397458791732788
0.018989641219377518
0.04964706674218178
0.02606121636927128
0.026077695190906525
0.02210596762597561
0.037855904549360275
0.057801753282547
0.017170464619994164
0.022805485874414444
0.02650768868625164
0.03545508161187172
0.019763432443141937
0.02338746376335621
0.02541257068514824
0.03212912380695343
0.06165828928351402
0.025278763845562935
0.014496635645627975
0.049975618720054626
0.028895745053887367
0.019340692088007927
0.04537195712327957
0.06957855820655823
0.020545529201626778
0.02798272669315338
0.020556814968585968
0.014055989682674408
0.03814099729061127
0.024366334080696106
0.029092375189065933
0.023073937743902206
0.10604214668273926
0.037607342004776
0.013522118330001831
0.02622494474053383
0.05084140598773956
0.031748589128255844
0.05336407572031021
0.07204841077327728
0.038266174495220184
0.01857532188296318
0.018375379964709282
0.025524836033582687
0.03785328567028046
0.021573254838585854
0.02291671745479107
0.021038241684436798
0.030644770711660385
0.04708777368068695
0.042742352932691574
0.03575979173183441
0.032954055815935135
0.023687971755862236
0.021281972527503967
0.06849805265665054
0.04189467430114746
0.014481239020824432
0.034713778644800186
0.024641316384077072
0.019628796726465225
0.06688621640205383
0.047277677804231644
0.031076371669769287
0.024407492950558662
0.03779184818267822
0.03363639488816261
0.04710732400417328
0.028317518532276154
0.020913153886795044
0.03283947706222534
0.020969482138752937
0.024263955652713776
0.02802875079214573
0.04760444909334183
0.03384443372488022
0.0231279619038105
0.03304076939821243
0.023748377338051796
0.027075350284576416
0.02456596866250038
0.02116997353732586
0.027505837380886078
0.02593606896698475
0.025953371077775955
0.08730481564998627
0.02483411505818367
0.03779691830277443
0.04294562712311745
0.03973475098609924
0.03739968687295914
0.02208840474486351
0.01631476730108261
0.018175430595874786
0.052410777658224106
0.02762185037136078
0.06183494254946709
0.025426486507058144
0.03462466597557068
0.03259815275669098
0.023554492741823196
0.03934779018163681
0.02242325060069561
0.027127502486109734
0.03131850063800812
0.024417372420430183
0.037971775978803635
0.03068212792277336
0.0490666925907135
0.030645333230495453
0.026481961831450462
0.03813132271170616
0.01840323768556118
0.017391925677657127
0.030749265104532242
0.03521094471216202
0.026064300909638405
0.036826081573963165
0.01876261830329895
0.0365397147834301
0.028223339468240738
0.032953131943941116
0.04275713115930557
0.024722497910261154
0.030418913811445236
0.02659747004508972
0.03141118213534355
0.0338427796959877
0.05088932067155838
0.018954763188958168
0.032076120376586914
0.04325384274125099
0.019945766776800156
0.06205650791525841
0.02416265197098255
0.023597002029418945
0.056929558515548706
0.031080082058906555
0.06664381176233292
0.035350359976291656
0.03359084948897362
0.02006724290549755
0.04137280583381653
0.03574442118406296
0.03796111047267914
0.0479089692234993
0.027405785396695137
0.038645535707473755
0.03050405904650688
0.0322437547147274
0.02059716358780861
0.04377664253115654
0.07173744589090347
0.031870558857917786
0.030913520604372025
0.021779663860797882
0.022257298231124878
0.020347926765680313
0.020882878452539444
0.057988137006759644
0.023661455139517784
0.02914605289697647
0.022623639553785324
0.021257882937788963
0.0190941970795393
0.023263484239578247
0.043418899178504944
0.03490496426820755
0.030460786074399948
0.058562878519296646
0.025525007396936417
0.023093611001968384
0.054284438490867615
0.022529739886522293
0.05364628881216049
0.03179607540369034
0.018750064074993134
0.01899462379515171
0.023269645869731903
0.03573571890592575
0.02391582727432251
0.019908608868718147
0.025613315403461456
0.023819640278816223
0.020650533959269524
0.04266428202390671
0.024649159982800484
0.024818923324346542
0.025144392624497414
0.040217019617557526
0.027802858501672745
0.027147671207785606
0.016971182078123093
0.055882975459098816
0.02291221171617508
0.015529448166489601
0.02685924433171749
0.04756379500031471
0.041311562061309814
0.03851316496729851
0.04093264788389206
0.034957125782966614
0.04255574569106102
0.04690401256084442
0.024617526680231094
0.029419777914881706
0.03539174050092697
0.019190527498722076
0.025316627696156502
0.04311130940914154
0.022739991545677185
0.07223030924797058
0.03010883368551731
0.03720324486494064
0.041902683675289154
0.029490478336811066
0.0581505186855793
0.061420243233442307
0.021202776581048965
0.02300531417131424
0.028570687398314476
0.03524094074964523
0.023823820054531097
0.028922557830810547
0.04952618479728699
0.035217031836509705
0.02354813553392887
0.0347994901239872
0.028247077018022537
0.014115583151578903
0.03796984255313873
0.03091244399547577
0.02011953666806221
0.026267673820257187
0.02410607971251011
0.031625524163246155
0.026100292801856995
0.01643749326467514
0.023141667246818542
0.031370583921670914
0.03591898828744888
0.04640694707632065
0.026738017797470093
0.02911250665783882
0.04063752293586731
0.0297512449324131
0.038269273936748505
0.028181612491607666
0.019954770803451538
0.019527632743120193
0.03962254524230957
0.04484589397907257
0.023559868335723877
0.04115521162748337
0.021519698202610016
0.04695264250040054
0.023521948605775833
0.03686459735035896
0.023323453962802887
0.04458647221326828
0.022930536419153214
0.023686518892645836
0.048919856548309326
0.030933044850826263
0.025555044412612915
0.0366908460855484
0.03401082381606102
0.01962202414870262
0.04731546342372894
0.04183387756347656
0.020340073853731155
0.029142452403903008
0.041280314326286316
0.018750600516796112
0.017596794292330742
0.022295592352747917
0.04081479460000992
0.03043082170188427
0.017108552157878876
0.03118312731385231
0.027514297515153885
0.059994108974933624
0.023458018898963928
0.016048111021518707
0.018993772566318512
0.032611340284347534
0.055164460092782974
0.02327663265168667
0.036489762365818024
0.03041144832968712
0.03212995082139969
0.03288333863019943
0.051806092262268066
0.04512355849146843
0.025332704186439514
0.019786279648542404
0.028826579451560974
0.018111577257514
0.018503280356526375
0.011936673894524574
0.023816943168640137
0.03224215656518936
0.016822725534439087
0.016897277906537056
0.03745506703853607
0.01973699778318405
0.044635966420173645
0.03153465688228607
0.025623468682169914
0.020147576928138733
0.024328306317329407
0.027701837942004204
0.015208987519145012
0.030526455491781235
0.017817087471485138
0.03736220300197601
0.016127722337841988
0.011246529407799244
0.02190866693854332
0.04540122672915459
0.023592954501509666
0.040460217744112015
0.016631655395030975
0.032428231090307236
0.06411337852478027
0.02604079432785511
0.013960967771708965
0.01707233488559723
0.023107539862394333
0.023594168946146965
0.022320441901683807
0.020290423184633255
0.03365521878004074
0.019841758534312248
0.026194000616669655
0.04878208413720131
0.030036557465791702
0.02150508388876915
0.030643459409475327
0.020500503480434418
0.013878065161406994
0.04113585501909256
0.024471767246723175
0.044653765857219696
0.021927479654550552
0.017898164689540863
0.03480960428714752
0.018710920587182045
0.014842920936644077
0.0345756933093071
0.025812722742557526
0.01826353929936886
0.019841711968183517
0.014986732043325901
0.03936348482966423
0.02998337149620056
0.03721828758716583
0.03648139536380768
0.0263463594019413
0.021280666813254356
0.032360225915908813
0.014308009296655655
0.03241819515824318
0.03288435935974121
0.027398724108934402
0.029711700975894928
0.018447261303663254
0.028689082711935043
0.041096776723861694
0.04852461814880371
0.038934376090765
0.021534264087677002
0.04431943595409393
0.02022220566868782
0.02070988155901432
0.011418662965297699
0.02181902714073658
0.018515998497605324
0.0275103896856308
0.01532148290425539
0.016148965805768967
0.03424932807683945
0.01605645939707756
0.016930781304836273
0.011938512325286865
0.0237615704536438
0.012917593121528625
0.018409058451652527
0.03388620913028717
0.03705226629972458
