0.989353597164154
0.9899604320526123
0.9899775385856628
0.9899544715881348
0.9899571537971497
0.9899513721466064
0.9899407029151917
0.9894063472747803
0.9899519085884094
0.9899540543556213
0.9899579882621765
0.9899623990058899
0.9899581074714661
0.9899219870567322
0.9899548292160034
0.9899570941925049
0.9899531602859497
0.9899701476097107
0.9899593591690063
0.9899589419364929
0.9899536371231079
0.9899547100067139
0.9899530410766602
0.9899536371231079
0.9899546504020691
0.9899309873580933
0.989962100982666
0.9899401068687439
0.9899489879608154
0.989964485168457
0.9896582961082458
0.9899399280548096
0.9899564981460571
0.9899512529373169
0.9899465441703796
0.9899294376373291
0.989887535572052
0.9899404048919678
0.9899531006813049
0.9899622201919556
0.9899831414222717
0.9894495010375977
0.9899409413337708
0.9899557828903198
0.9899607300758362
0.9899516105651855
0.9899061322212219
0.9899278879165649
0.9899439811706543
0.989949107170105
0.9899583458900452
0.9899455904960632
0.9898679852485657
0.9899587631225586
0.9899609684944153
0.9899548888206482
0.9899348020553589
0.9899136424064636
0.9899576306343079
0.9899635314941406
0.9899547100067139
0.9899265170097351
0.9899224638938904
0.9899517893791199
0.9899551868438721
0.9899477958679199
0.9897018671035767
0.9899389743804932
0.98993319272995
0.9899535179138184
0.9899611473083496
0.9888020753860474
0.9899466633796692
0.9899665117263794
0.989959716796875
0.9899415969848633
0.9898965358734131
0.9899613261222839
0.9899569749832153
0.9899649024009705
0.9887018203735352
0.9899280667304993
0.989952027797699
0.989919900894165
0.9899137020111084
0.9899117350578308
0.9899587631225586
0.9899609684944153
0.9899458885192871
0.9522229433059692
0.9868877530097961
0.9786921143531799
0.9202485680580139
0.9430546164512634
0.9750893712043762
0.9829332828521729
0.9887900948524475
0.9868730306625366
0.6320947408676147
0.880272626876831
