0.12492014467716217
0.12499913573265076
0.12509508430957794
0.1249811053276062
0.12504132091999054
0.12495052069425583
0.12494884431362152
0.12503157556056976
0.12500324845314026
0.12497970461845398
0.1249711737036705
0.12500248849391937
0.12494926154613495
0.12503929436206818
0.12512633204460144
0.12493634968996048
0.12497592717409134
0.1249469667673111
0.12496266514062881
0.12508177757263184
0.12486521899700165
0.12482579797506332
0.12485317140817642
0.12491236627101898
0.1249094232916832
0.12479399889707565
0.12499283254146576
0.12465710937976837
0.1248621791601181
0.12495413422584534
0.12474541366100311
0.12471996992826462
0.12474467605352402
0.1247977763414383
0.12456250190734863
0.12449409067630768
0.12466131150722504
0.12471054494380951
0.12477093189954758
0.12469285726547241
0.125046968460083
0.1244860365986824
0.12434518337249756
0.12458108365535736
0.12464335560798645
0.12406427413225174
0.1241750419139862
0.12382850795984268
0.12398886680603027
0.12376686930656433
0.12411799281835556
0.12346374988555908
0.12349113821983337
0.1235746443271637
0.1231854259967804
0.1242174580693245
0.12290481477975845
0.12355037778615952
0.12155439704656601
0.12261258065700531
0.12132517248392105
0.12146631628274918
0.12152417749166489
0.1205967590212822
0.12255919724702835
0.12107141315937042
0.12001456320285797
0.12085548043251038
0.1204972192645073
0.11835301667451859
0.11869137734174728
0.11076254397630692
0.11220383644104004
0.11675568670034409
0.11740995198488235
0.1093045026063919
0.121243417263031
0.11745469272136688
0.10578656941652298
0.10325109213590622
0.10318573564291
0.09858979284763336
0.11422953754663467
0.08420584350824356
0.0801675096154213
0.059467654675245285
0.09689851850271225
0.0687936544418335
0.06727313250303268
0.10006889700889587
0.050375644117593765
0.07476404309272766
0.09189268946647644
0.13368292152881622
0.09511217474937439
0.05277981981635094
0.18157735466957092
0.13085733354091644
0.07348659634590149
0.17120936512947083
0.06464189291000366
0.09905604273080826
0.12208227813243866
0.04647552967071533
0.07745654135942459
0.05167444050312042
0.05613185465335846
0.0556124672293663
0.07599305361509323
0.059030018746852875
0.05813058093190193
0.07815548777580261
0.08233852684497833
0.08640936762094498
0.08532848954200745
0.08483581990003586
0.08598628640174866
0.09099452942609787
0.08951002359390259
0.09843658655881882
0.10135692358016968
0.1105460673570633
0.09315165132284164
0.09462661296129227
0.1135067492723465
0.10555979609489441
0.09989751130342484
0.10124872624874115
0.10761919617652893
0.10484433174133301
0.1011025458574295
0.10981707274913788
0.10060280561447144
0.09011770784854889
0.0974840372800827
0.10950218886137009
0.10769188404083252
0.11054423451423645
0.11134481430053711
0.09730736166238785
0.0979173332452774
0.09872575104236603
0.10781529545783997
0.11005847156047821
0.11034552752971649
0.10902190208435059
0.09931613504886627
0.11216481775045395
0.10070694237947464
0.10033491253852844
0.10690204054117203
0.1177104040980339
0.10000960528850555
0.10137804597616196
0.10877187550067902
0.10677911341190338
0.11210201680660248
0.10095468908548355
0.11515611410140991
0.09435580670833588
0.1028406023979187
0.11188808083534241
0.11069895327091217
0.10709254443645477
0.09258965402841568
0.10210128873586655
0.1026446670293808
0.09795026481151581
0.10614345967769623
0.09726447612047195
0.09302942454814911
0.10495003312826157
0.10468585789203644
0.1139332503080368
0.10139540582895279
0.09197423607110977
0.09362152218818665
0.1099223643541336
0.11067190766334534
0.10228578001260757
0.10018576681613922
0.10540074855089188
0.10272917151451111
0.09684699773788452
0.09116332232952118
0.1169484406709671
0.09559124708175659
0.10402090847492218
0.10596024990081787
0.10888559371232986
0.09730206429958344
0.08504408597946167
0.09350857138633728
0.1049753725528717
0.08134988695383072
0.10204953700304031
0.09267958253622055
0.08814328908920288
0.09681905806064606
0.10261896997690201
0.08385208249092102
0.0827622339129448
0.10945598036050797
0.0975155159831047
0.07728436589241028
0.07982014119625092
0.07476446032524109
0.1014372929930687
0.0944288969039917
0.09782413393259048
0.08426091074943542
0.08906634151935577
0.09279277920722961
0.08843837678432465
0.08641353994607925
0.1007724404335022
0.08134982734918594
0.09023429453372955
0.08102387934923172
0.06762421131134033
0.06461015343666077
0.06326460093259811
0.09521961957216263
0.08989482372999191
0.10712867975234985
0.08860926330089569
0.07713499665260315
0.06623460352420807
0.07483186572790146
0.0900568962097168
0.0779009461402893
0.05416938289999962
0.06668291985988617
0.07755523920059204
0.09885157644748688
0.06632889807224274
0.07520218193531036
0.116101935505867
0.07480724155902863
0.06796571612358093
0.07778327912092209
0.07609852403402328
0.07619516551494598
0.06591994315385818
0.08158417791128159
0.06992548704147339
0.12406793236732483
0.0737682580947876
0.06318628787994385
0.06030336767435074
0.1069975346326828
0.05595182999968529
0.07611850649118423
0.09700707346200943
0.0669618546962738
0.07172759622335434
0.06359829753637314
0.07096009701490402
0.051075778901576996
0.0884552001953125
0.06275449693202972
0.0763016790151596
0.05913907289505005
0.05827486142516136
0.06448551267385483
0.05041615664958954
0.04387220740318298
0.07178103923797607
0.06729944050312042
0.04550372436642647
0.027684124186635017
0.06202550232410431
0.047868117690086365
0.06520934402942657
0.07107715308666229
0.06330524384975433
0.08393293619155884
0.0726805105805397
0.07326734066009521
0.10069695115089417
0.06481073051691055
0.06420063972473145
0.05761796608567238
0.06539219617843628
0.03856009244918823
0.05212137848138809
0.07470040023326874
0.07177446037530899
0.030072541907429695
0.05737518146634102
0.08543865382671356
0.03391227126121521
0.0594191774725914
0.1016678661108017
0.052727214992046356
0.04235544055700302
0.07845638692378998
0.05805249512195587
0.04112614691257477
0.05787484347820282
0.0584234744310379
0.06418302655220032
0.062479548156261444
0.03630564734339714
0.06565308570861816
0.04082805663347244
0.09271349012851715
0.05538272112607956
0.0341014564037323
0.060666125267744064
0.0666482001543045
0.047902174293994904
0.08491723239421844
0.08718223869800568
0.051173511892557144
0.05589937046170235
0.04594988375902176
0.050606921315193176
0.050576724112033844
0.04339117556810379
0.02967064082622528
0.049267493188381195
0.04746853932738304
0.056935593485832214
0.03749576210975647
0.04704912006855011
0.047703541815280914
0.03258983790874481
0.0331159271299839
0.0361531637609005
0.0823902040719986
0.07755459100008011
0.05276375263929367
0.035118307918310165
0.049792103469371796
0.02843667007982731
0.05567963421344757
0.0517791211605072
0.07914384454488754
0.0845923125743866
0.12649843096733093
0.06497492641210556
0.04011775180697441
0.035348691046237946
0.04964817687869072
0.04314485564827919
0.042022138833999634
0.045066893100738525
0.055485647171735764
0.0573977530002594
0.06034673750400543
0.0419708713889122
0.04709986597299576
0.08865237981081009
0.048365913331508636
0.048735205084085464
0.08224131166934967
0.05813596397638321
0.03109150379896164
0.06719031929969788
0.06507597118616104
0.05271517485380173
0.059366337954998016
0.04682115465402603
0.05786866694688797
0.042719073593616486
0.03916851431131363
0.04701371490955353
0.059111159294843674
0.04821205511689186
0.05714884027838707
0.039230119436979294
0.03499164804816246
0.06341684609651566
0.06808720529079437
0.05790603905916214
0.04628089815378189
0.03744272515177727
0.025866739451885223
0.05387338250875473
0.0349901057779789
0.049007609486579895
0.04688451439142227
0.03504308685660362
0.07128317654132843
0.04432475566864014
0.0527392253279686
0.052482813596725464
0.03337589651346207
0.06604335457086563
0.04247061908245087
0.03312436118721962
0.024466440081596375
0.0499674528837204
0.0332738421857357
0.03565416857600212
0.04840034991502762
0.03495040163397789
0.06481865048408508
0.06414718925952911
0.028757352381944656
0.039408035576343536
0.039208702743053436
0.03870406001806259
0.027383524924516678
0.03883934020996094
0.062067314982414246
0.04714743793010712
0.06114252656698227
0.09085772931575775
0.048270948231220245
0.05626390129327774
0.04641478508710861
0.07052354514598846
0.04712674021720886
0.05445604398846626
0.0356692299246788
0.03809570521116257
0.04825086146593094
0.038525089621543884
0.06136319413781166
0.07711514830589294
0.047651760280132294
0.03472872078418732
0.07227738946676254
0.03639694303274155
0.02926933392882347
0.04018314182758331
0.04719913378357887
0.05334141105413437
0.05045197904109955
0.042213231325149536
0.040397778153419495
0.053709257394075394
0.06482129544019699
0.039961472153663635
0.032534871250391006
0.053597722202539444
0.038881443440914154
0.04837583005428314
0.0528409481048584
0.05972233787178993
0.03356259688735008
0.05320180207490921
0.052073001861572266
0.0866468995809555
0.05190005898475647
0.036259837448596954
0.053688060492277145
0.12555432319641113
0.03193803131580353
0.03130731359124184
0.046057574450969696
0.034180570393800735
0.042910583317279816
0.05154058337211609
0.054974038153886795
0.035455018281936646
0.062039852142333984
0.05160842835903168
0.04396560415625572
0.06026754528284073
0.035618819296360016
0.05889075994491577
0.032680682837963104
0.08634182810783386
0.03769119456410408
0.060686144977808
0.035249263048172
0.03533649817109108
0.04189009964466095
0.04667232185602188
0.04286554455757141
0.05315592139959335
0.05291905254125595
0.045331209897994995
0.03790387138724327
0.03867805376648903
0.04173293709754944
0.06306883692741394
0.06161464750766754
0.025420892983675003
0.06940281391143799
0.05712828040122986
0.05328287184238434
0.05765903741121292
0.0410015732049942
0.05274325609207153
0.025861335918307304
0.03989744931459427
0.02937799133360386
0.06229238957166672
0.04338967427611351
0.053883012384176254
0.026021476835012436
0.046105094254016876
0.057582709938287735
0.03587095066905022
0.03457949310541153
0.05203477293252945
0.034444212913513184
0.047010306268930435
0.028333842754364014
0.03671006113290787
0.060939762741327286
0.037134405225515366
0.03307090699672699
0.0623776838183403
0.060710228979587555
0.04615045338869095
0.04536448419094086
0.050889551639556885
0.06777609884738922
0.06512195616960526
0.0438789501786232
0.03820163011550903
0.052655626088380814
0.059285588562488556
0.04232614114880562
0.044576797634363174
0.037721749395132065
0.044469721615314484
0.05259813368320465
0.036739811301231384
0.07328091561794281
0.04879205673933029
0.058408480137586594
0.04868092015385628
0.0486026406288147
0.0567726269364357
0.042565539479255676
0.04488621652126312
0.034998051822185516
0.03238390386104584
0.03581757843494415
0.05080534517765045
0.05466148629784584
0.0295574851334095
0.04060250520706177
0.03508462756872177
0.03861423209309578
0.03310209885239601
0.029941406100988388
0.04739859700202942
0.05294698476791382
0.02811400219798088
0.03941923379898071
0.03685709089040756
0.047448426485061646
0.027947816997766495
0.044397979974746704
0.05971590429544449
0.050600096583366394
0.03328493610024452
0.030015429481863976
0.02934221923351288
0.0218748077750206
0.04784955456852913
0.03910329192876816
0.05377095937728882
0.05858045071363449
0.07798175513744354
0.03822162747383118
0.03165413811802864
0.056012608110904694
0.056662704795598984
0.06914875656366348
0.031300850212574005
0.036229684948921204
0.03124406933784485
0.03384741395711899
0.0652330070734024
0.0418180488049984
0.030795402824878693
0.039169490337371826
0.04299872741103172
0.05108308792114258
0.06092432513833046
0.028367798775434494
0.030517715960741043
0.043823208659887314
0.029576145112514496
0.04220006242394447
0.040576621890068054
0.0361456498503685
0.05927376449108124
0.025048939511179924
0.03395813703536987
0.04883874952793121
0.04908286780118942
0.03971663862466812
0.027980627492070198
0.031107094138860703
0.08568079024553299
0.04499359056353569
0.03266986086964607
0.029643485322594643
0.020219508558511734
0.037099920213222504
0.04284019023180008
0.08984144777059555
0.06539493054151535
0.04421889781951904
0.03711538389325142
0.02087101712822914
0.031929243355989456
0.0424472913146019
0.052886221557855606
0.05347350239753723
0.052402667701244354
0.03525610268115997
0.028030838817358017
0.044428739696741104
0.03070320561528206
0.0367983840405941
0.022314060479402542
0.04862021654844284
0.0706404522061348
0.023164039477705956
0.028480838984251022
0.027035651728510857
0.04889000952243805
0.022128334268927574
0.032796721905469894
0.0343625433743
0.031692564487457275
0.06985542178153992
0.03298090398311615
0.018725553527474403
0.050237566232681274
0.03484922647476196
0.024936800822615623
0.05431262031197548
0.07003472000360489
0.0279221273958683
0.03669256344437599
0.02320241555571556
0.016691740602254868
0.04636386036872864
0.03336576744914055
0.03573141247034073
0.025835908949375153
0.15435150265693665
0.03872451186180115
0.019488239660859108
0.0305444598197937
0.05685724690556526
0.0394127331674099
0.08096359670162201
0.08250260353088379
0.0586744099855423
0.025071952491998672
0.020814882591366768
0.029899051412940025
0.052128225564956665
0.032138172537088394
0.027035586535930634
0.0361456423997879
0.037031739950180054
0.053682051599025726
0.04842568561434746
0.04034027084708214
0.0407564714550972
0.032824087888002396
0.030297687277197838
0.11140696704387665
0.05669659376144409
0.021160375326871872
0.04421378672122955
0.030324121937155724
0.024245386943221092
0.08411097526550293
0.05628130957484245
0.041377902030944824
0.028117071837186813
0.04905673861503601
0.04302322119474411
0.05449504777789116
0.036162618547677994
0.02485971711575985
0.038808900862932205
0.027762752026319504
0.03438548371195793
0.042324766516685486
0.06311849504709244
0.0416242741048336
0.02889951504766941
0.04319038614630699
0.030123312026262283
0.03757472336292267
0.029734846204519272
0.025576334446668625
0.0385189987719059
0.028407253324985504
0.0282147116959095
0.10151132941246033
0.033838897943496704
0.04601440951228142
0.05466198921203613
0.04660249128937721
0.0492766872048378
0.025870755314826965
0.01751449704170227
0.022770913317799568
0.05982982739806175
0.040406547486782074
0.06955371052026749
0.032168298959732056
0.047320373356342316
0.04622237756848335
0.030704811215400696
0.05422353744506836
0.025601530447602272
0.03452878072857857
0.03984447941184044
0.03163594752550125
0.04081587865948677
0.03462505340576172
0.052606306970119476
0.03983481228351593
0.034758616238832474
0.06142809987068176
0.025465622544288635
0.02598683536052704
0.03985237330198288
0.04175442457199097
0.031044472008943558
0.05293574929237366
0.02412761002779007
0.04115602374076843
0.03206208348274231
0.038739465177059174
0.059843070805072784
0.03425828367471695
0.04079527407884598
0.035212233662605286
0.030138948932290077
0.0396779403090477
0.05585869401693344
0.03048054128885269
0.03980526700615883
0.058578819036483765
0.024123959243297577
0.07118165493011475
0.026316341012716293
0.030061613768339157
0.0704173669219017
0.03544620797038078
0.07655952125787735
0.037157706916332245
0.04251686483621597
0.021318182349205017
0.046225421130657196
0.04562293738126755
0.0393381267786026
0.06274864077568054
0.03798665851354599
0.050291433930397034
0.034602075815200806
0.040524110198020935
0.030698262155056
0.05656817555427551
0.07436773180961609
0.038016460835933685
0.046271972358226776
0.025227874517440796
0.027510639280080795
0.0282546728849411
0.02416345849633217
0.061775028705596924
0.027949530631303787
0.03969160094857216
0.026452023535966873
0.026436764746904373
0.024054836481809616
0.030306974425911903
0.0563662014901638
0.04622599482536316
0.03836000710725784
0.07112982869148254
0.028495535254478455
0.03799649327993393
0.06882648169994354
0.02482236921787262
0.07677300274372101
0.04191737622022629
0.021962344646453857
0.023996517062187195
0.02670145034790039
0.04445314407348633
0.02788907289505005
0.027678174898028374
0.03277774900197983
0.02866896614432335
0.024989886209368706
0.06579842418432236
0.029291775077581406
0.030386336147785187
0.035859234631061554
0.044738441705703735
0.03409649431705475
0.03501243144273758
0.023279845714569092
0.07779113203287125
0.031084755435585976
0.020492274314165115
0.027279336005449295
0.062146514654159546
0.05918049067258835
0.041184354573488235
0.05025317519903183
0.05189063027501106
0.05061112716794014
0.05442158877849579
0.03093859553337097
0.04160993546247482
0.04371385648846626
0.023736653849482536
0.03207211196422577
0.05707497522234917
0.029504476115107536
0.07698668539524078
0.032598353922367096
0.04840835928916931
0.05233209580183029
0.03451235219836235
0.07026581466197968
0.07362473011016846
0.0268463846296072
0.0234222374856472
0.03755609691143036
0.04295358806848526
0.03435719385743141
0.03875308856368065
0.06294398009777069
0.048068564385175705
0.028006047010421753
0.03824520856142044
0.036099210381507874
0.025280017405748367
0.03832053020596504
0.03574556112289429
0.030084416270256042
0.03298815339803696
0.025620155036449432
0.03962629288434982
0.032326050102710724
0.02110058069229126
0.027660144492983818
0.03953227400779724
0.04261094331741333
0.0643942803144455
0.0316208153963089
0.03543967008590698
0.05157514289021492
0.03359396383166313
0.04192723333835602
0.030978303402662277
0.026857560500502586
0.025471869856119156
0.05501425266265869
0.052995212376117706
0.031167762354016304
0.05822217836976051
0.02988261729478836
0.056491851806640625
0.030889689922332764
0.04485723376274109
0.029090287163853645
0.047963086515665054
0.031777963042259216
0.03134577348828316
0.06286139041185379
0.037756919860839844
0.03017766773700714
0.049314945936203
0.043929725885391235
0.022952938452363014
0.055651918053627014
0.051676735281944275
0.02277160808444023
0.03634192794561386
0.04156538099050522
0.02545330673456192
0.024098366498947144
0.02957974746823311
0.05066567286849022
0.03630717471241951
0.02321699634194374
0.04320988804101944
0.02729193866252899
0.06634997576475143
0.0312977060675621
0.02452174574136734
0.022519320249557495
0.040578268468379974
0.06081053242087364
0.030894581228494644
0.045646801590919495
0.03594309836626053
0.046639829874038696
0.042146261781454086
0.06274599581956863
0.052411291748285294
0.03187493234872818
0.024973265826702118
0.038480378687381744
0.02804459258913994
0.02266489341855049
0.01740451529622078
0.033332936465740204
0.03796685114502907
0.025864144787192345
0.022784162312746048
0.04265812784433365
0.023982100188732147
0.05955444648861885
0.03994334861636162
0.02956334501504898
0.026161357760429382
0.027506768703460693
0.03203399479389191
0.020652342587709427
0.03704627603292465
0.024301933124661446
0.04086560010910034
0.019907591864466667
0.01565362513065338
0.028646180406212807
0.05872834473848343
0.02837730199098587
0.051444683223962784
0.024512792006134987
0.038682613521814346
0.08513500541448593
0.03054967150092125
0.017486535012722015
0.023137329146265984
0.028364017605781555
0.026024026796221733
0.028784828260540962
0.027137484401464462
0.046314265578985214
0.024337735027074814
0.03161422163248062
0.060603924095630646
0.03478913754224777
0.027676910161972046
0.03126976639032364
0.026897143572568893
0.019337527453899384
0.05701596289873123
0.0329422764480114
0.058375537395477295
0.02547278068959713
0.020415039733052254
0.04954037442803383
0.02372615598142147
0.016725588589906693
0.039559490978717804
0.033567752689123154
0.026828045025467873
0.028299890458583832
0.018608998507261276
0.046519581228494644
0.03392546996474266
0.046329207718372345
0.0472380556166172
0.027585648000240326
0.03272034600377083
0.03930925950407982
0.0211408119648695
0.03670746833086014
0.041328705847263336
0.03235864266753197
0.03381643444299698
0.02520502172410488
0.03651900216937065
0.04972606152296066
0.06429560482501984
0.05410683900117874
0.025374509394168854
0.05609995871782303
0.027435552328824997
0.028586335480213165
0.01447421032935381
0.022805988788604736
0.01898069679737091
0.03334944695234299
0.021601196378469467
0.019890902563929558
0.04251454025506973
0.019639231264591217
0.024547439068555832
0.01413329504430294
0.029925450682640076
0.018429001793265343
0.02474673092365265
0.04180971160531044
0.051864415407180786
