0.18775036931037903
0.18753986060619354
0.18753963708877563
0.18753604590892792
0.18754251301288605
0.1875244826078415
0.18752655386924744
0.1879274845123291
0.1875332146883011
0.1875184178352356
0.18752521276474
0.18752022087574005
0.18751700222492218
0.18757542967796326
0.18752965331077576
0.18752065300941467
0.18752430379390717
0.1875424087047577
0.1875350922346115
0.1875695139169693
0.18751969933509827
0.18752287328243256
0.18752798438072205
0.18752048909664154
0.1875528246164322
0.18755637109279633
0.18754705786705017
0.187514066696167
0.1875375509262085
0.1875586360692978
0.18762630224227905
0.18753159046173096
0.187527135014534
0.18752875924110413
0.1875208616256714
0.1875118911266327
0.1875874251127243
0.187543585896492
0.18752513825893402
0.1875264197587967
0.18753816187381744
0.18764154613018036
0.18754364550113678
0.18753370642662048
0.18752610683441162
0.1875731348991394
0.1875581294298172
0.18756385147571564
0.18753863871097565
0.18751858174800873
0.18752393126487732
0.18753395974636078
0.1875000298023224
0.18753837049007416
0.18753057718276978
0.18752402067184448
0.1875321865081787
0.18755318224430084
0.18754521012306213
0.1875331848859787
0.18750958144664764
0.18752332031726837
0.18754133582115173
0.18752263486385345
0.1875292956829071
0.18756189942359924
0.18763603270053864
0.18753483891487122
0.1875322014093399
0.18751639127731323
0.18752242624759674
0.1878117173910141
0.18752872943878174
0.1875353306531906
0.18753813207149506
0.1875428855419159
0.1875777244567871
0.18753404915332794
0.1875191330909729
0.18752463161945343
0.1882079541683197
0.18755029141902924
0.18754254281520844
0.18757033348083496
0.1875656247138977
0.18760983645915985
0.18755830824375153
0.18752112984657288
0.1875079870223999
0.20210686326026917
0.1875062882900238
0.1878531575202942
0.1885819435119629
0.188137024641037
0.24227818846702576
0.1892264485359192
0.18770354986190796
0.18804308772087097
0.19230638444423676
0.18797487020492554
