0.18770813941955566
0.1878000944852829
0.18788516521453857
0.18777751922607422
0.18787342309951782
0.18776032328605652
0.187784805893898
0.18785400688648224
0.18785156309604645
0.18779493868350983
0.1878100335597992
0.1878630518913269
0.18780717253684998
0.18798811733722687
0.18802760541439056
0.18782883882522583
0.187858447432518
0.18783500790596008
0.18784642219543457
0.18799875676631927
0.18778745830059052
0.18775801360607147
0.18774409592151642
0.18785415589809418
0.1878896802663803
0.18773159384727478
0.18795639276504517
0.18769533932209015
0.18789394199848175
0.18801835179328918
0.1877094954252243
0.18776005506515503
0.18780311942100525
0.18786494433879852
0.18767498433589935
0.1876405030488968
0.18774311244487762
0.18784618377685547
0.18784713745117188
0.18781551718711853
0.1880614310503006
0.18776026368141174
0.18778961896896362
0.18786370754241943
0.18792982399463654
0.18758130073547363
0.18762217462062836
0.1876210868358612
0.187653049826622
0.18758811056613922
0.18773187696933746
0.1875840723514557
0.187469482421875
0.18757116794586182
0.18753980100154877
0.18800193071365356
0.1875859498977661
0.18773549795150757
0.18736331164836884
0.18752522766590118
0.18733935058116913
0.1874857097864151
0.18740208446979523
0.18739846348762512
0.18778297305107117
0.18762120604515076
0.1874600052833557
0.18758481740951538
0.18741892278194427
0.18741567432880402
0.18749387562274933
0.18689191341400146
0.18697208166122437
0.18742455542087555
0.18778812885284424
0.18710215389728546
0.18778713047504425
0.18772108852863312
0.1870173066854477
0.18701399862766266
0.18706773221492767
0.1870855987071991
0.1875908225774765
0.18670077621936798
0.18676038086414337
0.18655380606651306
0.1871807873249054
0.18692296743392944
0.1864061802625656
0.1868128776550293
0.1854677051305771
0.18667708337306976
0.18637032806873322
0.1872141808271408
0.1862092763185501
0.18419130146503448
0.1864035427570343
0.1868387907743454
0.18492181599140167
0.1875864565372467
0.18532726168632507
0.18684181571006775
0.18582865595817566
0.18446680903434753
0.18580591678619385
0.1831003725528717
0.18203064799308777
0.1810145378112793
0.1842857003211975
0.18006476759910583
0.17670804262161255
0.18233248591423035
0.17961229383945465
0.17980480194091797
0.17829102277755737
0.1751597821712494
0.17074863612651825
0.17417657375335693
0.1652788519859314
0.1736767292022705
0.16462315618991852
0.1765872836112976
0.14873819053173065
0.1270800530910492
0.26233401894569397
0.15692874789237976
0.13093790411949158
0.1523253172636032
0.29270991683006287
0.15451925992965698
0.14598791301250458
0.18296408653259277
0.12493309378623962
0.12041282653808594
0.13354937732219696
0.16266533732414246
0.15736600756645203
0.16971908509731293
0.17262426018714905
0.13678398728370667
0.14774085581302643
0.14261244237422943
0.16950762271881104
0.1584557443857193
0.17291875183582306
0.1639658510684967
0.1630546748638153
0.1755979210138321
0.2224458009004593
0.14796754717826843
0.16540369391441345
0.17703522741794586
0.1446499526500702
0.14674419164657593
0.17864015698432922
0.17240971326828003
0.1709100306034088
0.12563934922218323
0.20852422714233398
0.13114134967327118
0.13993580639362335
0.19742560386657715
0.170728862285614
0.21086668968200684
0.13815154135227203
0.15731842815876007
0.14518475532531738
0.10779105126857758
0.18378715217113495
0.09982014447450638
0.09462191164493561
0.1751701831817627
0.1431814432144165
0.16544374823570251
0.2459779977798462
0.11475706100463867
0.1703973412513733
0.20103336870670319
0.23876139521598816
0.20570909976959229
0.15520641207695007
0.171866774559021
0.22100351750850677
0.14052608609199524
0.13618308305740356
0.2374470978975296
0.19720399379730225
0.16775375604629517
0.18135255575180054
0.22503426671028137
0.16486579179763794
0.1300308257341385
0.16640625894069672
0.17960216104984283
0.1508074402809143
0.152489572763443
0.13975368440151215
0.15498410165309906
0.19138863682746887
0.20939984917640686
0.1486385017633438
0.13655994832515717
0.18095873296260834
0.16579000651836395
0.14204241335391998
0.1553877890110016
0.13949058949947357
0.17854586243629456
0.16811196506023407
0.1721653938293457
0.16040775179862976
0.16203883290290833
0.15904758870601654
0.15287673473358154
0.15483948588371277
0.1709565371274948
0.15773367881774902
0.1578187346458435
0.17846545577049255
0.1578504741191864
0.15269388258457184
0.1356828510761261
0.17568936944007874
0.1682618409395218
0.1955796331167221
0.16775672137737274
0.15439683198928833
0.1422606259584427
0.1583745777606964
0.16772933304309845
0.16535991430282593
0.15010401606559753
0.15439578890800476
0.15306998789310455
0.16369163990020752
0.1454438865184784
0.1486128568649292
0.19390828907489777
0.15157385170459747
0.16202694177627563
0.16917769610881805
0.16496431827545166
0.16066943109035492
0.14883413910865784
0.15682825446128845
0.14397022128105164
0.17325709760189056
0.15621159970760345
0.15571491420269012
0.15900053083896637
