0.14848355948925018
0.1681326925754547
0.13526059687137604
0.16681057214736938
0.13044074177742004
0.1354644000530243
0.14360153675079346
0.13599739968776703
0.13413605093955994
0.16988517343997955
0.14431941509246826
0.14849627017974854
0.14149093627929688
0.1380680650472641
0.13639016449451447
0.13846637308597565
0.12308858335018158
0.1719881296157837
0.16794544458389282
0.09546754509210587
0.1268492043018341
0.13672146201133728
0.1315891146659851
0.1262854039669037
0.1352946162223816
0.15406903624534607
0.10061582922935486
0.1238623857498169
0.15714675188064575
0.12647566199302673
0.13053444027900696
0.10939189791679382
0.06109938398003578
0.1264619082212448
0.14528480172157288
0.11285094171762466
0.09560026228427887
0.11788222193717957
0.08717843890190125
0.01443718746304512
0.05746258795261383
0.06799426674842834
0.04827701300382614
0.06231728941202164
0.07666171342134476
0.06592216342687607
0.010306008160114288
0.028552714735269547
0.06948983669281006
-0.034355685114860535
0.05407749116420746
0.027376443147659302
0.034997619688510895
0.06836894899606705
0.08242152631282806
0.0013684816658496857
0.06126682460308075
-0.03584296256303787
0.040019284933805466
0.07403970509767532
0.0550200454890728
0.1538415551185608
0.04311563819646835
0.09081148356199265
0.12035094201564789
0.12390956282615662
0.03042382374405861
0.034254126250743866
0.03726988658308983
0.11520737409591675
0.08180514723062515
0.0377669632434845
0.09277776628732681
0.041487596929073334
-0.07632649689912796
-0.0051828790456056595
-0.006597856990993023
0.0016539320349693298
-0.0001500900834798813
-0.05402131378650665
-0.035764820873737335
-0.0776301696896553
-0.03774789348244667
-0.024967536330223083
0.040283817797899246
-0.024214737117290497
-0.03017592802643776
-0.006208527833223343
-0.07156094908714294
-0.02619459666311741
0.03897514194250107
-0.004737211391329765
0.015255426988005638
0.051144182682037354
-0.0010651666671037674
-0.029668595641851425
0.02097979746758938
-0.05231214314699173
-0.05004199594259262
0.08140647411346436
-0.018795767799019814
0.028769107535481453
-0.02896880730986595
-0.04352935403585434
-0.0877186730504036
-0.06409946829080582
0.03650863468647003
-0.06305299699306488
-0.05011831223964691
-0.06026729941368103
0.013376634567975998
0.04486541822552681
-0.010961821302771568
-0.09560923278331757
-0.05122680962085724
0.004638833925127983
-0.06740985065698624
0.04258880019187927
0.0468992218375206
0.07511536777019501
-0.04443543404340744
0.047340914607048035
-0.02766864001750946
-0.09567964822053909
0.024697549641132355
-0.03309130668640137
0.10540151596069336
-0.003400377929210663
0.009778996929526329
0.03418761491775513
-0.028109893202781677
0.031282369047403336
-0.027560681104660034
0.01136673241853714
0.06973493099212646
0.06014632806181908
-0.016470059752464294
-0.056498363614082336
0.07786747068166733
0.10250735282897949
0.06267078965902328
0.09809133410453796
0.03262629732489586
0.03870358690619469
0.04916243627667427
0.06750573217868805
-0.029391873627901077
0.0446586012840271
-0.015036728233098984
0.0238806065171957
-0.002827882766723633
0.06540431082248688
-0.031542543321847916
0.010528072714805603
-0.018905360251665115
0.034478649497032166
-0.010383110493421555
0.06851490586996078
0.017181795090436935
0.041244521737098694
0.022554129362106323
0.0040849559009075165
0.10372680425643921
0.07040124386548996
0.07268629968166351
0.11488095670938492
0.04379557818174362
0.06450670957565308
0.022365495562553406
0.07114610821008682
0.04141251742839813
0.0509953536093235
-0.016650430858135223
0.07286255806684494
-0.003486551344394684
0.003091137856245041
0.036564286798238754
0.04703369736671448
0.04522118717432022
0.054519329220056534
0.06080101430416107
0.028217826038599014
-0.014667235314846039
0.11790746450424194
0.055129274725914
0.04528030753135681
0.05145986005663872
0.049098335206508636
0.020252499729394913
0.11721660196781158
0.00815504789352417
0.04681294411420822
0.06791812181472778
0.01724933460354805
0.03175545856356621
0.019109386950731277
0.04026489704847336
-0.03061911091208458
0.09611690044403076
0.06100582331418991
0.06332215666770935
-0.025184106081724167
0.08159279078245163
0.04442364349961281
0.07802712917327881
0.01808123290538788
0.05125638470053673
0.044111087918281555
0.10672356188297272
0.03509077802300453
0.004506535828113556
0.06732144206762314
0.0230775885283947
-0.029525499790906906
0.03836071118712425
0.044468946754932404
0.015174109488725662
-0.00894145667552948
0.00546448677778244
0.08024577051401138
0.08279842883348465
0.06463053822517395
0.013085685670375824
0.028487928211688995
0.015220101922750473
0.08817451447248459
0.09289171546697617
0.021497849375009537
0.02467210963368416
0.10178457200527191
0.05317071080207825
0.07875384390354156
0.10088812559843063
0.03261671960353851
0.02121102437376976
0.02649325504899025
0.03202681615948677
0.008117277175188065
0.06788136810064316
0.08115509152412415
0.09820907562971115
0.011043716222047806
0.04449516534805298
0.0023134201765060425
0.07630974799394608
0.12630116939544678
0.0749480128288269
0.07824870944023132
0.06016767770051956
0.05525670945644379
0.07517154514789581
0.03977247327566147
0.013361196964979172
0.06933177262544632
-0.01246044784784317
0.08427388221025467
0.020208530128002167
0.054531995207071304
0.017090845853090286
0.05120666325092316
0.029133208096027374
0.11280080676078796
0.02891058474779129
0.023078981786966324
0.06811895966529846
0.0008667521178722382
0.05983642861247063
0.04363493621349335
-0.003015950322151184
0.011159811168909073
0.00533657893538475
0.043114446103572845
0.07157990336418152
0.03609257936477661
0.05822020396590233
0.03245452046394348
0.05151009187102318
0.12585724890232086
0.05576537922024727
0.1320796012878418
0.030550174415111542
0.04952848702669144
0.0712350606918335
0.004517421126365662
-0.0068673789501190186
-0.01325342059135437
0.08149266988039017
0.06238467991352081
0.06978105753660202
0.05998280271887779
0.06586416065692902
-0.015407241880893707
0.10249833762645721
0.05913558974862099
-0.0031940974295139313
0.04525425285100937
0.03579139709472656
0.0651988685131073
-0.017348233610391617
0.0754014253616333
0.05661588907241821
0.06837084144353867
0.04487267881631851
0.002436228096485138
0.06102824583649635
0.006242088973522186
0.10896965861320496
0.05043787509202957
0.1283966600894928
0.06084558367729187
0.08939136564731598
0.004263404756784439
0.054252784699201584
0.09435244649648666
-0.017765551805496216
0.09386453777551651
0.027582664042711258
0.004633363336324692
0.007704701274633408
0.043908149003982544
0.1185377761721611
0.09928078204393387
0.09196101129055023
0.04421839118003845
0.0389687605202198
0.11666284501552582
0.011515792459249496
0.07317222654819489
0.06433698534965515
-0.00019825249910354614
0.10539008677005768
-0.03062739595770836
0.08643437922000885
0.019781887531280518
0.03302328661084175
0.03807833045721054
0.05933811143040657
0.10374116897583008
0.07239069789648056
-0.0021631568670272827
0.021405570209026337
0.0321926586329937
0.0565088726580143
-0.0012225210666656494
-0.02352570742368698
0.025199048221111298
0.052201442420482635
0.028551209717988968
-0.009366683661937714
0.065452940762043
0.0867999941110611
0.11418996751308441
-0.03488830476999283
-0.008461348712444305
0.02870282530784607
0.04379360377788544
0.02088877558708191
0.059232890605926514
0.022315993905067444
0.06026240438222885
0.036932773888111115
0.06417358666658401
0.01950807124376297
-0.01462680846452713
0.017338573932647705
0.026712588965892792
0.06352133303880692
-0.00293886661529541
0.06584715098142624
0.05771084502339363
0.09112102538347244
0.05125676840543747
0.06810259819030762
0.020951900631189346
0.0536668635904789
0.0766429677605629
0.08551448583602905
0.09454477578401566
0.036404307931661606
0.04780665040016174
-0.028361987322568893
0.01999492198228836
0.009706079959869385
0.0291285403072834
0.019626803696155548
0.03838097304105759
0.04177665710449219
-0.038457706570625305
0.046936944127082825
0.049867138266563416
0.06691845506429672
0.03350846841931343
0.04166144132614136
0.017837006598711014
0.09302076697349548
0.07803332805633545
0.06126514822244644
0.10321852564811707
0.08637409657239914
0.09205831587314606
0.002319343388080597
0.06761854141950607
0.11553805321455002
0.056176409125328064
0.03251609578728676
0.027993060648441315
0.033871013671159744
0.03819212317466736
0.011411599814891815
0.07678023725748062
-0.033578187227249146
0.03828674927353859
-0.0015243664383888245
0.06203007325530052
0.03763522952795029
-0.006366737186908722
0.0930883139371872
0.055911269038915634
0.039968714118003845
0.061949487775564194
0.04707418754696846
0.07885536551475525
0.03129931166768074
0.08420084416866302
0.12372075021266937
-0.005496226251125336
0.005225859582424164
0.04571221023797989
0.025593817234039307
0.027266018092632294
-0.016538970172405243
0.06376402825117111
0.04048575460910797
0.03146379813551903
-0.013365209102630615
0.035217367112636566
0.02657231315970421
0.045485906302928925
0.0949174091219902
0.06031110882759094
0.02905319258570671
0.05651797726750374
0.05308406427502632
-0.012288965284824371
0.021905936300754547
0.020186644047498703
0.0546213760972023
0.017803139984607697
0.1000552847981453
0.05915248394012451
-0.024633489549160004
0.022905219346284866
-0.03359677642583847
0.048337824642658234
0.07502096146345139
0.008534841239452362
0.10472717881202698
0.06344658881425858
0.035340987145900726
0.062104955315589905
0.08756476640701294
0.012003187090158463
0.014950208365917206
0.13631343841552734
0.02099861204624176
0.005223609507083893
0.03071027621626854
0.07449586689472198
-0.023180760443210602
0.08749163895845413
0.04710666090250015
0.034657176584005356
0.05866195261478424
0.03747653216123581
0.11926740407943726
0.04355553537607193
0.050082817673683167
0.069471575319767
0.08891177177429199
0.05524466931819916
0.09066685289144516
0.02182808518409729
0.04304559528827667
-0.04331895336508751
0.03028244897723198
0.093405582010746
0.04267306625843048
0.012856807559728622
0.04010265693068504
0.02557186409831047
0.04155581444501877
0.07942796498537064
-0.027366988360881805
-0.0003480389714241028
0.05831720679998398
0.0014262199401855469
0.06479695439338684
0.06728492677211761
0.018987704068422318
0.10698211938142776
0.07117749005556107
-0.004812680184841156
0.06368473172187805
0.06730542331933975
0.033809538930654526
0.026398275047540665
0.02451346442103386
-0.016469843685626984
0.05045513063669205
0.027868445962667465
0.06219785287976265
0.02049817517399788
0.026319120079278946
-0.029794439673423767
0.09768963605165482
0.06905804574489594
0.064110666513443
0.02621535211801529
0.12492965161800385
0.0492590107023716
-0.007416471838951111
0.049026306718587875
0.028178002685308456
0.07499273866415024
0.02091396227478981
-0.01110316812992096
0.04686597362160683
-0.0004717111587524414
0.09449420869350433
0.10198774933815002
0.03262605145573616
0.06956260651350021
0.024359017610549927
0.02390417456626892
0.0809687003493309
0.062027331441640854
0.03124450147151947
0.035588428378105164
0.08561012148857117
0.05816061049699783
-0.001548081636428833
0.06333568692207336
0.0015505626797676086
0.05274204909801483
0.03969113901257515
-0.025695346295833588
0.027980610728263855
0.03323344886302948
0.009233847260475159
0.04111354053020477
0.10959301888942719
0.0715474933385849
0.014686353504657745
0.03919411078095436
0.06513798236846924
0.0812939926981926
0.06836068630218506
0.10274539887905121
0.03490703925490379
0.07244080305099487
0.025409791618585587
0.03800840675830841
0.043206892907619476
0.026816438883543015
-0.09479638189077377
0.03658389672636986
0.03597522899508476
0.022719085216522217
0.012504883110523224
0.0033511072397232056
0.006588902324438095
0.05898106098175049
0.010727684944868088
0.015625718981027603
0.004219725728034973
0.09567239880561829
0.02663697674870491
0.030197087675333023
-0.005193628370761871
0.028696101158857346
0.04945974051952362
0.03766389936208725
0.031951211392879486
0.042481157928705215
0.012820873409509659
0.03382762521505356
0.05252980440855026
0.0012970417737960815
0.04042963683605194
0.04114437848329544
0.06283978372812271
0.019916050136089325
0.0676167830824852
-0.00855255126953125
0.04665449261665344
0.021937791258096695
0.017486024647951126
0.043561697006225586
-0.08357002586126328
0.059526532888412476
0.04135357588529587
0.14504565298557281
0.06767857819795609
0.03653847798705101
0.001910567283630371
0.03325207531452179
0.07910914719104767
-0.011702828109264374
0.04952928423881531
0.014082763344049454
0.018702048808336258
0.019444182515144348
0.02525962144136429
0.06055236980319023
0.040349364280700684
0.07163594663143158
0.010175544768571854
0.010474912822246552
0.012089822441339493
0.00974024087190628
0.03195752948522568
0.10155067592859268
0.060933202505111694
0.013237066566944122
-0.04773179441690445
-0.0005171671509742737
0.07352598011493683
0.1057392805814743
-0.0012720972299575806
0.03615053370594978
0.0404123030602932
0.04844004288315773
0.03037407621741295
0.06641595810651779
0.06189465895295143
0.09214179962873459
0.06451401859521866
0.016567323356866837
-0.026873212307691574
0.020192306488752365
0.07207680493593216
0.025937840342521667
-0.01978888362646103
0.10441098362207413
0.08361184597015381
0.031106282025575638
0.017290066927671432
0.04242388904094696
-0.03682292252779007
0.03656493127346039
-0.02737632393836975
0.012462206184864044
0.003807283937931061
0.03784259408712387
0.03148625046014786
0.08568915724754333
0.04068424925208092
-0.005670212209224701
-0.009664386510848999
-0.005157850682735443
0.04946591332554817
0.057325299829244614
0.049434736371040344
0.050208188593387604
0.01838843896985054
-0.004082836210727692
0.09555258601903915
0.04520077258348465
0.12396951019763947
0.041373152285814285
0.014324843883514404
0.017263337969779968
0.050453029572963715
0.09949396550655365
-0.007205978035926819
0.029175523668527603
0.05330047756433487
0.008020386099815369
-0.006149552762508392
0.03603159263730049
0.041091352701187134
0.03732669726014137
0.05406131595373154
0.007340934127569199
0.01442686840891838
-0.022189639508724213
0.10462665557861328
0.03832071274518967
-0.007799059152603149
0.006395295262336731
0.06866949796676636
0.015829574316740036
0.06254984438419342
0.03637345880270004
0.05627480894327164
-0.016295969486236572
0.05525951832532883
0.051136843860149384
0.07393182814121246
0.08044000715017319
0.0019508898258209229
0.04480177164077759
0.047297604382038116
0.04130258038640022
0.06748685240745544
0.037862628698349
0.029190566390752792
0.11691305041313171
-0.001186273992061615
0.042848359793424606
-0.012312263250350952
0.005888313055038452
0.07051625102758408
-0.012634485960006714
0.09569507837295532
0.03941816836595535
0.008714742958545685
0.07566210627555847
-0.038913603872060776
0.06251493841409683
-0.02490507811307907
0.042118970304727554
0.018481694161891937
0.0603645034134388
0.014762043952941895
-0.030385881662368774
0.026914890855550766
0.02843349426984787
0.033032409846782684
0.009003035724163055
-0.010783098638057709
0.07637758553028107
0.03261885419487953
-0.01941920816898346
0.10140399634838104
0.06935643404722214
0.05107337608933449
0.021103214472532272
0.08693093061447144
0.006119627505540848
-0.032075196504592896
0.04258792847394943
0.0230502150952816
-0.008812390267848969
0.0829380676150322
0.048536766320466995
0.0411364808678627
0.04073803126811981
0.07807375490665436
0.07413226366043091
0.00994361937046051
0.012418635189533234
0.006804339587688446
0.12515908479690552
0.01363769918680191
0.03152881935238838
0.0432390496134758
0.06740705668926239
0.04233375936746597
0.11260553449392319
0.043690718710422516
0.07885386794805527
0.09385152906179428
-0.009592369198799133
0.07809264957904816
0.06462877988815308
0.0002475231885910034
0.07173904031515121
-0.05274712294340134
0.0026933997869491577
0.01909634843468666
0.026164915412664413
-0.02318844199180603
-0.015374921262264252
0.046393077820539474
0.10923124849796295
0.10461165755987167
0.044751834124326706
-0.014038711786270142
0.06382880359888077
-0.007090389728546143
0.06608104705810547
0.008474938571453094
0.0649230033159256
0.06363622844219208
0.06286638975143433
-0.040109530091285706
-0.04106001555919647
-0.025226354598999023
-0.015600241720676422
-0.01923219859600067
0.06303366273641586
0.01754245162010193
0.05774547904729843
0.01597963646054268
0.0009217262268066406
-0.012900836765766144
0.007480420172214508
-0.010507173836231232
0.01798637956380844
0.01345646008849144
0.0327206514775753
-0.009739696979522705
-0.0010209903120994568
0.02732306346297264
0.043360307812690735
0.06161108985543251
-0.08563629537820816
0.07390095293521881
0.0865122601389885
0.035558510571718216
0.04899707809090614
0.05477466061711311
-0.037194788455963135
0.03722808510065079
-0.022089757025241852
0.014117222279310226
0.040865208953619
0.011948201805353165
0.07929544895887375
0.009586304426193237
0.06759697198867798
0.09562695026397705
0.029654759913682938
0.02173956111073494
0.023963704705238342
-0.03339765965938568
0.047043006867170334
0.06135660037398338
0.059388548135757446
0.05163903534412384
0.0448441281914711
0.10401849448680878
-0.0024450719356536865
-0.02758163958787918
0.07208698242902756
-0.024567030370235443
0.02502617985010147
0.01367388665676117
0.05616730451583862
0.02092873677611351
0.06803636997938156
0.06916844844818115
0.0018683969974517822
0.04995999112725258
0.02389427274465561
0.0572369210422039
0.08166070282459259
-0.029245443642139435
0.049554113298654556
0.09715262800455093
0.08892963826656342
0.052890073508024216
0.06089796870946884
0.055003516376018524
0.04535076394677162
0.036271966993808746
0.03144151344895363
-0.01728774607181549
0.016581185162067413
0.11500085890293121
-0.05794566869735718
-0.04077337682247162
0.06913666427135468
0.048364125192165375
0.027170725166797638
0.0925854742527008
0.007649354636669159
0.03669603541493416
-0.041709333658218384
0.061699092388153076
0.01658453792333603
0.05283399298787117
0.012474209070205688
0.001404501497745514
0.09205101430416107
0.09422282129526138
-0.015687137842178345
0.05501503497362137
0.026127811521291733
0.13575738668441772
0.010114006698131561
0.020259719341993332
0.0282006673514843
0.043043822050094604
0.017966382205486298
-0.0037372559309005737
0.06570500135421753
0.008202124387025833
0.02852746844291687
0.0311037115752697
0.07807756960391998
-0.030779875814914703
0.018772445619106293
0.04170508310198784
0.07091984152793884
-0.08261159807443619
0.002291858196258545
0.07631421089172363
0.09190674126148224
0.022515684366226196
0.03103703260421753
-0.036112792789936066
-0.0037138015031814575
0.0354316383600235
0.007731813937425613
-0.053242795169353485
0.0374387763440609
-0.02193400263786316
0.030068103224039078
0.03517841175198555
0.04585053771734238
0.05700066313147545
-0.004548415541648865
0.024653039872646332
0.053779326379299164
0.09496384859085083
0.03493222966790199
0.0022857412695884705
-0.05436871200799942
0.1111670732498169
0.030306514352560043
0.02488776296377182
0.07960600405931473
0.034065235406160355
0.02538129687309265
0.009437985718250275
0.044476959854364395
0.039375562220811844
0.00019399821758270264
0.025802720338106155
0.02661546692252159
0.08844758570194244
0.0042338185012340546
0.011251762509346008
0.08522118628025055
0.005721375346183777
-0.0041261762380599976
0.014722373336553574
0.12408410012722015
0.006144903600215912
0.03359094634652138
0.0024959594011306763
-0.02409040927886963
0.059120383113622665
-0.02525056153535843
0.07723373174667358
0.030931010842323303
0.04718486964702606
0.12444743514060974
-0.010823145508766174
0.039127230644226074
-0.010243751108646393
0.009118862450122833
0.0037843212485313416
-0.0970780998468399
0.01761181652545929
0.05871888995170593
-0.013231180608272552
0.08800745010375977
-0.02034493163228035
0.03653072565793991
-0.014293089509010315
0.018199671059846878
0.08334121108055115
0.0672629326581955
0.04538971185684204
-0.001628182828426361
-0.03342144191265106
0.050918493419885635
0.009785939007997513
0.046339698135852814
-0.046540163457393646
0.07692413777112961
0.007363904267549515
0.12033909559249878
-0.028369903564453125
0.036272745579481125
0.037961266934871674
0.016905825585126877
0.026138905435800552
0.06885550916194916
0.02883479744195938
-0.011216968297958374
-0.01622389256954193
0.08279084414243698
-0.014708198606967926
0.07472865283489227
0.017284438014030457
0.05367746949195862
0.034835778176784515
0.006875045597553253
0.06887388229370117
0.04288497567176819
0.07233766466379166
-0.03817959129810333
0.02482205256819725
0.06421399861574173
0.003792084753513336
-0.005416847765445709
