0.13132239878177643
0.12701262533664703
0.12988083064556122
0.13127626478672028
0.14222674071788788
0.12598489224910736
0.1280137598514557
0.1280336230993271
0.1295374184846878
0.1286904662847519
0.1259499341249466
0.12970703840255737
0.1275073140859604
0.12528976798057556
0.12569643557071686
0.12724661827087402
0.12660914659500122
0.12695908546447754
0.1241493672132492
0.1254834085702896
0.1242467612028122
0.12419489026069641
0.12238374352455139
0.12369385361671448
0.12250854074954987
0.12265059351921082
0.12379434704780579
0.11851683259010315
0.12080149352550507
0.12049733102321625
0.12083986401557922
0.11786046624183655
0.11555434763431549
0.114739790558815
0.11846382915973663
0.11661511659622192
0.11266368627548218
0.1110396534204483
0.1082172840833664
0.10891513526439667
0.10777544975280762
0.11058996617794037
0.11015349626541138
0.1020621508359909
0.10047776997089386
0.10270856320858002
0.09785953164100647
0.0924733430147171
0.09614022076129913
0.0843481570482254
0.08629119396209717
0.07741230726242065
0.07654993236064911
0.05873480811715126
0.06576865911483765
0.04879419133067131
0.02768116071820259
0.041709691286087036
0.017345324158668518
0.01998557522892952
0.015091333538293839
0.010652799159288406
-0.008482057601213455
-0.003255445510149002
-0.01294601708650589
-0.029772568494081497
-0.028552373871207237
-0.03408382460474968
-0.03463266044855118
-0.038622431457042694
-0.038128942251205444
-0.03199261799454689
-0.034304432570934296
-0.03462190926074982
-0.033634308725595474
-0.001681378111243248
-0.02813296765089035
-0.02240835130214691
-0.006765758618712425
-0.010432736948132515
-0.017568597570061684
-0.010894699953496456
-0.01866905204951763
-0.023261455819010735
-0.025133218616247177
-0.00588390463963151
-0.031727880239486694
0.0007127886638045311
-0.0235552117228508
-0.03357500210404396
-0.006915930658578873
-0.01734016276896
-0.024994982406497
-0.02484898269176483
-0.03818812966346741
-0.031084073707461357
-0.03716965764760971
-0.026619698852300644
-0.03998085483908653
-0.044681597501039505
-0.03215143457055092
-0.04100764915347099
-0.02748131938278675
-0.04489274322986603
-0.039612121880054474
-0.03217963129281998
-0.04187401011586189
-0.04167281091213226
-0.03750669211149216
-0.03675517812371254
-0.03739301860332489
-0.018264327198266983
-0.04314802587032318
-0.040921516716480255
-0.034015681594610214
-0.04817384481430054
-0.0432206466794014
-0.036803051829338074
-0.04147600382566452
-0.039032530039548874
-0.044390782713890076
-0.03880617767572403
-0.039643295109272
-0.03761992231011391
-0.04215395450592041
-0.04089878499507904
-0.031193317845463753
-0.02842540480196476
-0.03824685886502266
-0.03413217514753342
-0.036851927638053894
-0.03192078322172165
-0.03126930072903633
-0.033639270812273026
-0.024955879896879196
-0.025802817195653915
-0.038389042019844055
-0.03733643889427185
-0.04084055498242378
-0.03420373052358627
-0.027801277115941048
-0.0355646088719368
-0.0340198315680027
-0.03232341632246971
-0.04197216033935547
-0.017093831673264503
-0.03688488528132439
-0.01440715417265892
-0.032423704862594604
-0.037695884704589844
-0.034513961523771286
-0.03698446601629257
-0.03232274949550629
-0.026764782145619392
-0.027660774067044258
-0.03134116530418396
-0.03159681707620621
-0.031485773622989655
-0.036426644772291183
-0.024401070550084114
-0.0371147021651268
-0.021428938955068588
-0.0242883563041687
-0.0343693271279335
-0.03379504755139351
-0.024710793048143387
-0.03558384254574776
-0.04115989804267883
-0.0336492583155632
-0.03868067264556885
-0.029089003801345825
-0.03173135966062546
-0.03734393045306206
-0.03539915010333061
-0.02380460314452648
-0.02204049751162529
-0.03870409354567528
-0.03651336207985878
-0.0321492999792099
-0.031150201335549355
-0.02727702260017395
-0.0353059247136116
-0.025911277160048485
-0.019496100023388863
-0.03177253529429436
-0.03571486473083496
-0.03584616631269455
-0.039762724190950394
-0.04147588089108467
-0.03197552263736725
-0.04160523787140846
-0.03274790942668915
-0.04249017685651779
-0.028646990656852722
-0.03847631439566612
-0.03304857015609741
-0.03731358423829079
-0.03640329837799072
-0.035349078476428986
-0.045092422515153885
-0.04447173327207565
-0.03426848351955414
-0.030594948679208755
-0.04343836009502411
-0.04064922779798508
-0.03781459107995033
-0.03520093485713005
-0.03551654517650604
-0.03880331665277481
-0.040533557534217834
-0.040996454656124115
-0.04409413039684296
-0.04296690225601196
-0.024276982992887497
-0.03420364484190941
-0.03990962356328964
-0.04713117331266403
-0.04584001004695892
-0.0221936646848917
-0.043556034564971924
-0.037323568016290665
-0.04052393138408661
-0.045593854039907455
-0.041577182710170746
-0.04128705710172653
-0.046434637159109116
-0.0462150014936924
-0.04219762980937958
-0.04184948652982712
-0.04517042264342308
-0.03417671099305153
-0.040791142731904984
-0.04430023580789566
-0.03592526912689209
-0.0458674430847168
-0.04126790538430214
-0.04564974084496498
-0.048340439796447754
-0.040379367768764496
-0.049281712621450424
-0.04348723217844963
-0.04275667294859886
-0.04695262387394905
-0.047809723764657974
-0.037843286991119385
-0.04255886375904083
-0.043111033737659454
-0.05084244906902313
-0.04714763164520264
-0.045328497886657715
-0.044212665408849716
-0.04633782058954239
-0.040335867553949356
-0.04212881997227669
-0.04502972587943077
-0.0396980419754982
-0.044369615614414215
-0.04997311159968376
-0.0471484549343586
-0.035556524991989136
-0.04134821146726608
-0.04832504689693451
-0.04107353836297989
-0.045654308050870895
-0.046928491443395615
-0.043600037693977356
-0.04130708426237106
-0.0460730604827404
-0.03681617230176926
-0.04272269830107689
-0.03765304759144783
-0.04217134043574333
-0.04340554028749466
-0.03832978755235672
-0.03526441380381584
-0.03640025109052658
-0.039384741336107254
-0.04037361219525337
-0.04336778447031975
-0.04107685014605522
-0.03207886219024658
-0.04204609990119934
-0.0406302809715271
-0.034541256725788116
-0.03706110268831253
-0.03933513164520264
-0.04019416868686676
-0.03981544077396393
-0.04025407135486603
-0.03650401160120964
-0.044476866722106934
-0.04361186921596527
-0.0427098274230957
-0.041226815432310104
-0.04104854539036751
-0.02709186263382435
-0.04057047516107559
-0.04307875037193298
-0.038058679550886154
-0.03801761940121651
-0.03531348705291748
-0.044417716562747955
-0.03573634475469589
-0.03849155828356743
-0.039174243807792664
-0.030529700219631195
-0.036342803388834
-0.03280679136514664
-0.03722191974520683
-0.030973264947533607
-0.04640964791178703
-0.039715152233839035
-0.03397617116570473
-0.0266399122774601
-0.03530661389231682
-0.031060168519616127
-0.03466169536113739
-0.043219197541475296
-0.04202397167682648
-0.03396353870630264
-0.041233424097299576
-0.03953411802649498
-0.03695331886410713
-0.03954309597611427
-0.041965533047914505
-0.044836562126874924
-0.030398141592741013
-0.03489097207784653
-0.042360417544841766
-0.03841719776391983
-0.044289201498031616
-0.04206513985991478
-0.04315724968910217
-0.03660224378108978
-0.04033124819397926
-0.0379302017390728
-0.040992021560668945
-0.04259925335645676
-0.047836240381002426
-0.04455690085887909
-0.04552297666668892
-0.038463253527879715
-0.03687075898051262
-0.03550193831324577
-0.04659341275691986
-0.026754967868328094
-0.04625292122364044
-0.0481417290866375
-0.04276474565267563
-0.039821840822696686
-0.04463312029838562
-0.035758379846811295
-0.044473133981227875
-0.03894054517149925
-0.04196598008275032
-0.04269113019108772
0.012236563488841057
-0.03570755571126938
-0.03792145848274231
-0.042325977236032486
-0.03786766529083252
-0.036362022161483765
-0.04248301684856415
-0.04464098811149597
-0.038719866424798965
-0.04109231382608414
-0.040194619446992874
-0.0471576489508152
-0.05199066549539566
-0.04765784367918968
-0.043186116963624954
-0.04375554993748665
-0.0454634353518486
-0.0410655178129673
-0.04267137497663498
-0.046748172491788864
-0.048473890870809555
-0.044209979474544525
-0.04522905498743057
-0.0427807979285717
-0.033308133482933044
-0.04092787206172943
-0.05350513011217117
-0.0469486229121685
-0.043437592685222626
-0.04072703793644905
-0.046247538179159164
-0.03918835148215294
-0.04470222070813179
-0.04714575409889221
-0.04263116791844368
-0.039642296731472015
-0.004942767322063446
-0.042774129658937454
-0.04664630815386772
-0.03958458825945854
-0.03916792571544647
-0.04612993448972702
-0.04623207077383995
-0.04680142179131508
-0.04744437709450722
-0.04499746859073639
-0.035820022225379944
-0.045168232172727585
-0.045939669013023376
-0.04682919383049011
-0.044201672077178955
-0.042575690895318985
-0.04562864452600479
-0.04283822700381279
-0.046971846371889114
-0.04917508736252785
-0.04356277734041214
-0.04135095700621605
-0.050834208726882935
-0.0498858205974102
-0.03992222249507904
-0.05004449561238289
-0.04679281264543533
-0.047296080738306046
-0.03923206776380539
-0.04338367283344269
-0.048877373337745667
-0.04482265189290047
-0.0420515313744545
-0.04498930647969246
-0.04127325490117073
-0.041728563606739044
-0.04372427240014076
-0.036618053913116455
-0.04428038001060486
-0.04103866592049599
-0.04546673223376274
-0.04855291545391083
-0.04082407057285309
-0.04519156739115715
-0.03609749302268028
-0.040934968739748
-0.046471673995256424
-0.042553335428237915
-0.04551099240779877
-0.04881487041711807
-0.04229039326310158
-0.03533569350838661
-0.050061870366334915
-0.050183575600385666
-0.03947702795267105
-0.04880112409591675
-0.039066605269908905
-0.04740314558148384
-0.04427580162882805
-0.04589706286787987
-0.037833187729120255
-0.03653022274374962
-0.040838342159986496
-0.04812167212367058
-0.04146813973784447
-0.042578112334012985
-0.04613984003663063
-0.03282531350851059
-0.04462103918194771
-0.04580756649374962
-0.045295584946870804
-0.04613102972507477
-0.04686034098267555
-0.03852752223610878
-0.04860682040452957
-0.045437853783369064
-0.0443950816988945
-0.039351936429739
-0.04751179367303848
-0.05081392824649811
-0.03453927859663963
-0.047067612409591675
-0.04513496905565262
-0.04667169600725174
-0.043108731508255005
-0.048930250108242035
-0.0472494438290596
-0.045105401426553726
-0.03717916086316109
-0.04145892336964607
-0.038449667394161224
-0.04556948319077492
-0.04242495074868202
-0.041523341089487076
-0.03878335282206535
-0.027640802785754204
-0.040694981813430786
-0.04421278461813927
-0.0439634770154953
-0.0437418594956398
-0.04536420851945877
-0.038803450763225555
-0.0376419760286808
-0.014307737350463867
-0.047282565385103226
-0.042455144226551056
-0.04636692255735397
-0.04609311372041702
-0.04001639038324356
-0.04026934504508972
-0.04743250459432602
-0.045722175389528275
-0.04936734586954117
-0.04369485005736351
-0.04916025698184967
-0.03203915059566498
-0.04303649440407753
-0.046327296644449234
-0.04431207478046417
-0.0437147431075573
-0.04634763300418854
-0.0359111987054348
-0.046406734734773636
-0.04314698651432991
-0.04401329159736633
-0.04599768668413162
-0.045898862183094025
-0.047946996986866
-0.04440898820757866
-0.044076841324567795
-0.0427047424018383
-0.044395722448825836
-0.050863366574048996
-0.04538171738386154
-0.04407797008752823
-0.04937621206045151
-0.04890884459018707
-0.037819452583789825
-0.04687033221125603
-0.04638277739286423
-0.04691910743713379
-0.047658756375312805
-0.042340271174907684
-0.04475868120789528
-0.04787835478782654
-0.04502209648489952
-0.048110317438840866
-0.047427576035261154
-0.04099547863006592
-0.0469341017305851
-0.04597090557217598
-0.04313144087791443
-0.047097887843847275
-0.045759417116642
-0.051126327365636826
-0.04569239914417267
-0.046234045177698135
-0.042511746287345886
-0.04578053951263428
-0.026169415563344955
-0.04855252429842949
-0.04256799817085266
-0.047586072236299515
-0.043095532804727554
-0.04982685670256615
-0.047203049063682556
-0.051660653203725815
-0.04662879556417465
-0.05101418495178223
-0.04917838051915169
-0.05065401270985603
-0.050550274550914764
-0.050456274300813675
-0.05018705502152443
-0.04690055921673775
-0.04868120327591896
-0.04703604802489281
-0.04932427033782005
-0.046273767948150635
-0.04446613788604736
-0.04889995604753494
-0.048877496272325516
-0.05372500419616699
-0.048728909343481064
-0.04723126068711281
-0.05252812057733536
-0.04724062979221344
-0.05275044962763786
-0.05306273698806763
-0.05085550248622894
-0.04804401099681854
-0.05216740071773529
-0.0473557747900486
-0.047288645058870316
-0.05169614776968956
-0.05157057195901871
-0.05128030851483345
-0.053983174264431
-0.05128194019198418
-0.047790490090847015
-0.04865974560379982
-0.051643501967191696
-0.053679514676332474
-0.044780146330595016
-0.05496036633849144
-0.05154673382639885
-0.04983437433838844
-0.048384081572294235
-0.049711886793375015
-0.045004647225141525
-0.05231963098049164
-0.05038975551724434
-0.05136439949274063
-0.05254122614860535
-0.049378566443920135
-0.046938706189394
-0.0535028837621212
-0.04720981419086456
-0.051544468849897385
-0.04505293443799019
-0.045732125639915466
-0.05054280161857605
-0.04864896088838577
-0.046871546655893326
-0.04858694225549698
-0.051321763545274734
-0.04743029177188873
-0.05127918720245361
-0.05043540522456169
-0.0524398498237133
-0.04833543673157692
-0.048780109733343124
-0.046208687126636505
-0.05319851264357567
-0.05028080940246582
-0.049875810742378235
-0.04940405488014221
-0.05120106041431427
-0.05373768508434296
-0.0499751940369606
-0.04983087629079819
-0.04962390661239624
-0.04636179283261299
-0.04747014492750168
-0.04846615716814995
-0.05164779722690582
-0.05304336920380592
-0.0513407364487648
-0.04838438704609871
-0.05100696533918381
-0.04965810850262642
-0.031114373356103897
-0.052109040319919586
-0.051060035824775696
-0.04827000945806503
-0.050419583916664124
-0.05098377540707588
-0.04565472528338432
-0.05421321466565132
-0.05018400400876999
-0.04705877602100372
-0.04776886850595474
-0.04547103866934776
-0.05286407098174095
-0.05324545502662659
-0.04970370605587959
-0.05062249302864075
-0.05110142379999161
-0.04982009530067444
-0.04856570065021515
-0.053061943501234055
-0.052590493112802505
-0.05349409207701683
-0.04760315641760826
-0.04831644520163536
-0.05304192379117012
-0.049875546246767044
-0.050577010959386826
-0.04869978129863739
-0.05066145583987236
-0.026771418750286102
-0.04704882577061653
-0.046260982751846313
-0.04853161796927452
-0.050512075424194336
-0.04803137481212616
-0.04778553545475006
-0.050645649433135986
-0.05338560417294502
-0.05125441402196884
-0.051284901797771454
-0.04733556509017944
-0.04629123583436012
-0.05269305408000946
-0.050227582454681396
-0.051593586802482605
-0.047821804881095886
-0.05244569852948189
-0.04390288516879082
-0.0509057492017746
-0.05500267073512077
-0.04690944030880928
-0.045437972992658615
-0.05393478274345398
-0.04933200776576996
-0.050380125641822815
-0.051618658006191254
-0.04408886283636093
-0.05098796263337135
-0.05141916871070862
-0.04654349386692047
-0.046228017657995224
-0.05228349566459656
-0.05192183703184128
-0.05519219860434532
-0.05283689126372337
-0.050958894193172455
-0.051592130213975906
-0.04634120315313339
-0.05208747461438179
-0.051970548927783966
-0.05361419916152954
-0.05010461062192917
-0.046489786356687546
-0.04884316399693489
-0.049490682780742645
-0.05351126939058304
-0.046294473111629486
-0.04937497898936272
-0.052602846175432205
-0.05458153784275055
-0.05184987559914589
-0.051549654453992844
-0.0515313595533371
-0.05397943779826164
-0.05096058547496796
-0.045570258051157
-0.05143694207072258
-0.044915586709976196
-0.04711475595831871
-0.049208931624889374
-0.05083015188574791
-0.0502810999751091
-0.048923321068286896
-0.04877365007996559
-0.04921618849039078
-0.047953736037015915
-0.050787124782800674
-0.046182528138160706
-0.048972614109516144
-0.05017702654004097
-0.046249013394117355
-0.050778236240148544
-0.05054514482617378
-0.05314859002828598
-0.05125870555639267
-0.05053134635090828
-0.044380925595760345
-0.051424555480480194
-0.04945779964327812
-0.048449255526065826
-0.05372082442045212
-0.051008112728595734
-0.04220236465334892
-0.049732379615306854
-0.04936784505844116
-0.05017377436161041
-0.05029861629009247
-0.05412958189845085
-0.053546857088804245
-0.051038991659879684
-0.05028846859931946
-0.051798902451992035
-0.04866659641265869
-0.04638388007879257
-0.048209793865680695
-0.05220107361674309
-0.05137764289975166
-0.05138521268963814
-0.05212347209453583
-0.04711751267313957
-0.05191206559538841
-0.05350499972701073
-0.05267490819096565
-0.049773190170526505
-0.0523936003446579
-0.05516766756772995
-0.027328789234161377
-0.052664048969745636
-0.05216057598590851
-0.0467095710337162
-0.05355020612478256
-0.05186910554766655
-0.05037451907992363
-0.05608174577355385
-0.04935280606150627
-0.050618719309568405
-0.050408586859703064
-0.05093272402882576
-0.05099468305706978
-0.051693979650735855
-0.051501061767339706
-0.04922148585319519
-0.052018795162439346
-0.05178327113389969
-0.053197890520095825
-0.05155586823821068
-0.04885061830282211
-0.05208969861268997
-0.054101813584566116
-0.027031516656279564
-0.0488697849214077
-0.05235593020915985
-0.05474900081753731
-0.05232884734869003
-0.051626019179821014
-0.051727939397096634
-0.051222071051597595
-0.05308324098587036
-0.05259496346116066
-0.05354885384440422
-0.050278156995773315
-0.05137048661708832
-0.050813015550374985
-0.0530906543135643
-0.053341250866651535
-0.048477236181497574
-0.04399825260043144
-0.04876916855573654
-0.054274845868349075
-0.054761916399002075
-0.052453771233558655
-0.05017276853322983
-0.04798757657408714
-0.05219312012195587
-0.049231767654418945
-0.05170261114835739
-0.05551261082291603
-0.050842974334955215
-0.05249366909265518
-0.05330121889710426
-0.05027502775192261
-0.0517985038459301
-0.05297901853919029
-0.05048997327685356
-0.052971065044403076
-0.04998944327235222
-0.05113615840673447
-0.05215228721499443
-0.05205236375331879
-0.0520922914147377
-0.047219306230545044
-0.05579723045229912
-0.048645664006471634
-0.05592911317944527
-0.04990917444229126
-0.05260523036122322
-0.05135828256607056
-0.04963221773505211
-0.05218658968806267
-0.05044282600283623
-0.05298721790313721
-0.050338100641965866
-0.05224837735295296
-0.05329618230462074
-0.05149625986814499
-0.0495263896882534
-0.05582915619015694
-0.05114850029349327
-0.0514354333281517
-0.05169422924518585
-0.054238658398389816
-0.0510178804397583
-0.04767363518476486
-0.05166168510913849
-0.05234972760081291
-0.053797606378793716
-0.05260877683758736
-0.05139010027050972
-0.05599159747362137
-0.053550831973552704
-0.053366467356681824
-0.054573554545640945
-0.052231814712285995
-0.05303122103214264
-0.05141405388712883
-0.053256094455718994
-0.030460331588983536
-0.054278623312711716
-0.052693940699100494
-0.05434088781476021
-0.05284624174237251
-0.05074052885174751
-0.052962400019168854
-0.04893988370895386
-0.05001235753297806
-0.05197720229625702
-0.05186411365866661
-0.04907631874084473
-0.04895183816552162
-0.05092211440205574
-0.05314914509654045
-0.051547907292842865
-0.05366064980626106
-0.04762338101863861
-0.05225352197885513
-0.048041895031929016
-0.05448497459292412
-0.05355244129896164
-0.053971387445926666
-0.05337005853652954
-0.05272553116083145
-0.05038323253393173
-0.051931727677583694
-0.05274809151887894
-0.05162321776151657
-0.052864767611026764
-0.054216187447309494
-0.05328452214598656
-0.05230593681335449
-0.05117901787161827
-0.04263658821582794
-0.05484037101268768
-0.05422835424542427
-0.05385361239314079
-0.050898268818855286
-0.05076831579208374
-0.055637769401073456
-0.054315462708473206
-0.04976077377796173
-0.05136296898126602
-0.054653946310281754
-0.053500447422266006
-0.051387086510658264
-0.050390616059303284
-0.05460944026708603
-0.051689330488443375
-0.05161372944712639
-0.052286840975284576
-0.04807441681623459
-0.04898178204894066
-0.050695765763521194
-0.047515254467725754
-0.053726498037576675
-0.02945558726787567
-0.048522111028432846
-0.05460770055651665
-0.054176848381757736
-0.04978824779391289
-0.054368048906326294
-0.05227937921881676
-0.05100729316473007
-0.056446634232997894
-0.05272260308265686
-0.04593583941459656
-0.04967523366212845
-0.05208649858832359
-0.05026645585894585
-0.05106624588370323
-0.05259087681770325
-0.05023049935698509
-0.056409530341625214
-0.05088285729289055
-0.04997381195425987
-0.05315900221467018
-0.04956354573369026
-0.051599033176898956
-0.05025620013475418
-0.050299860537052155
-0.053560927510261536
-0.051452599465847015
-0.050967615097761154
-0.052231453359127045
-0.05369148775935173
-0.050191450864076614
-0.04962695389986038
-0.05232446640729904
-0.05069800466299057
-0.049659330397844315
-0.054512135684490204
-0.050261080265045166
-0.05233610421419144
-0.0479857362806797
-0.04710029065608978
-0.053564030677080154
-0.05130068585276604
-0.05375441908836365
-0.05097142606973648
-0.04933490231633186
-0.05029593035578728
-0.04968513548374176
-0.05019200220704079
-0.05112886428833008
-0.05463564395904541
-0.052548013627529144
-0.043867480009794235
-0.05343051254749298
-0.052317649126052856
-0.05064905434846878
-0.05396336317062378
-0.05193065106868744
-0.0513024777173996
-0.05120916664600372
-0.05253894627094269
-0.050336793065071106
-0.049860335886478424
-0.05032886192202568
-0.047342825680971146
