0.1879872977733612
0.2347121238708496
0.16001693904399872
0.22747747600078583
0.14204518496990204
0.17428730428218842
0.1847313642501831
0.16493645310401917
0.16366223990917206
0.2340179681777954
0.19210056960582733
0.1957903355360031
0.17522835731506348
0.17323364317417145
0.1632859855890274
0.17305657267570496
0.139109268784523
0.23336577415466309
0.23423795402050018
0.07874075323343277
0.1468336135149002
0.15636353194713593
0.15965327620506287
0.14862056076526642
0.16576962172985077
0.20136986672878265
0.08350827544927597
0.14276015758514404
0.20578904449939728
0.1345970630645752
0.14656464755535126
0.11074572801589966
0.00276626693084836
0.11534445732831955
0.18392978608608246
0.10786549001932144
0.07580025494098663
0.12446721643209457
0.06526432931423187
-0.08584246784448624
0.025142980739474297
0.036544449627399445
-0.013284781947731972
0.0002754088491201401
0.04830164462327957
0.007380363065749407
-0.07180621474981308
-0.042739905416965485
-0.01770775020122528
-0.20450396835803986
-0.018197180703282356
-0.07261089980602264
-0.05400997772812843
0.013417042791843414
0.09255081415176392
-0.12079494446516037
0.04647516459226608
-0.1669396609067917
0.0048339455388486385
0.034466568380594254
0.02373231202363968
0.25031062960624695
-0.024399973452091217
0.03798055648803711
0.10055854171514511
0.21167898178100586
0.049018651247024536
0.0758696123957634
-0.10101974755525589
0.0815344750881195
0.17628148198127747
0.21541093289852142
0.22661182284355164
0.022239284589886665
0.0380157008767128
-0.0180257186293602
0.01306141261011362
0.03909929841756821
0.03333907201886177
0.12741640210151672
0.0273752398788929
-0.07959804683923721
-0.09252329170703888
-0.0680292397737503
-0.13035432994365692
-0.08409246802330017
-0.1528341919183731
-0.1600915640592575
-0.16272810101509094
-0.09057819098234177
-0.05841764435172081
-0.06952814012765884
-0.05586300790309906
-0.09096116572618484
-0.05664238706231117
-0.07973439246416092
-0.03894725814461708
0.057199813425540924
-0.02027013897895813
0.12103387713432312
-0.06627897918224335
0.0774344801902771
-0.008338716812431812
-0.02819148451089859
0.060501016676425934
0.02716318517923355
-0.02608710154891014
-0.07168228924274445
0.01236752700060606
-0.15085726976394653
0.0033198068849742413
-0.06494523584842682
0.013750128448009491
0.026940451934933662
0.054485298693180084
-0.07150987535715103
-0.16257114708423615
0.009565881453454494
0.00866134837269783
-0.0895075723528862
-0.1847514659166336
-0.04554282873868942
0.08290205150842667
-0.03478784114122391
-0.12300648540258408
-0.1592296063899994
-0.0722595825791359
-0.017246069386601448
-0.1930929273366928
0.09328318387269974
-0.12291529774665833
-0.1448802649974823
-0.21143123507499695
-0.05322479456663132
-0.2407742738723755
-0.0823671966791153
-0.0058487942442297935
-0.06808395683765411
0.023049047216773033
-0.13187575340270996
-0.19130957126617432
-0.0380377322435379
-0.09693361073732376
-0.08735255151987076
-0.07260581105947495
-0.05790181830525398
-0.14037564396858215
-0.13406126201152802
0.05667300894856453
-0.10792848467826843
-0.13209913671016693
-0.08002565056085587
-0.22499479353427887
-0.05327560007572174
0.015854351222515106
-0.0767226591706276
-0.15959382057189941
-0.013319116085767746
0.005203165113925934
-0.140648752450943
-0.11499455571174622
-0.0957491472363472
-0.16886833310127258
0.07221823185682297
-0.07784565538167953
0.058703888207674026
0.005058750510215759
-0.18716908991336823
-0.07233542948961258
-0.12096088379621506
-0.21503973007202148
-0.007110717240720987
-0.10639774054288864
-0.09765652567148209
0.011859877966344357
-0.007893120869994164
-0.1293664127588272
-0.06574869155883789
-0.12619556486606598
-0.003142976202070713
-0.1348223239183426
-0.16409705579280853
-0.07379839569330215
0.0438012070953846
-0.09691309928894043
-0.1060170829296112
-0.0579630509018898
-0.008349085226655006
-0.020281415432691574
-0.16092358529567719
-0.1823066920042038
0.07216277718544006
-0.13798369467258453
0.11233257502317429
0.07295437902212143
0.1357426792383194
-0.19121497869491577
-0.15069499611854553
-0.0316435843706131
-0.055299099534749985
-0.015409785322844982
0.09267273545265198
0.018893495202064514
-0.15402556955814362
0.10283703356981277
-0.03426573425531387
-0.04510706663131714
0.020191315561532974
-0.1493036448955536
0.016073480248451233
-0.16435497999191284
-0.05784636363387108
0.033115141093730927
-0.013131090439856052
-0.15157173573970795
-0.03306746482849121
0.02747461199760437
-0.13913394510746002
-0.0234735906124115
0.0138973044231534
0.022976769134402275
-0.06102629750967026
0.005086139775812626
-0.1504335105419159
-0.06752841919660568
-0.08263716101646423
-0.013491220772266388
-0.06009818613529205
-0.20637616515159607
-0.062402624636888504
-0.12892769277095795
0.09390611201524734
-0.19557715952396393
0.01504199206829071
0.04983122646808624
-0.16888844966888428
-0.12678399682044983
-0.0417134128510952
-0.04108712822198868
0.0014357813633978367
0.005855130963027477
0.05175328627228737
-0.028065158054232597
-0.0398491732776165
0.007377613335847855
0.087661512196064
-0.1266653835773468
-0.03372081741690636
-0.052380770444869995
0.041486795991659164
0.03941859304904938
0.008847113698720932
-0.3164154291152954
-0.047132350504398346
-0.061558693647384644
-0.006253419443964958
-0.1428891271352768
-0.12433160841464996
-0.12200288474559784
-0.02946576476097107
-0.0057474588975310326
-0.13845957815647125
0.027644529938697815
0.00720216752961278
-0.04570222645998001
0.03372460976243019
0.09762528538703918
-0.049723152071237564
-0.17365336418151855
-0.20028580725193024
-0.09312833100557327
-0.0009656520560383797
-0.23209148645401
-0.06402259320020676
-0.09507313370704651
-0.18113034963607788
0.01289463322609663
0.02009620890021324
-0.132034569978714
0.025867264717817307
-0.015891343355178833
0.02690156176686287
-0.02161656878888607
-0.12344987690448761
-0.032127462327480316
-0.09624042361974716
-0.026179980486631393
0.05132608115673065
0.06618528813123703
-0.2025304138660431
0.046858396381139755
0.022528208792209625
0.005384831223636866
0.04840552806854248
0.11768929660320282
0.0054106260649859905
-0.146828293800354
-0.0695844292640686
-0.09776394814252853
-0.013251030817627907
0.03763744607567787
-0.009451990015804768
-0.09020403772592545
-0.119351826608181
-0.18280528485774994
-0.0077011422254145145
-0.04257318377494812
-0.049308765679597855
0.07766158878803253
-0.036703288555145264
0.012302067130804062
-0.05413543060421944
-0.08918477594852448
-0.04307331144809723
-0.19032926857471466
-0.07382684201002121
-0.08187367767095566
0.05405622348189354
-0.017951205372810364
-0.09092038869857788
-0.04119078442454338
-0.14442980289459229
-0.12451239675283432
-0.11514968425035477
-0.014549700543284416
-0.05686420947313309
-0.15061508119106293
-0.04483984038233757
-0.07816667854785919
-0.07134432345628738
-0.0846310406923294
-0.022296471521258354
-0.08255233615636826
0.0006123930215835571
-0.04543830081820488
0.01830355077981949
-0.021850639954209328
0.015722382813692093
0.01915484294295311
-0.031301937997341156
-0.06828217953443527
-0.0003458382561802864
-0.046667661517858505
0.014636728912591934
-0.03844127804040909
-0.11519921571016312
-0.08382931351661682
-0.06897706538438797
0.13331186771392822
-0.15587736666202545
-0.20749513804912567
0.018869010731577873
0.02134198695421219
0.0639333724975586
-0.051235441118478775
-0.10766524076461792
0.056872718036174774
0.01575574092566967
0.058205436915159225
0.016546623781323433
0.028267577290534973
0.07196013629436493
-0.027670470997691154
-0.03287523612380028
-0.01798192597925663
-0.006848909892141819
0.0663023293018341
-0.07918528467416763
-0.02481640689074993
-0.07289737462997437
-0.07921092212200165
-0.03395465016365051
-0.14028002321720123
0.043515585362911224
-0.022856859490275383
-0.04111440107226372
-0.06851974874734879
-0.04866224154829979
-0.011919756419956684
0.024681411683559418
-0.022833965718746185
-0.17111043632030487
-0.09444330632686615
0.03722282499074936
0.02070421166718006
-0.08976332098245621
-0.14362819492816925
-0.08124582469463348
0.026123642921447754
-0.10313071310520172
-0.17797458171844482
-0.076169453561306
-0.05883970111608505
-0.08245167881250381
0.006516637280583382
-0.009965544566512108
0.050174206495285034
-0.012701157480478287
-0.04235955700278282
-0.16380572319030762
-0.06729724258184433
-0.04842902347445488
0.0053675309754908085
0.0018364328425377607
-0.05860289931297302
-0.03005751222372055
-0.08692121505737305
-0.10157398879528046
-0.11277803033590317
-0.0043297321535646915
-0.05719101428985596
0.01242518424987793
0.037541765719652176
0.10119303315877914
0.00818187277764082
-0.08144877851009369
0.011844567954540253
0.021569304168224335
-0.060602471232414246
-0.12687623500823975
-0.006551647093147039
-0.031852297484874725
-0.036540620028972626
-0.1361617147922516
0.005413310136646032
-0.13277050852775574
-0.08751293271780014
0.005587481893599033
-0.20559810101985931
-0.08594411611557007
-0.11931503564119339
-0.009435886517167091
0.026319971308112144
0.09841499477624893
0.0077644698321819305
-0.03553624451160431
0.06609202921390533
0.05019914358854294
0.007047766819596291
-0.08896639198064804
-0.01987306773662567
-0.11544453352689743
-0.03254752978682518
0.0835980772972107
-0.05175250768661499
0.006076712626963854
0.04683825373649597
-0.0751195028424263
-0.06441371887922287
-0.1412186175584793
-0.06733058393001556
-0.0583164319396019
0.004432820715010166
-0.008975351229310036
-0.03914043307304382
-0.01983126625418663
-0.07206621766090393
-0.06308820843696594
-0.08203645050525665
-0.02094150148332119
-0.04585406556725502
-0.08175382763147354
-0.061171118170022964
-0.12459694594144821
-0.11940469592809677
-0.09689540416002274
-0.05362442135810852
-0.053166765719652176
-0.10990811884403229
-0.11440685391426086
-0.023016490042209625
-0.07184458523988724
-0.1828572154045105
-0.05171297490596771
0.01368664763867855
0.03712857514619827
-0.10279370099306107
-0.008081064559519291
0.026956859976053238
0.02866857871413231
-0.10965970903635025
-0.007104604039341211
0.005681830924004316
-0.05788741260766983
-0.14894329011440277
-0.10054318606853485
0.01895289681851864
-0.09386887401342392
-0.039941731840372086
-0.05728519707918167
0.0017918897792696953
0.10369353741407394
-0.11585960537195206
-0.058560147881507874
-0.0015522008761763573
-0.1466069519519806
-0.05769438296556473
-0.05390700697898865
-0.08297792077064514
-0.03002142906188965
-0.1380174458026886
-0.019659267738461494
0.003535387571901083
-0.04616958275437355
0.022211600095033646
-0.09212508797645569
0.05255834013223648
0.02308436669409275
0.0281076580286026
-0.0028146528638899326
0.013234060257673264
-0.06775350123643875
-0.060651857405900955
-0.04034554213285446
-0.09050756692886353
0.03898831456899643
0.006314070429652929
-0.18298134207725525
-0.0301373228430748
-0.016410622745752335
-0.11104493588209152
-0.07583940774202347
-0.13331438601016998
-0.0923733189702034
-0.0519106388092041
0.1250554323196411
-0.1301841139793396
-0.07048311829566956
-0.06656889617443085
-0.015403909608721733
-0.014464001171290874
-0.07276956737041473
-0.08694756031036377
-0.10034507513046265
-0.12898792326450348
-0.05231744423508644
0.00487131392583251
0.012287840247154236
-0.10961586982011795
-0.0855812206864357
-0.1208704262971878
-0.039756130427122116
-0.007860207930207253
0.06721935421228409
-0.0020396937616169453
0.027980029582977295
-0.08826538175344467
-0.07453705370426178
0.05657010152935982
-0.1759081929922104
-0.09904992580413818
-0.017658444121479988
-0.005697065498679876
-0.034359607845544815
-0.07938092947006226
-0.058936912566423416
-0.0710223987698555
0.0031870356760919094
-0.029534662142395973
-0.17458538711071014
-0.17778432369232178
0.04557780176401138
-0.11017196625471115
-0.17090988159179688
-0.022046202793717384
-0.15806110203266144
-0.021062146872282028
0.0174592025578022
-0.07187280803918839
-0.06469178944826126
-0.11550480127334595
-0.05668549984693527
-0.19868959486484528
-0.009882302954792976
-0.06854492425918579
-0.17812922596931458
0.03425459936261177
-0.1793375313282013
-0.05532790720462799
-0.14900963008403778
-0.1370178759098053
-0.01880520023405552
-0.1326007843017578
-0.10637801885604858
0.12393687665462494
-0.061630792915821075
-0.0515720508992672
-0.0323619470000267
-0.09296299517154694
-0.013396672904491425
-0.08470557630062103
0.023272313177585602
-0.07813030481338501
-0.12017305940389633
-0.08888595551252365
0.05150219425559044
0.059031251817941666
-0.03234666958451271
-0.059422556310892105
-0.09897258132696152
0.05966334044933319
-0.12792974710464478
0.07342585176229477
0.021581048145890236
-0.07657255232334137
-0.07146322727203369
-0.1597471535205841
-0.134770005941391
0.06431624293327332
-0.008472874760627747
-0.07668127119541168
0.037742629647254944
-0.037260837852954865
-0.17922478914260864
-0.027325034141540527
-0.0033812965266406536
-0.046106256544589996
-0.07651584595441818
-0.1691650003194809
-0.0770408883690834
-0.057794392108917236
0.03510633856058121
-0.07686747610569
-0.03775147721171379
-0.05482173338532448
-0.010733431205153465
-0.1951354295015335
-0.1529308706521988
-0.0805714800953865
0.039417751133441925
-0.16790053248405457
0.03953547030687332
-0.10594921559095383
-0.056872304528951645
-0.11322371661663055
-0.09425628185272217
-0.22242963314056396
-0.13784600794315338
-0.1109759509563446
-0.015237955376505852
-0.15307274460792542
0.008200954645872116
-0.0012060068547725677
-0.011676914058625698
0.017082354053854942
-0.001078745350241661
-0.15566441416740417
-0.11812431365251541
-0.12369925528764725
-0.1259850263595581
-0.1540493667125702
-0.09786853194236755
-0.02211066707968712
-0.056649647653102875
-0.0370752289891243
0.053134456276893616
0.011357326060533524
-0.17318734526634216
-0.1252029985189438
-0.16922585666179657
-0.05821013078093529
-0.09715645015239716
-0.10039468109607697
-0.12333329766988754
-0.2093736231327057
-0.04240783676505089
-0.06937806308269501
-0.07342418283224106
-0.05333614721894264
-0.002551764715462923
-0.10094387829303741
-0.035277076065540314
-0.09745495021343231
0.03568261116743088
-0.18078476190567017
0.09896697849035263
0.06610271334648132
0.05318385735154152
-0.09356634318828583
0.04529964178800583
-0.19707025587558746
0.00842137262225151
0.017101678997278214
-0.02872520312666893
-0.2611079812049866
-0.06300819665193558
-0.04740485921502113
-0.05236765742301941
-0.01345483772456646
0.004722817800939083
-0.05408681929111481
-0.08605333417654037
-0.05296189337968826
0.008201619610190392
-0.010873937048017979
-0.15600553154945374
-0.021644871681928635
-0.04380576312541962
0.03675474226474762
-0.14688389003276825
-0.11937560141086578
-0.10955434292554855
-0.018145587295293808
0.04909335449337959
0.06725230813026428
-0.1634703427553177
-0.1391983926296234
-0.13193118572235107
-0.06689319014549255
-0.05580994859337807
-0.19260460138320923
-0.009093694388866425
-0.019795896485447884
-0.10209205746650696
-0.0474248044192791
0.03696640208363533
-0.12032531946897507
-0.05022309720516205
-0.0874495655298233
-0.06378638744354248
0.07142706960439682
-0.024912618100643158
0.009184703230857849
-0.0674763172864914
-0.0476924292743206
-0.12027296423912048
-0.09337759017944336
0.01482892595231533
-0.1441490352153778
-0.09301004558801651
-0.06002592667937279
-0.09227877110242844
-0.025312121957540512
0.06863923370838165
-0.044529806822538376
-0.08197052031755447
-0.14553514122962952
-0.022265903651714325
-0.04452149569988251
-0.0718618705868721
-0.16545426845550537
-0.1470581591129303
-0.07277560979127884
-0.19557103514671326
-0.15482211112976074
-0.15127812325954437
-0.054351892322301865
-0.005096226464956999
-0.054321859031915665
-0.22321774065494537
-0.035944417119026184
0.015330357477068901
-0.05393805354833603
-0.1345946490764618
-0.014523699879646301
0.03261030092835426
0.07172639667987823
-0.02396860346198082
-0.022808343172073364
-0.10123668611049652
-0.11831458657979965
-0.1498388946056366
-0.06447486579418182
-0.19331921637058258
-0.08803296834230423
-0.04224223271012306
-0.03066185861825943
0.06702353060245514
-0.00466534961014986
-0.07653627544641495
-0.034453656524419785
-0.09917625784873962
-0.06812278181314468
0.04195982962846756
-0.03607404977083206
-0.18628332018852234
-0.11571866273880005
-0.19845359027385712
-0.10566488653421402
-0.04213424026966095
-0.0005134022794663906
0.0806746855378151
-0.04985813796520233
-0.012382535263895988
-0.16840407252311707
-0.320610374212265
-0.025032885372638702
-0.15118274092674255
-0.044710494577884674
-0.005861178506165743
-0.17774346470832825
-0.09069747477769852
-0.0647975355386734
-0.12561240792274475
0.022968482226133347
-0.1177552118897438
-0.04857485368847847
-0.1279650330543518
-0.2413339614868164
-0.2038663923740387
-0.10235875099897385
-0.04396015778183937
-0.10641183704137802
-0.15344612300395966
0.027472317218780518
-0.11930888146162033
-0.13347741961479187
0.07389649003744125
-0.2317308634519577
0.08258893340826035
-0.04429065063595772
-0.005832705646753311
-0.1922772228717804
0.07332143187522888
-0.0825011283159256
-0.09607219696044922
0.021451134234666824
-0.05994487926363945
-0.08045107871294022
0.07701730728149414
-0.06087642163038254
0.0030010468326509
-0.027838338166475296
-0.13838839530944824
-0.15376169979572296
-0.1806383579969406
-0.17864659428596497
-0.08716575801372528
-0.08487579226493835
-0.12235920131206512
-0.01687087118625641
-0.19938813149929047
-0.23148684203624725
-0.005792173091322184
-0.06753919273614883
0.012115264311432838
-0.09109146893024445
-0.14114263653755188
-0.20484904944896698
0.015207910910248756
-0.03500683978199959
-0.050669796764850616
-0.25236746668815613
-0.14009879529476166
-0.017606178298592567
-0.06150694563984871
-0.05110160633921623
-0.06581071764230728
-0.006454257294535637
-0.02215145155787468
-0.15167522430419922
0.002923595020547509
-0.05802265927195549
-0.0436895489692688
0.0558563731610775
0.004213604144752026
-0.08111424744129181
0.10335550457239151
-0.18602511286735535
0.06335566937923431
0.1675250232219696
-0.08576296269893646
-0.09403042495250702
-0.10886283963918686
0.13532814383506775
-0.1127869114279747
-0.15939317643642426
-0.1844410002231598
-0.14732229709625244
-0.037437185645103455
-0.23833736777305603
0.009484405629336834
-0.009250422939658165
0.031211361289024353
-0.09655039757490158
-0.003897500690072775
-0.09655534476041794
-0.14634586870670319
0.028755614534020424
-0.029633276164531708
-0.011233638040721416
-0.13178293406963348
-0.08275976032018661
0.02026630938053131
-0.19399426877498627
-0.17298093438148499
-0.059536710381507874
-0.09566759318113327
-0.12565304338932037
-0.18070057034492493
-0.1678127646446228
0.00975392758846283
-0.03404192253947258
-0.08462931960821152
-0.13164937496185303
0.08718492090702057
-0.05339621752500534
-0.09221930801868439
-0.0035244906321167946
-0.0993790253996849
-0.09695356339216232
-0.00014654779806733131
-0.021646959707140923
-0.06832556426525116
-0.055226974189281464
-0.06985432654619217
-0.04694138467311859
0.026971597224473953
-0.0510430634021759
-0.06374632567167282
-0.06104243919253349
-0.058827582746744156
-0.11203335970640182
-0.04834538698196411
0.044176410883665085
-0.11358493566513062
-0.08149507641792297
-0.1076957955956459
-0.11744686216115952
-0.060515787452459335
-0.2819691300392151
-0.05360199883580208
-0.08924680203199387
-0.18576085567474365
-0.012127643451094627
-0.10546012967824936
-0.008895652368664742
-0.06657563149929047
-0.09397991746664047
-0.22938282787799835
-0.013130041770637035
-0.04273124411702156
-0.021343998610973358
-0.07046042382717133
-0.10009431838989258
0.021181801334023476
0.006201927550137043
-0.06855868548154831
-0.08727710694074631
-0.048211414366960526
-0.05728143826127052
-0.1050855815410614
-0.22396859526634216
-0.09263550490140915
-0.09106537699699402
-0.055365487933158875
0.05263349413871765
-0.06704016029834747
-0.1928175985813141
-0.04564150050282478
-0.055615946650505066
-0.13459625840187073
-0.19200579822063446
-0.05623997747898102
-0.12396371364593506
-0.20832623541355133
0.04624856263399124
-0.018516460433602333
-0.058204393833875656
-0.14672847092151642
-0.04158288240432739
-0.028385868296027184
-0.11108092218637466
0.01187959685921669
-0.09769636392593384
-0.09623006731271744
-0.09993881732225418
-0.2151799350976944
-0.13192127645015717
-0.11504320055246353
-0.04019269719719887
-0.05934210121631622
-0.1581251174211502
-0.08939797431230545
0.029545314610004425
-0.09018143266439438
-0.10083337873220444
-0.11026947945356369
-0.05194871872663498
-0.1966085433959961
-0.08772432059049606
0.051014602184295654
-0.01922290027141571
-0.20708060264587402
-0.0743059441447258
-0.14509955048561096
-0.11212153732776642
-0.1417999267578125
-0.11209934204816818
-0.07763799279928207
-0.12140583246946335
-0.11381854116916656
-0.02459515817463398
-0.03731702268123627
0.013081257231533527
0.04287662357091904
-0.007205814588814974
-0.1012260690331459
-0.05563449114561081
-0.00787382572889328
