0.1193048357963562
0.11710278689861298
0.11711864918470383
0.11970779299736023
0.12359541654586792
0.1072297990322113
0.11216282844543457
0.11337156593799591
0.11285489797592163
0.11919007450342178
0.10935372114181519
0.11468513309955597
0.11619676649570465
0.10886253416538239
0.11747896671295166
0.11250974982976913
0.11185963451862335
0.12031890451908112
0.11156245321035385
0.1090000718832016
0.11073487997055054
0.11993187665939331
0.11482402682304382
0.11749352514743805
0.11573204398155212
0.11448658257722855
0.11377523094415665
0.10919167101383209
0.11642584204673767
0.11372208595275879
0.11311760544776917
0.11369386315345764
0.1054466962814331
0.11832278966903687
0.11748094856739044
0.12946204841136932
0.11491573601961136
0.10806483775377274
0.10470626503229141
0.10486762970685959
0.10045447945594788
0.10547761619091034
0.11004490405321121
0.11417718231678009
0.10428465157747269
0.10652390122413635
0.09902175515890121
0.09117510169744492
0.11462391167879105
0.10828056186437607
0.10681650787591934
0.10123798251152039
0.07744811475276947
0.10022131353616714
0.1023607850074768
0.08044646680355072
0.08284464478492737
0.0386541523039341
0.05780843645334244
0.06512362509965897
0.03679731488227844
0.0257779099047184
0.013417761772871017
0.004805268719792366
-0.004142125137150288
0.0017403773963451385
-0.008748967200517654
-0.01185245718806982
-0.007651895750313997
0.007993229664862156
0.0009811674244701862
0.008198598399758339
0.015893200412392616
0.013865899294614792
-0.001528604538179934
0.010815266519784927
0.0015960980672389269
0.00372780067846179
-0.015905890613794327
0.018248308449983597
-0.003572051413357258
-0.012665582820773125
0.003011263906955719
0.013863474130630493
0.010386621579527855
-0.0012384187430143356
-0.00011339038610458374
0.002603219822049141
0.046777188777923584
0.03079567663371563
0.038689251989126205
0.014533057808876038
0.025501487776637077
0.03924092277884483
0.026980329304933548
0.02129589021205902
0.06593342125415802
0.05183896794915199
0.05591042339801788
0.04361286759376526
0.05185911804437637
0.07337058335542679
0.05832855403423309
0.039705634117126465
0.07965907454490662
0.08617908507585526
0.08174361288547516
0.047678228467702866
0.01698981039226055
0.0662703737616539
0.06398986279964447
0.03219025209546089
0.05284418165683746
0.07072612643241882
0.05530061945319176
0.05776708573102951
0.05506372079253197
0.0501277893781662
0.06070389226078987
0.06897524744272232
0.0824761912226677
0.05067876726388931
0.06714814901351929
0.0793568342924118
0.027134928852319717
0.06120176240801811
0.07179825007915497
0.02180788852274418
0.06033140793442726
0.05343357473611832
0.04630563408136368
0.04024774208664894
0.047505274415016174
0.05457848682999611
0.054167795926332474
0.05276799574494362
0.0664757639169693
0.050585053861141205
0.049091778695583344
0.027665164321660995
0.056052640080451965
0.0413309782743454
0.026276176795363426
0.055139996111392975
0.05351470410823822
0.042681898921728134
0.01926950179040432
0.031132888048887253
0.04086639732122421
0.031541310250759125
0.03237535431981087
0.042583681643009186
0.03987852483987808
0.028634103015065193
0.03725381940603256
0.03892746567726135
0.042179230600595474
0.028242725878953934
0.03250860795378685
0.03829051926732063
0.03354102373123169
0.031027652323246002
0.032005492597818375
0.04330434650182724
0.023411903530359268
0.03534375876188278
0.020228158682584763
0.03331656754016876
0.02643951028585434
0.024022774770855904
0.0207090862095356
0.034906089305877686
0.02761354297399521
0.019472401589155197
0.025471212342381477
0.023497389629483223
0.016792770475149155
0.0237998329102993
0.014136693440377712
0.02570177987217903
0.02789888344705105
0.022547144442796707
0.02803630568087101
0.01784345880150795
0.02366482838988304
0.019085191190242767
0.024726463481783867
0.03009221889078617
0.01508420705795288
0.016374893486499786
0.01493646577000618
0.020040564239025116
0.01951930671930313
0.01842760667204857
0.00897444598376751
0.004521268419921398
0.010075053200125694
0.00999518670141697
-0.0028121131472289562
0.009838846512138844
0.009551577270030975
0.01146641094237566
0.005587534047663212
0.005128796678036451
-0.006274398881942034
0.017814181745052338
-0.011631758883595467
0.01212477870285511
0.011862238869071007
0.007834547199308872
0.006019412539899349
-0.002320131054148078
0.025332514196634293
0.0013967312406748533
-0.010472225956618786
-0.004282992798835039
-0.01261991634964943
-0.00430773152038455
-0.0020232528913766146
-0.010892124846577644
0.006751953158527613
-0.010786568745970726
0.011410020291805267
-0.00639947596937418
-0.008083260618150234
0.0021055578254163265
0.011105519719421864
0.015339337289333344
0.0029691497329622507
-0.010581876151263714
-0.0025909370742738247
0.002678879303857684
0.0013142670504748821
0.004387851804494858
6.619165651500225e-05
0.004141895100474358
-0.0010449877008795738
-8.800509385764599e-05
-0.006577512249350548
-0.011144811287522316
-0.00197501084767282
0.007036558352410793
-0.009732606820762157
0.005294332280755043
-0.007474522106349468
0.01966070383787155
0.004496618174016476
0.0060721151530742645
0.02018732763826847
0.007073539309203625
0.004749753046780825
0.006195873022079468
-0.0037557948380708694
0.02060762234032154
0.011724699288606644
0.008257285691797733
0.011572301387786865
0.019988209009170532
0.009787916205823421
0.016946440562605858
0.0009490400552749634
0.004769444931298494
0.021819163113832474
0.018527869135141373
0.014419585466384888
0.011541961692273617
0.02073625661432743
0.013037147000432014
0.015830330550670624
0.00656135892495513
0.0037892027758061886
0.0032886769622564316
0.021124565973877907
0.011438049376010895
0.014391247183084488
0.018205061554908752
0.011676201596856117
0.0071167731657624245
0.015926245599985123
0.01977521926164627
0.009665907360613346
0.019263435155153275
0.018581988289952278
0.01782122068107128
0.014250630512833595
0.011502448469400406
0.018166223540902138
0.02441728115081787
0.008046172559261322
0.014076093211770058
0.010842528194189072
0.014123493805527687
0.024035852402448654
0.009338303469121456
0.021634751930832863
0.025958895683288574
0.010128485038876534
0.0009951172396540642
0.02169254794716835
0.011605672538280487
0.018983954563736916
0.021758614107966423
0.0006750919856131077
0.020557869225740433
0.0032979354728013277
0.018426530063152313
0.010821818374097347
0.01406743936240673
0.019469013437628746
0.026721207424998283
0.014357035979628563
0.02146109938621521
0.010917524807155132
0.004612002521753311
0.01336492970585823
0.01810423471033573
0.007432593032717705
0.02558254636824131
0.019504571333527565
0.02023717388510704
0.012282934039831161
0.013623004779219627
0.019835416227579117
0.011020682752132416
0.007406389340758324
0.01748748868703842
0.009955329820513725
0.003908661659806967
0.019421551376581192
0.025869887322187424
0.012984171509742737
0.016659222543239594
0.014927911572158337
0.008281929418444633
0.025510475039482117
0.01157023012638092
0.012993758544325829
0.013743843883275986
0.018353167921304703
0.006449062377214432
0.02447245456278324
0.021095087751746178
0.011578971520066261
0.012073593214154243
0.00638091005384922
0.0014892788603901863
0.01365444902330637
0.00039906532038003206
0.012408049777150154
0.01287667267024517
0.016472721472382545
0.0054179285652935505
0.010198048315942287
0.01832040213048458
0.013811687938869
0.014673132449388504
0.01653366908431053
0.015385933220386505
0.006365898065268993
0.022278588265180588
0.014718860387802124
-0.0019574968609958887
0.005160345695912838
-0.001346087665297091
0.009395521134138107
0.012927113100886345
0.0076616546139121056
0.008915163576602936
0.00300048990175128
0.006452933419495821
0.005816197022795677
0.0049696131609380245
-0.0005599533906206489
0.006630057469010353
-0.0002732465509325266
0.0017387811094522476
0.006200864911079407
-0.0012295548804104328
0.004109243396669626
0.005923227872699499
0.008191393688321114
0.001101343659684062
0.012124650180339813
-0.0004638225072994828
0.0067499601282179356
-0.005650353152304888
0.0007026162929832935
-0.00528425257652998
-0.005949612706899643
0.0007949558203108609
2.319691702723503e-06
6.336113438010216e-05
-0.012432183139026165
-0.0008129370398819447
0.003917795605957508
0.003573143621906638
0.009469601325690746
-0.010015017352998257
0.006920456886291504
0.010457850992679596
0.0023243653122335672
0.006725900340825319
-0.011040282435715199
0.0040922886691987514
0.0024293274618685246
-0.006613206584006548
0.009347205050289631
0.002679313998669386
-0.003967262804508209
-0.008824709802865982
0.008903348818421364
-0.0010359697043895721
-0.013140694238245487
-0.003703617723658681
0.0032661964651197195
0.0028303887229412794
0.0017389169661328197
-0.005556573625653982
-0.005543787032365799
0.007197786122560501
-0.0007688065525144339
-0.008830267935991287
-0.0069220890291035175
0.003291012719273567
0.018912311643362045
-0.005292568355798721
-0.0076042055152356625
-0.006712058093398809
-0.0022060885094106197
-0.0016133578028529882
8.784933015704155e-06
0.002892957301810384
-0.008633719757199287
-0.0016401216853410006
-0.004922376945614815
-0.0006380249978974462
0.004829891957342625
0.006861566565930843
-0.006202146410942078
-0.0056092869490385056
0.015273293480277061
-0.004911493510007858
-0.009874748066067696
-0.0029669348150491714
-0.007313222624361515
-0.0028491474222391844
-0.0130052100867033
-0.002260905923321843
-0.0050008902326226234
-0.003802213817834854
0.0006862592417746782
0.007378952112048864
-0.0066286977380514145
-0.0033720696810632944
-0.003662010421976447
-0.00375975389033556
-0.01795542985200882
-0.006281272973865271
0.0028540384955704212
-0.00725276954472065
-0.005893288180232048
-0.005159877706319094
-0.00936875306069851
-0.014967759139835835
-0.007611133623868227
-0.004811273422092199
0.0008697376470081508
0.006230744067579508
-0.016028612852096558
0.004777058493345976
-0.0005919526447542012
-0.00966960284858942
-0.020583095028996468
-0.009957882575690746
-0.013291947543621063
-0.005553574301302433
-0.005824338644742966
-0.013581139966845512
-0.0007821574690751731
0.007174710743129253
-0.007797675672918558
-0.001290161395445466
-0.007737309206277132
-0.002967322710901499
-0.0057433475740253925
-0.015806512907147408
0.0012563421623781323
-0.00420416472479701
-0.007104610092937946
0.0016963356174528599
0.011379238218069077
0.0028863176703453064
-0.005136958323419094
-0.008926918730139732
-0.009170803241431713
-0.0179600827395916
0.003085795324295759
-0.00883062370121479
0.007932502776384354
0.015121152624487877
0.0009907153435051441
0.01620231382548809
0.0006787099409848452
-6.456670234911144e-05
-0.0032655310351401567
-0.0027890431229025126
-0.005508800968527794
-0.007504740729928017
-0.003096537897363305
-0.001626242301426828
-0.012954781763255596
0.0018099250737577677
-0.0049478476867079735
-0.011858560144901276
-0.009667832404375076
-0.007476225960999727
0.003031335072591901
0.004316320177167654
-0.004018732346594334
-0.0005255741416476667
0.0012064124457538128
-0.011885412037372589
-3.037205897271633e-05
-0.008706619963049889
-0.007471536286175251
-0.008822103962302208
0.008550064638257027
-0.00815771147608757
-0.0015283599495887756
-0.012891894206404686
-0.010684411972761154
0.0011581066064536572
-0.0031411973759531975
-0.014884954318404198
0.00073855253867805
0.002470420440658927
-0.005690823774784803
0.0053999898955225945
-4.520523361861706e-05
-0.00790504738688469
0.004789381287992001
-0.013607456348836422
-0.016130534932017326
-0.003768246853724122
-0.008200297132134438
-0.008114869706332684
-0.008903010748326778
-0.00930641870945692
-0.009808117523789406
-0.01469337847083807
0.0018612288404256105
-0.00024890387430787086
-0.002938683144748211
0.0011114724911749363
-3.2693613320589066e-05
-0.003506947308778763
-0.019295083358883858
-0.009369534440338612
0.006696880795061588
-0.005793195217847824
-0.006961052305996418
-0.007703164592385292
-0.010143421590328217
-0.016345350071787834
-0.007048356346786022
0.004753939341753721
-0.0018752311589196324
0.006965305656194687
-0.006064802408218384
-0.012326856143772602
0.0014427491696551442
0.00819937139749527
-0.0009446186013519764
0.013994233682751656
0.0018480769358575344
-0.006656874902546406
-0.018587125465273857
-0.014475898817181587
-0.007020008284598589
-0.0017161066643893719
-0.007652820087969303
-0.011897420510649681
-0.01881597936153412
-0.02095051109790802
-0.001904729986563325
-0.01029499527066946
-0.00798549223691225
-0.007164666894823313
0.002602599561214447
-0.002931957133114338
-0.01318242959678173
-0.0016046990640461445
-0.0003994731232523918
-0.006506052333861589
-0.017458070069551468
-0.022907627746462822
-0.011577745899558067
0.004030026029795408
-0.0071333022788167
-0.00812444370239973
-0.010201028548181057
-0.0034895134158432484
-0.018896549940109253
-0.008992886170744896
-0.014971978031098843
-0.009946268983185291
-0.001061436254531145
-0.007394786924123764
-0.018944542855024338
-0.001379944384098053
-0.014506656676530838
-0.004830555524677038
-0.007487615570425987
-0.014496970921754837
-0.02479020319879055
-0.013605369254946709
-0.0043701427057385445
-0.009210948832333088
-0.005937473848462105
-0.011751953512430191
0.007911717519164085
0.006095143035054207
0.0023253289982676506
-0.005648983642458916
-0.013694397173821926
0.0110419150441885
-0.008430711925029755
-0.012395191006362438
-0.015659544616937637
-0.019067568704485893
-0.020516011863946915
-7.554423063993454e-06
-0.008083275519311428
-0.005721704103052616
-0.020586218684911728
0.01556837186217308
0.005005931481719017
-0.014820798300206661
-0.009012999944388866
0.008559157140552998
-0.012256771326065063
-0.02083369717001915
0.0009445932228118181
-0.007391094230115414
-0.018331222236156464
-0.009917642921209335
-0.023259233683347702
-0.009049726650118828
-0.011635864153504372
-0.01605035923421383
-0.024589629843831062
-0.0004206141456961632
-0.019374318420886993
-0.013051845133304596
-0.019479617476463318
-0.02024100348353386
-0.000506681390106678
-0.008024796843528748
-0.008906200528144836
-0.010938795283436775
-0.0009093764238059521
-0.012864378280937672
-0.01922861859202385
0.0172200296074152
-0.004726000130176544
-0.01233300007879734
0.002024842891842127
-0.011266930028796196
-0.020638063549995422
-0.0072587402537465096
-0.004364898428320885
-0.026820773258805275
-0.01414521411061287
-0.017898082733154297
-0.00810469500720501
-0.01812184974551201
0.002312255324795842
-0.018497860059142113
-0.007176148239523172
-0.013632882386446
-0.020419124513864517
-0.023942511528730392
-0.024598341435194016
-0.02457384206354618
-0.017774412408471107
-0.000647321343421936
-0.008709722198545933
-0.013614771887660027
-0.014828065410256386
-0.021930119022727013
-0.027452809736132622
-0.009280439466238022
-0.02458832785487175
-0.018399398773908615
-0.018421178683638573
0.0034634163603186607
-0.01619100570678711
-0.016309276223182678
-0.031760137528181076
-0.01606750302016735
0.006222862750291824
-0.022628601640462875
-0.017160974442958832
-0.009248895570635796
-0.01020568236708641
-0.004568084143102169
-0.014020537957549095
-0.010240618139505386
-0.014353998936712742
-0.0044774459674954414
-0.0064437976107001305
0.001073123887181282
-0.003640964860096574
-0.019580628722906113
-0.026371803134679794
-0.016549846157431602
-0.00943052489310503
-0.005800250917673111
0.005931676831096411
-0.012454826384782791
-0.019948437809944153
-0.02584220841526985
0.0014187609776854515
-0.03082909807562828
-0.018053412437438965
-0.027525147423148155
-0.018112054094672203
0.008700011298060417
-0.013751765713095665
-0.015258505940437317
-0.0034112725406885147
-0.007759581319987774
-0.004064496606588364
-0.00793310534209013
-0.02652881108224392
-0.0220415610820055
-0.01193900778889656
-0.016412492841482162
0.007679674308747053
0.013720769435167313
-0.018709983676671982
-0.014343568123877048
-0.01603063941001892
-0.031016593798995018
-0.0239512100815773
-0.02934197150170803
-0.008310353383421898
-0.02048633247613907
-0.013619806617498398
-0.02184903994202614
-0.02611103653907776
-0.010092667303979397
0.00601069675758481
-0.01246400736272335
-0.017374565824866295
-0.00012862775474786758
-0.02238277904689312
-0.02137794718146324
-0.03569193556904793
-0.010426494292914867
-0.018573565408587456
-0.025620099157094955
-0.01881985366344452
-0.006449965760111809
-0.020276561379432678
-0.016973430290818214
-0.031367357820272446
-0.02665538527071476
-0.01724499836564064
-0.016143374145030975
-0.009710106067359447
-0.009070068597793579
-0.021119732409715652
-0.032007236033678055
-0.022246576845645905
-0.016556663438677788
-0.02144853211939335
-0.012864256277680397
-0.008872732520103455
-0.0359668955206871
-0.011587588116526604
-0.01915494166314602
-0.005231827963143587
-0.016952216625213623
-0.017024030908942223
-0.015692396089434624
-0.022703710943460464
-0.005469952244311571
-0.013676956295967102
-0.02263684570789337
-0.0274849571287632
-0.005107153672724962
-0.01716715842485428
-0.023639831691980362
-0.02681705728173256
-0.015007463283836842
-0.0015531042590737343
-0.02641884982585907
-0.02611580491065979
-0.020845795050263405
-0.036501236259937286
-0.01332070305943489
-0.020274804905056953
-0.017051171511411667
-0.014057129621505737
-0.017622224986553192
-0.01804976724088192
-0.01883039064705372
-0.003322876989841461
-0.03024742193520069
-0.0209334809333086
-0.032156605273485184
-0.015441171824932098
-0.014120399951934814
-0.021140212193131447
-0.021111225709319115
-0.00892610289156437
-0.021143298596143723
-0.022634245455265045
-0.01937039941549301
-0.028905002400279045
-0.006808004342019558
-0.022332865744829178
-0.008210542611777782
-0.024150647222995758
-0.033180780708789825
-0.0249525997787714
-0.007184523157775402
-0.01702655851840973
-0.012006061151623726
-0.02626294083893299
-0.0003532394766807556
-0.003471076488494873
-0.007857234217226505
-0.021609574556350708
-0.018053177744150162
-0.02123270556330681
-0.025850627571344376
-0.027783099561929703
-0.029505178332328796
-0.025532212108373642
-0.010925925336778164
-0.02195950597524643
-0.02723761834204197
-0.010562727227807045
-0.01918533816933632
-0.019242331385612488
-0.02525639906525612
-0.03012141026556492
-0.004641233943402767
-0.013696329668164253
-0.023882586508989334
-0.02104724384844303
-0.020587164908647537
-0.013843073509633541
-0.020672010257840157
-0.01573796011507511
-0.010249946266412735
-0.020978014916181564
-0.0059586986899375916
-0.0238950178027153
-0.025188466534018517
-0.026032865047454834
-0.024308279156684875
-0.02716752327978611
-0.023598389700055122
-0.015317953191697598
-0.012997360900044441
-0.012425100430846214
-0.00826621986925602
-0.013017972931265831
-0.026881325989961624
-0.005818083416670561
-0.025797197595238686
-0.023985108360648155
-0.015397176146507263
-0.0228359866887331
-0.018327409401535988
-0.025468695908784866
-0.0358116589486599
-0.018980272114276886
-0.01645064167678356
-0.013305180706083775
-0.02511393092572689
-0.022409988567233086
-0.02776988595724106
-0.02495967224240303
-0.01301833987236023
-0.009366183541715145
-0.007293575443327427
-0.017213985323905945
-0.012179015204310417
-0.022525815293192863
-0.022502629086375237
-0.014720408245921135
-0.019201964139938354
-0.010971417650580406
-0.025245830416679382
-0.027656566351652145
-0.023127248510718346
-0.019097909331321716
-0.015286542475223541
-0.03363644331693649
-0.018437739461660385
-0.019723258912563324
-0.009642809629440308
-0.01719977892935276
-0.018824031576514244
-0.021576499566435814
-0.022712403908371925
-0.011454276740550995
-0.01890152506530285
-0.008881736546754837
-0.0124744214117527
0.0010363510809838772
-0.015126848593354225
-0.02657194435596466
-0.014460342936217785
-0.012729942798614502
-0.017786327749490738
-0.028612984344363213
-0.015137290582060814
-0.02574874833226204
-0.017211290076375008
-0.022603025659918785
-0.023875843733549118
-0.03047013096511364
-0.012390859425067902
-0.02021064981818199
-0.00913977064192295
-0.019040219485759735
-0.017557181417942047
-0.017432240769267082
-0.0059902784414589405
-0.021096844226121902
-0.02063724584877491
-0.0298820361495018
-0.021563906222581863
-0.0276753269135952
-0.016942370682954788
-0.01674550399184227
-0.0071843271143734455
-0.00626574270427227
-0.02818113937973976
-0.0034263483248651028
-0.011934477835893631
-0.008456150069832802
-0.016847295686602592
-0.022491108626127243
-0.021132981404662132
-0.01402019802480936
-0.014791460707783699
-0.017488643527030945
-0.027567414566874504
-0.021662462502717972
-0.015061493031680584
-0.02069178596138954
-0.025975534692406654
-0.015745967626571655
-0.02341218665242195
-0.017373226583003998
-0.00966552086174488
-0.019757237285375595
-0.01657765731215477
-0.01092565432190895
-0.023541245609521866
-0.03038504160940647
-0.018734769895672798
-0.026989426463842392
-0.027263343334197998
-0.01817135512828827
-0.019844988361001015
-0.021625006571412086
-0.023628078401088715
-0.018070144578814507
-0.004249035380780697
-0.013381768018007278
-0.027901707217097282
-0.016012130305171013
-0.02490301989018917
-0.010398484766483307
-0.00814685970544815
-0.005312024615705013
-0.019445475190877914
-0.020797433331608772
-0.0038475238252431154
-0.013287140056490898
-0.016533836722373962
0.003335351822897792
-0.000707017257809639
-0.010958286002278328
-0.02075621671974659
-0.015445303171873093
-0.015332644805312157
-0.0071769230999052525
-0.015727758407592773
-0.005106417927891016
-0.011542142368853092
-0.019485795870423317
0.0003453819081187248
