0.3232150077819824
0.3599109649658203
0.3022105395793915
0.3517875671386719
0.2849096953868866
0.3121531009674072
0.31984129548072815
0.3056068420410156
0.3034129738807678
0.358484148979187
0.32464152574539185
0.329417884349823
0.312860369682312
0.31247633695602417
0.3039962947368622
0.3103119134902954
0.2839500904083252
0.357323557138443
0.3579983711242676
0.2376410961151123
0.29086166620254517
0.30004510283470154
0.2986176311969757
0.2907293438911438
0.30686435103416443
0.3314671218395233
0.2422049641609192
0.2869306802749634
0.335224986076355
0.28232842683792114
0.2884034514427185
0.2585875988006592
0.1809251755475998
0.2647154927253723
0.3188634514808655
0.2586483061313629
0.23380181193351746
0.27160030603408813
0.22389037907123566
0.10824326425790787
0.19169707596302032
0.20673204958438873
0.16084808111190796
0.17688718438148499
0.20642369985580444
0.18070253729820251
0.11256677657365799
0.13861516118049622
0.16029222309589386
0.024195462465286255
0.17358042299747467
0.12256968021392822
0.13093677163124084
0.18413713574409485
0.2319411337375641
0.0807415023446083
0.20686818659305573
0.03648509085178375
0.1857602596282959
0.19670021533966064
0.1642184555530548
0.33557718992233276
0.14107346534729004
0.19947153329849243
0.21903052926063538
0.256907194852829
0.13316240906715393
0.17192113399505615
0.028797291219234467
0.2072531133890152
0.13665540516376495
0.07805707305669785
-0.0032103657722473145
0.042143575847148895
0.08172482252120972
0.16559073328971863
0.03611166775226593
-0.04957277700304985
0.052511170506477356
0.05072174593806267
-0.023219306021928787
-0.03281988203525543
0.04705575853586197
-0.09556102752685547
0.08840203285217285
0.036843761801719666
0.030307084321975708
0.030492685735225677
-0.0792558565735817
0.049416832625865936
-0.0015081316232681274
0.022073693573474884
0.03990723937749863
0.10162188112735748
0.05836126208305359
-0.058416739106178284
0.040377166122198105
0.08615709841251373
0.008968301117420197
0.0767989382147789
0.08897705376148224
0.07131478190422058
0.14813601970672607
0.012708768248558044
0.03736706078052521
0.1137477234005928
0.12165144830942154
0.06248776987195015
0.0431007519364357
0.15182170271873474
0.2318287491798401
0.07463463395833969
0.07934905588626862
0.19681882858276367
0.09005457907915115
0.02700917422771454
0.09405238926410675
0.10341580212116241
0.06545994430780411
0.16350972652435303
0.21171784400939941
0.0790560394525528
0.08931220322847366
0.07547459006309509
0.02684025466442108
0.05890127643942833
-0.08945252746343613
0.07113303989171982
-0.04699628800153732
-0.07511219382286072
-0.02890148013830185
0.13679614663124084
0.0056581050157547
0.04879900813102722
-0.03173341602087021
0.036163002252578735
-0.04875703155994415
-0.018557794392108917
0.10572057217359543
-0.059283651411533356
0.07497413456439972
0.027375072240829468
0.13223837316036224
-0.11328955739736557
0.04746955633163452
-0.04836130887269974
-0.06583503633737564
-0.03364149481058121
0.02529090642929077
0.10464239120483398
0.0760444700717926
0.0331977903842926
0.14296601712703705
0.05738022178411484
0.224645733833313
-0.03604484349489212
0.045236147940158844
-0.026145927608013153
0.02133333683013916
0.07581627368927002
0.10058986395597458
0.171664297580719
0.16944964230060577
-0.0006813332438468933
0.0757407397031784
0.12753739953041077
0.08073992282152176
0.09639774262905121
0.19740016758441925
0.2071358859539032
0.016586415469646454
0.19483843445777893
0.12944529950618744
0.18287259340286255
0.0808916836977005
0.07486604154109955
0.1150742620229721
0.045855700969696045
0.2138923704624176
0.11078879237174988
0.07786238193511963
0.19911858439445496
0.2539266347885132
0.09679339826107025
0.15151938796043396
0.29552894830703735
0.14659453928470612
0.13107797503471375
0.10204053670167923
0.07717502117156982
0.06196531653404236
0.0998416393995285
0.24930794537067413
0.015559107065200806
0.07261750102043152
0.0632367879152298
0.18251082301139832
-0.024982497096061707
0.2933087646961212
0.25275149941444397
0.10623384267091751
0.10827183723449707
-0.010151863098144531
0.054011762142181396
0.1699308156967163
0.07102321088314056
0.16274887323379517
0.08549263328313828
0.1579536646604538
0.12509384751319885
0.2234458029270172
0.2448004186153412
0.010981082916259766
0.14358139038085938
0.22971145808696747
0.047982245683670044
0.03280934691429138
0.1977243274450302
0.08219052851200104
0.16842475533485413
0.2314121425151825
0.1151672750711441
0.06970589607954025
0.1315290331840515
0.1997201144695282
0.04193337261676788
0.053209543228149414
0.13007496297359467
-0.04216401278972626
0.16568848490715027
0.00925801694393158
0.12844672799110413
0.09314726293087006
0.08808557689189911
0.14390188455581665
0.14499780535697937
0.22191308438777924
0.09615399688482285
0.02940833568572998
0.007240518927574158
0.12122298777103424
0.09100446105003357
0.23848190903663635
0.06540029495954514
0.15478378534317017
0.07691378891468048
0.16024623811244965
0.135830357670784
0.18083295226097107
0.20151452720165253
0.11011026799678802
0.2657322585582733
0.07757610082626343
0.056940071284770966
0.18143455684185028
0.11624175310134888
0.1184549555182457
0.15308734774589539
0.05526548624038696
0.12974032759666443
0.16808660328388214
0.08703970164060593
0.10175538063049316
0.17011083662509918
0.15772737562656403
0.09964123368263245
-0.0029158294200897217
0.09349094331264496
0.1085989698767662
0.20343631505966187
0.17045998573303223
0.1482786387205124
0.049371689558029175
0.1889689862728119
0.1787327229976654
0.21277035772800446
0.20777781307697296
0.11554951965808868
0.15377500653266907
0.1278003454208374
0.2222028374671936
0.1625199317932129
0.1944904327392578
0.06799162179231644
0.11031854152679443
0.18336687982082367
0.017182618379592896
0.16124838590621948
0.15081436932086945
0.07621487975120544
0.1883362978696823
0.10795706510543823
0.18245810270309448
0.24104833602905273
0.2086842954158783
0.16075775027275085
0.13839930295944214
-0.002318933606147766
0.03520159423351288
0.18608272075653076
0.1589026004076004
0.24381864070892334
0.15515649318695068
0.15035656094551086
0.1997373402118683
0.1462685912847519
0.12314914166927338
0.21317118406295776
0.19688419997692108
0.09543859213590622
0.17832498252391815
-0.008891075849533081
0.11622335016727448
0.18698282539844513
0.08520685136318207
0.13864624500274658
0.150459885597229
0.265957772731781
0.1309012621641159
0.11221306025981903
0.16087323427200317
0.190116286277771
0.23774245381355286
0.2432052195072174
0.15019699931144714
0.10230089724063873
0.015322551131248474
0.12087893486022949
0.16240015625953674
0.1531583070755005
0.04019699990749359
0.1200428307056427
0.169817715883255
0.14392374455928802
0.2099618762731552
0.2041495144367218
0.16558468341827393
0.18331116437911987
0.14232972264289856
0.20951899886131287
0.14345504343509674
0.1600016951560974
0.1149633601307869
0.029745042324066162
0.20873045921325684
0.10560961812734604
0.14463871717453003
0.18528151512145996
0.13771677017211914
0.0022163987159729004
0.1684950888156891
0.10494422167539597
0.06325070559978485
0.17671072483062744
0.22968396544456482
0.11416345834732056
0.0848710909485817
0.09230393916368484
0.1064753532409668
0.1477736085653305
0.03519792854785919
0.11879187822341919
0.10548516362905502
0.10772494971752167
0.12584874033927917
0.14974933862686157
0.07400548458099365
0.1658630073070526
0.13953378796577454
0.09250494837760925
0.10217370837926865
0.15822941064834595
0.0667654275894165
0.08182380348443985
0.2629337012767792
0.1973128765821457
0.18560725450515747
0.11173202097415924
0.1111389771103859
0.1635255068540573
0.15533319115638733
0.11026473343372345
0.16506867110729218
0.10697032511234283
0.1903112232685089
0.09377019107341766
0.0809493362903595
0.22461366653442383
0.1537252962589264
0.1803632527589798
0.25792989134788513
0.23067553341388702
0.21748238801956177
0.17915578186511993
0.22467567026615143
0.15723514556884766
0.14949020743370056
0.16170325875282288
0.22657671570777893
0.1792270988225937
0.13953861594200134
0.10010318458080292
0.20456582307815552
0.10210680961608887
0.1812964528799057
0.22204339504241943
0.1419493854045868
0.053083643317222595
0.10541032254695892
0.15046194195747375
0.11070123314857483
0.14895345270633698
0.15346547961235046
0.06044362485408783
0.12337887287139893
0.18499484658241272
0.15024468302726746
0.09679359942674637
0.1840723305940628
0.1862783133983612
0.08014240860939026
0.21605056524276733
0.22909916937351227
0.2466023713350296
0.08292106539011002
0.24828515946865082
0.19884908199310303
0.17284907400608063
0.19317497313022614
0.1634407937526703
0.19963416457176208
0.19856977462768555
0.12659218907356262
0.15990981459617615
0.2914692759513855
0.14099429547786713
0.20380429923534393
0.15997736155986786
0.1862097829580307
0.13650333881378174
0.1368529349565506
0.07831805944442749
0.13542653620243073
0.11565028876066208
0.1592501997947693
0.12017520517110825
0.21670639514923096
0.14176027476787567
0.15260252356529236
0.1421566903591156
0.20774385333061218
0.12339078634977341
0.258797824382782
0.09005230665206909
0.19583407044410706
0.106212317943573
0.15683618187904358
0.11956216394901276
0.2231416255235672
0.1354675143957138
0.11904866248369217
0.17993669211864471
0.12993010878562927
0.10054375976324081
0.11932022124528885
0.176619291305542
0.16265128552913666
0.20274382829666138
0.1661163568496704
-0.01058843731880188
0.194621279835701
0.1479860246181488
0.17195230722427368
0.13666391372680664
0.12420527637004852
0.11237557232379913
0.1364412009716034
0.1881803423166275
0.2195117324590683
0.06307564675807953
0.0852411538362503
0.20524649322032928
0.2500588893890381
0.06310676038265228
0.18490895628929138
0.07970341295003891
0.05770532786846161
0.286091148853302
0.20289745926856995
0.12554782629013062
0.15769706666469574
0.03972363471984863
0.18393884599208832
0.11469997465610504
0.12144137918949127
0.1517459750175476
0.19620390236377716
0.13585717976093292
0.1103893518447876
0.2692950367927551
0.12209928780794144
0.127073273062706
0.14474716782569885
0.1521148830652237
0.09200072288513184
0.10177573561668396
0.19553284347057343
0.09736248850822449
0.2630171775817871
0.22049176692962646
0.13205944001674652
0.16025309264659882
0.08538182079792023
0.08483052253723145
0.16643743216991425
0.1662244200706482
0.2319902926683426
0.13982504606246948
0.1741379350423813
0.047939032316207886
0.2096843123435974
0.19280046224594116
0.27340245246887207
0.11138569563627243
0.19086888432502747
0.07783204317092896
0.06925144791603088
0.19548511505126953
0.13713674247264862
0.16522996127605438
0.14931020140647888
0.11766228079795837
0.2053612917661667
0.10669246315956116
0.16803012788295746
0.26906493306159973
0.19592726230621338
0.16663862764835358
0.14017145335674286
0.16377052664756775
0.12480271607637405
0.1959366649389267
0.11623437702655792
0.07401213049888611
0.0913819968700409
0.2251768559217453
0.17773571610450745
0.24839180707931519
0.20443157851696014
0.09126537293195724
0.07311692833900452
0.15623624622821808
0.20532415807247162
0.1123247817158699
0.1632874608039856
0.10096018016338348
0.06446969509124756
0.08315940201282501
0.14038103818893433
0.15447822213172913
0.1843857765197754
0.16319884359836578
0.11621498316526413
0.16585727035999298
0.10432964563369751
0.10239752382040024
0.13849367201328278
0.14479239284992218
0.22080472111701965
0.0770474374294281
0.21592172980308533
0.025543615221977234
0.08845482766628265
0.08236388862133026
0.09259261190891266
0.16813218593597412
0.20792633295059204
0.14156848192214966
0.22418451309204102
0.13756461441516876
0.09817095100879669
0.15691913664340973
0.10120415687561035
0.12784944474697113
0.11910392343997955
0.07421909272670746
0.20781198143959045
0.09644247591495514
0.12266707420349121
0.1653749942779541
0.20937097072601318
0.11280225217342377
0.16262246668338776
0.10248257219791412
0.1467989981174469
0.13462363183498383
0.21255937218666077
0.1607820689678192
0.16060121357440948
0.21985509991645813
0.19819724559783936
0.19142760336399078
0.17676058411598206
0.06608143448829651
0.21931830048561096
0.16791950166225433
0.12208204716444016
0.06880944967269897
0.16140642762184143
0.20611239969730377
0.2511332035064697
0.13702040910720825
0.1754826456308365
0.10683055967092514
0.1804896593093872
0.15578554570674896
0.2137388437986374
0.14839212596416473
-0.003756791353225708
0.017130568623542786
0.2386707067489624
0.14894145727157593
0.17122583091259003
0.07876305282115936
0.1558687537908554
0.14717036485671997
0.10015988349914551
0.09501386433839798
0.1287938803434372
0.09034298360347748
0.14483961462974548
0.16341622173786163
0.16509325802326202
0.16507256031036377
0.10251793265342712
0.10437483340501785
0.09837813675403595
0.11130715906620026
0.06547385454177856
0.09522189944982529
0.26179203391075134
0.11417027562856674
0.11991071701049805
-0.00597931444644928
0.17664961516857147
0.16540029644966125
0.25404468178749084
0.01783508062362671
0.10690020769834518
0.16446024179458618
0.18283596634864807
0.057356253266334534
0.07094326615333557
0.1523323953151703
0.10255715250968933
0.07874579727649689
0.2206229865550995
0.10633265227079391
0.03892645239830017
0.22520077228546143
0.09471265226602554
0.26953983306884766
0.158583402633667
0.08086151629686356
0.12740013003349304
0.17187228798866272
0.13166779279708862
0.0844537615776062
0.08708351105451584
0.2582557201385498
0.09900715947151184
0.18279092013835907
0.24696537852287292
0.11318839341402054
0.1493166983127594
0.14475756883621216
0.1791153848171234
0.12601661682128906
0.1738547831773758
0.05116011202335358
0.09758391976356506
0.1153881624341011
0.16822658479213715
0.04532027244567871
0.21730461716651917
0.10302002727985382
0.15852206945419312
0.13926270604133606
0.05383758246898651
0.13737769424915314
0.16718639433383942
0.1451897770166397
0.21398642659187317
0.141694575548172
0.07093794643878937
0.1578761786222458
0.035366371273994446
0.1654585599899292
0.09597979485988617
0.08667254447937012
0.18591056764125824
0.040377914905548096
0.193816676735878
0.1566498875617981
0.20008499920368195
0.13592872023582458
0.16646569967269897
0.0812305212020874
0.09717734903097153
0.21634092926979065
0.08395662903785706
0.14958840608596802
0.04670196771621704
0.0751449316740036
0.19084487855434418
0.20955917239189148
0.18432703614234924
0.23498356342315674
0.1861945539712906
0.12850268185138702
0.08634930104017258
0.07556764781475067
0.17930398881435394
0.11660889536142349
0.140372633934021
0.13081541657447815
0.15201839804649353
0.18178537487983704
0.2613718509674072
0.16209465265274048
0.12411157041788101
0.07610690593719482
0.15657399594783783
0.15285205841064453
0.0978977233171463
0.10912756621837616
0.08135001361370087
0.20403192937374115
0.11494867503643036
0.19375072419643402
0.13228964805603027
0.07629017531871796
0.020448163151741028
0.13225162029266357
0.15407392382621765
0.04264199733734131
0.20422552525997162
0.07617378234863281
0.1363324373960495
0.16073919832706451
0.09983925521373749
0.07452410459518433
0.16644278168678284
0.09152152389287949
0.07446146011352539
0.223082035779953
0.23829427361488342
0.020711570978164673
0.14035427570343018
0.17440630495548248
0.06178314983844757
0.17151637375354767
0.04874216020107269
0.22195720672607422
0.08781470358371735
0.13365496695041656
0.02299840748310089
0.06912045925855637
0.1158389151096344
0.16423076391220093
0.1584397256374359
0.07525137066841125
0.15687453746795654
0.1434338390827179
0.09958939254283905
0.07323861122131348
0.12389305233955383
0.16252174973487854
0.07627878338098526
0.20087754726409912
0.22026991844177246
0.16036678850650787
0.04222819209098816
0.18732570111751556
0.09193052351474762
0.14592905342578888
0.126238614320755
0.27017804980278015
0.18759824335575104
0.1802741438150406
0.16093352437019348
0.15211449563503265
0.14407941699028015
0.05479472875595093
0.12300090491771698
0.19210125505924225
0.08990519493818283
0.11721998453140259
0.10763789713382721
0.028305023908615112
0.2565210461616516
0.1394166350364685
0.09605707228183746
0.16188207268714905
0.15770675241947174
0.09800034761428833
0.20467591285705566
0.07526490092277527
0.09947748482227325
0.19265678524971008
0.09096088260412216
0.13043926656246185
0.10254896432161331
0.27474451065063477
0.12966282665729523
0.12334445863962173
0.19664345681667328
-0.002131059765815735
0.14204595983028412
0.15758495032787323
0.13633106648921967
0.14378345012664795
0.20611411333084106
0.06962618231773376
0.19735245406627655
0.145638108253479
0.28306224942207336
0.12250376492738724
0.109595887362957
0.1543077826499939
0.16159754991531372
0.10737928003072739
-0.0034334659576416016
0.18109694123268127
0.22779300808906555
0.08343900740146637
0.10607931762933731
0.11780959367752075
0.14166733622550964
0.08711475133895874
0.13978895545005798
0.12275705486536026
0.16463766992092133
0.11375217139720917
0.15226860344409943
0.06818541884422302
0.03601503372192383
0.1147330105304718
0.08771754801273346
0.17380890250205994
0.04772692918777466
0.09413877874612808
0.09755188971757889
0.15024814009666443
0.18059703707695007
0.14205661416053772
0.06358779221773148
0.11049962043762207
0.2001647651195526
0.07013647258281708
0.15069524943828583
0.0933791995048523
0.11822138726711273
0.20814970135688782
0.060119494795799255
0.10951771587133408
0.1664097011089325
0.054806455969810486
0.18899275362491608
0.05126716196537018
0.13973136246204376
0.10651004314422607
0.15351378917694092
0.06682951748371124
0.20932364463806152
0.10314439982175827
0.18809346854686737
0.07694430649280548
0.20730984210968018
0.1590988039970398
0.1645631492137909
0.07241013646125793
0.14186760783195496
0.01671557128429413
0.17561104893684387
0.1818956434726715
0.17142221331596375
0.04759626090526581
0.08589379489421844
0.07576900720596313
0.11770118772983551
0.1676415503025055
0.19567646086215973
0.10514363646507263
0.0576053261756897
0.1812751293182373
0.08975334465503693
0.12412523478269577
0.10890144854784012
0.13311143219470978
0.08081584423780441
0.09874241054058075
0.12578438222408295
0.172296404838562
0.1971084028482437
0.14534951746463776
0.10865702480077744
0.09135901182889938
0.126072496175766
0.12641331553459167
0.1647041141986847
0.11872100830078125
0.10832175612449646
0.18084512650966644
0.06727832555770874
0.17446063458919525
0.12858590483665466
0.1785058081150055
0.18975205719470978
0.13937360048294067
0.16956911981105804
0.12816989421844482
0.09074751287698746
0.0921327993273735
0.05908484756946564
0.15956668555736542
0.1856735795736313
0.10519774258136749
0.1070205569267273
0.010024920105934143
0.09594941139221191
0.0801132470369339
0.17733924090862274
0.14032457768917084
0.21277664601802826
0.0796465128660202
0.09515565633773804
0.13310188055038452
0.2150638997554779
0.15207348763942719
0.2414761632680893
0.07348315417766571
0.1782587766647339
0.2272188365459442
0.23191186785697937
0.07085949182510376
0.10828521847724915
0.04408186674118042
0.2164921760559082
0.15908224880695343
0.2040620744228363
0.12271526455879211
0.16499990224838257
0.1694491058588028
0.04584123194217682
0.14331379532814026
0.13284939527511597
0.13712093234062195
0.17482149600982666
0.21747732162475586
0.08086813241243362
0.14350397884845734
0.11343593895435333
0.256003737449646
0.09355717152357101
0.020018339157104492
0.032857492566108704
0.16429688036441803
-0.04335200786590576
0.04473300278186798
0.15978127717971802
0.11927002668380737
0.1392187774181366
0.19274462759494781
0.03574573993682861
0.07850836217403412
0.15823286771774292
0.08853113651275635
0.13687896728515625
0.11846035718917847
0.08243243396282196
0.06661821901798248
0.1446821242570877
0.1457594633102417
0.13493749499320984
0.1535833477973938
0.07400530576705933
0.1447984129190445
-0.0009833574295043945
0.15611252188682556
0.1852468103170395
0.14461149275302887
0.027206704020500183
0.04360900819301605
0.22392120957374573
0.12327023595571518
0.047885164618492126
0.1565062403678894
0.11846388876438141
0.1785796731710434
