-0.22280143201351166
-0.23207728564739227
-0.2267940640449524
-0.21633826196193695
-0.18645621836185455
-0.23615972697734833
-0.22748172283172607
-0.22663173079490662
-0.22521907091140747
-0.22559897601604462
-0.23425687849521637
-0.22174368798732758
-0.22866152226924896
-0.23558975756168365
-0.2285842001438141
-0.22812522947788239
-0.23431453108787537
-0.22694335877895355
-0.23547586798667908
-0.2350250482559204
-0.23648981750011444
-0.2326173484325409
-0.23758673667907715
-0.23198741674423218
-0.23816165328025818
-0.23598435521125793
-0.23019061982631683
-0.23950478434562683
-0.23635925352573395
-0.23610346019268036
-0.2370952069759369
-0.2420656383037567
-0.23797225952148438
-0.23661674559116364
-0.23489485681056976
-0.23226964473724365
-0.23907752335071564
-0.23725451529026031
-0.23482252657413483
-0.22326943278312683
-0.2392689436674118
-0.23457413911819458
-0.22936853766441345
-0.23316363990306854
-0.23767265677452087
-0.2335365116596222
-0.23809508979320526
-0.2401222288608551
-0.23358860611915588
-0.23037295043468475
-0.22262915968894958
-0.2341991811990738
-0.23337329924106598
-0.221105694770813
-0.23685650527477264
-0.22750762104988098
-0.23822931945323944
-0.23804377019405365
-0.2349509745836258
-0.22598619759082794
-0.22865048050880432
-0.22585366666316986
-0.23263169825077057
-0.21699808537960052
-0.2219642698764801
-0.2006804496049881
-0.23067906498908997
-0.22027049958705902
-0.20571762323379517
-0.23217149078845978
-0.22378967702388763
-0.22372740507125854
-0.21298040449619293
-0.21789857745170593
-0.22583243250846863
-0.20385178923606873
-0.2016715109348297
-0.16896672546863556
-0.19309748709201813
-0.20731352269649506
-0.20581690967082977
-0.21596933901309967
-0.20946753025054932
-0.18122373521327972
-0.19159914553165436
-0.20282603800296783
-0.20676790177822113
-0.1839952915906906
-0.2040955275297165
-0.2061554491519928
-0.19762453436851501
-0.18781277537345886
-0.19511555135250092
-0.20373956859111786
-0.1910243034362793
-0.20477420091629028
-0.18831010162830353
-0.18340618908405304
-0.17197753489017487
-0.18919679522514343
-0.19071710109710693
-0.19318027794361115
-0.16261261701583862
-0.1685316264629364
-0.13053815066814423
-0.15313386917114258
-0.17171427607536316
-0.12747758626937866
-0.1384185552597046
-0.15081842243671417
-0.14725270867347717
-0.11585797369480133
-0.12561552226543427
-0.10742269456386566
-0.12878824770450592
-0.14130575954914093
-0.1710919439792633
-0.16485556960105896
-0.1899212747812271
-0.1601373851299286
-0.18972830474376678
-0.17341211438179016
-0.20318926870822906
-0.1946420818567276
-0.19566643238067627
-0.2071514129638672
-0.20095425844192505
-0.1933329552412033
-0.19774740934371948
-0.19255949556827545
-0.2054692804813385
-0.18198882043361664
-0.2095162719488144
-0.19888265430927277
-0.20832276344299316
-0.2046188861131668
-0.18785308301448822
-0.1805596649646759
-0.20916330814361572
-0.19816270470619202
-0.20465834438800812
-0.1889459192752838
-0.19707369804382324
-0.20757687091827393
-0.1938818097114563
-0.19408054649829865
-0.19666340947151184
-0.20590953528881073
-0.21427501738071442
-0.21515603363513947
-0.2272740751504898
-0.21200202405452728
-0.21024858951568604
-0.18390610814094543
-0.20731858909130096
-0.20760492980480194
-0.20557287335395813
-0.22070270776748657
-0.20488490164279938
-0.2094515711069107
-0.20520852506160736
-0.2301146537065506
-0.21634478867053986
-0.20411671698093414
-0.2132904827594757
-0.20597153902053833
-0.2179618626832962
-0.23075489699840546
-0.2202657014131546
-0.22596101462841034
-0.20501819252967834
-0.22528526186943054
-0.22454340755939484
-0.21962840855121613
-0.22303174436092377
-0.22254115343093872
-0.22221824526786804
-0.2193497121334076
-0.21934016048908234
-0.21613679826259613
-0.22488926351070404
-0.21949774026870728
-0.2206946462392807
-0.2132144570350647
-0.23168817162513733
-0.22323252260684967
-0.21752312779426575
-0.218572199344635
-0.22413809597492218
-0.21565693616867065
-0.22508250176906586
-0.21920894086360931
-0.21661221981048584
-0.22241634130477905
-0.22171086072921753
-0.22324958443641663
-0.22727178037166595
-0.22376543283462524
-0.23135775327682495
-0.22435957193374634
-0.2250511348247528
-0.2260647863149643
-0.21579930186271667
-0.21485917270183563
-0.22127407789230347
-0.2180473655462265
-0.20557548105716705
-0.2236395925283432
-0.22415617108345032
-0.21938331425189972
-0.2285413295030594
-0.20884251594543457
-0.19921860098838806
-0.21527564525604248
-0.22052529454231262
-0.21009138226509094
-0.2198297083377838
-0.22820621728897095
-0.21365702152252197
-0.2129586637020111
-0.22100186347961426
-0.2040710300207138
-0.2111131101846695
-0.2087259441614151
-0.22668959200382233
-0.2007431983947754
-0.2174760103225708
-0.21115773916244507
-0.21706321835517883
-0.22039563953876495
-0.21144284307956696
-0.21183086931705475
-0.21630755066871643
-0.20974254608154297
-0.2117840200662613
-0.22383445501327515
-0.20978772640228271
-0.20877379179000854
-0.19275367259979248
-0.2149643748998642
-0.23226994276046753
-0.21851220726966858
-0.20524048805236816
-0.197450652718544
-0.20819327235221863
-0.22458390891551971
-0.20334570109844208
-0.2106928825378418
-0.20529812574386597
-0.2237054705619812
-0.20874421298503876
-0.22333085536956787
-0.2116817831993103
-0.20076125860214233
-0.19336923956871033
-0.2166314423084259
-0.22107680141925812
-0.214765727519989
-0.21416215598583221
-0.21766646206378937
-0.17338255047798157
-0.2154884934425354
-0.21423932909965515
-0.22217951714992523
-0.20992791652679443
-0.2076079398393631
-0.21067486703395844
-0.2144898623228073
-0.2100619673728943
-0.21852177381515503
-0.22200274467468262
-0.2176167070865631
-0.21364726126194
-0.21590903401374817
-0.22531332075595856
-0.21978759765625
-0.2063872516155243
-0.21529625356197357
-0.22574946284294128
-0.20376738905906677
-0.2055952250957489
-0.22728103399276733
-0.21004393696784973
-0.20780187845230103
-0.21127863228321075
-0.22072714567184448
-0.19904610514640808
-0.21420487761497498
-0.21845972537994385
-0.2166237235069275
-0.22507844865322113
-0.216542586684227
-0.22721680998802185
-0.2183467149734497
-0.21394406259059906
-0.21902956068515778
-0.22916249930858612
-0.21283754706382751
-0.21401295065879822
-0.21844105422496796
-0.2281501442193985
-0.22266145050525665
-0.2317175716161728
-0.2303466945886612
-0.2215956449508667
-0.22152487933635712
-0.22939057648181915
-0.2265639305114746
-0.22618156671524048
-0.22959083318710327
-0.22264815866947174
-0.23279441893100739
-0.23472429811954498
-0.22795356810092926
-0.22491109371185303
-0.23114244639873505
-0.23026922345161438
-0.22896414995193481
-0.23295462131500244
-0.22422072291374207
-0.22752545773983002
-0.2240222990512848
-0.2197556346654892
-0.23438434302806854
-0.23248252272605896
-0.22908227145671844
-0.23710325360298157
-0.2387060821056366
-0.22476232051849365
-0.2262461930513382
-0.23145842552185059
-0.23285092413425446
-0.2290939837694168
-0.22933483123779297
-0.23969724774360657
-0.23886902630329132
-0.22711829841136932
-0.2310713678598404
-0.2341005802154541
-0.22669312357902527
-0.2302120327949524
-0.23224999010562897
-0.2349560707807541
-0.23781676590442657
-0.233893483877182
-0.23613473773002625
-0.24040111899375916
-0.23071692883968353
-0.2370380014181137
-0.23472340404987335
-0.2381858378648758
-0.23350439965724945
-0.22946184873580933
-0.23436252772808075
-0.239646777510643
-0.23006846010684967
-0.22518034279346466
-0.23638972640037537
-0.2295844852924347
-0.22945638000965118
-0.2348426878452301
-0.23216679692268372
-0.23570607602596283
-0.2267087996006012
-0.23961661756038666
-0.23323871195316315
-0.2329460233449936
-0.23319342732429504
-0.24000388383865356
-0.23760640621185303
-0.2348753660917282
-0.23510512709617615
-0.2312362641096115
-0.23480990529060364
-0.23681864142417908
-0.23539333045482635
-0.23493151366710663
-0.23093976080417633
-0.23691217601299286
-0.23806515336036682
-0.23867377638816833
-0.23811817169189453
-0.2323557287454605
-0.23708896338939667
-0.23604804277420044
-0.24177119135856628
-0.23573614656925201
-0.2338307499885559
-0.2404283583164215
-0.2348925620317459
-0.237993061542511
-0.2368670403957367
-0.2353028953075409
-0.23714444041252136
-0.2313399612903595
-0.24038541316986084
-0.23720091581344604
-0.23664523661136627
-0.23592989146709442
-0.23477321863174438
-0.23275507986545563
-0.2376870959997177
-0.23576894402503967
-0.23979806900024414
-0.23409534990787506
-0.2388000637292862
-0.237814262509346
-0.23062707483768463
-0.23141324520111084
-0.23410165309906006
-0.2351081371307373
-0.2335740625858307
-0.23850010335445404
-0.23763662576675415
-0.2357994019985199
-0.2329704761505127
-0.23268863558769226
-0.2361181229352951
-0.23206251859664917
-0.2302703857421875
-0.23808211088180542
-0.23940488696098328
-0.23461507260799408
-0.23627029359340668
-0.2372724562883377
-0.2315218299627304
-0.22628656029701233
-0.22781595587730408
-0.2338380068540573
-0.23385195434093475
-0.23616279661655426
-0.22716780006885529
-0.23349851369857788
-0.2329452484846115
-0.23147299885749817
-0.23374441266059875
-0.22862188518047333
-0.23626266419887543
-0.23782753944396973
-0.23522037267684937
-0.23600195348262787
-0.2301306277513504
-0.2297300547361374
-0.23140902817249298
-0.23421312868595123
-0.230336993932724
-0.2327369749546051
-0.23023056983947754
-0.23615697026252747
-0.23633958399295807
-0.2356516718864441
-0.23629823327064514
-0.23108310997486115
-0.22873513400554657
-0.2302348017692566
-0.22940336167812347
-0.23746195435523987
-0.23693840205669403
-0.23429591953754425
-0.23046660423278809
-0.23644621670246124
-0.23083314299583435
-0.23099564015865326
-0.227764293551445
-0.2306540161371231
-0.2330673635005951
-0.2303641140460968
-0.23358918726444244
-0.22553475201129913
-0.2210334986448288
-0.23619404435157776
-0.22930936515331268
-0.22999230027198792
-0.23057334125041962
-0.23739047348499298
-0.23103320598602295
-0.23466025292873383
-0.2278730273246765
-0.23179732263088226
-0.22879518568515778
-0.22089165449142456
-0.22816303372383118
-0.22909601032733917
-0.22823280096054077
-0.217226043343544
-0.23609675467014313
-0.22910311818122864
-0.2312336415052414
-0.23249831795692444
-0.23119419813156128
-0.22691327333450317
-0.23198215663433075
-0.23219053447246552
-0.23099370300769806
-0.22675542533397675
-0.2315502166748047
-0.23109066486358643
-0.22651949524879456
-0.23360857367515564
-0.23046059906482697
-0.23870494961738586
-0.226609468460083
-0.23283761739730835
-0.22366158664226532
-0.23355375230312347
-0.22571325302124023
-0.22736772894859314
-0.23491588234901428
-0.2323950082063675
-0.23449037969112396
-0.22965681552886963
-0.23199687898159027
-0.22555986046791077
-0.23045647144317627
-0.22602005302906036
-0.23511181771755219
-0.23142816126346588
-0.2254316210746765
-0.23135648667812347
-0.2359226942062378
-0.22665104269981384
-0.2301720380783081
-0.2270452231168747
-0.23121431469917297
-0.22679971158504486
-0.2291155606508255
-0.2321651428937912
-0.22855354845523834
-0.23145608603954315
-0.2306853085756302
-0.22996483743190765
-0.22595296800136566
-0.22747758030891418
-0.23046723008155823
-0.2333785444498062
-0.23558475077152252
-0.23072870075702667
-0.23547525703907013
-0.22308461368083954
-0.2334538698196411
-0.23074965178966522
-0.22252029180526733
-0.22983239591121674
-0.23213991522789001
-0.23110038042068481
-0.22296205163002014
-0.22838784754276276
-0.23682962357997894
-0.23021231591701508
-0.2318493276834488
-0.2386626899242401
-0.229132279753685
-0.23692439496517181
-0.2297259271144867
-0.22744658589363098
-0.23348328471183777
-0.22389118373394012
-0.23051145672798157
-0.23211617767810822
-0.22648994624614716
-0.2319377213716507
-0.22584004700183868
-0.23125584423542023
-0.23217692971229553
-0.23299384117126465
-0.2275795191526413
-0.2301168292760849
-0.23753172159194946
-0.2249162197113037
-0.23459865152835846
-0.23141264915466309
-0.22968733310699463
-0.22995056211948395
-0.2334490865468979
-0.23667801916599274
-0.23546448349952698
-0.23481109738349915
-0.22723005712032318
-0.23071974515914917
-0.23509478569030762
-0.23698806762695312
-0.23587456345558167
-0.2297385185956955
-0.23982401192188263
-0.2333809733390808
-0.23705551028251648
-0.22902394831180573
-0.22809898853302002
-0.22720588743686676
-0.23607012629508972
-0.2319544404745102
-0.23166701197624207
-0.23475229740142822
-0.23810255527496338
-0.23763185739517212
-0.2321656197309494
-0.23572435975074768
-0.22894072532653809
-0.23499847948551178
-0.23343732953071594
-0.23587769269943237
-0.2273218035697937
-0.23407919704914093
-0.22685156762599945
-0.22979500889778137
-0.23096203804016113
-0.23717789351940155
-0.23715049028396606
-0.23565706610679626
-0.23315557837486267
-0.2279898226261139
-0.2329612523317337
-0.23455680906772614
-0.23146457970142365
-0.23371469974517822
-0.2386438399553299
-0.2341456264257431
-0.23511867225170135
-0.22967424988746643
-0.2349657118320465
-0.23191744089126587
-0.2337106466293335
-0.2360934317111969
-0.23189742863178253
-0.23134857416152954
-0.2348383516073227
-0.2324780821800232
-0.23058854043483734
-0.23147331178188324
-0.23357278108596802
-0.22726503014564514
-0.2384263575077057
-0.2310480773448944
-0.23868730664253235
-0.23761729896068573
-0.23223713040351868
-0.23789718747138977
-0.2332233488559723
-0.22610297799110413
-0.23152972757816315
-0.23240698873996735
-0.23393818736076355
-0.22931599617004395
-0.23699696362018585
-0.2346334606409073
-0.22995665669441223
-0.23614373803138733
-0.23326417803764343
-0.2394992560148239
-0.23060192167758942
-0.2361367642879486
-0.2366841435432434
-0.23654229938983917
-0.23386797308921814
-0.23571407794952393
-0.23195001482963562
-0.23452799022197723
-0.23689605295658112
-0.23436108231544495
-0.2305811047554016
-0.23351316154003143
-0.23297002911567688
-0.2313021719455719
-0.23446862399578094
-0.2375056892633438
-0.23786519467830658
-0.23005732893943787
-0.23360037803649902
-0.2316349595785141
-0.23507827520370483
-0.23299652338027954
-0.23072025179862976
-0.2392825484275818
-0.23549292981624603
-0.23797526955604553
-0.23180687427520752
-0.23218059539794922
-0.2321471869945526
-0.23630625009536743
-0.23645204305648804
-0.2342102974653244
-0.23013098537921906
-0.23722682893276215
-0.2349865436553955
-0.23768432438373566
-0.23361912369728088
-0.2349599450826645
-0.23728829622268677
-0.23286138474941254
-0.23761749267578125
-0.23467643558979034
-0.23380348086357117
-0.22934584319591522
-0.2339901179075241
-0.23142275214195251
-0.2306668758392334
-0.23528385162353516
-0.23576326668262482
-0.23486998677253723
-0.23383808135986328
-0.2378590852022171
-0.2352730631828308
-0.23444099724292755
-0.2307838648557663
-0.23636451363563538
-0.2313334047794342
-0.23287749290466309
-0.2385094314813614
-0.23135116696357727
-0.23124118149280548
-0.23286642134189606
-0.23828059434890747
-0.2320767045021057
-0.2326730638742447
-0.2331976592540741
-0.23647946119308472
-0.23724734783172607
-0.23641373217105865
-0.2349684089422226
-0.23355697095394135
-0.23481935262680054
-0.2345438003540039
-0.2342720776796341
-0.23623567819595337
-0.23155218362808228
-0.23526312410831451
-0.23264172673225403
-0.23324212431907654
-0.23339435458183289
-0.23055508732795715
-0.23069429397583008
-0.23078171908855438
-0.2298140525817871
-0.23518365621566772
-0.2312351018190384
-0.22710013389587402
-0.23753610253334045
-0.2272278368473053
-0.23459897935390472
-0.23018403351306915
-0.23186977207660675
-0.22877074778079987
-0.2366669476032257
-0.23402564227581024
-0.22721931338310242
-0.23188042640686035
-0.23086898028850555
-0.22846820950508118
-0.22594259679317474
-0.23448114097118378
-0.2321956902742386
-0.223737895488739
-0.22653475403785706
-0.23015998303890228
-0.23235857486724854
-0.22679829597473145
-0.22587502002716064
-0.23655103147029877
-0.23668205738067627
-0.23212428390979767
-0.22918547689914703
-0.23133642971515656
-0.22826091945171356
-0.23174671828746796
-0.23042558133602142
-0.2334313690662384
-0.23067069053649902
-0.2254219502210617
-0.232151597738266
-0.2240992933511734
-0.2318604588508606
-0.2264949083328247
-0.23070356249809265
-0.23163273930549622
-0.23130306601524353
-0.22793391346931458
-0.23393188416957855
-0.23455366492271423
-0.22943705320358276
-0.23641762137413025
-0.22725947201251984
-0.22762535512447357
-0.22532306611537933
-0.22518375515937805
-0.23032139241695404
-0.22300809621810913
-0.23048698902130127
-0.230280801653862
-0.22735248506069183
-0.2296796441078186
-0.22707492113113403
-0.2305491417646408
-0.2314883917570114
-0.2287711501121521
-0.2220355123281479
-0.2288995385169983
-0.2207835614681244
-0.23087894916534424
-0.22372207045555115
-0.2253110557794571
-0.23490969836711884
-0.20901228487491608
-0.2238529622554779
-0.22528086602687836
-0.2211267650127411
-0.2241353541612625
-0.22791051864624023
-0.22632917761802673
-0.2290962189435959
-0.22989173233509064
-0.23347905278205872
-0.22616046667099
-0.21852730214595795
-0.2310725748538971
-0.22931461036205292
-0.22758647799491882
-0.2357177734375
-0.22739864885807037
-0.22589844465255737
-0.22868478298187256
-0.22156108915805817
-0.22455494105815887
-0.21993999183177948
-0.2247588187456131
-0.224150151014328
-0.2264849990606308
-0.2333674281835556
-0.22230558097362518
-0.22607047855854034
-0.2172294557094574
-0.23040835559368134
-0.22126644849777222
-0.22804251313209534
-0.22755543887615204
-0.22064462304115295
-0.23021326959133148
-0.2202339917421341
-0.22897230088710785
-0.2212330549955368
-0.22665748000144958
-0.2257612943649292
-0.21995343267917633
-0.22559726238250732
-0.22145846486091614
-0.22993318736553192
-0.213460773229599
-0.22465698421001434
-0.22958587110042572
-0.22817111015319824
-0.23097500205039978
-0.22605565190315247
-0.22024410963058472
-0.23161211609840393
-0.23494404554367065
-0.22576668858528137
-0.22055020928382874
-0.22343710064888
-0.22092515230178833
-0.22860252857208252
-0.22638481855392456
-0.22732947766780853
-0.22061966359615326
-0.22553303837776184
-0.22124072909355164
-0.223239928483963
-0.21885931491851807
-0.22238707542419434
-0.22861962020397186
-0.22719503939151764
-0.22341027855873108
-0.22207285463809967
-0.2184402048587799
-0.22350117564201355
-0.22128160297870636
-0.2163294106721878
-0.217235267162323
-0.22380980849266052
-0.2346227467060089
-0.2276025116443634
-0.22808651626110077
-0.21717943251132965
-0.2298099249601364
-0.22765809297561646
-0.22536930441856384
-0.22915132343769073
-0.22305694222450256
-0.22309954464435577
-0.22549161314964294
-0.21968892216682434
-0.2250368893146515
-0.22961071133613586
-0.2211919128894806
-0.21506105363368988
-0.22885483503341675
-0.22535763680934906
-0.23384538292884827
-0.2223130315542221
-0.2287731021642685
-0.22857649624347687
-0.22516144812107086
-0.22660094499588013
-0.23083820939064026
-0.2224070429801941
-0.22315743565559387
-0.2238379716873169
-0.2266531139612198
-0.22803571820259094
-0.2277946025133133
-0.2284168303012848
-0.22359657287597656
-0.2184702455997467
-0.22145213186740875
-0.22442246973514557
-0.22343601286411285
-0.2178007811307907
-0.22043119370937347
-0.22962281107902527
-0.22342725098133087
-0.22447459399700165
-0.22728799283504486
-0.21897529065608978
-0.2275489717721939
-0.22386354207992554
-0.23154892027378082
-0.2254023551940918
-0.22834543883800507
-0.21096554398536682
-0.22077566385269165
-0.23032046854496002
-0.2304709255695343
-0.2219773232936859
-0.21905338764190674
-0.22759424149990082
-0.23012392222881317
-0.21982547640800476
-0.22007440030574799
-0.2223532795906067
-0.22662772238254547
-0.22509703040122986
-0.2260047048330307
-0.2286425530910492
-0.23240047693252563
-0.22378864884376526
-0.22770994901657104
-0.23405958712100983
-0.2245439738035202
-0.22725069522857666
-0.2230774462223053
-0.22842904925346375
-0.2284160554409027
-0.23292046785354614
-0.23500880599021912
-0.22578071057796478
-0.22332198917865753
-0.215460404753685
-0.22951041162014008
-0.22258198261260986
-0.23288202285766602
-0.2196386456489563
-0.23327705264091492
-0.22567734122276306
-0.22771070897579193
-0.22241179645061493
-0.22575895488262177
-0.22623315453529358
-0.22248388826847076
-0.23376405239105225
-0.22928011417388916
-0.22504454851150513
-0.22813409566879272
-0.22854147851467133
-0.2140275239944458
-0.2348342388868332
-0.22783350944519043
-0.22523687779903412
-0.22938735783100128
-0.23286432027816772
-0.22342094779014587
-0.2291640341281891
-0.2303270846605301
-0.22460149228572845
-0.2262120395898819
-0.2217271775007248
-0.2309550642967224
-0.2257452756166458
-0.23106591403484344
-0.2313222587108612
-0.22260861098766327
-0.22956807911396027
-0.2253122478723526
-0.22772330045700073
-0.22063255310058594
-0.2269848883152008
-0.22861579060554504
-0.22499053180217743
-0.22560396790504456
-0.22885672748088837
-0.22475565969944
-0.2296128123998642
-0.2316288948059082
