0.7324588298797607
0.7384161353111267
0.7330188751220703
0.7269442677497864
0.7179314494132996
0.7304025888442993
0.7292969822883606
0.7308944463729858
0.7292953729629517
0.7346476316452026
0.7285028100013733
0.7341086268424988
0.7303110361099243
0.7350638508796692
0.7332437634468079
0.7286862134933472
0.7233079075813293
0.7317272424697876
0.7307539582252502
0.7209006547927856
0.7271330952644348
0.735960841178894
0.7254698276519775
0.7275310754776001
0.7354204058647156
0.7279657125473022
0.726311981678009
0.7232518196105957
0.7273712754249573
0.7307987213134766
0.7230250835418701
0.724897027015686
0.718488335609436
0.7096009850502014
0.7351146936416626
0.713882327079773
0.712488055229187
0.7168295979499817
0.7084168791770935
0.6936488747596741
0.718583881855011
0.7181605696678162
0.7140436172485352
0.7030050754547119
0.6907607913017273
0.706361711025238
0.6916535496711731
0.675146758556366
0.6725744605064392
0.6418603658676147
0.6678911447525024
0.6240748167037964
0.6135223507881165
0.6071763634681702
0.6145439147949219
0.5967800617218018
0.5769911408424377
0.4970801770687103
0.5482854843139648
0.5602964758872986
0.47940826416015625
0.3939315676689148
0.3797856271266937
0.25036218762397766
0.18063178658485413
0.11088482290506363
0.24421122670173645
0.13949286937713623
0.20682582259178162
0.15381290018558502
0.16375240683555603
0.1599382907152176
0.13394688069820404
0.1482083946466446
0.214867502450943
0.15244291722774506
0.21570467948913574
0.13430476188659668
0.19458487629890442
0.06921491026878357
0.28944534063339233
0.10808718204498291
0.2279161959886551
0.10628519207239151
0.20500048995018005
0.2294863611459732
0.40537193417549133
0.34911492466926575
0.31999990344047546
0.26748818159103394
0.24944569170475006
0.4127287268638611
0.2977357506752014
0.32664740085601807
0.3510282635688782
0.43612760305404663
0.29732245206832886
0.36496981978416443
0.428314208984375
0.4530371427536011
0.3513820767402649
0.48086199164390564
0.23910512030124664
0.4225558340549469
0.48030921816825867
0.4583350419998169
0.4702327251434326
0.4918484389781952
0.39513298869132996
0.4914899170398712
0.49812349677085876
0.569925844669342
0.4659251570701599
0.6435995697975159
0.38312605023384094
0.4011991322040558
0.47998395562171936
0.5679698586463928
0.4169716536998749
0.40146604180336
0.41309496760368347
0.42654702067375183
0.36939018964767456
0.5216760039329529
0.3674353361129761
0.42375749349594116
0.40388479828834534
0.48345258831977844
0.4404441714286804
0.47999444603919983
0.31863832473754883
0.3890034556388855
0.3695334792137146
0.39452001452445984
0.2724772095680237
0.36799442768096924
0.27889522910118103
0.3693934977054596
0.34304362535476685
0.27603745460510254
0.3734736144542694
0.4408870339393616
0.247030109167099
0.3503324091434479
0.3584184944629669
0.35436567664146423
0.2856312394142151
0.38720080256462097
0.35900363326072693
0.3627955913543701
0.30539649724960327
0.2714952826499939
0.29739993810653687
0.34454581141471863
0.29177650809288025
0.24351397156715393
0.24850229918956757
0.30241337418556213
0.27705270051956177
0.2772952914237976
0.23995232582092285
0.29140543937683105
0.34163451194763184
0.19345766305923462
0.23634739220142365
0.2294318974018097
0.3152984380722046
0.182030588388443
0.2767709791660309
0.28684327006340027
0.1982143223285675
0.2515329122543335
0.21504171192646027
0.3485870361328125
0.19088037312030792
0.19773021340370178
0.20175515115261078
0.2207992970943451
0.17954662442207336
0.10547967255115509
0.17113204300403595
0.17625842988491058
0.2583182454109192
0.1770370900630951
0.18152295053005219
0.1802540421485901
0.1762276440858841
0.1471424549818039
0.150518536567688
0.10595498979091644
0.11784792691469193
0.11120080202817917
0.0951090008020401
0.12451203912496567
0.15485811233520508
0.11225657165050507
0.13217544555664062
0.1543634533882141
0.12953244149684906
0.11529888957738876
0.1237601637840271
0.08324691653251648
0.1326170712709427
0.11509638279676437
0.09500372409820557
0.10879316180944443
0.20047606527805328
0.19252248108386993
0.10305338352918625
0.08960746228694916
0.07381749153137207
0.12431097775697708
0.09983844310045242
0.10828093439340591
0.1632210910320282
0.17044749855995178
0.13950979709625244
0.0996042862534523
0.11780526489019394
0.12920887768268585
0.15940429270267487
0.16224801540374756
0.11944397538900375
0.13941830396652222
0.18027858436107635
0.09638684242963791
0.16964112222194672
0.15667161345481873
0.07691233605146408
0.12017466872930527
0.17473053932189941
0.2203848510980606
0.15200954675674438
0.1821940541267395
0.22070178389549255
0.21773362159729004
0.18600565195083618
0.1968168020248413
0.20231954753398895
0.15246367454528809
0.22664467990398407
0.13030123710632324
0.16791313886642456
0.24815140664577484
0.22732624411582947
0.17633327841758728
0.169888436794281
0.1616489142179489
0.3128020763397217
0.1629563719034195
0.20897658169269562
0.1995227336883545
0.18311089277267456
0.19245946407318115
0.2367580533027649
0.28606632351875305
0.2515972852706909
0.25447946786880493
0.20680895447731018
0.195468932390213
0.2412170171737671
0.25655823945999146
0.25143247842788696
0.28455236554145813
0.24428720772266388
0.22307023406028748
0.2577931582927704
0.19490592181682587
0.26997047662734985
0.11778552830219269
0.3385460674762726
0.20425166189670563
0.264804482460022
0.24212823808193207
0.27871671319007874
0.22944672405719757
0.24354331195354462
0.15352733433246613
0.2886722981929779
0.20357327163219452
0.27556976675987244
0.2556435763835907
0.30636951327323914
0.27063000202178955
0.23881946504116058
0.26846593618392944
0.19997136294841766
0.19771791994571686
0.19561105966567993
0.36219775676727295
0.17996327579021454
0.2471267431974411
0.19440387189388275
0.17822428047657013
0.19226422905921936
0.17161406576633453
0.18686746060848236
0.3901730179786682
0.19281411170959473
0.2781286835670471
0.254840224981308
0.24473047256469727
0.12665680050849915
0.18281500041484833
0.23150065541267395
0.16644762456417084
0.18927741050720215
0.20845071971416473
0.2578747868537903
0.15812277793884277
0.11632311344146729
0.14507193863391876
0.15168894827365875
0.24206791818141937
0.225767120718956
0.2530420422554016
0.2704716920852661
0.16394652426242828
0.2593282461166382
0.24327953159809113
0.21441560983657837
0.17168393731117249
0.21052874624729156
0.18711620569229126
0.13885775208473206
0.3127121329307556
0.17439348995685577
0.20416699349880219
0.18708573281764984
0.15364229679107666
0.19509124755859375
0.20294034481048584
0.14322736859321594
0.23154091835021973
0.2026289403438568
0.21351584792137146
0.19890955090522766
0.1551864743232727
0.16120992600917816
0.18948258459568024
0.12382381409406662
0.12066701054573059
0.18980468809604645
0.15413343906402588
0.2921466827392578
0.267669677734375
0.20344705879688263
0.12785325944423676
0.13119985163211823
0.1478973776102066
0.16376861929893494
0.16233840584754944
0.29654660820961
0.19564466178417206
0.18471713364124298
0.1628139168024063
0.13146118819713593
0.13859254121780396
0.14316709339618683
0.13583293557167053
0.15196086466312408
0.15881837904453278
0.12984947860240936
0.16372284293174744
0.18777316808700562
0.14415010809898376
0.14454662799835205
0.172359436750412
0.16401593387126923
0.15257692337036133
0.18357744812965393
0.16729822754859924
0.19336409866809845
0.1775253862142563
0.17779579758644104
0.13161234557628632
0.13737867772579193
0.15271474421024323
0.14935824275016785
0.12435877323150635
0.16075599193572998
0.15003278851509094
0.14632751047611237
0.17768090963363647
0.1269533634185791
0.11687197536230087
0.13661685585975647
0.12076340615749359
0.12587140500545502
0.17987552285194397
0.09089438617229462
0.16995985805988312
0.15842127799987793
0.13571742177009583
0.15950797498226166
0.14770807325839996
0.14860105514526367
0.12135247141122818
0.09883192181587219
0.14724396169185638
0.11822632700204849
0.21052835881710052
0.12593726813793182
0.173804372549057
0.1678173691034317
0.16336558759212494
0.1384773552417755
0.15780416131019592
0.10221374779939651
0.15354712307453156
0.14009243249893188
0.12178752571344376
0.1506309062242508
0.20545223355293274
0.09820959717035294
0.15320618450641632
0.16246096789836884
0.09970454126596451
0.14830805361270905
0.14247983694076538
0.11446130275726318
0.17955979704856873
0.10940183699131012
0.15090608596801758
0.12369128316640854
0.12569472193717957
0.12272308021783829
0.1266455203294754
0.14658957719802856
0.16026630997657776
0.10556775331497192
0.13750821352005005
0.12254997342824936
0.1707623451948166
0.15795232355594635
0.11605018377304077
0.11897499859333038
0.15704239904880524
0.22026436030864716
0.1346304565668106
0.18258967995643616
0.12731394171714783
0.16168880462646484
0.15039238333702087
0.1448463350534439
0.1082707941532135
0.1015261560678482
0.19209164381027222
0.1289147138595581
0.20547276735305786
0.16124720871448517
0.12868517637252808
0.13799668848514557
0.1538657248020172
0.16686028242111206
0.13299380242824554
0.18915905058383942
0.22578446567058563
0.18963901698589325
0.12356114387512207
0.1485644429922104
0.14698216319084167
0.15300381183624268
0.16644394397735596
0.12319227308034897
0.12395840138196945
0.16077998280525208
0.09468340873718262
0.16831526160240173
0.20524850487709045
0.143171027302742
0.23581138253211975
0.16403958201408386
0.15837585926055908
0.20490853488445282
0.1687079221010208
0.14350247383117676
0.13015353679656982
0.13712306320667267
0.17725405097007751
0.10735856741666794
0.10177861154079437
0.12867029011249542
0.2232646942138672
0.2167537808418274
0.13852481544017792
0.13743098080158234
0.15463034808635712
0.1953795701265335
0.1493605673313141
0.14328357577323914
0.13538457453250885
0.20634925365447998
0.14424347877502441
0.13994568586349487
0.18028602004051208
0.21544907987117767
0.16785727441310883
0.20291197299957275
0.1418076604604721
0.2336614578962326
0.1867278814315796
0.20932574570178986
0.1277407854795456
0.1569577157497406
0.2195848822593689
0.16151680052280426
0.16278359293937683
0.17257335782051086
0.18231111764907837
0.18582017719745636
0.16187578439712524
0.15043482184410095
0.15237589180469513
0.14189371466636658
0.11816578358411789
0.2084261029958725
0.16183988749980927
0.14785051345825195
0.12240148335695267
0.19422927498817444
0.09733874350786209
0.2216915637254715
0.19665507972240448
0.19384422898292542
0.17086276412010193
0.13850443065166473
0.21755772829055786
0.17907322943210602
0.17148888111114502
0.12683609127998352
0.18587131798267365
0.24044597148895264
0.17639124393463135
0.16948798298835754
0.17804090678691864
0.13227134943008423
0.1786041557788849
0.16300733387470245
0.20389321446418762
0.15095579624176025
0.15805931389331818
0.16864988207817078
0.16549700498580933
0.16831104457378387
0.2155860960483551
0.13715995848178864
0.1537264734506607
0.193516805768013
0.1622842401266098
0.16627153754234314
0.19980351626873016
0.15782037377357483
0.1665339320898056
0.15780295431613922
0.21131134033203125
0.16145001351833344
0.13475629687309265
0.2134835571050644
0.1028854101896286
0.15812650322914124
0.16157403588294983
0.1861347109079361
0.20665346086025238
0.17842258512973785
0.1183360144495964
0.22703608870506287
0.14195244014263153
0.24472126364707947
0.19266965985298157
0.19732379913330078
0.17904268205165863
0.1766190379858017
0.18657393753528595
0.1628953218460083
0.1379840075969696
0.15723545849323273
0.15851029753684998
0.15195748209953308
0.19594016671180725
0.19438806176185608
0.17417705059051514
0.1658371537923813
0.15259365737438202
0.16029782593250275
0.16015735268592834
0.16779577732086182
0.1546301543712616
0.15939345955848694
0.16086861491203308
0.18840664625167847
0.18664424121379852
0.16755174100399017
0.18317192792892456
0.18986287713050842
0.1937151998281479
0.18209980428218842
0.17357821762561798
0.30564865469932556
0.18548110127449036
0.16465771198272705
0.19219404458999634
0.166303813457489
0.11759010702371597
0.12405044585466385
0.16112320125102997
0.14454977214336395
0.17599938809871674
0.2011338770389557
0.14540500938892365
0.10321227461099625
0.20747938752174377
0.22619937360286713
0.14909902215003967
0.14219412207603455
0.1798802614212036
0.14355885982513428
0.17739617824554443
0.13732366263866425
0.1351354718208313
0.1838596612215042
0.12681029736995697
0.14811921119689941
0.1711631864309311
0.18455512821674347
0.21182572841644287
0.15824857354164124
0.16598427295684814
0.18685168027877808
0.18267351388931274
0.12555938959121704
0.19105732440948486
0.14677241444587708
0.10436093062162399
0.1674363911151886
0.11830291897058487
0.16313807666301727
0.17040860652923584
0.13069932162761688
0.11474049091339111
0.16241386532783508
0.18479472398757935
0.1316228210926056
0.13579659163951874
0.17290905117988586
0.15099413692951202
0.12375519424676895
0.1572367548942566
0.17659789323806763
0.1013297438621521
0.14844393730163574
0.13305577635765076
0.1985984742641449
0.17112581431865692
0.18219026923179626
0.18485286831855774
0.17512130737304688
0.14021897315979004
0.1336488425731659
0.17589017748832703
0.1400064080953598
0.18392008543014526
0.161777064204216
0.17867863178253174
0.13402177393436432
0.14427678287029266
0.12627413868904114
0.11275804042816162
0.15873178839683533
0.1087244302034378
0.1426311880350113
0.13293935358524323
0.11073783040046692
0.16543057560920715
0.1387624740600586
0.1307183802127838
0.09721814095973969
0.13690394163131714
0.11534642428159714
0.10341989248991013
0.11614102125167847
0.1419200450181961
0.1534365564584732
0.08097216486930847
0.12101496011018753
0.17286710441112518
0.09267221391201019
0.1169203445315361
0.15218909084796906
0.16049155592918396
0.12392399460077286
0.12414807081222534
0.16235877573490143
0.11162720620632172
0.1642448455095291
0.11918573081493378
0.08646446466445923
0.1625206172466278
0.16350485384464264
0.20898810029029846
0.12520256638526917
0.12146506458520889
0.11591978371143341
0.10166174918413162
0.17195142805576324
0.2792872190475464
0.11511362344026566
0.11718710511922836
0.12649942934513092
0.12191947549581528
0.08012546598911285
0.13736207783222198
0.11990413069725037
0.1124817430973053
0.16691425442695618
0.1470557600259781
0.14242248237133026
0.124998539686203
0.1629049926996231
0.1373305469751358
0.12221752107143402
0.11591068655252457
0.12139271944761276
0.11565431952476501
0.14814811944961548
0.06969694048166275
0.15404942631721497
0.14936326444149017
0.11513647437095642
0.1408681571483612
0.14819975197315216
0.1580594778060913
0.1907408982515335
0.12080203741788864
0.11737821996212006
0.12391018122434616
0.11702393740415573
0.07832200080156326
0.14261570572853088
0.12947461009025574
0.13107523322105408
0.16190560162067413
0.07492207735776901
0.13126271963119507
0.09730818122625351
0.08699683099985123
0.11782409995794296
0.06393979489803314
0.11740528792142868
0.11969500780105591
0.10478444397449493
0.11844784021377563
0.10254988074302673
0.14094178378582
0.10774758458137512
0.08703174442052841
0.13373267650604248
0.09013974666595459
0.08466049283742905
0.10606741160154343
0.10405553877353668
0.12746258080005646
0.1270677000284195
0.11411813646554947
0.10164771974086761
0.10151837021112442
0.15979963541030884
0.13022567331790924
0.13267695903778076
0.08330469578504562
0.15419504046440125
0.09946005791425705
0.16203077137470245
0.10178034007549286
0.09469897300004959
0.13419201970100403
0.11158713698387146
0.1491626501083374
0.19842401146888733
0.1199081763625145
0.10327780246734619
0.09361758083105087
0.143161341547966
0.10670355707406998
0.10378431528806686
0.11975077539682388
0.09956179559230804
0.1325560063123703
0.07631121575832367
0.15925981104373932
0.19824524223804474
0.11621753871440887
0.12483210861682892
0.12391483783721924
0.08297687768936157
0.08652555197477341
0.11021796613931656
0.09483934193849564
0.11881235241889954
0.08155021071434021
0.10710439831018448
0.1486613154411316
0.07819853723049164
0.07694736123085022
0.10688826441764832
0.11544585973024368
0.09423355758190155
0.11956711113452911
0.1075616106390953
0.09956841170787811
0.09801561385393143
0.11564213782548904
0.09589824080467224
0.07898406684398651
0.1416957974433899
0.13677330315113068
0.1340036690235138
0.06401048600673676
0.11360371112823486
0.1510494500398636
0.059845659881830215
0.1039583757519722
0.0906863585114479
0.11703675240278244
0.10882339626550674
0.18790437281131744
0.09094720333814621
0.10910476744174957
0.08856192976236343
0.12724362313747406
0.12078699469566345
0.07723043859004974
0.13114573061466217
0.09826953709125519
0.08459015190601349
0.10329044610261917
0.073363296687603
0.1659126579761505
0.06594239920377731
0.10266189277172089
0.10282500833272934
0.09213923662900925
0.13408483564853668
0.08943140506744385
0.117803193628788
0.06233946233987808
0.14492787420749664
0.1108517125248909
0.10327991098165512
0.10392225533723831
0.11983394622802734
0.09587457776069641
0.07923559844493866
0.11095252633094788
0.14761212468147278
0.06307690590620041
0.09300395101308823
0.08196912705898285
0.11200220137834549
0.11793269962072372
0.10273515433073044
0.10348522663116455
0.09677377343177795
0.10974101722240448
0.09814829379320145
0.08211014419794083
0.10245946794748306
0.10970930755138397
0.0484822615981102
0.10391104221343994
0.09459412842988968
0.096127949655056
0.12415030598640442
0.11942300200462341
0.18561436235904694
0.10992790758609772
0.10027775913476944
0.132065087556839
0.09175869822502136
0.10925817489624023
0.07080396264791489
0.141836017370224
0.1067194864153862
0.11220289021730423
0.06437203288078308
0.12134464085102081
0.08872342109680176
0.08914242684841156
0.11771004647016525
0.08886916190385818
0.13361188769340515
0.15026479959487915
0.08642905950546265
0.17512328922748566
0.0707102119922638
0.09393525123596191
0.07304836809635162
0.12123920768499374
0.16370661556720734
0.09022454917430878
0.06368388235569
0.13881240785121918
0.05568018555641174
0.07389713823795319
0.11051999032497406
0.1420392245054245
0.12006241083145142
0.12164394557476044
0.198938250541687
0.0944925919175148
0.07584146410226822
0.11510559916496277
0.11675000190734863
0.13569916784763336
0.09848601371049881
0.10375264286994934
0.13468188047409058
0.13230043649673462
0.09002208709716797
0.09019560366868973
0.08650092780590057
0.10442979633808136
0.12364735454320908
0.08098972588777542
0.09990639239549637
0.11122395098209381
0.13408060371875763
0.09994541108608246
0.1127954050898552
0.06270535290241241
0.09908606857061386
0.18879501521587372
0.1512768417596817
0.08917762339115143
0.09414946287870407
0.14215713739395142
0.09686116129159927
0.05641265586018562
0.23878636956214905
0.08510793745517731
0.06506939977407455
0.07574000954627991
0.08870240300893784
0.132207989692688
0.09398917853832245
0.1277516484260559
0.07797977328300476
0.061726611107587814
0.16285139322280884
0.09321083128452301
0.11611451953649521
0.1052262932062149
0.08217096328735352
0.0919724553823471
0.08267848938703537
0.11412779241800308
0.10016315430402756
0.1335373818874359
0.09025923162698746
0.08106980472803116
0.14797155559062958
0.08161141723394394
0.1597566306591034
0.12661845982074738
0.1114921048283577
0.12273455411195755
0.08658868074417114
0.06262470036745071
0.1623767465353012
0.10572344809770584
0.13915643095970154
0.09333013743162155
0.08837341517210007
0.09386822581291199
0.14820381999015808
0.12864597141742706
0.11261755228042603
0.10922348499298096
0.12828543782234192
0.08492190390825272
0.0916883647441864
0.12720844149589539
0.10299414396286011
0.07340274751186371
0.10913216322660446
0.11944267898797989
0.18321047723293304
0.13803696632385254
0.08404751867055893
0.08840794861316681
0.0908186063170433
0.11931045353412628
0.14841823279857635
0.14723001420497894
0.1450241506099701
0.08818721771240234
0.08937685191631317
0.08697565644979477
0.09473667293787003
0.13133057951927185
