0.7872312068939209
0.8032021522521973
0.780606210231781
0.7930660247802734
0.7651153206825256
0.7822359204292297
0.7838277220726013
0.7805467844009399
0.777631938457489
0.8000882267951965
0.7841715216636658
0.7905880808830261
0.7824468612670898
0.7848342061042786
0.7803066968917847
0.7797932624816895
0.768127977848053
0.7983388900756836
0.7978498935699463
0.7515978217124939
0.7729911804199219
0.781999945640564
0.7726303339004517
0.7703513503074646
0.7837436199188232
0.785571277141571
0.7549828886985779
0.770067036151886
0.7874912619590759
0.773048996925354
0.7683347463607788
0.7502714991569519
0.7350988388061523
0.7591304779052734
0.7873463034629822
0.7560518980026245
0.7473101019859314
0.7594171762466431
0.7377370595932007
0.6954615712165833
0.7308697700500488
0.7435274124145508
0.7214244604110718
0.7296627163887024
0.7213621735572815
0.7316305041313171
0.6804304122924805
0.6955931186676025
0.7223471999168396
0.670665979385376
0.7147917151451111
0.7041264176368713
0.7093055248260498
0.7200743556022644
0.71611487865448
0.6730575561523438
0.7018752694129944
0.6038095355033875
0.6927685141563416
0.6933104991912842
0.6044196486473083
0.5391290187835693
0.5058474540710449
0.46173587441444397
0.4030836820602417
0.3444148302078247
0.3066723048686981
0.28561022877693176
0.2959924340248108
0.3475888967514038
0.21742108464241028
0.3569085896015167
0.2315770536661148
0.18156158924102783
0.2448340654373169
0.2623918950557709
0.157677561044693
0.2352502942085266
0.27028658986091614
0.18922656774520874
0.26161473989486694
0.30739402770996094
0.4384440779685974
0.29310065507888794
0.36672577261924744
0.4148104190826416
0.5002748966217041
0.45382142066955566
0.39653900265693665
0.29618650674819946
0.2775977849960327
0.4939483106136322
0.5218672752380371
0.38194724917411804
0.4191455543041229
0.2999721169471741
0.3947543203830719
0.3661119043827057
0.44624418020248413
0.5356333255767822
0.42832717299461365
0.4357645511627197
0.5758801102638245
0.6814042329788208
0.4806842505931854
0.6207561492919922
0.5588929653167725
0.5968307852745056
0.6637001633644104
0.5933319926261902
0.5468630790710449
0.5077139735221863
0.36961600184440613
0.5512657165527344
0.544834554195404
0.6168326139450073
0.6054865717887878
0.597071647644043
0.5761563181877136
0.5763334035873413
0.5418025255203247
0.6059973239898682
0.6417274475097656
0.637013852596283
0.6326618790626526
0.5868894457817078
0.6309064030647278
0.609830379486084
0.5984351634979248
0.6441775560379028
0.6227807998657227
0.4883829653263092
0.5686331987380981
0.6394780278205872
0.5257425308227539
0.6245675683021545
0.7049197554588318
0.5730752944946289
0.6801417469978333
0.5864986181259155
0.484370619058609
0.6307548880577087
0.6289311051368713
0.6164682507514954
0.5412253141403198
0.5035456418991089
0.6118548512458801
0.658893883228302
0.618235170841217
0.6429421305656433
0.6059669852256775
0.6886621117591858
0.5180655121803284
0.6302033066749573
0.5593979358673096
0.6764479875564575
0.6400129199028015
0.6369253993034363
0.6434175372123718
0.6354010701179504
0.6599777936935425
0.6454053521156311
0.5693805813789368
0.5727893710136414
0.5605666041374207
0.6617318987846375
0.6151334643363953
0.6096425652503967
0.5810742378234863
0.6469858288764954
0.6149444580078125
0.5693345069885254
0.5880266427993774
0.6449211835861206
0.6135501861572266
0.5212984085083008
0.627676784992218
0.602020263671875
0.6159642338752747
0.6915531158447266
0.5820388793945312
0.6194630861282349
0.5482065677642822
0.6944503784179688
0.6434898972511292
0.6646648049354553
0.5741263031959534
0.6289950609207153
0.6158850789070129
0.5834527015686035
0.5974308252334595
0.6148115396499634
0.6398362517356873
0.6752690672874451
0.7084859013557434
0.6876397132873535
0.5292972922325134
0.6367906332015991
0.6324602961540222
0.6107459664344788
0.6887872219085693
0.6563201546669006
0.5542408227920532
0.54297935962677
0.6606015563011169
0.6850244998931885
0.6384255290031433
0.6531789898872375
0.5998655557632446
0.600775957107544
0.6270509958267212
0.6655288934707642
0.5732925534248352
0.6173536777496338
0.6070082187652588
0.5843928456306458
0.6771711111068726
0.6172937154769897
0.6753484010696411
0.6147199869155884
0.600680410861969
0.6333232522010803
0.5416116714477539
0.6441981196403503
0.6089630722999573
0.6382068395614624
0.5843151807785034
0.6363859176635742
0.577605664730072
0.7073913812637329
0.593806803226471
0.6860355734825134
0.6691687107086182
0.5978686213493347
0.652323305606842
0.6691774129867554
0.6717212200164795
0.6902045607566833
0.6232778429985046
0.6247009038925171
0.5967247486114502
0.5468694567680359
0.6177197098731995
0.6708807349205017
0.6830915808677673
0.6404789686203003
0.6360862255096436
0.644005298614502
0.6292569041252136
0.6074074506759644
0.5677292346954346
0.5564286708831787
0.6274524927139282
0.5861899256706238
0.5837186574935913
0.567163348197937
0.5323024988174438
0.5773044228553772
0.5965911149978638
0.5807034969329834
0.6706356406211853
0.604746401309967
0.7128810882568359
0.650387704372406
0.6304208040237427
0.7672851085662842
0.6609258055686951
0.5666347146034241
0.5675064921379089
0.6307019591331482
0.5412628650665283
0.6378259062767029
0.6422115564346313
0.6132202744483948
0.6279476284980774
0.5410794615745544
0.6077229976654053
0.5459300875663757
0.5554617047309875
0.6025655269622803
0.6163531541824341
0.6387893557548523
0.6456292271614075
0.6634193062782288
0.4893157482147217
0.6296895742416382
0.6292293071746826
0.603488028049469
0.6017271280288696
0.5960730910301208
0.5912262797355652
0.7148626446723938
0.6767465472221375
0.6202495098114014
0.6086198091506958
0.5926816463470459
0.6335029602050781
0.6033982634544373
0.6785048842430115
0.5631546378135681
0.6330986618995667
0.6430864930152893
0.6047474145889282
0.5941978693008423
0.5509318113327026
0.6501331925392151
0.6400707364082336
0.5429561734199524
0.6365064382553101
0.5653855800628662
0.6253451108932495
0.6324445605278015
0.5980596542358398
0.5924289226531982
0.5242368578910828
0.6180436015129089
0.5301748514175415
0.530212938785553
0.5080482959747314
0.5588198304176331
0.560202956199646
0.6389979124069214
0.666850745677948
0.5458593964576721
0.5733103156089783
0.6420718431472778
0.6062871813774109
0.6133446097373962
0.606229841709137
0.6109063625335693
0.5984532237052917
0.5800919532775879
0.5633578300476074
0.5809118747711182
0.5181046724319458
0.5963959097862244
0.5716685056686401
0.6071069240570068
0.612271785736084
0.5972461104393005
0.586545467376709
0.622798502445221
0.5213452577590942
0.7053768634796143
0.6739988923072815
0.6094396114349365
0.508752167224884
0.6047149896621704
0.6109650731086731
0.649497926235199
0.6348481774330139
0.5773794651031494
0.5138999819755554
0.7316906452178955
0.5017662644386292
0.5810123085975647
0.631678581237793
0.5886462926864624
0.5627310276031494
0.6900994181632996
0.47262823581695557
0.6218120455741882
0.5678742527961731
0.5752123594284058
0.6128071546554565
0.6179968118667603
0.6274049282073975
0.6311168670654297
0.4774430990219116
0.5473705530166626
0.5725906491279602
0.5680526494979858
0.631578266620636
0.6356650590896606
0.4754958152770996
0.6217334866523743
0.6213763356208801
0.540325939655304
0.5898436307907104
0.6258248090744019
0.5034119486808777
0.5566279888153076
0.5863752961158752
0.5550270080566406
0.6108452081680298
0.5647512078285217
0.5977204442024231
0.4521702527999878
0.5101194977760315
0.6947660446166992
0.736741840839386
0.6150044798851013
0.6918120384216309
0.5865272879600525
0.5472117066383362
0.6404479146003723
0.5257781744003296
0.5514030456542969
0.5557159185409546
0.6345749497413635
0.6168105006217957
0.5037646889686584
0.6104658842086792
0.5062869191169739
0.5953952670097351
0.556053876876831
0.48406386375427246
0.5038864612579346
0.5780091285705566
0.5598854422569275
0.6750069856643677
0.5757734775543213
0.5813811421394348
0.7046939134597778
0.5223814249038696
0.47358202934265137
0.5428038239479065
0.49515974521636963
0.5840086340904236
0.5606648921966553
0.60615074634552
0.5509082674980164
0.6165165305137634
0.5905131697654724
0.5823954939842224
0.6407799124717712
0.6018694043159485
0.4787980020046234
0.5480590462684631
0.4872433841228485
0.5709079504013062
0.6133103370666504
0.5178059339523315
0.5399749279022217
0.6228188872337341
0.5240231156349182
0.5771600604057312
0.45458483695983887
0.5062845945358276
0.6122098565101624
0.4933067858219147
0.5173943042755127
0.5650606155395508
0.5916847586631775
0.6765280961990356
0.6138678193092346
0.5680866837501526
0.5509651899337769
0.5682112574577332
0.6487590074539185
0.49460306763648987
0.5266696810722351
0.538617730140686
0.5563195943832397
0.6064057946205139
0.46404510736465454
0.530567467212677
0.5456852912902832
0.6423022747039795
0.44503054022789
0.45863157510757446
0.46188974380493164
0.5729283094406128
0.5320988893508911
0.5378620028495789
0.5615124702453613
0.5831549167633057
0.5408539772033691
0.5004674792289734
0.4635717272758484
0.5705608129501343
0.5950341820716858
0.4624500274658203
0.4973415434360504
0.4642280042171478
0.45864230394363403
0.6153846979141235
0.623771071434021
0.5655157566070557
0.4567999839782715
0.486885666847229
0.7250845432281494
0.5829164385795593
0.4040706157684326
0.5634323954582214
0.5549030303955078
0.4536871910095215
0.3891606032848358
0.5068321228027344
0.6381060481071472
0.44557106494903564
0.6352581977844238
0.3776397407054901
0.5207324028015137
0.38747355341911316
0.512122631072998
0.4848400950431824
0.5760347247123718
0.3664114475250244
0.5677178502082825
0.5948736071586609
0.47185975313186646
0.49856871366500854
0.5886355042457581
0.5129659175872803
0.3879013657569885
0.4387192726135254
0.5045292377471924
0.5527530312538147
0.5110150575637817
0.4162214994430542
0.4314025640487671
0.44489410519599915
0.49313634634017944
0.4759765565395355
0.5017706751823425
0.3852043151855469
0.48943114280700684
0.5448306798934937
0.51479572057724
0.5382385849952698
0.4421643316745758
0.5595376491546631
0.5050438046455383
0.6367390751838684
0.4824831783771515
0.4084201455116272
0.40243422985076904
0.47466447949409485
0.5022768378257751
0.343399316072464
0.4140194058418274
0.6757497787475586
0.5829676985740662
0.6347441077232361
0.48666495084762573
0.44653624296188354
0.4509396553039551
0.4369826316833496
0.5251760482788086
0.6002117395401001
0.3599992096424103
0.46726709604263306
0.4190139174461365
0.4129898250102997
0.2945854067802429
0.46820545196533203
0.5341413021087646
0.556510865688324
0.5831609964370728
0.44511184096336365
0.33297351002693176
0.4820151627063751
0.6473938226699829
0.4385281503200531
0.46509262919425964
0.537302553653717
0.3164443373680115
0.32524383068084717
0.47782036662101746
0.5217391848564148
0.524467945098877
0.3484967052936554
0.4156894087791443
0.45048612356185913
0.36573123931884766
0.3705637753009796
0.43893125653266907
0.542574405670166
0.5359879732131958
0.5142974853515625
0.5178394317626953
0.4084879457950592
0.6153470873832703
0.45972585678100586
0.3579907715320587
0.5375577211380005
0.3649429380893707
0.46138131618499756
0.3693769574165344
0.2933000922203064
0.3509082496166229
0.4500083923339844
0.5007699131965637
0.5053130388259888
0.34584516286849976
0.4163573682308197
0.4436914026737213
0.37999826669692993
0.31796252727508545
0.5742963552474976
0.4154568612575531
0.31989723443984985
0.3651541471481323
0.46223124861717224
0.38206401467323303
0.39878973364830017
0.39089635014533997
0.4963338375091553
0.2513178288936615
0.528593897819519
0.5152525305747986
0.3283224403858185
0.5802434682846069
0.3553570508956909
0.3687102794647217
0.23932841420173645
0.3878587782382965
0.34325307607650757
0.38906604051589966
0.46258413791656494
0.3709490895271301
0.484342098236084
0.46938687562942505
0.3612291216850281
0.30595242977142334
0.2810361981391907
0.5665404796600342
0.3582427501678467
0.3866800367832184
0.26966533064842224
0.3260592818260193
0.28620630502700806
0.519023060798645
0.26941585540771484
0.259540855884552
0.3804715573787689
0.2689647674560547
0.23594331741333008
0.3640827238559723
0.4911556839942932
0.2480369359254837
0.3527669608592987
0.3931728005409241
0.4218411147594452
0.3074271082878113
0.2688239514827728
0.4441029727458954
0.18001317977905273
0.2645030617713928
0.30715200304985046
0.26819419860839844
0.2780168652534485
0.4317930340766907
0.44541135430336
0.26728200912475586
0.31487447023391724
0.3780023753643036
0.4118824005126953
0.21157044172286987
0.31692540645599365
0.23510637879371643
0.43019571900367737
0.21242335438728333
0.3472426235675812
0.13059917092323303
0.27122992277145386
0.2482355833053589
0.20626519620418549
0.4132319390773773
0.24313753843307495
0.27569976449012756
0.23186427354812622
0.3543712794780731
0.3015505075454712
0.18645131587982178
0.3323560059070587
0.3170652985572815
0.1355268359184265
0.10947946459054947
0.28488197922706604
0.19924750924110413
0.250989705324173
0.24953831732273102
0.34190183877944946
0.41847288608551025
0.2741752862930298
0.4660255014896393
0.18226009607315063
0.26109185814857483
0.27640247344970703
0.3705080449581146
0.27138739824295044
0.21267738938331604
0.2782645523548126
0.2624328136444092
0.24599112570285797
0.34298738837242126
0.15844962000846863
0.2420402467250824
0.19227559864521027
0.22042374312877655
0.26126378774642944
0.19530019164085388
0.18360258638858795
0.41524913907051086
0.28564026951789856
0.2565973997116089
0.2998635768890381
0.1349419504404068
0.36909183859825134
0.24897755682468414
0.259232759475708
0.2614113390445709
0.18728701770305634
0.2493366301059723
0.5341185927391052
0.14532041549682617
0.33477655053138733
0.2007753998041153
0.30471473932266235
0.265195369720459
0.30283790826797485
0.2748452425003052
0.289573609828949
0.1520616114139557
0.1442769467830658
0.28098270297050476
0.3086532652378082
0.27027061581611633
0.25599053502082825
0.11237121373414993
0.2798834443092346
0.31524771451950073
0.0874376967549324
0.3132387697696686
0.2875864803791046
0.1745859533548355
0.3567031919956207
0.20419350266456604
0.25197461247444153
0.11885325610637665
0.37238946557044983
0.18250955641269684
0.13164649903774261
0.16593235731124878
0.16860347986221313
0.47537708282470703
0.09697990119457245
0.1756565123796463
0.2157529592514038
0.26902326941490173
0.0903775617480278
0.2701418697834015
0.19741502404212952
0.26157793402671814
0.19396871328353882
0.13284052908420563
0.14780329167842865
0.13835082948207855
0.1847684532403946
0.18564292788505554
0.12348700314760208
0.21827465295791626
0.2034413069486618
0.1346568912267685
0.285845011472702
0.10747601836919785
0.21705089509487152
0.22572477161884308
0.5023341178894043
0.20135147869586945
0.15773378312587738
0.22898952662944794
0.2017637938261032
0.2875189185142517
0.27695432305336
0.2744207978248596
0.19083358347415924
0.19300121068954468
0.16016757488250732
0.1561465859413147
0.11936982721090317
0.1554947793483734
0.29378366470336914
0.1481935679912567
0.20936119556427002
0.07425768673419952
0.1765073537826538
0.23640571534633636
0.12000107765197754
0.19475522637367249
0.22209319472312927
0.3073703348636627
0.07567158341407776
0.1901709884405136
0.16872936487197876
0.19493646919727325
0.2009761780500412
0.18967080116271973
0.20537886023521423
0.24962736666202545
0.10877387970685959
0.24358418583869934
0.09599411487579346
0.20360545814037323
0.15763045847415924
0.13022172451019287
0.16066110134124756
0.198968306183815
0.15671497583389282
0.159932479262352
0.13273128867149353
0.20295368134975433
0.22089719772338867
0.0418039932847023
0.12387580424547195
0.07454382628202438
0.19074587523937225
0.05293548107147217
0.228232741355896
0.17052589356899261
0.26344171166419983
0.22787652909755707
0.22701728343963623
0.2530965507030487
0.20413780212402344
0.10873345285654068
0.19184739887714386
0.16697068512439728
0.16557082533836365
0.2457350492477417
0.14016111195087433
0.17098213732242584
0.24447870254516602
0.19461901485919952
0.15959863364696503
0.1232931911945343
0.18844395875930786
0.30011186003685
0.21091380715370178
0.117426797747612
0.25766721367836
0.15231752395629883
0.3230816721916199
0.1432272046804428
0.15974418818950653
0.2053990662097931
0.18983885645866394
0.31559816002845764
0.26203349232673645
0.16794516146183014
0.20546239614486694
0.24359062314033508
0.2564146816730499
0.14880585670471191
0.1026642918586731
0.14323657751083374
0.13115757703781128
0.05274859070777893
0.06826461851596832
0.1960388869047165
0.09790541231632233
0.29335954785346985
0.21947386860847473
0.16978374123573303
0.19164271652698517
0.23640674352645874
0.17260217666625977
0.2427935153245926
0.23354792594909668
0.25752344727516174
0.1269957423210144
0.18002720177173615
0.18890488147735596
0.13211330771446228
0.13697171211242676
0.16988161206245422
0.16184194386005402
0.16310006380081177
0.22060327231884003
0.16573165357112885
0.2539619505405426
0.1679576337337494
0.1750292330980301
0.1567201316356659
0.209311380982399
0.2710249423980713
0.22433042526245117
0.2669861614704132
0.11874203383922577
0.14585167169570923
0.08306127786636353
0.22413203120231628
0.24242103099822998
0.17890168726444244
0.1580767184495926
0.205563023686409
0.2568002939224243
0.18505847454071045
0.1862173080444336
0.21746410429477692
0.2591150999069214
0.1335255652666092
0.12331800162792206
0.1759939342737198
0.18928474187850952
0.1707240641117096
0.21930810809135437
0.1837022751569748
0.2938529849052429
0.15674588084220886
0.15048812329769135
0.12498486042022705
0.20554521679878235
0.17489217221736908
0.18530051410198212
0.13784687221050262
0.1374026983976364
0.15808147192001343
0.12123934924602509
0.13502010703086853
0.24931474030017853
0.1749318391084671
0.11299782991409302
0.27665165066719055
0.23316676914691925
0.28015249967575073
0.170917809009552
0.32172393798828125
0.14641736447811127
0.2031993269920349
0.323970228433609
0.1927921324968338
0.1365131139755249
0.21170468628406525
0.13892769813537598
0.2490716278553009
0.18678921461105347
0.339279443025589
0.17271766066551208
0.2778138220310211
0.24039460718631744
0.0988280400633812
0.1648426651954651
0.2009049355983734
0.15579703450202942
0.27567780017852783
0.13552254438400269
0.10847282409667969
0.13355430960655212
0.15630167722702026
0.31128379702568054
0.25436264276504517
0.16903899610042572
0.2101106196641922
0.168463334441185
0.21795450150966644
0.28592291474342346
0.33180296421051025
0.18834242224693298
0.23339930176734924
0.1107528805732727
0.186353862285614
0.1911611258983612
0.34845322370529175
0.23076747357845306
0.15873770415782928
0.16369692981243134
0.14240694046020508
0.15220163762569427
0.22882147133350372
0.23537275195121765
0.17895042896270752
0.24734242260456085
0.2161690592765808
0.23186440765857697
0.2323615401983261
0.2114061415195465
0.12322360277175903
0.22414961457252502
0.12910138070583344
0.201072096824646
0.2517828047275543
0.12942524254322052
0.2018447369337082
0.14479456841945648
0.21528838574886322
0.16017098724842072
0.15517579019069672
0.20654548704624176
0.14811426401138306
0.15071357786655426
0.19518274068832397
0.13207317888736725
0.15767358243465424
0.17452523112297058
0.1753661036491394
0.2416871190071106
0.20438893139362335
0.12347385287284851
0.265408992767334
0.14871995151042938
0.1859867423772812
0.4402126669883728
0.23151040077209473
0.2036696821451187
0.20516060292720795
0.1705923229455948
0.36348971724510193
