0.11273962259292603
0.10567246377468109
0.11308328807353973
0.10912583768367767
0.12139072269201279
0.10057064890861511
0.10435982048511505
0.10675185173749924
0.10596130043268204
0.10751169919967651
0.09959758818149567
0.10693022608757019
0.10761818289756775
0.09893470257520676
0.10749584436416626
0.10218147933483124
0.10487991571426392
0.10498133301734924
0.09729164838790894
0.1046825721859932
0.10302761197090149
0.10806028544902802
0.10107342153787613
0.09861192852258682
0.10711763799190521
0.10036271065473557
0.107089564204216
0.09962575137615204
0.10440468788146973
0.09996655583381653
0.10776412487030029
0.1001567542552948
0.09706882387399673
0.10181353986263275
0.1027117595076561
0.1028473973274231
0.09813091158866882
0.10295449942350388
0.09917835891246796
0.10954392701387405
0.09949653595685959
0.10039212554693222
0.09933464229106903
0.10780984163284302
0.09863067418336868
0.10059227794408798
0.09629694372415543
0.10044202953577042
0.10106717050075531
0.09700412303209305
0.098052978515625
0.0983123779296875
0.09822298586368561
0.09860488027334213
0.09780656546354294
0.09478159248828888
0.09523209184408188
0.09445883333683014
0.09576909244060516
0.10008896887302399
0.09398560225963593
0.09646682441234589
0.09218019992113113
0.09665488451719284
0.09834305942058563
0.09753353893756866
0.0979890376329422
0.10055951029062271
0.09703283756971359
0.09314122051000595
0.09444630146026611
0.09748680144548416
0.09179309010505676
0.09259510040283203
0.0904722660779953
0.09831925481557846
0.0926518365740776
0.09017741680145264
0.09396063536405563
0.09047285467386246
0.09270335733890533
0.09117651730775833
0.09162251651287079
0.08683624118566513
0.09061087667942047
0.08834728598594666
0.08573290705680847
0.08859992772340775
0.08986420184373856
0.0903882384300232
0.08415409177541733
0.08911522477865219
0.08566354215145111
0.09068214893341064
0.08635799586772919
0.09118998050689697
0.08205828070640564
0.08396825194358826
0.08035121113061905
0.08468443155288696
0.0811973586678505
0.08039551973342896
0.0833880603313446
0.0801292434334755
0.08740833401679993
0.07687968015670776
0.08713321387767792
0.07230359315872192
0.0767500102519989
0.07793447375297546
0.07683753967285156
0.0908767506480217
0.07177426666021347
0.06628364324569702
0.07521883398294449
0.06851465255022049
0.07261727005243301
0.0718362107872963
0.07026250660419464
0.07598759233951569
0.05514393374323845
0.059228405356407166
0.06478282064199448
0.0553545318543911
0.06007270887494087
0.06002600118517876
0.047941867262125015
0.058399561792612076
0.05494282767176628
0.05462152510881424
0.05419943109154701
0.05352167412638664
0.05590574070811272
0.039806801825761795
0.05313173308968544
0.03355886787176132
0.03766697272658348
0.040285754948854446
0.04230991750955582
0.043974619358778
0.03640243411064148
0.03655996546149254
0.04171665757894516
0.03887848183512688
0.03087298572063446
0.028599774464964867
0.026483898982405663
0.027607042342424393
0.029188763350248337
0.03366846591234207
0.02908802032470703
0.030161529779434204
0.02095298282802105
0.020187152549624443
0.02552306465804577
0.015636472031474113
0.022794527933001518
0.017248796299099922
0.018123049288988113
0.010447446256875992
0.01519077643752098
0.012456662952899933
0.014648007228970528
0.01185565534979105
0.014238585717976093
0.011412879452109337
0.007765929214656353
0.0044013457372784615
0.007877062074840069
0.009239967912435532
0.006595138926059008
0.0077667320147156715
0.0069039128720760345
0.005319214425981045
0.0037017171271145344
0.003786190412938595
0.005572214722633362
0.011096789501607418
0.007315755356103182
0.005331096239387989
0.004870452918112278
0.008663637563586235
0.006045524030923843
0.0028111040592193604
0.02781088650226593
0.006388278212398291
0.004022692795842886
0.009307470172643661
0.0021798755042254925
0.009943339973688126
0.008839232847094536
0.004438184201717377
0.008463498204946518
0.0032277279533445835
0.004989561624825001
0.0031139038037508726
0.002772171050310135
0.005470432341098785
0.008222199976444244
0.0073178778402507305
0.008015398867428303
0.004179670475423336
0.003489213064312935
0.00665663555264473
0.007554939482361078
0.005852087400853634
0.006656080950051546
0.0080608781427145
0.006007552146911621
0.007008458953350782
0.006145642139017582
0.010076434351503849
0.013024009764194489
0.012176885269582272
0.005680412985384464
0.005766663700342178
0.0077713867649436
0.010753229260444641
0.008785240352153778
0.007955488748848438
0.007119130343198776
0.008644448593258858
0.007166726049035788
0.005510506685823202
0.005940081551671028
0.011509522795677185
0.009051509201526642
0.009088756516575813
0.008235739544034004
0.021163268014788628
0.009138869121670723
0.013684977777302265
0.008485088124871254
0.011359607800841331
0.012502778321504593
0.007212991360574961
0.009957500733435154
0.006522517651319504
0.007386190351098776
0.010833505541086197
0.005511193536221981
0.014260547235608101
0.01142907328903675
0.008983944542706013
0.006816337816417217
0.010351398028433323
0.005176942329853773
0.012557407841086388
0.007141356356441975
0.007175220176577568
0.00816855113953352
0.003564105834811926
0.009177801199257374
0.012650740332901478
0.010829294100403786
0.010584879666566849
0.006520275957882404
0.008785044774413109
0.007271669339388609
0.012371227145195007
0.007462732028216124
0.009091073647141457
0.008849535137414932
0.009195081889629364
0.013097998686134815
0.005711151286959648
0.013944651000201702
0.004068875219672918
0.005847693420946598
0.009947646409273148
0.009132342413067818
0.008263261057436466
0.012366226874291897
0.005256165750324726
0.0041074142791330814
0.008855270221829414
0.003334164386615157
0.007517713587731123
0.005695019848644733
0.0026115253567695618
0.005123909562826157
0.0050916606560349464
0.009713367559015751
0.003097186330705881
0.023481467738747597
0.008983484469354153
0.00786591600626707
0.012562142685055733
0.0026679523289203644
0.007976503111422062
0.005259017925709486
0.003911281935870647
0.004291927441954613
0.014316301792860031
0.005807839334011078
0.004546350333839655
0.007612649351358414
0.00688718119636178
0.0032275940757244825
0.004293560516089201
0.005891554057598114
0.009493163786828518
0.007663096766918898
0.003476516343653202
0.008772119879722595
0.003586233127862215
0.004498997703194618
0.01721399649977684
0.0013125123223289847
0.003405421506613493
0.001704418333247304
0.003510700538754463
0.001838006661273539
0.0024492302909493446
0.006421793717890978
0.0024441350251436234
0.0035366106312721968
0.007739958353340626
0.0039229439571499825
0.004980820696800947
0.0019605266861617565
0.004493964370340109
0.0034744315780699253
0.00368032930418849
0.003381094429641962
0.0023847315460443497
0.003257488366216421
0.002525219926610589
0.0012043042806908488
0.0026123826391994953
0.002323538064956665
0.005133089143782854
0.00248352880589664
0.003262536134570837
0.005338488612323999
0.0009500047890469432
0.0028188987635076046
0.0024570319801568985
0.0015485105104744434
0.0028956765308976173
0.003958150744438171
0.004377385135740042
0.004002972040325403
0.0022271228954195976
0.0022644028067588806
0.004536810796707869
0.0024149823002517223
0.0020361600909382105
0.003257039003074169
0.0027407589368522167
0.004007489420473576
0.0018590610707178712
0.002021204913035035
0.0028049759566783905
0.002779143862426281
0.00306691718287766
0.002145766746252775
0.0019208292942494154
0.0024484426248818636
0.001968523021787405
0.003395841922610998
0.003195237135514617
0.0037067411467432976
0.001216934178955853
0.003158747684210539
0.0013830165844410658
0.003096956294029951
0.0016878677997738123
0.003273655427619815
0.0021527523640543222
0.0026839564088732004
0.0035782058257609606
0.00348027516156435
0.0015317482175305486
0.002618303755298257
0.0026702270843088627
0.005171326920390129
0.0025383122265338898
0.004077652934938669
0.0019557191990315914
0.0017213472165167332
0.002829458098858595
0.00293969688937068
0.0025664144195616245
0.0036878695245832205
0.0027523899916559458
0.0033905634190887213
0.001813820330426097
0.0059112319722771645
0.0023056496866047382
0.0030400711111724377
0.0013586244313046336
0.004038352519273758
0.003009171225130558
0.0022690719924867153
0.00407673604786396
0.0036480939015746117
0.0044897920452058315
0.0038750944659113884
0.0041870055720210075
0.002706569619476795
0.0025914525613188744
0.0010095704346895218
0.002375815063714981
0.005129885859787464
0.0026581482961773872
0.002241999376565218
0.0023108618333935738
0.002069635782390833
0.0029053729958832264
0.0014552028151229024
0.002090496476739645
0.0027588012162595987
0.002051583956927061
0.0030484383460134268
0.0036626101937144995
0.0038796267472207546
0.002111083595082164
0.0027533303946256638
0.0026311776600778103
0.0024350909516215324
0.0026234753895550966
0.004371895454823971
0.002212837338447571
0.004353914875537157
0.0018045891774818301
0.0027429750189185143
0.0031402921304106712
0.0031397126149386168
0.0036205570213496685
0.002874020952731371
0.0022977455519139767
0.0028114307206124067
0.0052964938804507256
0.0032976940274238586
0.0026817459147423506
0.0048361290246248245
0.0041338177397847176
0.0032863132655620575
0.006707376334816217
0.0031670979224145412
0.0033120554871857166
0.004158226773142815
0.0029097450897097588
0.0026152769569307566
0.0014383903471753001
0.006302623078227043
0.0014914327766746283
0.002335897646844387
0.0030665756203234196
0.005209737922996283
0.004724825732409954
0.0025452133268117905
0.00457267789170146
0.0017146607860922813
0.0008958565886132419
0.0011126687750220299
0.0033826869912445545
0.0021094470284879208
0.0033590244129300117
0.003210305003449321
0.0023736092261970043
0.0025331841316074133
0.0033718058839440346
0.0033957036212086678
0.0029127264861017466
0.0031763222068548203
0.003105655312538147
0.003785652806982398
0.002533589955419302
0.005202565807849169
0.0019032484851777554
0.0048747314140200615
0.0018885709578171372
0.004760676994919777
0.006124256178736687
0.003876069560647011
0.004716391209512949
0.0027675521560013294
0.0029332898557186127
0.0011930057080462575
0.004296815954148769
0.0020276103168725967
0.0027832873165607452
0.006216183304786682
0.003930522128939629
0.003562622470781207
0.003818308236077428
0.005113509483635426
0.003030596300959587
0.0023255713749676943
0.004174449481070042
0.0024637330789119005
0.003301045624539256
0.0034774048253893852
0.0025284148287028074
0.005434144753962755
0.0035072206519544125
0.0049691516906023026
0.0017653958639129996
0.0040817540138959885
0.005881007760763168
0.004113663453608751
0.003915084060281515
0.004361131694167852
0.00858449749648571
0.004274184815585613
0.005027417093515396
0.002578963292762637
0.001720330910757184
0.0014998135156929493
0.003177051665261388
0.004057022742927074
0.004684160463511944
0.0031011831015348434
0.003926611505448818
0.0018025534227490425
0.003668805118650198
0.004231242462992668
0.004467288963496685
0.0038697822019457817
0.0047121718525886536
0.0027860808186233044
0.004898216109722853
0.003669982310384512
0.0032252648379653692
0.002959344070404768
0.003373082261532545
0.0029715606942772865
0.004151167813688517
0.0049248686991631985
0.0026305094361305237
0.002959945471957326
0.004201771225780249
0.005541758146136999
0.0050547621212899685
0.005125874187797308
0.009069160558283329
0.0055432445369660854
0.0035146125592291355
0.00374802527949214
0.00287521630525589
0.0031102586071938276
0.00389860849827528
0.005168535280972719
0.0019212433835491538
0.0036768517456948757
0.0035961265675723553
0.0058885314501821995
0.005317355506122112
0.007879391312599182
0.003022780641913414
0.004175777547061443
0.007945106364786625
0.0037280318792909384
0.0040556760504841805
0.004422320984303951
0.0037451055832207203
0.0060935127548873425
0.004462230484932661
0.005186721216887236
0.004891412332653999
0.004799961112439632
0.005963403731584549
0.0025808578357100487
0.003080910537391901
0.004177075810730457
0.0024139380548149347
0.0045977928675711155
0.00443258648738265
0.0034239254891872406
0.003374797757714987
0.0020018774084746838
0.003358235117048025
0.0019034403376281261
0.0043298788368701935
0.004381129052489996
0.005078734830021858
0.0039770398288965225
0.0031679344829171896
0.005273131653666496
0.0038138378877192736
0.0017313910648226738
0.0029839221388101578
0.003952026832848787
0.0039031030610203743
0.0037987087853252888
0.0031659011729061604
0.00268275267444551
0.006450669839978218
0.004427147097885609
0.0049441056326031685
0.0029180257115513086
0.003697892650961876
0.0040577482432127
0.003575157141312957
0.005783787928521633
0.004006036091595888
0.0014703150372952223
0.0046660820953547955
0.005593752488493919
0.0025744095910340548
0.0031784148886799812
0.0053773727267980576
0.005234183743596077
0.004995452240109444
0.004584991838783026
0.002467429731041193
0.006153102032840252
0.002101932419463992
0.005890646018087864
0.004804108291864395
0.004715291783213615
0.0065361736342310905
0.0038633858785033226
0.005435819737613201
0.0031304259318858385
0.0048500169068574905
0.003024928504601121
0.004707075655460358
0.004721830599009991
0.005091408267617226
0.004691837355494499
0.005219117738306522
0.005084015894681215
0.004327917471528053
0.002515286672860384
0.0044478182680904865
0.004555010702461004
0.004619751125574112
0.006162253208458424
0.0025484194047749043
0.004114107228815556
0.005480174906551838
0.0038553052581846714
0.004438074305653572
0.004730727057904005
0.006317520048469305
0.004850910976529121
0.0032312902621924877
0.0027948380447924137
0.0036743171513080597
0.002528698183596134
0.0046991221606731415
0.007166237570345402
0.003270088229328394
0.0046663787215948105
0.004540212918072939
0.004635268822312355
0.008267910219728947
0.003136435989290476
0.005981557536870241
0.004413994960486889
0.004865371156483889
0.002799614565446973
0.0036692272406071424
0.003832376329228282
0.0022273254580795765
0.0025957850739359856
0.004158469382673502
0.005595371127128601
0.00298896012827754
0.0037903692573308945
0.0025272327475249767
0.004300673026591539
0.003519366029649973
0.0034037698060274124
0.005362179130315781
0.0035464907996356487
0.0034429654479026794
0.004051258787512779
0.004811204969882965
0.0031767752952873707
0.003217104822397232
0.003127467352896929
0.004186639562249184
0.0035021454095840454
0.004192182794213295
0.005067485850304365
0.004029629286378622
0.0027335742488503456
0.004202638752758503
0.002343828557059169
0.006536024622619152
0.0028266399167478085
0.0038060250226408243
0.0029346279334276915
0.00463140057399869
0.00526038184762001
0.003732055425643921
0.0021238806657493114
0.0026474425103515387
0.0022568353451788425
0.0027440479025244713
0.004307807423174381
0.002617966616526246
0.003277634270489216
0.004194996319711208
0.0023211422376334667
0.0033252653665840626
0.0028212929610162973
0.0029608861077576876
0.004085398279130459
0.0030882679857313633
0.004201137460768223
0.0020582389552146196
0.0040755001828074455
0.003012922126799822
0.0041385856457054615
0.003654009196907282
0.002779484260827303
0.004865515045821667
0.005030244588851929
0.003938703332096338
0.004682804457843304
0.0031418954022228718
0.0037414345424622297
0.003009393811225891
0.002841267269104719
0.0023671183735132217
0.00376113411039114
0.003522480372339487
0.002025898080319166
0.004581595305353403
0.004418224096298218
0.0035642744041979313
0.0035124337300658226
0.002344153355807066
0.003394169732928276
0.004276045132428408
0.00563751021400094
0.0027479790151119232
0.004221491515636444
0.003213952062651515
0.0023260631132870913
0.0034370776265859604
0.0024787341244518757
0.005324588622897863
0.0045571401715278625
0.0028486791998147964
0.0034205354750156403
0.002019856357946992
0.003546423278748989
0.004689205903559923
0.005819743499159813
0.0037938635796308517
0.003980099689215422
0.0041616810485720634
0.0027839718386530876
0.00426797429099679
0.004873480647802353
0.0033358167856931686
0.0033465141896158457
0.0033168240915983915
0.0031852838583290577
0.0026497754734009504
0.0029474524781107903
0.0031310722697526217
0.0027192041743546724
0.004576996434479952
0.005490991286933422
0.00481409439817071
0.003146381350234151
0.002314074896275997
0.005803116597235203
0.002407602034509182
0.0024767378345131874
0.004435050301253796
0.0017721035983413458
0.0023545781150460243
0.0026652789674699306
0.005055155139416456
0.0028189239092171192
0.00378275359980762
0.002284163609147072
0.004342843312770128
0.002784016542136669
0.00412287563085556
0.003391577396541834
0.0034946072846651077
0.0032116402871906757
0.0028537828475236893
0.004879806190729141
0.00421463418751955
0.0034861634485423565
0.0030211631674319506
0.002523896051570773
0.003699062392115593
0.0032802121713757515
0.003913793712854385
0.003712364239618182
0.005276956595480442
0.0032172510400414467
0.0017203176394104958
0.0032697285059839487
0.003843975253403187
0.0018901966977864504
0.0020761797204613686
0.0032140472903847694
0.0037567135877907276
0.0035001584328711033
0.003962327726185322
0.003164268098771572
0.004244615323841572
0.0029085746500641108
0.003683154471218586
0.0007940194918774068
0.00350775895640254
0.0033787107095122337
0.002895713783800602
0.002314532408490777
0.0028104232624173164
0.0030299562495201826
0.003904483048245311
0.002533819293603301
0.0037922924384474754
0.0028799395076930523
0.004082264378666878
0.004592530895024538
0.0018482543528079987
0.0011735503794625401
0.0024144400376826525
0.004813129547983408
0.0032654288224875927
0.004101559054106474
0.004119924269616604
0.0034372739028185606
0.0019214283674955368
0.0035155699588358402
0.002730817999690771
0.0024958541616797447
0.004024584777653217
0.0026104976423084736
0.0030356997158378363
0.004778956063091755
0.003287731669843197
0.0030052203219383955
0.0017791639547795057
0.0024674376472830772
0.0029779616743326187
0.002444489626213908
0.002420425647869706
0.0021937773562967777
0.00426076166331768
0.0032928665168583393
0.0024526440538465977
0.0028665238060057163
0.002088135341182351
0.003692829515784979
0.0027434052899479866
0.0037002330645918846
0.003412288147956133
0.0024701254442334175
0.0033114287070930004
0.0037315795198082924
0.002826665062457323
0.0037030032835900784
0.003119067521765828
0.00280174077488482
0.0025603012181818485
0.002254422288388014
0.0030092757660895586
0.003050568513572216
0.0028114118613302708
0.0037382165901362896
0.002369890920817852
0.002855200320482254
0.002901082392781973
0.002110564848408103
0.0031204354017972946
0.0026582374703139067
0.0017860152292996645
0.0018306805286556482
0.0024884454905986786
0.0038945614360272884
0.0022701784037053585
0.0033172520343214273
0.0014437783975154161
0.0031015737913548946
0.0030522658489644527
0.002684694714844227
0.003789176233112812
0.0022377516143023968
0.0026316994335502386
0.0031203576363623142
0.003580358810722828
0.0028516240417957306
0.0031500705517828465
0.0017895759083330631
0.002121969126164913
0.001904801232740283
0.002636772347614169
0.0027575225103646517
0.002785312943160534
0.0023537513334304094
0.002537456341087818
0.0028660737443715334
0.0018159756436944008
0.0036429984029382467
0.0025533651933073997
0.0033996854908764362
0.002117682248353958
0.0027734634932130575
0.003238680073991418
0.0016583561664447188
0.0031346483156085014
0.002453375607728958
0.0028663654811680317
0.0016109832795336843
0.0017858583014458418
0.002314270008355379
0.0011396463960409164
0.0024283251259475946
0.002564238151535392
0.0025077536702156067
0.0031660180538892746
0.0027732839807868004
0.003213023068383336
0.0036874685902148485
0.002572239376604557
0.002747350838035345
0.0018771521281450987
0.002365595893934369
0.0030039423145353794
0.0031276375520974398
0.0016421652399003506
0.0039907172322273254
0.0025896281003952026
0.002790347672998905
0.0031806393526494503
0.0021647808607667685
0.00398093368858099
0.0022424825001507998
0.0020515897776931524
0.0023056701757013798
0.0028548301197588444
0.002913285046815872
0.002427679719403386
0.0021560874301940203
0.0016490014968439937
0.0010317661799490452
0.0022041448391973972
0.003446561051532626
0.0017839656211435795
0.0016620480455458164
0.002679202938452363
0.0017324280925095081
0.002583136083558202
0.0023650415241718292
0.0032001673243939877
0.0015244338428601623
0.001885881763882935
0.0024385391734540462
0.004181318916380405
0.0031689307652413845
0.0025529516860842705
0.002799761714413762
0.0019639991223812103
0.001751971198245883
0.002405488630756736
0.0022396433632820845
0.0015467359917238355
0.0023337893653661013
0.0032048202119767666
0.0030079379212111235
0.0020645782351493835
0.002654594834893942
0.003104011993855238
0.0021376905497163534
0.0028594888281077147
0.0031620212830603123
0.0028830633964389563
0.0052962955087423325
0.0032245884649455547
0.002611542120575905
0.002596598817035556
0.0024065342731773853
0.0029517977964133024
0.0021068102214485407
0.001802972168661654
0.0013272666838020086
0.0010512163862586021
0.0029417118057608604
0.00242077698931098
0.002689446322619915
0.0023661996237933636
0.000732553075067699
0.003594647627323866
0.0021369182504713535
0.0020700630266219378
0.0029841912910342216
0.002573362784460187
0.0021537949796766043
0.002614677185192704
0.0018012260552495718
0.002516035921871662
0.002688205800950527
0.0015767004806548357
0.0022256323136389256
0.0022781789302825928
