0.5997310876846313
0.6157032251358032
0.5931044816970825
0.6055666208267212
0.5776161551475525
0.594735324382782
0.5963279008865356
0.5930461287498474
0.5901304483413696
0.61258864402771
0.596670925617218
0.6030882000923157
0.5949472188949585
0.5973351001739502
0.5928073525428772
0.5922921895980835
0.5806288719177246
0.610838770866394
0.610350489616394
0.5640981197357178
0.5854898691177368
0.5944993495941162
0.5851311087608337
0.5828511118888855
0.5962421298027039
0.5980713367462158
0.5674827098846436
0.582567036151886
0.599993109703064
0.5855497717857361
0.5808343291282654
0.562772274017334
0.5478653311729431
0.5716300010681152
0.5998481512069702
0.5685560703277588
0.5598053932189941
0.5719135403633118
0.5502424836158752
0.5079647302627563
0.5433893203735352
0.556065559387207
0.5339151620864868
0.5421555042266846
0.5338773131370544
0.5443751811981201
0.4930022656917572
0.5080539584159851
0.5348368287086487
0.4834795296192169
0.5276364684104919
0.5167028307914734
0.5246644020080566
0.5325186848640442
0.528494656085968
0.4852856397628784
0.5143433213233948
0.42537999153137207
0.5071826577186584
0.5061867833137512
0.4327590763568878
0.3865687847137451
0.3524255156517029
0.3086850643157959
0.2651580274105072
0.22278562188148499
0.19048050045967102
0.16243085265159607
0.19425912201404572
0.22025960683822632
0.11845801770687103
0.24718059599399567
0.12076719105243683
0.10958129912614822
0.09410585463047028
0.09034883975982666
0.0968572124838829
0.11641247570514679
0.17669092118740082
0.25461137294769287
0.12687091529369354
0.11083746701478958
0.17536571621894836
0.1381237506866455
0.22123076021671295
0.2475222647190094
0.16524866223335266
0.23530623316764832
0.24423837661743164
0.24502840638160706
0.2766155004501343
0.20127522945404053
0.3057706952095032
0.2786337733268738
0.11174409836530685
0.19969287514686584
0.2524546682834625
0.2858909070491791
0.3452061116695404
0.27179592847824097
0.26052355766296387
0.39365869760513306
0.41691291332244873
0.42117804288864136
0.3112313449382782
0.35534608364105225
0.35670363903045654
0.36225393414497375
0.36585789918899536
0.33402225375175476
0.3657166659832001
0.3877003788948059
0.36723172664642334
0.4269178509712219
0.2885046601295471
0.40732941031455994
0.45496422052383423
0.29342201352119446
0.4917532801628113
0.4322909414768219
0.4074750542640686
0.45905619859695435
0.4768519103527069
0.39171481132507324
0.49814626574516296
0.43896567821502686
0.4167102873325348
0.36206939816474915
0.4114600121974945
0.4740193784236908
0.39017346501350403
0.4761183261871338
0.45354488492012024
0.4206198751926422
0.4289901554584503
0.4709899425506592
0.46722039580345154
0.48163461685180664
0.3969516456127167
0.4670729637145996
0.4400039315223694
0.3825247585773468
0.4715105891227722
0.42201271653175354
0.49297598004341125
0.5014550685882568
0.5000507235527039
0.4120928943157196
0.4912340044975281
0.4292807877063751
0.46769291162490845
0.512486457824707
0.3700431287288666
0.4744395315647125
0.452165812253952
0.5201786160469055
0.4946175515651703
0.42315223813056946
0.43900302052497864
0.39478233456611633
0.3944212794303894
0.45186901092529297
0.41016873717308044
0.4026947319507599
0.461742103099823
0.5072968006134033
0.5470254421234131
0.4514566957950592
0.37295717000961304
0.4353677034378052
0.4127276539802551
0.4438015818595886
0.4499562084674835
0.4614637792110443
0.52020263671875
0.3878311216831207
0.4211220443248749
0.4672386050224304
0.44016051292419434
0.4375406503677368
0.42867767810821533
0.4474817216396332
0.4667077660560608
0.45723578333854675
0.44168972969055176
0.4497707486152649
0.5054770708084106
0.47345492243766785
0.41384273767471313
0.46448051929473877
0.43773216009140015
0.40258824825286865
0.43370991945266724
0.48168373107910156
0.43348780274391174
0.4630160629749298
0.5217757225036621
0.4876105487346649
0.4960379898548126
0.4542063772678375
0.460701584815979
0.37266620993614197
0.47015705704689026
0.47393426299095154
0.45867016911506653
0.44766169786453247
0.49391233921051025
0.4521600306034088
0.47230595350265503
0.38674595952033997
0.47960880398750305
0.49915292859077454
0.4352900981903076
0.4482322037220001
0.4447668492794037
0.47699233889579773
0.4364699423313141
0.4223446249961853
0.4612467885017395
0.3950244188308716
0.4032214283943176
0.504412829875946
0.4662650227546692
0.47140076756477356
0.4810669720172882
0.4674934148788452
0.40918242931365967
0.48116928339004517
0.390106201171875
0.44823428988456726
0.48141729831695557
0.5081961154937744
0.4651707708835602
0.4440280497074127
0.4979342222213745
0.49426689743995667
0.4409063160419464
0.41084665060043335
0.42895418405532837
0.45962655544281006
0.4393312335014343
0.47836944460868835
0.53388512134552
0.44232529401779175
0.46517452597618103
0.49239984154701233
0.5018637180328369
0.47157248854637146
0.49218472838401794
0.43101024627685547
0.4650927484035492
0.43898138403892517
0.47415652871131897
0.4136527180671692
0.44921883940696716
0.4250473082065582
0.4721141755580902
0.4046221673488617
0.4461071491241455
0.4268890619277954
0.4690600633621216
0.4576350450515747
0.4647004306316376
0.4626999795436859
0.45043501257896423
0.3942347466945648
0.437565416097641
0.4558566212654114
0.4454086422920227
0.48672962188720703
0.41302767395973206
0.41860902309417725
0.36664479970932007
0.34936338663101196
0.46115729212760925
0.3999871015548706
0.47017571330070496
0.45376816391944885
0.47697752714157104
0.44035711884498596
0.3930199444293976
0.5343893766403198
0.42645689845085144
0.45210233330726624
0.4455806314945221
0.45964521169662476
0.4295539855957031
0.42003148794174194
0.410399854183197
0.45107516646385193
0.497540146112442
0.4142124652862549
0.48197299242019653
0.45959174633026123
0.4304582476615906
0.42273256182670593
0.42439618706703186
0.3786048889160156
0.4373699426651001
0.36345693469047546
0.4398993253707886
0.40451323986053467
0.4359684884548187
0.41530701518058777
0.4656800329685211
0.4007833003997803
0.5381353497505188
0.41147473454475403
0.3859769105911255
0.48263585567474365
0.4667885899543762
0.42430880665779114
0.5174884796142578
0.37873804569244385
0.4210989475250244
0.4961514174938202
0.46043160557746887
0.3905685245990753
0.44990190863609314
0.447488009929657
0.42095789313316345
0.3832356035709381
0.41391023993492126
0.3551509976387024
0.38094642758369446
0.4449351131916046
0.4353713095188141
0.44834616780281067
0.4090055823326111
0.3699372410774231
0.5035815834999084
0.40006667375564575
0.47407209873199463
0.498518168926239
0.41380345821380615
0.3962194323539734
0.4627465605735779
0.4872055947780609
0.4790964424610138
0.38595256209373474
0.3820877969264984
0.3238134980201721
0.3273554742336273
0.49598950147628784
0.38721391558647156
0.43301689624786377
0.4293989837169647
0.44150999188423157
0.47648680210113525
0.48836246132850647
0.4516685903072357
0.38762134313583374
0.4158252775669098
0.3518114686012268
0.38475939631462097
0.3924517333507538
0.48165422677993774
0.4232906997203827
0.31911808252334595
0.3877042829990387
0.3672288954257965
0.3462122678756714
0.41889065504074097
0.3638819456100464
0.4091499447822571
0.4318273365497589
0.5259590148925781
0.4314364492893219
0.4465949535369873
0.4313299059867859
0.42780643701553345
0.4724116027355194
0.36055755615234375
0.35066649317741394
0.4468193054199219
0.41226115822792053
0.4132578372955322
0.28366631269454956
0.40581807494163513
0.46625852584838867
0.3767324686050415
0.4527148902416229
0.42960232496261597
0.3895420432090759
0.4257110059261322
0.4280458688735962
0.4219197928905487
0.35388925671577454
0.34184136986732483
0.39563682675361633
0.3934265375137329
0.3931843340396881
0.4629451632499695
0.3310847580432892
0.3934652507305145
0.3967238962650299
0.3382546603679657
0.3054279088973999
0.4798303246498108
0.5206019282341003
0.39317792654037476
0.4726274609565735
0.3169068396091461
0.5064208507537842
0.3452470302581787
0.3090225160121918
0.4450484812259674
0.4112139344215393
0.5168070197105408
0.4039623737335205
0.39767971634864807
0.3585604727268219
0.37221330404281616
0.4976361393928528
0.41531527042388916
0.4279400706291199
0.39966025948524475
0.44362619519233704
0.43103063106536865
0.34733712673187256
0.39143213629722595
0.3781883716583252
0.24662980437278748
0.5005884766578674
0.3239499032497406
0.4945507347583771
0.4403062164783478
0.29304105043411255
0.294589102268219
0.35813412070274353
0.380401611328125
0.38892874121665955
0.3143104910850525
0.298931747674942
0.29897603392601013
0.49681365489959717
0.4375936985015869
0.3956145942211151
0.34077131748199463
0.24712958931922913
0.3200816512107849
0.3861404359340668
0.31533169746398926
0.41812825202941895
0.42527270317077637
0.4152090847492218
0.38665151596069336
0.3383089303970337
0.4164106249809265
0.4348539412021637
0.3210488557815552
0.3441965878009796
0.47264233231544495
0.3237358331680298
0.3847649395465851
0.35215628147125244
0.30224281549453735
0.2968035638332367
0.2981701195240021
0.37217867374420166
0.5173989534378052
0.3859693706035614
0.3496854901313782
0.3443005681037903
0.40251120924949646
0.38191503286361694
0.37486714124679565
0.30312684178352356
0.3884338140487671
0.22770622372627258
0.42739856243133545
0.3111855983734131
0.34615203738212585
0.29777097702026367
0.4138614535331726
0.4593960642814636
0.2848880887031555
0.299763560295105
0.2737857401371002
0.40295514464378357
0.4500442147254944
0.35831019282341003
0.42957717180252075
0.34152013063430786
0.38141268491744995
0.34531131386756897
0.4214688837528229
0.31782978773117065
0.360215961933136
0.3111698031425476
0.32010596990585327
0.35712867975234985
0.48035725951194763
0.3662230372428894
0.24952468276023865
0.2895503342151642
0.36772024631500244
0.36387136578559875
0.17546138167381287
0.436968594789505
0.25626668334007263
0.2902902364730835
0.3536665737628937
0.3033343553543091
0.33941805362701416
0.27645137906074524
0.27406254410743713
0.3288632929325104
0.2924954295158386
0.3302389979362488
0.2916242182254791
0.42918363213539124
0.38995108008384705
0.3699910342693329
0.233066126704216
0.286204993724823
0.33902454376220703
0.3818241357803345
0.3921741545200348
0.33635666966438293
0.39400118589401245
0.41884103417396545
0.36408179998397827
0.19902050495147705
0.2964032292366028
0.29597821831703186
0.2151590883731842
0.22084933519363403
0.22498802840709686
0.3612295091152191
0.3998819887638092
0.2838464677333832
0.3843289315700531
0.17797517776489258
0.3796355128288269
0.3270474374294281
0.26894068717956543
0.23499679565429688
0.4036330282688141
0.4094940423965454
0.34421205520629883
0.37190690636634827
0.29581907391548157
0.22911454737186432
0.5004197359085083
0.35022974014282227
0.29691070318222046
0.3550071716308594
0.27610501646995544
0.34837988018989563
0.32121291756629944
0.29683810472488403
0.16993805766105652
0.33266979455947876
0.16451162099838257
0.23152309656143188
0.2704649269580841
0.23031143844127655
0.3785562217235565
0.2418232560157776
0.22814705967903137
0.2629602253437042
0.24337689578533173
0.21280862390995026
0.22784148156642914
0.29381856322288513
0.2578541338443756
0.17875199019908905
0.17193026840686798
0.19925618171691895
0.1857437789440155
0.23591101169586182
0.2848246097564697
0.29344308376312256
0.23665183782577515
0.2114628404378891
0.2317362129688263
0.33868706226348877
0.3243890404701233
0.236817866563797
0.19642341136932373
0.30003419518470764
0.29770004749298096
0.21189582347869873
0.18979662656784058
0.31225794553756714
0.2642812728881836
0.17531660199165344
0.12269897013902664
0.261305570602417
0.320439875125885
0.1509353220462799
0.16133898496627808
0.18964987993240356
0.22506558895111084
0.3229038119316101
0.221771702170372
0.28564077615737915
0.30877238512039185
0.24948662519454956
0.26403841376304626
0.2019580751657486
0.20060618221759796
0.36688950657844543
0.14623109996318817
0.4098195731639862
0.08511605113744736
0.1922832876443863
0.23898614943027496
0.2844615578651428
0.18272842466831207
0.3211481273174286
0.21588736772537231
0.17505675554275513
0.32682284712791443
0.15169170498847961
0.17966586351394653
0.2986390292644501
0.17649373412132263
0.212814599275589
0.29355013370513916
0.14001810550689697
0.12531232833862305
0.17674672603607178
0.2688656151294708
0.20123018324375153
0.13726657629013062
0.07478595525026321
0.19130128622055054
0.28654345870018005
0.2154054492712021
0.10356888175010681
0.19319117069244385
0.22233766317367554
0.17051611840724945
0.15060704946517944
0.23447909951210022
0.10115154087543488
0.08919492363929749
0.15908043086528778
0.27580326795578003
0.19954897463321686
0.12506890296936035
0.1073487401008606
0.15076392889022827
0.11213798820972443
0.12062346935272217
0.25718244910240173
0.18719811737537384
0.14760465919971466
0.06870553642511368
0.2056288719177246
0.14110858738422394
0.17977051436901093
0.24132049083709717
0.14501073956489563
0.1110471561551094
0.3074629008769989
0.28357115387916565
0.1532762050628662
0.1410001516342163
0.17859244346618652
0.0438409149646759
0.11495204269886017
0.09438198059797287
0.2437618374824524
0.0945340245962143
0.16308370232582092
0.08449900150299072
0.2948738932609558
0.2432825267314911
0.10480652004480362
0.12044559419155121
0.2914833426475525
0.05710510164499283
0.07873405516147614
0.11720109730958939
0.04663632810115814
0.13195738196372986
0.2732987105846405
0.18740880489349365
0.03770146518945694
0.14523640275001526
0.11027200520038605
0.30573588609695435
0.2146231234073639
0.012746959924697876
0.049044132232666016
0.24095818400382996
0.12193170189857483
0.07808533310890198
0.11258692294359207
0.093094103038311
0.22025416791439056
0.15375731885433197
0.06169679015874863
0.10898307710886002
0.010856904089450836
0.0628291517496109
0.02077215164899826
0.12376116216182709
0.060185641050338745
0.34852564334869385
0.06844359636306763
0.08384330570697784
0.017690330743789673
0.10425058752298355
0.08780446648597717
0.07060723751783371
0.22896087169647217
0.08023722469806671
0.07116853445768356
0.06364642828702927
0.17841331660747528
0.12192545086145401
0.11922924220561981
0.23152045905590057
0.13069820404052734
0.10532023757696152
0.06692846864461899
0.12674984335899353
0.05236857011914253
0.1464405208826065
0.1847975105047226
0.1585913598537445
0.09119024872779846
0.10198451578617096
0.07272172719240189
0.03483135253190994
0.07829920947551727
0.08123784512281418
0.23127295076847076
0.0632048174738884
0.08050806820392609
0.14186608791351318
0.12534905970096588
0.08103939145803452
0.0983334481716156
0.24903082847595215
0.11354753375053406
0.09229777753353119
0.06537295132875443
0.11181143671274185
0.1896655410528183
0.08244466036558151
0.08019354939460754
0.10839993506669998
0.17668162286281586
0.062471602112054825
0.1291559487581253
0.11368604004383087
0.08070944249629974
0.1445959210395813
0.08625953644514084
0.051667388528585434
0.19660444557666779
-0.017094284296035767
0.10755465924739838
0.2166411578655243
0.044054534286260605
0.02953888103365898
0.1674073189496994
0.09769440442323685
0.04853183776140213
0.06765881180763245
0.03889373689889908
0.07182292640209198
0.0457305945456028
0.12572310864925385
0.2252797782421112
0.14606168866157532
0.04996410012245178
0.06330759078264236
0.021208323538303375
0.09538684040307999
0.11719661951065063
0.16978007555007935
0.11064085364341736
0.21251486241817474
0.13340863585472107
0.05271430313587189
0.1436510533094406
0.08171743899583817
-0.005348362028598785
0.02130337804555893
0.10625778138637543
0.23945550620555878
0.09827066957950592
0.08207695186138153
0.03147593140602112
0.09054124355316162
0.16198822855949402
0.193090558052063
0.08089223504066467
0.17360849678516388
0.10648978501558304
0.16113358736038208
0.022435717284679413
0.08340802788734436
0.21570643782615662
0.1316455900669098
0.08495137095451355
0.08993996679782867
0.03763360530138016
0.0962180644273758
0.012123644351959229
0.14594528079032898
0.13134466111660004
0.1400078535079956
0.08482982963323593
0.0848357304930687
0.02695135399699211
0.23773956298828125
0.04540165886282921
0.09107504785060883
0.1431964635848999
0.07690604031085968
0.16465668380260468
0.21661770343780518
0.07179242372512817
0.030633147805929184
0.06385652720928192
0.061604999005794525
0.08639408648014069
0.10313429683446884
0.10503759980201721
0.09020557254552841
0.11127564311027527
0.05638975650072098
0.022702891379594803
0.12080655992031097
0.0269077830016613
0.070268914103508
0.12819942831993103
0.007314495742321014
0.05591460317373276
0.1696077138185501
0.11463773995637894
0.02525770664215088
0.06283870339393616
0.09115228801965714
0.09524029493331909
0.06493685394525528
0.05224744230508804
-0.01479717344045639
0.12629708647727966
0.11020070314407349
0.06555362045764923
0.032580308616161346
0.0583813451230526
0.14508156478405
0.056969381868839264
0.13143278658390045
0.13390454649925232
0.11870881915092468
0.07824139297008514
0.06806957721710205
0.03281465545296669
0.09407757222652435
0.11836080253124237
0.05001167580485344
0.12013892084360123
0.07152745872735977
0.1010957881808281
0.14339891076087952
0.11361165344715118
0.025481335818767548
0.06478357315063477
0.14654414355754852
0.15540367364883423
0.05619640275835991
0.05987176671624184
0.05705757439136505
0.08927101641893387
0.07537399232387543
0.037883251905441284
0.17856238782405853
0.08667318522930145
0.08312931656837463
0.07428997755050659
0.07692783325910568
0.08720476925373077
0.07676723599433899
0.017134301364421844
0.15877510607242584
0.04348278045654297
0.07451711595058441
0.09494152665138245
0.06399548798799515
0.14450423419475555
0.059935420751571655
0.044456157833337784
0.05515487492084503
0.21513371169567108
0.15377728641033173
0.04301604628562927
0.05810669809579849
0.07034417241811752
0.08256205916404724
0.007911305874586105
0.13681060075759888
0.09083381295204163
0.08316223323345184
0.05077395960688591
0.06287173926830292
0.07593326270580292
0.196976900100708
0.17384055256843567
0.09507647156715393
0.11198390275239944
0.15020687878131866
0.23446041345596313
0.175924152135849
0.020914431661367416
0.17587481439113617
0.10524199903011322
0.06431359052658081
0.06760935485363007
0.27961474657058716
0.06800290942192078
0.06741935759782791
0.055574990808963776
0.08766952157020569
0.0311531201004982
0.07492436468601227
0.18799591064453125
0.05245569348335266
0.05116548761725426
0.12209466844797134
0.03439783304929733
0.11012599617242813
0.08901364356279373
0.11491566151380539
0.12374670058488846
0.01780536025762558
0.09887462109327316
0.11657039076089859
0.08816619217395782
0.08715374022722244
0.1097264513373375
0.06993591040372849
0.1612684279680252
0.04020856320858002
0.08756647258996964
0.02690177783370018
0.10886690765619278
0.03499499335885048
0.08717621862888336
0.11380459368228912
0.08642459660768509
0.11877045780420303
0.1969975084066391
0.04449059069156647
0.2191106528043747
0.1538400650024414
0.07058169692754745
0.17554549872875214
0.21019792556762695
0.15544717013835907
0.062311917543411255
0.057258691638708115
0.13911738991737366
0.1268148124217987
0.059537313878536224
0.08730585128068924
0.12347745895385742
0.10910776257514954
0.12777574360370636
0.16481460630893707
0.11607314646244049
-0.015169735997915268
0.05711698532104492
0.10527916252613068
0.07575155794620514
0.032016463577747345
0.07069261372089386
0.007911451160907745
0.07487055659294128
0.08853904902935028
0.09860295802354813
0.06211847811937332
0.12401459366083145
0.060301274061203
0.16629928350448608
0.167366623878479
0.08698128163814545
0.06003979220986366
0.14253416657447815
0.06847655773162842
0.029598280787467957
0.06286421418190002
0.11101927608251572
0.06246694177389145
0.12464358657598495
0.13861775398254395
0.12499687075614929
0.2521047294139862
0.10590248554944992
0.10180462151765823
0.11054445803165436
