0.48495838046073914
0.4909144639968872
0.48551803827285767
0.47944456338882446
0.4705239534378052
0.48290306329727173
0.48179757595062256
0.4833965301513672
0.48181962966918945
0.4871487319469452
0.4810039699077606
0.48660847544670105
0.48281344771385193
0.48756498098373413
0.48574432730674744
0.4811946153640747
0.47580432891845703
0.48423925042152405
0.4832610785961151
0.4733985364437103
0.4796992540359497
0.48845571279525757
0.47797417640686035
0.4812692105770111
0.48794057965278625
0.4804628789424896
0.47881603240966797
0.47578150033950806
0.4798898994922638
0.4834120571613312
0.4755874276161194
0.47755223512649536
0.47120076417922974
0.463021457195282
0.48854392766952515
0.46638351678848267
0.46506333351135254
0.46930328011512756
0.46086347103118896
0.4460897743701935
0.47199323773384094
0.470039963722229
0.466973215341568
0.45563605427742004
0.4436098337173462
0.45879825949668884
0.4421332776546478
0.42803260684013367
0.42542532086372375
0.3999558985233307
0.4270331859588623
0.38667455315589905
0.37476325035095215
0.3658919632434845
0.36785048246383667
0.3555728793144226
0.34763845801353455
0.2828795909881592
0.32111871242523193
0.32246604561805725
0.26788759231567383
0.22199773788452148
0.19623000919818878
0.12398575991392136
0.07297675311565399
0.04212862625718117
0.10877124220132828
0.05688503012061119
0.09435483068227768
0.061566151678562164
0.05478208512067795
0.06876452267169952
0.07671484351158142
0.03164020553231239
0.058311689645051956
0.08421311527490616
0.11258215457201004
0.08424321562051773
0.05320829898118973
0.07796138525009155
0.11767939478158951
0.05363805219531059
0.07915901392698288
0.1416475921869278
0.24852313101291656
0.047734931111335754
0.1413068175315857
0.2315731942653656
0.18125039339065552
0.10695798695087433
0.1495266556739807
0.10136321187019348
0.22174546122550964
0.201523095369339
0.2172601819038391
0.16026617586612701
0.2572097182273865
0.3237614929676056
0.14287592470645905
0.2630208134651184
0.2848956286907196
0.23774965107440948
0.26820680499076843
0.2321464717388153
0.3199526071548462
0.26203465461730957
0.22181615233421326
0.2769511938095093
0.28255924582481384
0.25357821583747864
0.2765459716320038
0.2777639627456665
0.2734174132347107
0.32186365127563477
0.25866788625717163
0.20580309629440308
0.19844664633274078
0.26666611433029175
0.31397774815559387
0.2390746921300888
0.15238898992538452
0.28374338150024414
0.3022887706756592
0.29052162170410156
0.26272958517074585
0.21704357862472534
0.3113149106502533
0.2597939372062683
0.27721506357192993
0.2412281334400177
0.1970643252134323
0.3009795546531677
0.2814350724220276
0.2897017002105713
0.19062627851963043
0.20919376611709595
0.2774246335029602
0.29413843154907227
0.17338179051876068
0.2276855856180191
0.12603364884853363
0.30052220821380615
0.20299731194972992
0.21038641035556793
0.21657101809978485
0.1372172236442566
0.22917380928993225
0.11745265871286392
0.09025339782238007
0.15463916957378387
0.23600207269191742
0.24012914299964905
0.11422848701477051
0.1914992481470108
0.18131403625011444
0.1605423390865326
0.23638583719730377
0.1133069321513176
0.12385917454957962
0.15324755012989044
0.11468638479709625
0.1380176544189453
0.15050008893013
0.12640666961669922
0.11729969084262848
0.1599610149860382
0.12243922799825668
0.11709484457969666
0.106162428855896
0.0803506150841713
0.18824037909507751
0.1349666863679886
0.11842053383588791
0.06581118702888489
0.09950892627239227
0.11711803823709488
0.09666267782449722
0.07167663425207138
0.06111058592796326
0.0687822625041008
0.07073469460010529
0.06781068444252014
0.06887638568878174
0.056327156722545624
0.0749012753367424
0.06002827361226082
0.04386788234114647
0.04897119104862213
0.0725744441151619
0.04160521924495697
0.04673675447702408
0.05288291350007057
0.06501257419586182
0.04263359308242798
0.06308501213788986
0.021605633199214935
0.05776674300432205
0.047195568680763245
0.08716144412755966
0.036805834621191025
0.03573174402117729
0.09544439613819122
0.048486411571502686
0.03710447624325752
0.053958382457494736
0.05822071433067322
0.06405401974916458
0.029390055686235428
0.0692799761891365
0.059462081640958786
0.08645858615636826
0.04923310875892639
0.05277988314628601
0.0549611896276474
0.024748420342803
0.030470654368400574
0.037558212876319885
0.04887428134679794
0.04428551718592644
0.04145019128918648
0.06995581090450287
0.05035710707306862
0.06103915348649025
0.06904613226652145
0.046523746103048325
0.07748790830373764
0.08734115958213806
0.1303001195192337
0.0531427338719368
0.10020333528518677
0.08720439672470093
0.11341211944818497
0.11779777705669403
0.07983730733394623
0.10208120197057724
0.14821460843086243
0.06369677186012268
0.08668676018714905
0.16452325880527496
0.1639023721218109
0.13316379487514496
0.07715468108654022
0.1254103034734726
0.09932874143123627
0.10808312147855759
0.08381607383489609
0.09119829535484314
0.1475811004638672
0.11322581768035889
0.0984998494386673
0.11550205945968628
0.10628699511289597
0.1345289945602417
0.13567869365215302
0.09613414108753204
0.11347131431102753
0.11507637798786163
0.15548956394195557
0.15238219499588013
0.16699722409248352
0.16097812354564667
0.1166936531662941
0.08683895319700241
0.14047102630138397
0.1259424239397049
0.10297661274671555
0.1490134745836258
0.10609067231416702
0.1372442990541458
0.14231522381305695
0.10180478543043137
0.10573002696037292
0.1361602395772934
0.19739623367786407
0.21365231275558472
0.18231627345085144
0.09459245204925537
0.15370742976665497
0.16149142384529114
0.13832350075244904
0.1737215369939804
0.14419278502464294
0.11113250255584717
0.1469859927892685
0.11684561520814896
0.13259854912757874
0.11392252892255783
0.15506550669670105
0.16073516011238098
0.14856158196926117
0.12052194029092789
0.12539561092853546
0.15143626928329468
0.2177870273590088
0.1373516023159027
0.1290285438299179
0.1235354021191597
0.12121818214654922
0.10889705270528793
0.16622000932693481
0.1415281593799591
0.1243971511721611
0.1663365662097931
0.07680853456258774
0.10191576182842255
0.10832405090332031
0.06555502116680145
0.16227693855762482
0.09024012088775635
0.10396496951580048
0.10026746243238449
0.11007464677095413
0.12213265150785446
0.13333691656589508
0.0894140750169754
0.11795119941234589
0.10050299018621445
0.12640514969825745
0.09889654070138931
0.11114922165870667
0.09275980293750763
0.1274053454399109
0.06991587579250336
0.1287505179643631
0.06278184056282043
0.10910201817750931
0.11439439654350281
0.06106886267662048
0.08414625376462936
0.1117478534579277
0.1145467609167099
0.12269441783428192
0.08080911636352539
0.07552288472652435
0.12903138995170593
0.0754435732960701
0.12081459164619446
0.04743071645498276
0.0985717624425888
0.06756310909986496
0.08182646334171295
0.08110775798559189
0.07750479876995087
0.07721435278654099
0.08995244652032852
0.07335983961820602
0.06778816133737564
0.08258923143148422
0.08548273891210556
0.060091353952884674
0.07321865856647491
0.056481629610061646
0.08609838783740997
0.09186569601297379
0.07097118347883224
0.059789277613162994
0.058964699506759644
0.05889543890953064
0.0834025964140892
0.054774604737758636
0.04306197166442871
0.07043685019016266
0.0736655667424202
0.04705077037215233
0.05385461077094078
0.0424024760723114
0.07706406712532043
0.05549297109246254
0.07051710784435272
0.06450630724430084
0.06794355809688568
0.07644110172986984
0.07041696459054947
0.06606825441122055
0.11345280706882477
0.06285187602043152
0.03953041136264801
0.057818640023469925
0.08387955278158188
0.07031761109828949
0.06868022680282593
0.0707203820347786
0.045065272599458694
0.07555697858333588
0.054962895810604095
0.04226125404238701
0.07235478609800339
0.05152646079659462
0.07729330658912659
0.0816292017698288
0.058847326785326004
0.04072093591094017
0.07325737923383713
0.046922698616981506
0.08327362686395645
0.08070521056652069
0.06325344741344452
0.052302706986665726
0.03744196146726608
0.05129808560013771
0.06048739328980446
0.07083223015069962
0.046213142573833466
0.06593484431505203
0.05341316759586334
0.056408099830150604
0.0789019912481308
0.06974063813686371
0.08952721208333969
0.07811740785837173
0.0676005482673645
0.0741506814956665
0.0434752032160759
0.033574871718883514
0.05682751163840294
0.046380434185266495
0.05294210836291313
0.036373768001794815
0.11932463198900223
0.053749315440654755
0.03300344571471214
0.07519835978746414
0.05280003324151039
0.040893398225307465
0.06754691153764725
0.02216746099293232
0.061122067272663116
0.06698307394981384
0.027436476200819016
0.023909742012619972
0.06947629898786545
0.055014584213495255
0.05118787661194801
0.04105397313833237
0.06779380887746811
0.10266711562871933
0.05779646709561348
0.03551159426569939
0.09855900704860687
0.051206015050411224
0.055334918200969696
0.05814475193619728
0.05923965573310852
0.05188543349504471
0.05279857665300369
0.05771263316273689
0.04184728488326073
0.056780435144901276
0.07767384499311447
0.0447988286614418
0.044428806751966476
0.06701243668794632
0.03717831149697304
0.045108139514923096
0.05487767606973648
0.04533136636018753
0.12006958574056625
0.05366303026676178
0.060744501650333405
0.043426815420389175
0.07910984754562378
0.03877144306898117
0.051322005689144135
0.043913833796978
0.07890642434358597
0.054370783269405365
0.11042940616607666
0.09862934052944183
0.02358943782746792
0.17393217980861664
0.02711419202387333
0.07025717198848724
0.035288434475660324
0.0689791589975357
0.06789685785770416
0.06614750623703003
0.0708630308508873
0.1026771292090416
0.055677611380815506
0.059552066028118134
0.061060402542352676
0.04680328443646431
0.0628352165222168
0.11698312312364578
0.08500000834465027
0.05704290792346001
0.07393118739128113
0.03052159957587719
0.06641697883605957
0.06752432137727737
0.035932693630456924
0.11270451545715332
0.11874426156282425
0.08601520955562592
0.06814593821763992
0.05128807947039604
0.07658592611551285
0.04515678808093071
0.08155806362628937
0.06482543051242828
0.07468660175800323
0.09028544276952744
0.07860501110553741
0.10789385437965393
0.0818459764122963
0.07460472732782364
0.041536930948495865
0.08555001020431519
0.054208170622587204
0.050442248582839966
0.07809983193874359
0.0739959329366684
0.07809652388095856
0.12216281145811081
0.06393250077962875
0.052324194461107254
0.06452295184135437
0.06524337828159332
0.08796432614326477
0.05230982229113579
0.05160413682460785
0.09425567835569382
0.06615791469812393
0.07757695764303207
0.04553118348121643
0.10508885979652405
0.05001645162701607
0.08724498003721237
0.07877351343631744
0.05801710858941078
0.07596753537654877
0.07248478382825851
0.06190561130642891
0.06287381052970886
0.18229931592941284
0.09381139278411865
0.08701033145189285
0.07685510069131851
0.07993410527706146
0.07844235748052597
0.07551813125610352
0.06450802832841873
0.10299698263406754
0.03776707872748375
0.06441511958837509
0.0974116176366806
0.09788260608911514
0.12123610824346542
0.0862068384885788
0.1548633724451065
0.0926869660615921
0.07868067175149918
0.12131264805793762
0.0438271202147007
0.041570261120796204
0.1308976709842682
0.11588102579116821
0.13797658681869507
0.05430715158581734
0.09694679081439972
0.09800416976213455
0.06806831061840057
0.10357436537742615
0.052626486867666245
0.05241100862622261
0.05206569284200668
0.07433819025754929
0.10046984255313873
0.1102026179432869
0.13775254786014557
0.10979416966438293
0.05778837949037552
0.10547135025262833
0.07864038646221161
0.056902337819337845
0.09627582132816315
0.07388965785503387
0.09448038041591644
0.10765116661787033
0.08518882095813751
0.12164828926324844
0.11998701095581055
0.050171058624982834
0.12021037936210632
0.059333883225917816
0.11248014867305756
0.05901356041431427
0.0734516829252243
0.11661335825920105
0.08966293931007385
0.08268482238054276
0.09410398453474045
0.06872157007455826
0.128092959523201
0.13242751359939575
0.10466982424259186
0.11807815730571747
0.11436894536018372
0.09793931990861893
0.09067612141370773
0.13304412364959717
0.05777522176504135
0.10368607193231583
0.1107846051454544
0.0722624808549881
0.05723243206739426
0.06968943029642105
0.06014867499470711
0.11823271960020065
0.12873893976211548
0.08182601630687714
0.12104706466197968
0.08868555724620819
0.08424139022827148
0.06677328050136566
0.06921426951885223
0.0777444839477539
0.10276637226343155
0.06480656564235687
0.05844353139400482
0.10048452019691467
0.08578122407197952
0.12529295682907104
0.06813714653253555
0.09061874449253082
0.0944075882434845
0.08103566616773605
0.07976213842630386
0.07463761419057846
0.0939960852265358
0.08216656744480133
0.0881468802690506
0.047764427959918976
0.06866343319416046
0.11963137239217758
0.06630473583936691
0.09760767966508865
0.0730755403637886
0.09550131857395172
0.15882804989814758
0.06850820779800415
0.055514492094516754
0.0780416801571846
0.06241913139820099
0.12405440211296082
0.06861564517021179
0.06856261193752289
0.12146355211734772
0.12423678487539291
0.09688761830329895
0.11241474002599716
0.0634736642241478
0.09384284168481827
0.08438639342784882
0.09536947309970856
0.10570518672466278
0.038483090698719025
0.07695438712835312
0.06221859157085419
0.09197263419628143
0.07364526391029358
0.05709453299641609
0.08276233077049255
0.09506478160619736
0.11655794084072113
0.1175735667347908
0.10836300253868103
0.11722499877214432
0.09683024883270264
0.05085993558168411
0.0815153419971466
0.10292768478393555
0.07210858911275864
0.08770892769098282
0.06764896214008331
0.10164038091897964
0.11660636216402054
0.0730297639966011
0.05581085383892059
0.08396314829587936
0.06958094984292984
0.08236153423786163
0.12530460953712463
0.07955127954483032
0.060334235429763794
0.06522978842258453
0.10186520218849182
0.12435993552207947
0.09149199724197388
0.09301045536994934
0.06913185119628906
0.048439230769872665
0.05459988862276077
0.09155099838972092
0.11311930418014526
0.06554944068193436
0.0805305540561676
0.07434006035327911
0.07593996077775955
0.05607176199555397
0.05874762311577797
0.08100974559783936
0.058760739862918854
0.049606576561927795
0.11564269661903381
0.05116117000579834
0.14802594482898712
0.06453658640384674
0.038237325847148895
0.06771578639745712
0.055801719427108765
0.128705233335495
0.06365912407636642
0.07565416395664215
0.054308682680130005
0.07062318921089172
0.060915522277355194
0.07235630601644516
0.0654010996222496
0.0727650597691536
0.06463391333818436
0.06480540335178375
0.04859368875622749
0.1019636020064354
0.05100357532501221
0.03890329599380493
0.05951378867030144
0.02707093022763729
0.08809839189052582
0.06666828691959381
0.06970164179801941
0.08837822824716568
0.08975899964570999
0.07019741088151932
0.06371074169874191
0.08385784924030304
0.07562054693698883
0.10346906632184982
0.05999618396162987
0.09453421086072922
0.07616753876209259
0.09935121238231659
0.05912027135491371
0.09939497709274292
0.06378056108951569
0.04921828582882881
0.06775644421577454
0.09491637349128723
0.07021183520555496
0.06939695030450821
0.03743549808859825
0.08662696927785873
0.07364707440137863
0.033511240035295486
0.07745935022830963
0.059601474553346634
0.0585179440677166
0.11541403084993362
0.05846510827541351
0.09083855152130127
0.06552056968212128
0.06422875076532364
0.07068656384944916
0.06997478008270264
0.05309430882334709
0.06725257635116577
0.04780108854174614
0.050688114017248154
0.06304088979959488
0.04601268097758293
0.060053177177906036
0.06324964761734009
0.049356766045093536
0.05075706169009209
0.0696488693356514
0.03271029517054558
0.05576493963599205
0.042023446410894394
0.04798480123281479
0.049528803676366806
0.06012539193034172
0.04713805019855499
0.06998402625322342
0.0459684357047081
0.04894016310572624
0.08509528636932373
0.07227242738008499
0.03643284738063812
0.06051765754818916
0.03456908464431763
0.05098561570048332
0.03806396946310997
0.059700410813093185
0.041357532143592834
0.0392240434885025
0.045267097651958466
0.05558677762746811
0.04933401942253113
0.05282648280262947
0.04563231021165848
0.06672460585832596
0.0427439846098423
0.07594027370214462
0.032756660133600235
0.043213553726673126
0.05142439529299736
0.03986724838614464
0.06936535239219666
0.049261096864938736
0.06202920898795128
0.04568355157971382
0.04937967658042908
0.04708372801542282
0.055342867970466614
0.05818107724189758
0.04580891877412796
0.05503660812973976
0.052695758640766144
0.04492366686463356
0.05158277973532677
0.07441098988056183
0.04941290616989136
0.05163174122571945
0.04324520006775856
0.03976833075284958
0.054096199572086334
0.04262183979153633
0.037925392389297485
0.05022718012332916
0.03057953156530857
0.04213188961148262
0.05128171667456627
0.06108006834983826
0.039160337299108505
0.04143250361084938
0.03323570266366005
0.03828798606991768
0.03996444121003151
0.0313398651778698
0.02880319021642208
0.034399036318063736
0.046335093677043915
0.041887637227773666
0.045875053852796555
0.04689163714647293
0.018468888476490974
0.07114403694868088
0.07143303751945496
0.04004814848303795
0.033980175852775574
0.0506078265607357
0.059495437890291214
0.04317362979054451
0.05229470506310463
0.038684092462062836
0.04062182083725929
0.05859239771962166
0.057562485337257385
0.031065665185451508
0.05462320148944855
0.05126863345503807
0.03611736372113228
0.04020090773701668
0.01851961389183998
0.02992106042802334
0.07319743931293488
0.028592819347977638
0.03715480864048004
0.02571694739162922
0.0255543515086174
0.04229084029793739
0.04560922086238861
0.036412421613931656
0.047049380838871
0.0590825155377388
0.04568342864513397
0.055841024965047836
0.04534298926591873
0.03350987657904625
0.04123743250966072
0.07296968996524811
0.03560438007116318
0.02948412112891674
0.030273007228970528
0.04537614434957504
0.04029596224427223
0.048074062913656235
0.04622669890522957
0.055480532348155975
0.04858820512890816
0.015667211264371872
0.05260634422302246
0.01692468486726284
0.028985479846596718
0.03936717286705971
0.03500863164663315
0.03775341436266899
0.05343010276556015
0.035791631788015366
0.039139509201049805
0.02743590995669365
0.03429844230413437
0.05893731862306595
0.049856819212436676
0.031039051711559296
0.02126050554215908
0.02727683074772358
0.021282659843564034
0.02598440833389759
0.03084445372223854
0.046750813722610474
0.0603623203933239
0.03921474888920784
0.026845356449484825
0.04365125298500061
0.03059215098619461
0.03315863758325577
0.029732393100857735
0.03390936553478241
0.026676002889871597
0.035136278718709946
0.0436742939054966
0.043349649757146835
0.03022681176662445
0.050889886915683746
0.030715830624103546
0.03273976221680641
0.02498779632151127
0.04636666551232338
0.03654029592871666
0.03660193085670471
0.03282610699534416
0.017566228285431862
0.059144385159015656
0.060568973422050476
0.02517990954220295
0.04760805517435074
0.02182764932513237
0.041482675820589066
0.032177068293094635
0.020233383402228355
0.03678808733820915
0.023873217403888702
0.038452282547950745
0.033298105001449585
0.026551736518740654
0.04274868592619896
0.01742643490433693
0.02018207497894764
0.06574675440788269
0.03364771977066994
0.03623844310641289
0.03099757619202137
0.032590601593256
0.019802141934633255
0.06054113432765007
0.025561414659023285
0.018895046785473824
0.04069279134273529
0.023336537182331085
0.0345352441072464
0.03274088352918625
0.01745549589395523
0.012606808915734291
0.057015709578990936
0.027728557586669922
0.045241404324769974
0.054714884608983994
0.04145583137869835
0.0464974045753479
0.05937233194708824
0.03093373402953148
0.032215286046266556
0.05727902799844742
0.04660370573401451
0.03012280911207199
0.02713489904999733
0.03807435184717178
0.019969113171100616
0.02924305759370327
0.04027937352657318
0.030706869438290596
0.0628475546836853
0.0335952490568161
0.04831647500395775
0.08564531803131104
0.036403022706508636
0.02880418859422207
0.028478145599365234
0.03563962131738663
0.034543540328741074
0.030136005952954292
0.03929167613387108
0.028219908475875854
0.04050593450665474
0.060719434171915054
0.05924534052610397
0.03319667652249336
0.031982578337192535
0.030764393508434296
