-0.06280705332756042
-0.06877359002828598
-0.06507180631160736
-0.06061764806509018
-0.040705759078264236
-0.07074050605297089
-0.0665317177772522
-0.06619422137737274
-0.06414258480072021
-0.06535227596759796
-0.07008333504199982
-0.06336966156959534
-0.0670812651515007
-0.07095661759376526
-0.06825236976146698
-0.06723255664110184
-0.06950851529836655
-0.06664413213729858
-0.07133910059928894
-0.07038773596286774
-0.07155594229698181
-0.07026740908622742
-0.07284671068191528
-0.07017422467470169
-0.07277941703796387
-0.07216688990592957
-0.06859810650348663
-0.07467948645353317
-0.07283998280763626
-0.07267214357852936
-0.07300260663032532
-0.07625244557857513
-0.07511267066001892
-0.07495470345020294
-0.07286524772644043
-0.07252057641744614
-0.07607913017272949
-0.07599620521068573
-0.07584527134895325
-0.06963513791561127
-0.07717753946781158
-0.07447942346334457
-0.0715971440076828
-0.07716081291437149
-0.07815662026405334
-0.07617075741291046
-0.07931758463382721
-0.08141408860683441
-0.07700128108263016
-0.07818572223186493
-0.07367666065692902
-0.08230794966220856
-0.0803774744272232
-0.07982493191957474
-0.08584170788526535
-0.0823037177324295
-0.09669961035251617
-0.09152382612228394
-0.09613054990768433
-0.09086877107620239
-0.09459471702575684
-0.09477613121271133
-0.09913793206214905
-0.09188555926084518
-0.0952979028224945
-0.09254384785890579
-0.10566296428442001
-0.09829544275999069
-0.09795918315649033
-0.10808666795492172
-0.10769253224134445
-0.09858940541744232
-0.09248027950525284
-0.10283400118350983
-0.11102668941020966
-0.0803060382604599
-0.09631817042827606
-0.07584494352340698
-0.07865959405899048
-0.09587480872869492
-0.09217190742492676
-0.08680374920368195
-0.09042523801326752
-0.08366930484771729
-0.07970616966485977
-0.07070484012365341
-0.09173742681741714
-0.07304906100034714
-0.08423388004302979
-0.08400406688451767
-0.06559484452009201
-0.06846290081739426
-0.08702897280454636
-0.08977189660072327
-0.07816694676876068
-0.0653352439403534
-0.09668740630149841
-0.08041978627443314
-0.08710126578807831
-0.09207888692617416
-0.08175403624773026
-0.08118906617164612
-0.08394032716751099
-0.08217275887727737
-0.0641249343752861
-0.08288311958312988
-0.08092033863067627
-0.08143042027950287
-0.08346055448055267
-0.09241636842489243
-0.05497206747531891
-0.0393206886947155
-0.07259496301412582
-0.05235607922077179
-0.07183260470628738
-0.07329036295413971
-0.07121756672859192
-0.0648144856095314
-0.0713636502623558
-0.08051875978708267
-0.07288104295730591
-0.07557728886604309
-0.08623448014259338
-0.0857502669095993
-0.07854941487312317
-0.09431328624486923
-0.09132306277751923
-0.09362797439098358
-0.08741797506809235
-0.08894167095422745
-0.1020357757806778
-0.09628809988498688
-0.09730983525514603
-0.10172051191329956
-0.09442631900310516
-0.10393834114074707
-0.10138096660375595
-0.09791722148656845
-0.09394429624080658
-0.1029876247048378
-0.10040271282196045
-0.09892689436674118
-0.10489221662282944
-0.10581403970718384
-0.10755166411399841
-0.09517786651849747
-0.1014341488480568
-0.10095168650150299
-0.09833259135484695
-0.10129676014184952
-0.10512665659189224
-0.10072387009859085
-0.09186306595802307
-0.09222015738487244
-0.09920032322406769
-0.10286861658096313
-0.09419674426317215
-0.10136949270963669
-0.09709250181913376
-0.0961788073182106
-0.09382998943328857
-0.10559744387865067
-0.10115138441324234
-0.09370455145835876
-0.0842493399977684
-0.1013171374797821
-0.10355819016695023
-0.1045093759894371
-0.09788602590560913
-0.09485431760549545
-0.10349482297897339
-0.09015820175409317
-0.1002560704946518
-0.09758351743221283
-0.09671705961227417
-0.10237233340740204
-0.09310314059257507
-0.09890041500329971
-0.10453532636165619
-0.10431346297264099
-0.10339047014713287
-0.10194727778434753
-0.09816091507673264
-0.10501627624034882
-0.0902165025472641
-0.09815312922000885
-0.1056084856390953
-0.10220135748386383
-0.10364559292793274
-0.09687618166208267
-0.10127367824316025
-0.11026117950677872
-0.10398262739181519
-0.10455154627561569
-0.10993321239948273
-0.11040092259645462
-0.1090642660856247
-0.11033362150192261
-0.10841088742017746
-0.10284880548715591
-0.10766801238059998
-0.10736057907342911
-0.11085435748100281
-0.11523372679948807
-0.11247691512107849
-0.11206943541765213
-0.1126255914568901
-0.11352374404668808
-0.11256660521030426
-0.10879600048065186
-0.11189840734004974
-0.11355027556419373
-0.10989949852228165
-0.11385077238082886
-0.11000408977270126
-0.1153823658823967
-0.11578353494405746
-0.11470524966716766
-0.11330379545688629
-0.11499057710170746
-0.11524143069982529
-0.11295723915100098
-0.11495641618967056
-0.11529238522052765
-0.11584392935037613
-0.11744510382413864
-0.11502845585346222
-0.11589759588241577
-0.11442970484495163
-0.1161351278424263
-0.11688242852687836
-0.11526224762201309
-0.11167434602975845
-0.11718523502349854
-0.11724109947681427
-0.11513327807188034
-0.1165635734796524
-0.11600096523761749
-0.11248192936182022
-0.11355261504650116
-0.11108771711587906
-0.11543169617652893
-0.115517258644104
-0.11338815093040466
-0.1144571378827095
-0.11277410387992859
-0.11506233364343643
-0.10532651841640472
-0.10739658772945404
-0.11307721585035324
-0.11280659586191177
-0.11714915186166763
-0.11447054892778397
-0.1108585000038147
-0.11344616860151291
-0.1112753227353096
-0.11025899648666382
-0.11453945934772491
-0.11163561046123505
-0.11422214657068253
-0.11122777312994003
-0.10977169871330261
-0.1134820431470871
-0.11464698612689972
-0.10822326689958572
-0.10953444987535477
-0.11254852265119553
-0.11348075419664383
-0.11409040540456772
-0.1121373251080513
-0.11401404440402985
-0.1063089594244957
-0.10560525208711624
-0.11288894712924957
-0.11527691036462784
-0.10876449197530746
-0.10733422636985779
-0.10880167782306671
-0.10926657915115356
-0.11132362484931946
-0.10371685773134232
-0.11332757025957108
-0.10116291791200638
-0.10173718631267548
-0.10538702458143234
-0.10856448113918304
-0.10221973806619644
-0.10919541865587234
-0.10367164015769958
-0.10556840151548386
-0.10925771296024323
-0.09968461841344833
-0.10829607397317886
-0.10019104927778244
-0.1009201854467392
-0.10516298562288284
-0.10981053858995438
-0.1067868024110794
-0.10111889243125916
-0.09925957024097443
-0.10770656168460846
-0.10173442214727402
-0.11592073738574982
-0.10620449483394623
-0.1000450998544693
-0.11031602323055267
-0.10471872985363007
-0.10453740507364273
-0.10997946560382843
-0.11119009554386139
-0.10635450482368469
-0.10646301507949829
-0.11387703567743301
-0.10538531839847565
-0.10274604707956314
-0.10409176349639893
-0.10846717655658722
-0.10959713906049728
-0.10440664738416672
-0.1024475023150444
-0.10735853761434555
-0.10109378397464752
-0.09516451507806778
-0.11187481880187988
-0.10961369425058365
-0.10812998563051224
-0.11044646799564362
-0.11307363957166672
-0.10022003948688507
-0.10517440736293793
-0.10532116889953613
-0.10167456418275833
-0.10387266427278519
-0.10222594439983368
-0.11027712374925613
-0.11419413983821869
-0.1026558205485344
-0.10993389785289764
-0.10455048829317093
-0.10475670546293259
-0.10243134200572968
-0.1041187196969986
-0.1099526584148407
-0.11362616717815399
-0.11013521999120712
-0.1069757342338562
-0.10883086174726486
-0.10794709622859955
-0.10782571882009506
-0.11050525307655334
-0.11218371987342834
-0.11452461779117584
-0.10363944619894028
-0.11307666450738907
-0.11235819011926651
-0.10823187977075577
-0.11087878793478012
-0.11008252203464508
-0.10193386673927307
-0.10879579931497574
-0.11234885454177856
-0.10695497691631317
-0.10531540215015411
-0.10165571421384811
-0.11283103376626968
-0.1146351546049118
-0.1047292947769165
-0.11539828777313232
-0.11508401483297348
-0.11449933052062988
-0.11647515743970871
-0.11189838498830795
-0.11065015941858292
-0.1092856377363205
-0.10471299290657043
-0.11469252407550812
-0.11719921231269836
-0.11192691326141357
-0.10956773906946182
-0.11213981360197067
-0.11229334026575089
-0.11408978700637817
-0.11213741451501846
-0.11164861917495728
-0.10939528793096542
-0.1153026819229126
-0.11082979291677475
-0.11628834158182144
-0.11526326835155487
-0.11371568590402603
-0.11397403478622437
-0.1112418994307518
-0.1128406897187233
-0.11201299726963043
-0.11082016676664352
-0.11235243827104568
-0.11437149345874786
-0.11215747892856598
-0.11379637569189072
-0.11054161190986633
-0.11410840600728989
-0.11250097304582596
-0.11004232615232468
-0.11431842297315598
-0.11445719003677368
-0.11596814543008804
-0.11415103077888489
-0.11469393223524094
-0.11320097744464874
-0.11371377110481262
-0.11249170452356339
-0.11161626875400543
-0.11021274328231812
-0.11477717012166977
-0.11358366161584854
-0.11397950351238251
-0.11206896603107452
-0.11398757249116898
-0.11332067102193832
-0.1140890121459961
-0.11335868388414383
-0.11265601217746735
-0.11399118602275848
-0.108274906873703
-0.1148819774389267
-0.11352793127298355
-0.11360947787761688
-0.10227366536855698
-0.11088550090789795
-0.11104953289031982
-0.1166255921125412
-0.11446710675954819
-0.11715853214263916
-0.11263179779052734
-0.11001201719045639
-0.11562838405370712
-0.1119326576590538
-0.11272741109132767
-0.11299217492341995
-0.10929273813962936
-0.10976701974868774
-0.11134231090545654
-0.11064539849758148
-0.11447563767433167
-0.11184018850326538
-0.10908842086791992
-0.11486107110977173
-0.1132114827632904
-0.11566969007253647
-0.10832767188549042
-0.1130133718252182
-0.11227082461118698
-0.11355888843536377
-0.11067964136600494
-0.10652193427085876
-0.10834083706140518
-0.11153842508792877
-0.11770027875900269
-0.11244966834783554
-0.1113320142030716
-0.10987580567598343
-0.11358778178691864
-0.10919823497533798
-0.10894716531038284
-0.11123161762952805
-0.10890881717205048
-0.11027585715055466
-0.11413422971963882
-0.11219708621501923
-0.09621147066354752
-0.11236897855997086
-0.1065412312746048
-0.11142220348119736
-0.11429328471422195
-0.11139923334121704
-0.10979756712913513
-0.10966748744249344
-0.11418083310127258
-0.10955032706260681
-0.1102525070309639
-0.1059100553393364
-0.1159849688410759
-0.11459516733884811
-0.11263182014226913
-0.10780724883079529
-0.1123843714594841
-0.11076486110687256
-0.11040320992469788
-0.10773210227489471
-0.10953231900930405
-0.10832596570253372
-0.11047006398439407
-0.10967421531677246
-0.11122379451990128
-0.1132536232471466
-0.11026657372713089
-0.10801543295383453
-0.10875138640403748
-0.11181144416332245
-0.11718261986970901
-0.11806591600179672
-0.10749989748001099
-0.1126604825258255
-0.11018846184015274
-0.11182186007499695
-0.10693463683128357
-0.11594273895025253
-0.10637327283620834
-0.11000174283981323
-0.10799901187419891
-0.11362764239311218
-0.11135492473840714
-0.11272259056568146
-0.10940005630254745
-0.1098024770617485
-0.11439840495586395
-0.11300474405288696
-0.11029741913080215
-0.11221439391374588
-0.11441072076559067
-0.1111600399017334
-0.10862912982702255
-0.11208613216876984
-0.11176490038633347
-0.11129961162805557
-0.11340454965829849
-0.10821663588285446
-0.11484767496585846
-0.11039592325687408
-0.09688572585582733
-0.10705742985010147
-0.11018207669258118
-0.11088595539331436
-0.1109892949461937
-0.11328481882810593
-0.11124219000339508
-0.1120729073882103
-0.11522801220417023
-0.11196435242891312
-0.11103835701942444
-0.11595713347196579
-0.11138122528791428
-0.10951568186283112
-0.11482193320989609
-0.1125546470284462
-0.11199498176574707
-0.10687906295061111
-0.11143077164888382
-0.11247994750738144
-0.1109004020690918
-0.11321283131837845
-0.11002673953771591
-0.11286120861768723
-0.11406265199184418
-0.11312076449394226
-0.11370793730020523
-0.11361859738826752
-0.11456286162137985
-0.11186863481998444
-0.11427142471075058
-0.11570657789707184
-0.1123042181134224
-0.1146073117852211
-0.11087726056575775
-0.11062423139810562
-0.10745375603437424
-0.11343985050916672
-0.11742063611745834
-0.11055203527212143
-0.11355168372392654
-0.1082015410065651
-0.11422494798898697
-0.1114925742149353
-0.10930038243532181
-0.10942821204662323
-0.11132483929395676
-0.11388233304023743
-0.11338264495134354
-0.11255473643541336
-0.11471151560544968
-0.11576617509126663
-0.11422347277402878
-0.11391942203044891
-0.11560964584350586
-0.11319216340780258
-0.11209744960069656
-0.10914618521928787
-0.11378064006567001
-0.11362837255001068
-0.10835976153612137
-0.11458798497915268
-0.11040400713682175
-0.11288275569677353
-0.10797993093729019
-0.11438128352165222
-0.1086137667298317
-0.1131708025932312
-0.10921032726764679
-0.10949449986219406
-0.11587195843458176
-0.11768018454313278
-0.10832385718822479
-0.11318138986825943
-0.11430593580007553
-0.11495441198348999
-0.11056721955537796
-0.11179080605506897
-0.11046266555786133
-0.11153534054756165
-0.11382202804088593
-0.10968262702226639
-0.11131012439727783
-0.10867242515087128
-0.11238428950309753
-0.11003733426332474
-0.11186234652996063
-0.11436571180820465
-0.11156429350376129
-0.10323967784643173
-0.10507511347532272
-0.11398891359567642
-0.11324296146631241
-0.11197494715452194
-0.1075858473777771
-0.10866578668355942
-0.11149533092975616
-0.1070173904299736
-0.11269878596067429
-0.11282140761613846
-0.1084282174706459
-0.09828740358352661
-0.11007422208786011
-0.11123042553663254
-0.10565140098333359
-0.10948029160499573
-0.11145107448101044
-0.10773926973342896
-0.11564183980226517
-0.11143704503774643
-0.11388545483350754
-0.10996948182582855
-0.10778109729290009
-0.11243079602718353
-0.109718918800354
-0.11028390377759933
-0.11030426621437073
-0.10860276967287064
-0.11211714148521423
-0.1050860658288002
-0.11306017637252808
-0.11350079625844955
-0.1094290241599083
-0.11134365200996399
-0.10977970063686371
-0.10609522461891174
-0.11256679892539978
-0.10951747000217438
-0.1101793721318245
-0.11263609677553177
-0.10222724080085754
-0.10577677935361862
-0.10654082149267197
-0.10755832493305206
-0.10832113027572632
-0.11509871482849121
-0.10521090775728226
-0.10541325062513351
-0.11021285504102707
-0.11294128745794296
-0.11029237508773804
-0.10661258548498154
-0.09457030147314072
-0.11125103384256363
-0.10944369435310364
-0.10667863488197327
-0.10848866403102875
-0.10873528569936752
-0.11026603728532791
-0.11320938169956207
-0.11287617683410645
-0.10660489648580551
-0.10815101116895676
-0.10979728400707245
-0.1058662012219429
-0.10768838971853256
-0.11065617948770523
-0.11136013269424438
-0.10778117924928665
-0.10845328867435455
-0.11077559739351273
-0.10642030090093613
-0.11300747841596603
-0.10632351785898209
-0.10356844961643219
-0.10986130684614182
-0.10676637291908264
-0.10580583661794662
-0.10977604240179062
-0.11161062121391296
-0.11059026420116425
-0.10871782153844833
-0.10555129498243332
-0.108681820333004
-0.10827100276947021
-0.11029481887817383
-0.1049644872546196
-0.10772065818309784
-0.10619120299816132
-0.10794220864772797
-0.10893810540437698
-0.10629264265298843
-0.1076766848564148
-0.10677745938301086
-0.10787936300039291
-0.10616855323314667
-0.11111796647310257
-0.10491390526294708
-0.11179422587156296
-0.10984902083873749
-0.10443136841058731
-0.1124582290649414
-0.11224503815174103
-0.1116866022348404
-0.10314900428056717
-0.11113202571868896
-0.10524845123291016
-0.10711140185594559
-0.11118445545434952
-0.10901042073965073
-0.10742659121751785
-0.10474929958581924
-0.10239620506763458
-0.10676804929971695
-0.10825993120670319
-0.1126399040222168
-0.11210548877716064
-0.1108047217130661
-0.11058950424194336
-0.10534614324569702
-0.1106717512011528
-0.11071309447288513
-0.10921089351177216
-0.1133178174495697
-0.1101951003074646
-0.10858137160539627
-0.11236651241779327
-0.10861418396234512
-0.10803370177745819
-0.10929030925035477
-0.10409016907215118
-0.11218053102493286
-0.10848895460367203
-0.1076129749417305
-0.10703768581151962
-0.1026095598936081
-0.11277087777853012
-0.1091708391904831
-0.10742314904928207
-0.10455112159252167
-0.1092245802283287
-0.10655725002288818
-0.1077718585729599
-0.108552485704422
-0.10817818343639374
-0.11180182546377182
-0.11278270184993744
-0.11289779841899872
-0.1104685366153717
-0.10544948279857635
-0.104012630879879
-0.10800505429506302
-0.11116871982812881
-0.1086915135383606
-0.11080388724803925
-0.1125141978263855
-0.0904042199254036
-0.10713104903697968
-0.10867154598236084
-0.10982801765203476
-0.1035378947854042
-0.10885647684335709
-0.11270885169506073
-0.10873276740312576
-0.1159539520740509
-0.11019732058048248
-0.10975544154644012
-0.11138308048248291
-0.11005870252847672
-0.10978277772665024
-0.10903642326593399
-0.11072982847690582
-0.09864664077758789
-0.11190953105688095
-0.10741527378559113
-0.10552981495857239
-0.11341816186904907
-0.1086333841085434
-0.11238377541303635
-0.11089082807302475
-0.10728022456169128
-0.1117168590426445
-0.10880683362483978
-0.11089365929365158
-0.10464566200971603
-0.108944371342659
-0.11149614304304123
-0.11379466950893402
-0.10924175381660461
-0.10883396118879318
-0.1144208312034607
-0.1099470779299736
-0.10769107937812805
-0.10661953687667847
-0.11207640916109085
-0.11216627806425095
-0.11374775320291519
-0.11447129398584366
-0.11036375910043716
-0.1132020503282547
-0.11448416858911514
-0.10514809191226959
-0.10936600714921951
-0.10828765481710434
-0.1098070815205574
-0.10506103187799454
-0.11012762784957886
-0.11075223237276077
-0.10886663943529129
-0.11227885633707047
-0.11032821238040924
-0.11356785148382187
-0.10651887953281403
-0.11174342036247253
-0.10657548159360886
-0.11106845736503601
-0.11382178217172623
-0.10995356738567352
-0.11242719739675522
-0.10639078915119171
-0.10845856368541718
-0.10733427852392197
-0.11287607997655869
-0.11038890480995178
-0.1125759482383728
-0.1052480936050415
-0.10860777646303177
-0.10978301614522934
-0.1100015714764595
-0.10874992609024048
-0.11221274733543396
-0.11372364312410355
-0.10735967755317688
-0.11252719163894653
-0.11219020932912827
-0.11025919765233994
-0.1106492206454277
-0.10239306837320328
-0.1123722493648529
-0.11186797171831131
-0.11101751774549484
-0.10858174413442612
-0.1106778010725975
-0.11230040341615677
-0.11013731360435486
-0.11021433770656586
-0.10876496881246567
-0.10504630953073502
-0.10680927336215973
-0.1069679856300354
-0.10672107338905334
-0.1101086363196373
-0.11136387288570404
-0.10829988867044449
-0.1106533408164978
-0.11031365394592285
-0.1024969220161438
-0.11219337582588196
-0.11345136910676956
-0.11361444741487503
-0.1076006218791008
-0.1117083728313446
-0.10894840955734253
-0.11485598981380463
-0.10471871495246887
-0.10806402564048767
-0.10714704543352127
-0.10838430374860764
-0.11075004935264587
-0.10976192355155945
-0.10984990000724792
-0.10796777904033661
-0.11066370457410812
-0.1047089621424675
-0.11230035871267319
-0.10860753059387207
-0.11347765475511551
-0.10719848424196243
-0.10993658751249313
-0.11278510093688965
-0.10890186578035355
-0.1108904704451561
-0.11056295037269592
-0.11011476814746857
-0.11288575083017349
-0.1117166131734848
-0.10842453688383102
-0.11088637262582779
-0.11056417226791382
-0.10958253592252731
-0.11526334285736084
-0.10681796818971634
-0.11284100264310837
-0.10576966404914856
-0.10883740335702896
-0.10672111809253693
-0.10640208423137665
-0.11137063801288605
-0.09514901041984558
-0.1096501350402832
-0.11178496479988098
-0.11241675168275833
-0.11134707182645798
-0.10931272059679031
-0.11145740002393723
-0.10746244341135025
-0.11359190195798874
-0.11190230399370193
-0.11267418414354324
-0.11066830158233643
-0.11118891835212708
-0.1024661734700203
-0.11142230033874512
-0.1111890971660614
-0.11298605054616928
-0.11054965853691101
-0.110622838139534
-0.10880274325609207
-0.10929692536592484
-0.11440917104482651
-0.10884165018796921
-0.11244035512208939
-0.11124278604984283
-0.11512056738138199
-0.1071096807718277
-0.11184103786945343
-0.11186083406209946
-0.11034080386161804
-0.10480347275733948
-0.11285918951034546
-0.11311371624469757
-0.1092410460114479
-0.11328351497650146
-0.10884790867567062
-0.10700375586748123
-0.10393934696912766
-0.10945083200931549
-0.10688905417919159
-0.1071777194738388
-0.11068437248468399
-0.11134877800941467
-0.10519194602966309
-0.10941655188798904
-0.11028528213500977
-0.11319386214017868
-0.11212090402841568
-0.11186500638723373
-0.106161929666996
-0.11219880729913712
-0.11130520701408386
-0.111856609582901
-0.10816251486539841
-0.11132248491048813
-0.10773507505655289
-0.11049435287714005
-0.11195506155490875
-0.1079786941409111
-0.10808853060007095
-0.11019108444452286
-0.10795748978853226
-0.10428132116794586
-0.11022885888814926
-0.11223672330379486
-0.10666597634553909
-0.10926599055528641
-0.11177235841751099
-0.1112702339887619
-0.1162777915596962
-0.11210288107395172
-0.11347997933626175
-0.11004962027072906
-0.1078587993979454
-0.10432512313127518
-0.11494569480419159
-0.11125033348798752
-0.11333217471837997
-0.11056862026453018
-0.11154899001121521
-0.10944691300392151
-0.10814032703638077
-0.11360450834035873
