0.01219271868467331
0.00622645765542984
0.00992826372385025
0.014382407069206238
0.03176579624414444
0.004261195659637451
0.008478313684463501
0.008840397000312805
0.010231748223304749
0.00968237966299057
0.004963569343090057
0.01170419156551361
0.007984474301338196
0.00405169278383255
0.006777025759220123
0.007837526500225067
0.005599915981292725
0.008366100490093231
0.003627598285675049
0.004693523049354553
0.0034589022397994995
0.004841640591621399
0.002267614006996155
0.0050004348158836365
0.002325698733329773
0.0027893632650375366
0.006189003586769104
0.00022120028734207153
0.002116858959197998
0.002320423722267151
0.00193052738904953
-0.0012583211064338684
-0.00020341575145721436
9.402632713317871e-05
0.0020892173051834106
0.002398572862148285
-0.0011566728353500366
-0.0012421458959579468
-0.0010574683547019958
0.003652125597000122
-0.002393774688243866
0.0004556924104690552
0.0028932392597198486
-0.0026290416717529297
-0.0036522001028060913
-0.001587793231010437
-0.004639230668544769
-0.006907254457473755
-0.002769656479358673
-0.0038432925939559937
0.0005951300263404846
-0.00813419371843338
-0.006492301821708679
-0.006111912429332733
-0.011859752237796783
-0.009202182292938232
-0.02425750344991684
-0.018135003745555878
-0.02413429319858551
-0.01827685534954071
-0.023615330457687378
-0.024660706520080566
-0.029620207846164703
-0.029015526175498962
-0.032482728362083435
-0.035891078412532806
-0.045540377497673035
-0.061863962560892105
-0.055518537759780884
-0.07618628442287445
-0.07393212616443634
-0.07031372934579849
-0.06411855667829514
-0.0815049484372139
-0.0978139266371727
-0.05315633863210678
-0.08122779428958893
-0.05572427809238434
-0.05535218119621277
-0.07813505828380585
-0.0751061961054802
-0.06260108202695847
-0.06912863254547119
-0.06045800819993019
-0.061897359788417816
-0.04139500856399536
-0.07611441612243652
-0.04237353056669235
-0.062116242945194244
-0.07112446427345276
-0.039545029401779175
-0.049053873866796494
-0.08220463991165161
-0.07765623927116394
-0.06849063187837601
-0.0563499890267849
-0.0820901095867157
-0.07267696410417557
-0.09516926109790802
-0.0854109600186348
-0.08188959956169128
-0.08443014323711395
-0.07460390776395798
-0.08005642145872116
-0.07074060291051865
-0.08416762948036194
-0.09505341202020645
-0.08177664875984192
-0.082713283598423
-0.0946643128991127
-0.08524351567029953
-0.06552911549806595
-0.08101297914981842
-0.08605676144361496
-0.08133480697870255
-0.08918867260217667
-0.09830799698829651
-0.07600493729114532
-0.094039186835289
-0.09165443480014801
-0.08751662075519562
-0.0940682590007782
-0.10377032309770584
-0.08999084681272507
-0.09115839749574661
-0.098215252161026
-0.09673254936933517
-0.09450075030326843
-0.09282440692186356
-0.10259148478507996
-0.10540010035037994
-0.09684795886278152
-0.0924648717045784
-0.0992603451013565
-0.09457223862409592
-0.09450609982013702
-0.10349585115909576
-0.09545222669839859
-0.10251415520906448
-0.09733203053474426
-0.09973649680614471
-0.10231788456439972
-0.10290218889713287
-0.09492579847574234
-0.09575244784355164
-0.09506214410066605
-0.10049682855606079
-0.0906875729560852
-0.09688553959131241
-0.09230204671621323
-0.09456242620944977
-0.09663692116737366
-0.09046946465969086
-0.0834701731801033
-0.08027766644954681
-0.102360300719738
-0.08101482689380646
-0.08393625915050507
-0.0836491510272026
-0.09260376542806625
-0.08435321599245071
-0.09194328635931015
-0.08887845277786255
-0.08805069327354431
-0.06675075739622116
-0.08786730468273163
-0.09126056730747223
-0.09469733387231827
-0.09555147588253021
-0.08808647096157074
-0.08741194009780884
-0.07995546609163284
-0.09238075464963913
-0.08733894675970078
-0.08890599012374878
-0.09377293288707733
-0.07736485451459885
-0.08231376111507416
-0.08459822088479996
-0.09047229588031769
-0.09410927444696426
-0.08515968173742294
-0.09195803105831146
-0.0935060977935791
-0.06728169322013855
-0.0916181430220604
-0.0926966667175293
-0.08382486552000046
-0.0870438665151596
-0.08201421052217484
-0.08204378187656403
-0.09206806123256683
-0.08636665344238281
-0.09070457518100739
-0.09024959057569504
-0.09290602803230286
-0.09804049134254456
-0.10084591805934906
-0.08928996324539185
-0.08102967590093613
-0.09055471420288086
-0.10030612349510193
-0.10403983294963837
-0.10125864297151566
-0.08968888968229294
-0.09726924449205399
-0.09767165780067444
-0.09437337517738342
-0.09810985624790192
-0.10238394886255264
-0.10007170587778091
-0.0947175994515419
-0.09730681777000427
-0.09710662066936493
-0.09742242842912674
-0.09362505376338959
-0.09871704131364822
-0.09568729251623154
-0.09620898216962814
-0.09783627092838287
-0.09432556480169296
-0.08478742092847824
-0.09827429801225662
-0.1058732122182846
-0.10154537111520767
-0.09618464857339859
-0.0970950499176979
-0.0994461253285408
-0.10176680982112885
-0.0894336998462677
-0.09890088438987732
-0.09723620861768723
-0.09161452949047089
-0.09656192362308502
-0.1025744080543518
-0.08532091975212097
-0.08856353908777237
-0.09178668260574341
-0.09364231675863266
-0.09482961893081665
-0.09019015729427338
-0.09391146898269653
-0.1029042899608612
-0.08162608742713928
-0.08878643065690994
-0.0833389163017273
-0.09421933442354202
-0.04991348087787628
-0.0822422057390213
-0.08536040782928467
-0.08193610608577728
-0.08688399940729141
-0.09223160147666931
-0.08159777522087097
-0.08722323179244995
-0.07881861180067062
-0.07361452281475067
-0.08474020659923553
-0.07886575907468796
-0.08076321333646774
-0.07304079085588455
-0.08408541977405548
-0.08792013674974442
-0.07743745297193527
-0.0665191113948822
-0.08017207682132721
-0.0857601910829544
-0.08741419017314911
-0.08147414028644562
-0.0936683863401413
-0.08665736764669418
-0.07025773823261261
-0.07222362607717514
-0.0844399705529213
-0.09461744874715805
-0.08761107176542282
-0.06497503072023392
-0.07025033980607986
-0.08049479126930237
-0.08848446607589722
-0.08593859523534775
-0.08997324109077454
-0.07238069921731949
-0.06733958423137665
-0.08436616510152817
-0.08780428022146225
-0.09294731169939041
-0.08733182400465012
-0.07927029579877853
-0.0878479927778244
-0.08632543683052063
-0.058681875467300415
-0.09087446331977844
-0.09777536243200302
-0.09358389675617218
-0.08063805848360062
-0.09510090202093124
-0.09564264118671417
-0.08224283158779144
-0.08261952549219131
-0.09332147985696793
-0.10052341967821121
-0.09950665384531021
-0.09699632972478867
-0.09522927552461624
-0.10363593697547913
-0.09533882141113281
-0.10116560012102127
-0.10504363477230072
-0.09885488450527191
-0.09560977667570114
-0.10193037241697311
-0.1034402847290039
-0.10135013610124588
-0.09721557796001434
-0.10614439845085144
-0.10306364297866821
-0.09513557702302933
-0.10413995385169983
-0.09621793031692505
-0.09940067678689957
-0.10969047248363495
-0.09328411519527435
-0.10787034779787064
-0.10818218439817429
-0.09705016762018204
-0.10564595460891724
-0.1056334599852562
-0.10681986063718796
-0.10019844025373459
-0.10508530586957932
-0.09400802850723267
-0.09974732995033264
-0.1047247126698494
-0.10446944832801819
-0.11087612062692642
-0.10151802003383636
-0.10397103428840637
-0.11130191385746002
-0.09059982746839523
-0.10348057746887207
-0.10670192539691925
-0.09624233841896057
-0.10376501083374023
-0.10229305177927017
-0.09042326360940933
-0.0923653244972229
-0.10261650383472443
-0.10253413021564484
-0.09938487410545349
-0.08787214010953903
-0.10701997578144073
-0.10225078463554382
-0.1098017618060112
-0.10307468473911285
-0.1008603423833847
-0.10345832258462906
-0.0984499379992485
-0.09113357961177826
-0.09375335276126862
-0.09912678599357605
-0.0993940681219101
-0.10341328382492065
-0.09706827253103256
-0.1029478907585144
-0.1045890748500824
-0.10674076527357101
-0.10891255736351013
-0.10531459003686905
-0.10789531469345093
-0.1035810112953186
-0.0839691013097763
-0.09891504049301147
-0.10368238389492035
-0.09260743856430054
-0.0980224534869194
-0.10012412071228027
-0.08930663019418716
-0.1017015352845192
-0.09775463491678238
-0.10317432880401611
-0.1019253134727478
-0.10517064481973648
-0.09796541929244995
-0.10195687413215637
-0.09578847140073776
-0.10135971009731293
-0.08758236467838287
-0.10495321452617645
-0.08955195546150208
-0.10310225188732147
-0.09846483916044235
-0.09475768357515335
-0.09947100281715393
-0.09203401207923889
-0.09342089295387268
-0.0915355533361435
-0.10058044642210007
-0.09762292355298996
-0.10110858082771301
-0.10136190056800842
-0.09641032665967941
-0.1011485904455185
-0.10018132627010345
-0.0949106439948082
-0.10816575586795807
-0.10616958886384964
-0.09569988399744034
-0.09551718086004257
-0.10649872571229935
-0.10731722414493561
-0.09594033658504486
-0.09970314055681229
-0.10311311483383179
-0.10695448517799377
-0.1046111136674881
-0.10522760450839996
-0.10277845710515976
-0.11053363978862762
-0.09725762903690338
-0.10651221871376038
-0.09417334944009781
-0.10086322575807571
-0.09241022914648056
-0.08932565152645111
-0.10533846914768219
-0.10271463543176651
-0.07921909540891647
-0.10448611527681351
-0.09640582650899887
-0.10314257442951202
-0.09876169264316559
-0.10063106566667557
-0.09962619841098785
-0.10807617008686066
-0.10308614373207092
-0.10079379379749298
-0.11305782943964005
-0.10939032584428787
-0.10217756032943726
-0.10537582635879517
-0.09884544461965561
-0.10274319350719452
-0.10473769158124924
-0.10584249347448349
-0.1017695888876915
-0.09824992716312408
-0.10754362493753433
-0.1078222468495369
-0.10342956334352493
-0.10415618121623993
-0.10055920481681824
-0.1018279492855072
-0.10671019554138184
-0.10212685912847519
-0.09464652836322784
-0.09870082139968872
-0.11057298630475998
-0.11117610335350037
-0.10619118064641953
-0.10520501434803009
-0.10709886252880096
-0.10510982573032379
-0.10752809792757034
-0.10326285660266876
-0.10542208701372147
-0.1063307374715805
-0.10924660414457321
-0.10684820264577866
-0.07917965948581696
-0.10311479866504669
-0.09738831967115402
-0.1018446683883667
-0.10302776843309402
-0.10479532182216644
-0.10422290861606598
-0.10501231998205185
-0.10637977719306946
-0.10613655298948288
-0.10188132524490356
-0.10177372395992279
-0.10869017243385315
-0.10343892872333527
-0.10073469579219818
-0.09484944492578506
-0.10394798219203949
-0.10528118908405304
-0.09893707931041718
-0.0937969908118248
-0.09738409519195557
-0.10553884506225586
-0.10388483852148056
-0.10561604797840118
-0.10343555361032486
-0.09960845112800598
-0.10014376044273376
-0.10769759863615036
-0.09791843593120575
-0.10500716418027878
-0.10624904185533524
-0.1110091581940651
-0.09790664911270142
-0.1041119173169136
-0.10327684134244919
-0.10337561368942261
-0.10724762082099915
-0.10605842620134354
-0.09249409288167953
-0.09509207308292389
-0.09753917902708054
-0.10316481441259384
-0.1006944477558136
-0.10772192478179932
-0.10275314748287201
-0.10445834696292877
-0.11091452836990356
-0.09423066675662994
-0.10054357349872589
-0.10065346956253052
-0.10542086511850357
-0.09918657690286636
-0.1055208295583725
-0.09902133792638779
-0.10159692913293839
-0.09880641102790833
-0.10779690742492676
-0.10420715063810349
-0.10391365736722946
-0.09841424971818924
-0.08387012034654617
-0.09472872316837311
-0.10952913016080856
-0.10736872255802155
-0.09869857877492905
-0.10946239531040192
-0.11101125925779343
-0.10109895467758179
-0.10082145780324936
-0.10797253251075745
-0.10258283466100693
-0.09845687448978424
-0.10272802412509918
-0.09936755895614624
-0.1037387102842331
-0.10375452041625977
-0.10044901818037033
-0.10071337223052979
-0.10260558128356934
-0.092769093811512
-0.09592586755752563
-0.10350296646356583
-0.10235674679279327
-0.09912092238664627
-0.10247831791639328
-0.0998939722776413
-0.09931986778974533
-0.10015445202589035
-0.09924092143774033
-0.09875281900167465
-0.10334901511669159
-0.10558681935071945
-0.10031597316265106
-0.10285872966051102
-0.09842532128095627
-0.10172674059867859
-0.09033697098493576
-0.09955263882875443
-0.10587447136640549
-0.10060004889965057
-0.10349626839160919
-0.09577444940805435
-0.10734761506319046
-0.10558416694402695
-0.10400089621543884
-0.10046328604221344
-0.09507068991661072
-0.10328017920255661
-0.10188935697078705
-0.1052364781498909
-0.10614299029111862
-0.11095781624317169
-0.10203108191490173
-0.10163962841033936
-0.10499914735555649
-0.10182660073041916
-0.10019022226333618
-0.0922238901257515
-0.09759961813688278
-0.09316720068454742
-0.09849699586629868
-0.09588977694511414
-0.09884077310562134
-0.10770034790039062
-0.10310458391904831
-0.10692668706178665
-0.10277333110570908
-0.10833394527435303
-0.10475462675094604
-0.1054380014538765
-0.1025761067867279
-0.10442215204238892
-0.09818147867918015
-0.10072505474090576
-0.10338520258665085
-0.10221804678440094
-0.1071641817688942
-0.10118943452835083
-0.1028982475399971
-0.10277340561151505
-0.0990065261721611
-0.10856032371520996
-0.09749676287174225
-0.10600991547107697
-0.09161493182182312
-0.10074561089277267
-0.09920714050531387
-0.1067642793059349
-0.10793402045965195
-0.09998536854982376
-0.10183992981910706
-0.10796959698200226
-0.1058550551533699
-0.10828842222690582
-0.10226298123598099
-0.09889289736747742
-0.10829168558120728
-0.10345324128866196
-0.0985322818160057
-0.10375486314296722
-0.09911639988422394
-0.08589082956314087
-0.10846174508333206
-0.10278099030256271
-0.0940239280462265
-0.11198050528764725
-0.10823865979909897
-0.10122723132371902
-0.10962112993001938
-0.10225880891084671
-0.10664527118206024
-0.09753171354532242
-0.09672568738460541
-0.10648643970489502
-0.10154841840267181
-0.10814070701599121
-0.10690886527299881
-0.10504769533872604
-0.10773491114377975
-0.10377287864685059
-0.10753125697374344
-0.10094168782234192
-0.10329259932041168
-0.10546846687793732
-0.10961354523897171
-0.10750218480825424
-0.10083157569169998
-0.10559942573308945
-0.10539045929908752
-0.10467614978551865
-0.10649684816598892
-0.10435053706169128
-0.09846079349517822
-0.10164688527584076
-0.10509886592626572
-0.1070595383644104
-0.1012411043047905
-0.10581368952989578
-0.1095246747136116
-0.10278737545013428
-0.10749063640832901
-0.10768778622150421
-0.08939911425113678
-0.10437145829200745
-0.10671773552894592
-0.10590353608131409
-0.11007360368967056
-0.10602927953004837
-0.10947826504707336
-0.10633692145347595
-0.11011269688606262
-0.10527098923921585
-0.11032667011022568
-0.1082785502076149
-0.10529278963804245
-0.09769077599048615
-0.10638311505317688
-0.10312436521053314
-0.10402652621269226
-0.11031041294336319
-0.10919827222824097
-0.10874045640230179
-0.10708420723676682
-0.10867572575807571
-0.1092892736196518
-0.10735622048377991
-0.09905814379453659
-0.10510098189115524
-0.10740508139133453
-0.11138908565044403
-0.10686434060335159
-0.09286525845527649
-0.11202307790517807
-0.10724666714668274
-0.11009923368692398
-0.11161128431558609
-0.10146461427211761
-0.10687221586704254
-0.1018538549542427
-0.11141755431890488
-0.10681729763746262
-0.10659684240818024
-0.10510827600955963
-0.10651500523090363
-0.10335590690374374
-0.10731080174446106
-0.11002643406391144
-0.09421051293611526
-0.1107238158583641
-0.11183007061481476
-0.10779298096895218
-0.10457754880189896
-0.11112623661756516
-0.10746114701032639
-0.10087143629789352
-0.10705757141113281
-0.1066536083817482
-0.11135480552911758
-0.10961852222681046
-0.11114524304866791
-0.10752378404140472
-0.10728000104427338
-0.10591268539428711
-0.1089649647474289
-0.1094801276922226
-0.1148994192481041
-0.1118289977312088
-0.10638429969549179
-0.10862940549850464
-0.10435262322425842
-0.10903947800397873
-0.1090092808008194
-0.10674130916595459
-0.10499855875968933
-0.10703128576278687
-0.10832405090332031
-0.1102532371878624
-0.10572992265224457
-0.10580002516508102
-0.10637640208005905
-0.09897121787071228
-0.10786879062652588
-0.10965174436569214
-0.10592379420995712
-0.10430934280157089
-0.10629484057426453
-0.1124504953622818
-0.10912709683179855
-0.11113385856151581
-0.10454981029033661
-0.10913268476724625
-0.10963425040245056
-0.10399986058473587
-0.10506553947925568
-0.10504530370235443
-0.10933106392621994
-0.10959143191576004
-0.10824085772037506
-0.10943619161844254
-0.10626736283302307
-0.10789895057678223
-0.1075468361377716
-0.11132858693599701
-0.11226338148117065
-0.11214558780193329
-0.1107490062713623
-0.08833341300487518
-0.10457267612218857
-0.11177952587604523
-0.11149536818265915
-0.11227919161319733
-0.10858648270368576
-0.114432692527771
-0.1021861582994461
-0.11400370299816132
-0.11062460392713547
-0.1109120100736618
-0.10891903191804886
-0.10866761207580566
-0.10717257112264633
-0.1107841357588768
-0.1061687022447586
-0.09046578407287598
-0.1087518259882927
-0.1101347953081131
-0.10716541856527328
-0.11088698357343674
-0.10624604672193527
-0.11264333873987198
-0.11110571771860123
-0.10754071921110153
-0.11253238469362259
-0.11180999130010605
-0.1085071936249733
-0.10564366728067398
-0.10907603800296783
-0.10929456353187561
-0.11249915510416031
-0.10992968827486038
-0.11057702451944351
-0.11046085506677628
-0.11047081649303436
-0.1112443059682846
-0.10572191327810287
-0.10967638343572617
-0.11302539706230164
-0.11319555342197418
-0.11093728244304657
-0.1124580129981041
-0.103423573076725
-0.1069297045469284
-0.10849760472774506
-0.11007968336343765
-0.10741999000310898
-0.1125389114022255
-0.10130828619003296
-0.11141891032457352
-0.10727962106466293
-0.10707610100507736
-0.10867544263601303
-0.10870824009180069
-0.11043228209018707
-0.1104850247502327
-0.111881323158741
-0.10749564319849014
-0.10802201181650162
-0.1092282235622406
-0.11142709851264954
-0.11093802750110626
-0.11116722226142883
-0.10071631520986557
-0.11151504516601562
-0.11372420936822891
-0.11187872290611267
-0.11080460250377655
-0.10900212079286575
-0.10646241158246994
-0.11073241382837296
-0.10947990417480469
-0.10571730881929398
-0.11299145966768265
-0.11252294480800629
-0.10643952339887619
-0.11206389218568802
-0.1110246479511261
-0.11007900536060333
-0.1102587878704071
-0.09949417412281036
-0.11192240566015244
-0.11377401649951935
-0.10928186029195786
-0.10354134440422058
-0.11054371297359467
-0.11163818091154099
-0.11398603022098541
-0.10759390890598297
-0.11314164847135544
-0.10160256177186966
-0.11065889149904251
-0.10813824087381363
-0.10582176595926285
-0.1120486631989479
-0.10777650773525238
-0.10442936420440674
-0.10924827307462692
-0.10835061222314835
-0.1032274067401886
-0.11112086474895477
-0.11103455722332001
-0.11053551733493805
-0.11042841523885727
-0.11232466250658035
-0.11414654552936554
-0.11507488787174225
-0.10863453149795532
-0.10931409895420074
-0.10645546764135361
-0.11059790849685669
-0.10815826803445816
-0.10952556133270264
-0.1099674329161644
-0.10737411677837372
-0.10758475214242935
-0.11167203634977341
-0.1122397929430008
-0.11052366346120834
-0.11273854970932007
-0.10655325651168823
-0.10611728578805923
-0.10535436868667603
-0.10887083411216736
-0.10995972901582718
-0.11050309240818024
-0.10563577711582184
-0.11340443044900894
-0.10883592814207077
-0.11039454489946365
-0.11078629642724991
-0.1091633066534996
-0.11033971607685089
-0.11446717381477356
-0.11187751591205597
-0.11543741822242737
-0.10623721778392792
-0.10570818930864334
-0.10632079839706421
-0.10049749165773392
-0.1116504967212677
-0.09079664945602417
-0.11027000844478607
-0.11067311465740204
-0.11352075636386871
-0.1094621941447258
-0.10891507565975189
-0.10809583216905594
-0.10807934403419495
-0.1131889671087265
-0.11246766895055771
-0.11334867030382156
-0.10830675065517426
-0.10839501768350601
-0.10409373790025711
-0.11389302462339401
-0.11576313525438309
-0.11030585318803787
-0.10923592746257782
-0.11123394221067429
-0.10951068997383118
-0.1077771708369255
-0.11221753805875778
-0.10517650097608566
-0.10956333577632904
-0.10753800719976425
-0.11286826431751251
-0.11192705482244492
-0.11291118711233139
-0.10886315256357193
-0.10464183986186981
-0.10773354768753052
-0.11459139734506607
-0.10775589197874069
-0.11175985634326935
-0.11328157782554626
-0.10243867337703705
-0.10343097895383835
-0.10844098031520844
-0.10599042475223541
-0.1090732216835022
-0.1091662272810936
-0.10824891924858093
-0.10964509844779968
-0.10435336828231812
-0.10713209956884384
-0.10406680405139923
-0.10919420421123505
-0.10742200165987015
-0.11142634600400925
-0.10644656419754028
-0.11068549007177353
-0.109164297580719
-0.11400607973337173
-0.10947895795106888
-0.1136854887008667
-0.10895326733589172
-0.10962989926338196
-0.10903466492891312
-0.11004727333784103
-0.10821997374296188
-0.11288676410913467
-0.10862745344638824
-0.10210251808166504
-0.11154589802026749
-0.11116869747638702
-0.10850291699171066
-0.11036797612905502
-0.1102910041809082
-0.11328651010990143
-0.11631468683481216
-0.1123712807893753
-0.11206971853971481
-0.11038550734519958
-0.10739302635192871
-0.10001826286315918
-0.11249759048223495
-0.10739021003246307
-0.11028636991977692
-0.10690878331661224
-0.11166354268789291
-0.10874910652637482
-0.10667538642883301
-0.1114269569516182
