0.19930791854858398
0.23489075899124146
0.17839832603931427
0.2276919186115265
0.16388657689094543
0.18722814321517944
0.19527393579483032
0.18127277493476868
0.17944635450839996
0.233631432056427
0.20006690919399261
0.20444416999816895
0.18919651210308075
0.18777814507484436
0.18013736605644226
0.1858004629611969
0.16022884845733643
0.23425430059432983
0.2335926741361618
0.11467485129833221
0.16697372496128082
0.1766625940799713
0.1748984158039093
0.16705186665058136
0.18268686532974243
0.20818230509757996
0.11959333717823029
0.16294099390506744
0.21192693710327148
0.15869176387786865
0.16717131435871124
0.13632196187973022
0.05971604213118553
0.14816489815711975
0.1956367939710617
0.13734230399131775
0.111990787088871
0.14923517405986786
0.10234132409095764
-0.01146063581109047
0.06945628672838211
0.08321134746074677
0.04112312197685242
0.05728132277727127
0.08860917389392853
0.06093194708228111
-0.00829135999083519
0.018765103071928024
0.04311555251479149
-0.0920790508389473
0.03869016468524933
0.0028802119195461273
0.012676749378442764
0.06443816423416138
0.12433790415525436
-0.03857197239995003
0.08667539060115814
-0.07699984312057495
0.06456325948238373
0.07765040546655655
0.051448266953229904
0.2377244234085083
0.03787783905863762
0.09970277547836304
0.12307018041610718
0.18329918384552002
0.05321674793958664
0.08629900962114334
-0.0293242447078228
0.11820618808269501
0.05522032082080841
0.19754748046398163
0.20420996844768524
0.00685492530465126
0.1202877089381218
0.005017930641770363
-0.08832132816314697
-0.026166971772909164
-0.08613725006580353
0.04433435946702957
-0.014488155953586102
-0.046387821435928345
-0.11187340319156647
-0.1571837067604065
-0.14376278221607208
-0.1140248104929924
-0.08418165147304535
-0.16062279045581818
0.011360065080225468
-0.10474380105733871
0.035387128591537476
-0.039090827107429504
-0.039182066917419434
-0.08665718138217926
-0.07090341299772263
0.030493278056383133
-0.06288013607263565
0.04897373914718628
0.01522512175142765
0.019483627751469612
0.011448536068201065
0.0894269123673439
0.016798194497823715
0.0423390194773674
0.07126526534557343
0.006079567596316338
0.036694660782814026
0.05210356041789055
-0.01954728178679943
0.07164501398801804
0.0030529964715242386
-0.06653110682964325
-0.04623914882540703
0.0425836518406868
0.02336454950273037
0.06338509917259216
0.035117607563734055
-0.026311883702874184
0.014730900526046753
0.03346764296293259
0.10356659442186356
0.036401260644197464
0.0020315535366535187
0.0541711188852787
0.021831365302205086
0.04963343217968941
0.08307039737701416
0.04319028556346893
0.05765208974480629
-0.04780467972159386
0.1027083545923233
-0.1023743748664856
0.059222787618637085
-0.0671442523598671
0.0445903055369854
-0.0645119696855545
-0.17550496757030487
-0.21016572415828705
-0.04143815487623215
-0.004446422681212425
-0.09838458895683289
0.01796746253967285
-0.019355416297912598
-0.029307927936315536
-0.028889253735542297
-0.1637170910835266
-0.11798860132694244
-0.019293708726763725
-0.0879938155412674
-3.46451997756958e-05
-0.10869994014501572
-0.06598137319087982
-0.1824861764907837
-0.08440881222486496
-0.021012771874666214
-0.035268716514110565
-0.13428042829036713
-0.057275932282209396
0.010017354041337967
-0.028564326465129852
0.04953879490494728
-0.006201421841979027
-0.007122905924916267
-0.023889942094683647
-0.12419471889734268
-0.06726419925689697
-0.09802782535552979
0.0633319616317749
0.00369354709982872
0.004530318081378937
0.0345182791352272
0.07981327176094055
0.050358861684799194
0.024107657372951508
-0.0635344386100769
0.03478618338704109
0.07966859638690948
0.020232325419783592
0.13748575747013092
-0.04928719997406006
0.07097095996141434
0.13117417693138123
0.14690826833248138
0.06608020514249802
0.08604167401790619
0.0657666027545929
0.011498704552650452
0.11364591121673584
0.06475939601659775
0.012248687446117401
0.1780291050672531
0.12626178562641144
-0.03733990713953972
-0.023254498839378357
0.025795113295316696
0.03216180205345154
0.025999145582318306
-0.005645871162414551
-0.027345705777406693
0.09252419322729111
0.11469808965921402
0.07748643308877945
0.18603254854679108
0.0007723122835159302
-0.0060369521379470825
0.09778016805648804
-0.10461630672216415
0.1622239649295807
-0.10413972288370132
-0.09428143501281738
0.0007346458733081818
-0.07834014296531677
0.09671898186206818
-0.081915482878685
0.008340418338775635
-0.026846840977668762
0.04920624941587448
-0.02034267783164978
-0.023970577865839005
0.1038864403963089
-0.06859906017780304
0.04616259038448334
-0.009841784834861755
0.05792281776666641
-0.0018175840377807617
0.04091356694698334
0.10488726943731308
0.08667497336864471
0.04102485254406929
0.05562026798725128
-0.11851893365383148
0.04589678347110748
0.005510024726390839
0.10307865589857101
0.06079607456922531
0.10286670923233032
-0.033979207277297974
0.07741481810808182
0.0391559824347496
0.0927877351641655
0.0103377103805542
-0.05751260370016098
-0.011947743594646454
-0.013086609542369843
0.04251077398657799
0.11762440204620361
-0.024158302694559097
-0.002570364624261856
0.07434934377670288
0.04177148640155792
0.009828601032495499
0.08959484845399857
0.00013858824968338013
0.048510752618312836
0.011840008199214935
0.022691011428833008
0.008196771144866943
-0.020527977496385574
0.03226155787706375
-0.08870329707860947
0.015242744237184525
0.08281008154153824
-0.007371243089437485
0.06221558153629303
0.0017384029924869537
-0.02002851665019989
-0.0678199976682663
-0.011276863515377045
0.10314217209815979
0.1597582995891571
0.06870955228805542
0.053792789578437805
-0.06120769679546356
0.04774489253759384
-0.04215822368860245
0.0052269697189331055
-0.062246937304735184
0.060109879821538925
0.043556034564971924
-0.03177952766418457
-0.05263395980000496
-0.028353776782751083
0.025794606655836105
0.00797702744603157
-0.06101223826408386
0.09431137889623642
0.01491636410355568
0.026953257620334625
-0.07251980900764465
0.006853476166725159
0.040823861956596375
0.08588538318872452
0.008652947843074799
0.016151003539562225
0.09190046042203903
0.06023131310939789
0.05620276927947998
0.07250776886940002
-0.08558158576488495
0.06466484069824219
0.05253959819674492
0.0274524986743927
-0.09043657779693604
-0.005264502018690109
0.009535089135169983
0.04983159899711609
0.0163005031645298
0.07368320971727371
0.05741997808218002
0.03947428613901138
0.0840255618095398
0.09299099445343018
0.04904136061668396
0.05533628165721893
0.09554794430732727
0.12512388825416565
0.1087137758731842
0.026694566011428833
-0.006253957748413086
0.07493289560079575
0.02844848483800888
0.0743858739733696
0.06063394621014595
-0.124256432056427
0.0642252042889595
0.09750089049339294
-0.010548420250415802
0.012059308588504791
-0.046541355550289154
0.012767426669597626
-0.03217298910021782
0.1133699119091034
-0.0001252591609954834
-0.031426187604665756
0.05784732848405838
0.024469226598739624
-0.01890656352043152
-0.019675061106681824
0.007100261747837067
0.07774388790130615
0.07389579713344574
-0.04660644754767418
-0.03335747867822647
-0.05646827816963196
-0.027464285492897034
0.04600968956947327
0.012649673968553543
0.06008407101035118
-0.02318286895751953
0.10461591184139252
-0.0771268755197525
0.03768780454993248
0.16496415436267853
0.015341639518737793
0.09110841155052185
0.04998641088604927
0.043064139783382416
-0.07181953638792038
0.0078081898391246796
0.09079265594482422
0.024060700088739395
-0.049623243510723114
0.06556270271539688
0.05983142554759979
0.06557971239089966
0.027684111148118973
0.04459003731608391
0.005961939692497253
-0.021439820528030396
0.0894046425819397
-0.014659516513347626
0.033414289355278015
0.02825317531824112
0.06752530485391617
0.04129672050476074
0.006008688360452652
0.10217362642288208
0.008136648684740067
0.04636250436306
-0.0020626671612262726
-0.004529409110546112
0.022059235721826553
0.042205601930618286
0.033679574728012085
0.025317799299955368
0.05246371403336525
-0.07447512447834015
-0.03270726650953293
0.09255020320415497
0.10886877030134201
-0.08243219554424286
0.11519964039325714
-0.034520383924245834
0.10750588774681091
-0.009176000952720642
0.05617325007915497
-0.006815217435359955
0.03970024734735489
0.0812067836523056
0.10333189368247986
0.06190081313252449
0.06670312583446503
0.0388813242316246
0.018514566123485565
0.008256703615188599
0.1174125149846077
0.05587119981646538
0.04545232653617859
0.07090318202972412
0.018033932894468307
0.019779056310653687
0.06584005057811737
0.05691252276301384
-0.0021646320819854736
-0.03192480280995369
0.10196110606193542
0.07127454876899719
0.032115835696458817
-0.006004862487316132
0.09859107434749603
0.06428103148937225
0.048424310982227325
-0.01239488273859024
0.10349495708942413
0.01969001442193985
-0.09324391186237335
0.05441455915570259
-0.03289017453789711
-0.003949020057916641
0.041095852851867676
0.035747919231653214
0.08451297879219055
-0.015483763068914413
-0.020766794681549072
0.06306271255016327
0.014349628239870071
-0.05619306489825249
0.00629410520195961
0.09138576686382294
0.0569472536444664
0.09244513511657715
0.04719310998916626
0.010510101914405823
0.12996283173561096
0.02919045463204384
0.034714631736278534
0.03994900733232498
-0.013026237487792969
0.06736254692077637
0.01194646954536438
0.048877570778131485
0.03303144872188568
0.024376701563596725
-0.03593876212835312
0.039946407079696655
0.06458655744791031
-0.05920610949397087
0.021085716784000397
0.023465752601623535
0.0820581465959549
0.12282519042491913
0.03205215930938721
-0.025968261063098907
0.10059420764446259
0.011734109371900558
-0.009070910513401031
-0.017956215888261795
0.07413938641548157
-0.037814993411302567
0.0796055719256401
0.03727192431688309
0.05166945978999138
0.11342740803956985
-0.004633892327547073
0.06095445156097412
0.002223275601863861
0.07466866075992584
-0.04106033593416214
0.06811143457889557
-0.0009782388806343079
-0.03920995816588402
-0.01384628564119339
-0.04673686623573303
-0.021816492080688477
0.054678838700056076
0.05491015315055847
-0.03134848177433014
0.03054504469037056
0.0041975900530815125
0.008819285780191422
0.03543088957667351
0.06986374408006668
0.027063291519880295
0.1570338010787964
-0.03079293668270111
0.026869405061006546
0.12409962713718414
-0.064419686794281
0.07633496075868607
0.08858692646026611
0.0017306134104728699
0.05396599695086479
0.04748211055994034
-0.06128798797726631
0.06807766854763031
-0.0003600865602493286
0.027270592749118805
0.13498947024345398
0.006779663264751434
0.033844366669654846
0.08233855664730072
0.02382735162973404
0.032810140401124954
-0.03827652335166931
0.0564570352435112
0.03058665618300438
0.07079284638166428
-0.05495848506689072
0.08222360908985138
0.05118709057569504
0.10830610990524292
0.03802570700645447
0.07062985002994537
0.02750757336616516
0.030370697379112244
0.0033216774463653564
0.06924646347761154
0.09861953556537628
0.03284135088324547
0.04889543727040291
0.01915689930319786
-0.08063171803951263
-0.013515874743461609
0.09433301538228989
1.7415732145309448e-05
0.006421089172363281
0.1365053355693817
0.021719977259635925
-0.04922907054424286
-0.04973691701889038
0.05205091834068298
-0.00072474405169487
0.0014325790107250214
0.0835074931383133
0.010145571082830429
0.13295865058898926
-0.10173950344324112
0.10292970389127731
0.04018642008304596
0.05504860728979111
0.08396261185407639
0.02513124793767929
-0.10692276805639267
0.09180210530757904
0.05205412209033966
0.07593534886837006
-0.05378149077296257
-0.016099169850349426
-0.03328728303313255
0.03242282196879387
0.1286960244178772
0.04159713536500931
-0.021255943924188614
-0.011978257447481155
0.016850363463163376
0.0779905915260315
-0.007908716797828674
0.03501289337873459
0.005180023610591888
0.07124032080173492
-0.026863783597946167
-0.06927565485239029
0.08811865001916885
-0.10416404902935028
-0.001981820911169052
-0.033615220338106155
-0.026891611516475677
-0.0028570666909217834
-0.020867235958576202
0.12802986800670624
-0.04243776202201843
0.03657786548137665
0.06829660385847092
0.02807353064417839
-0.04738808050751686
0.03144652023911476
0.016441017389297485
-0.04410973936319351
0.007037542760372162
0.06170424818992615
-0.14151297509670258
0.08699488639831543
0.046127982437610626
0.060624778270721436
-0.0002832487225532532
0.13067366182804108
-0.03181096166372299
-0.05406318977475166
-0.025655075907707214
0.15049035847187042
0.08604974299669266
0.06281974911689758
0.06590241938829422
0.016250625252723694
0.11903902888298035
0.014134630560874939
-0.02379637211561203
0.158391535282135
0.058443065732717514
0.01125137135386467
0.012549694627523422
0.02647162601351738
0.041943904012441635
0.09137555956840515
0.006529845297336578
0.011419177055358887
0.11628895252943039
0.048987045884132385
-0.01135241985321045
0.08159273862838745
-0.030411366373300552
-0.024492237716913223
0.09302129596471786
0.039373546838760376
0.057344719767570496
0.11550736427307129
-0.025859668850898743
0.04252216964960098
0.07047020643949509
-0.03109695017337799
0.04024915397167206
0.0404241643846035
-0.05379646271467209
-0.05422789976000786
-0.00462719053030014
0.008908569812774658
-0.07466073334217072
0.08288348466157913
0.047769490629434586
0.10023239254951477
0.01745481789112091
0.002021387219429016
-0.05457239970564842
-0.024041034281253815
-0.07246853411197662
-0.0023033805191516876
0.07718770205974579
-0.062219154089689255
-0.024954903870821
-0.011927157640457153
0.018889397382736206
0.037689171731472015
0.061241019517183304
0.05928046628832817
0.042843256145715714
-0.06910130381584167
0.06816364079713821
0.029249131679534912
0.08301520347595215
0.05068954825401306
0.04795879125595093
-0.009403731673955917
0.03160268813371658
0.07877974212169647
0.0003629811108112335
0.03301157057285309
0.012467533349990845
-0.002399943768978119
-0.1392102688550949
0.024473030120134354
-0.005118481814861298
0.047114863991737366
0.00579708069562912
-0.01693686842918396
0.023057766258716583
0.059104274958372116
-0.0378434881567955
-0.060614973306655884
0.04291800409555435
0.057594843208789825
-0.005233388394117355
0.038428619503974915
0.07680171728134155
0.053627703338861465
0.030654285103082657
0.002755209803581238
-0.02847202867269516
-0.011667944490909576
0.10754521191120148
0.10847966372966766
0.049242597073316574
-0.006389949470758438
0.030241724103689194
0.021864909678697586
-0.03525211662054062
-0.017294742166996002
0.0628875121474266
-0.03713759407401085
0.057168953120708466
-0.08227694034576416
-0.05733666568994522
-0.025972411036491394
0.1474933624267578
0.09010416269302368
0.05366668850183487
0.012002646923065186
0.07760833203792572
-0.019705675542354584
-0.04237639904022217
-0.06629716604948044
0.05417895317077637
0.07089550793170929
0.022952109575271606
0.050403159111738205
-0.0401836521923542
0.019965510815382004
0.0042016878724098206
-0.02048046514391899
-0.07932622730731964
0.0005000755190849304
0.02124624326825142
0.06542420387268066
0.06711208075284958
0.0473112016916275
0.04678171128034592
-0.014811702072620392
0.024037566035985947
0.1300276666879654
-0.10002773255109787
0.06071946769952774
0.05767514556646347
-0.046482037752866745
0.06953007727861404
-0.02574007213115692
-0.027534566819667816
0.03064579889178276
-0.07120770215988159
-0.02386133372783661
0.07482889294624329
0.020095281302928925
0.08234857767820358
-0.0911940336227417
-0.046884093433618546
0.043445464223623276
0.01955908164381981
0.06887645274400711
-0.026506192982196808
0.06159810349345207
0.04439007118344307
-0.0012318715453147888
-0.0011978745460510254
-0.0419967845082283
0.04944036900997162
0.02381053939461708
0.021754130721092224
0.07778148353099823
-0.0015802085399627686
-0.003063477575778961
-0.015177026391029358
-0.020527034997940063
0.00511275976896286
-0.01815745234489441
-0.0841108113527298
-0.021734699606895447
0.07450844347476959
-0.026557475328445435
0.07969316095113754
-0.026730291545391083
0.09940172731876373
-0.000688113272190094
0.01121552288532257
0.001430712640285492
-0.04116560518741608
-0.03886248171329498
-0.00022473186254501343
-0.030130736529827118
0.07015275955200195
0.04667852818965912
-0.10338279604911804
-0.025459498167037964
0.094326913356781
0.03149031102657318
-0.007992386817932129
0.05158451199531555
-0.009815484285354614
-0.022521689534187317
0.039320193231105804
0.0679551213979721
0.030153576284646988
-0.013520598411560059
-0.10746098309755325
-0.01565861701965332
0.08498051017522812
-0.06432750076055527
-0.00029227137565612793
0.028886958956718445
-0.09097073972225189
0.030250392854213715
-0.11515484005212784
-0.10200135409832001
0.0038676410913467407
-0.12997525930404663
-0.015901952981948853
-0.04039771109819412
-0.032836608588695526
-0.002829022705554962
0.0967869907617569
-0.0028657466173171997
0.001553177833557129
0.08361177891492844
-0.0061929114162921906
-0.02153528854250908
-0.011474989354610443
0.02603226900100708
-0.024557828903198242
0.03059973567724228
0.021368779242038727
0.036792706698179245
0.06263019144535065
0.04133690148591995
0.020465921610593796
0.11953778564929962
0.04118886590003967
0.12003674358129501
0.07006852328777313
0.03498418256640434
-0.045552484691143036
0.03046543151140213
-0.018632367253303528
0.03833317384123802
0.01043771579861641
-0.12119479477405548
-0.06451698392629623
-0.01703505590558052
-0.015054382383823395
-0.019405081868171692
0.044028475880622864
-0.06736160814762115
0.02309473603963852
0.02932807430624962
-0.005873963236808777
0.03732823580503464
0.08253233879804611
-0.03742881864309311
-0.00970783457159996
-0.033386312425136566
-0.08727193623781204
-0.08016607910394669
0.012018389999866486
0.049628131091594696
0.04549682140350342
0.03643537685275078
0.08511930704116821
0.065265953540802
0.029053494334220886
0.08261812478303909
0.10827811062335968
-0.08097763359546661
0.06142847239971161
0.042837969958782196
0.04039911925792694
0.0462319552898407
-0.046725764870643616
0.08918686211109161
-0.022641010582447052
0.019930295646190643
0.026660069823265076
0.008088357746601105
-0.009332716464996338
-0.07015877217054367
0.05074649304151535
0.055534426122903824
0.04026511684060097
0.0063627734780311584
-0.018160127103328705
-0.06573538482189178
-0.0045897141098976135
-0.07978053390979767
0.030778944492340088
-0.09073738753795624
0.11986081302165985
-0.054008714854717255
0.005102165043354034
0.026719294488430023
0.06039136275649071
0.13322335481643677
-0.00515756756067276
-0.0519421249628067
0.03052239678800106
0.10329900681972504
0.034179847687482834
-0.050429314374923706
-0.04155265912413597
-0.03388412669301033
0.0109616219997406
-0.08742617070674896
0.10863905400037766
-0.027898740023374557
-0.07823801040649414
0.016903061419725418
-0.06699881702661514
-0.08940557390451431
-0.02774004638195038
0.038056228309869766
-0.10504631698131561
-4.9423426389694214e-05
0.0064022354781627655
0.06140943616628647
-0.030900634825229645
0.025991473346948624
0.10839968919754028
0.08415724337100983
-0.025025494396686554
0.028194956481456757
-0.034552134573459625
-0.05233320593833923
-0.023473896086215973
0.055594880133867264
0.016183972358703613
-0.031063713133335114
0.03985554724931717
0.06098584458231926
-0.033005379140377045
-0.001369372010231018
0.017870359122753143
0.0798533633351326
0.058408793061971664
0.03925421088933945
-0.09663105010986328
0.06805916875600815
0.050877895206213
0.01103585958480835
-0.05559786409139633
0.11489857733249664
0.04109786078333855
0.012374527752399445
-0.08969374746084213
0.010937109589576721
0.02912827953696251
-0.02421536296606064
-0.024658776819705963
-0.05165672302246094
0.005246620625257492
0.02891949564218521
0.0057058632373809814
-0.050525955855846405
0.002776689827442169
-0.021746329963207245
0.056867823004722595
0.008288759738206863
-0.11069119721651077
0.06285950541496277
0.05472670495510101
0.07623597979545593
0.04129147529602051
0.06898437440395355
0.018564000725746155
0.06806344538927078
0.05594869330525398
-0.009436242282390594
0.025748450309038162
-0.037056028842926025
-0.027590498328208923
0.027309022843837738
0.0042418986558914185
-0.007806256413459778
-0.0742965042591095
0.015988677740097046
-0.00481288880109787
-0.06981362402439117
0.06166309490799904
-0.025585852563381195
0.0009876340627670288
0.09814215451478958
-0.08152756094932556
-0.00333540141582489
-0.00334944948554039
0.02240860089659691
-0.06303990632295609
-0.022889450192451477
0.006713259965181351
-0.011689655482769012
0.05068691819906235
-0.050525084137916565
0.03663424775004387
-0.08045303076505661
0.07268787920475006
0.0010724365711212158
0.04848755523562431
0.05794505774974823
0.07193973660469055
0.012566160410642624
0.00767158716917038
-0.13280215859413147
-0.01919708400964737
0.005306228995323181
-0.08074609190225601
-0.0067041292786598206
0.01062680035829544
0.003991924226284027
