0.1302468478679657
0.1361803412437439
0.12415958940982819
0.13740232586860657
0.12653303146362305
0.11790496110916138
0.12435051798820496
0.12241517007350922
0.12135878205299377
0.13860446214675903
0.12212468683719635
0.12639792263507843
0.1259121298789978
0.12217997014522552
0.12523843348026276
0.12391436100006104
0.11663104593753815
0.14219698309898376
0.1353902518749237
0.10571794956922531
0.11900395154953003
0.12827830016613007
0.12117378413677216
0.12087973952293396
0.12248411774635315
0.13227765262126923
0.11130199581384659
0.11660957336425781
0.13495515286922455
0.12324577569961548
0.1229788213968277
0.11412636190652847
0.09438401460647583
0.13039958477020264
0.131498321890831
0.11880393326282501
0.11030504107475281
0.11596151441335678
0.10352471470832825
0.06927359104156494
0.07694463431835175
0.09505583345890045
0.08804114162921906
0.09285397082567215
0.09252630919218063
0.09642282873392105
0.0612231083214283
0.06581053882837296
0.1088152825832367
0.050695959478616714
0.08923500776290894
0.09660503268241882
0.12062574923038483
0.10667647421360016
0.0802609920501709
0.06884681433439255
0.04454629123210907
0.006524022668600082
0.037999242544174194
0.08683707565069199
0.029972068965435028
0.06633017957210541
0.007615761831402779
0.04902826249599457
0.020164862275123596
0.02436106838285923
-0.017662206664681435
-0.004944256506860256
0.024881018325686455
0.030673550441861153
-0.036768898367881775
-0.015469969250261784
-0.041592855006456375
0.013370963744819164
-0.021540990099310875
-0.054466746747493744
-0.0315396711230278
0.012943278066813946
-0.02481297217309475
0.0054107848554849625
0.03640465438365936
-0.001063453033566475
-0.020062657073140144
-0.010489454492926598
-0.006253771483898163
-0.0055709108710289
0.03221770003437996
-0.003184448927640915
0.031418778002262115
-0.032497018575668335
0.016763027757406235
0.002990204840898514
-0.005357410758733749
0.04042068123817444
0.020785396918654442
0.018707217648625374
0.0087759830057621
0.053128913044929504
-0.025870613753795624
-0.022048888728022575
-0.022212930023670197
-0.007443342357873917
0.01915431022644043
-0.0009016264230012894
0.03021729364991188
0.00154823437333107
0.054909758269786835
0.06415972113609314
-0.021668706089258194
0.04179192706942558
-0.02348366007208824
0.004466544836759567
0.039755403995513916
0.028861153870821
0.07175150513648987
0.03055344521999359
0.040829457342624664
0.032105378806591034
0.017910677939653397
0.05548715591430664
0.08645934611558914
-0.028451841324567795
0.015720872208476067
-0.007709972560405731
0.037296101450920105
-0.0020842477679252625
0.07073361426591873
0.05335817113518715
0.04527914524078369
0.031770408153533936
0.03684597089886665
0.07397419214248657
0.0593532994389534
0.011375188827514648
0.07621058076620102
0.07089751958847046
0.04385339468717575
0.0723840743303299
0.05606289207935333
0.04365946352481842
0.07402127236127853
0.06880401074886322
0.08895125985145569
0.03303311765193939
0.05864790081977844
0.051000360399484634
0.062266476452350616
0.046472229063510895
0.06051186844706535
0.03747117146849632
0.049431391060352325
0.061885565519332886
0.0779508724808693
0.05196458846330643
0.040448471903800964
0.050328969955444336
0.0744253545999527
0.04215260222554207
0.028805971145629883
0.09722527861595154
0.0924282893538475
0.019304852932691574
0.08480194956064224
0.03951561823487282
0.07457514107227325
0.09696218371391296
0.05166231095790863
0.07233968377113342
0.061417415738105774
0.022296611219644547
0.03861943632364273
0.04666486009955406
0.055117204785346985
0.057585567235946655
0.09550529718399048
0.08731933683156967
0.08614010363817215
0.06723368167877197
0.09780891984701157
0.010943438857793808
0.06912992149591446
0.05083523318171501
0.027360878884792328
0.08713676780462265
0.04612724483013153
0.0510418564081192
0.06935375928878784
0.07411836087703705
0.029108431190252304
0.057959020137786865
0.05261031538248062
0.10237059742212296
0.0629357174038887
0.08003021776676178
0.07299847155809402
0.09092768281698227
0.10733885318040848
0.04164747893810272
0.05804435908794403
0.07358729094266891
0.057207897305488586
0.05029600113630295
0.004989035427570343
0.05922240391373634
0.052266113460063934
0.07236155867576599
0.05822811648249626
0.07512377202510834
0.07079426199197769
0.088391974568367
0.0812242180109024
0.06623845547437668
0.06706268340349197
0.054921142756938934
0.007236488163471222
0.10370132327079773
0.03737988322973251
0.04971371591091156
0.05706619471311569
0.05414671450853348
0.05736454576253891
0.07709562033414841
0.08947483450174332
0.07650132477283478
0.08953635394573212
0.05720628798007965
0.07754801958799362
0.03536929190158844
0.04490350931882858
0.0609816312789917
0.06279972195625305
0.09572964906692505
0.04874861240386963
0.08673171699047089
0.05945026874542236
0.08084981143474579
0.0910818949341774
0.08957429230213165
0.08268140256404877
0.06560783833265305
0.060013480484485626
0.10922668129205704
0.07362750917673111
0.060708969831466675
0.10118947178125381
0.090988390147686
0.06970411539077759
0.09773696959018707
0.07833456993103027
0.059528134763240814
0.07692722231149673
0.0410110242664814
0.08661855757236481
0.0958423838019371
0.10000891983509064
0.10294311493635178
0.09566482901573181
0.06844532489776611
0.04869528487324715
0.042723648250103
0.07443617284297943
0.06685153394937515
0.03937835618853569
0.05306912958621979
0.06505715101957321
0.049447473138570786
0.027249768376350403
0.08944390714168549
0.09990227222442627
0.027220219373703003
0.06442134827375412
0.06669849157333374
0.08337784558534622
0.04065467789769173
0.07885479927062988
0.0159209705889225
0.043895285576581955
0.06775989383459091
0.033462949097156525
0.07333753257989883
0.06455746293067932
0.08374451100826263
0.046438105404376984
0.08063170313835144
0.0567634180188179
0.0781387910246849
0.08070003241300583
0.06759876757860184
0.10310140252113342
0.030873190611600876
0.10747313499450684
0.08346617966890335
0.06188211590051651
0.055577173829078674
0.06613447517156601
0.07654259353876114
0.07366307824850082
0.08925901353359222
0.07753124833106995
0.07100685685873032
0.08143973350524902
0.07980410754680634
0.0696866363286972
0.0726398304104805
0.07894362509250641
0.06270970404148102
0.040365684777498245
0.055483974516391754
0.09557542949914932
0.07409372180700302
0.0294700525701046
0.07917538285255432
0.07527410238981247
0.03590051829814911
0.06267288327217102
0.07312749326229095
-0.011345207691192627
0.07554066926240921
0.06453756988048553
0.04198163375258446
0.0982915535569191
0.048750028014183044
0.053038597106933594
0.09869282692670822
0.058384448289871216
0.07054410129785538
0.052147917449474335
0.08090583980083466
0.09472246468067169
0.06305844336748123
0.06841515004634857
0.01924385130405426
0.07321633398532867
0.07761304080486298
0.07248450815677643
0.08780720829963684
0.03674851357936859
0.05483130365610123
0.0814354196190834
0.016718130558729172
0.03768543154001236
0.01784592494368553
0.08935369551181793
0.07924285531044006
0.06556667387485504
0.070974200963974
0.09222257137298584
0.10770491510629654
0.056518882513046265
0.12410464882850647
0.07577584683895111
0.06289120018482208
0.026280920952558517
0.10558085143566132
0.07099023461341858
0.07544494420289993
0.03946328163146973
0.022291243076324463
0.058125823736190796
0.05896376445889473
0.07735575735569
0.10474741458892822
0.06634029000997543
0.0744418129324913
0.09796926379203796
0.07367292791604996
0.06448883563280106
0.07931751012802124
0.07465439289808273
0.04570207744836807
0.0416986383497715
0.07562461495399475
0.03485044464468956
0.05454867333173752
0.059728242456912994
0.05633676052093506
0.06510305404663086
0.06546680629253387
0.06691599637269974
0.06791006028652191
0.05874374508857727
0.05617420747876167
0.07364200055599213
0.06963979452848434
0.12547829747200012
0.07550211250782013
0.06087847799062729
0.09765502065420151
0.011717505753040314
0.0809842199087143
0.08649719506502151
0.0837666392326355
0.07291139662265778
0.0922049954533577
0.020843669772148132
0.08293897658586502
0.07938605546951294
0.04879898950457573
0.03413853049278259
0.08076119422912598
0.05890880897641182
0.05975353717803955
0.046535562723875046
0.06918938457965851
0.055049993097782135
0.03984398767352104
0.00785977765917778
0.006739258766174316
0.061452265828847885
0.06909625232219696
0.033030103892087936
0.08279529213905334
0.054613564163446426
0.07834987342357635
0.0770525261759758
0.05801887437701225
0.07466894388198853
0.06536661833524704
0.08741495013237
0.08776212483644485
0.041531965136528015
0.05432289466261864
0.07338975369930267
0.03666011616587639
0.09012164175510406
0.06822872906923294
0.08048427104949951
0.06941112130880356
0.03894754871726036
0.0512070432305336
0.09117137640714645
0.06827426701784134
0.07144459336996078
0.039796385914087296
0.08045975863933563
0.06255888938903809
0.08761321753263474
0.08756820112466812
0.035258948802948
0.07841883599758148
0.0673532709479332
0.04628584161400795
0.03824453800916672
0.03514811396598816
0.052577678114175797
0.05383496358990669
0.05890810489654541
0.0444427989423275
0.0802612155675888
0.026022575795650482
0.0621175542473793
0.04461715742945671
0.0682193860411644
0.012332148849964142
0.04452613741159439
0.08698286861181259
0.08402992784976959
0.09468147903680801
0.031556759029626846
0.06691300868988037
0.029403310269117355
0.05021883174777031
0.07347308099269867
0.05103830248117447
0.047592706978321075
0.07623331993818283
0.04553036019206047
0.04432390630245209
0.08650045841932297
0.03160069137811661
0.014380928128957748
0.08238998800516129
0.036813292652368546
0.08157378435134888
0.09175362437963486
0.03594541177153587
0.058930084109306335
0.07430007308721542
0.09930068999528885
0.09502015262842178
0.028358858078718185
0.033596623688936234
0.0389900878071785
0.07255186140537262
0.03693082556128502
0.041685160249471664
0.06437059491872787
0.08160538226366043
0.013144612312316895
0.0536632277071476
0.01899925246834755
0.05792026221752167
0.04571232199668884
0.10591575503349304
0.10160909593105316
0.08959838002920151
0.057951927185058594
0.13550351560115814
0.054608263075351715
0.09054779261350632
0.03800562769174576
0.07401498407125473
0.12061497569084167
0.03398958593606949
0.07937093824148178
0.036359116435050964
0.06436657160520554
0.09388644993305206
0.00987207144498825
0.0693885013461113
0.02986304461956024
0.04992932826280594
0.04411694407463074
0.1010042130947113
0.02773275226354599
0.061548490077257156
0.04132571443915367
0.04385601356625557
0.05493835732340813
0.022143173962831497
0.03475077077746391
0.044926967471838
0.03569440916180611
0.04363292083144188
0.04651127755641937
0.0643882304430008
0.05678484961390495
0.09371042996644974
0.02673495188355446
0.07260682433843613
0.020845945924520493
0.047367461025714874
0.08233027160167694
0.02905789390206337
0.003216434270143509
0.06767358630895615
0.0720941424369812
0.06174682825803757
0.05175858736038208
0.05657591670751572
0.08250527828931808
0.05804535374045372
0.06847154349088669
0.038971904665231705
0.027836844325065613
0.018868207931518555
0.07763794809579849
0.059379253536462784
0.07143647223711014
0.05234142765402794
0.0730418935418129
0.05546160042285919
0.04786810651421547
0.06877052783966064
0.07373959571123123
0.0727427750825882
0.10298275202512741
0.06643016636371613
0.012424260377883911
0.07527755200862885
0.08934742957353592
0.06041372939944267
0.04787057638168335
0.009222909808158875
0.043944716453552246
0.0538361519575119
0.04257771000266075
0.0401957668364048
0.06585630774497986
0.07274928689002991
0.07832159101963043
0.07590051740407944
0.06692333519458771
0.059027861803770065
0.019315160810947418
0.007898516952991486
0.03976604342460632
0.06977906078100204
0.05130665749311447
0.04586422070860863
0.06276765465736389
0.043703339993953705
0.021052509546279907
0.05478425696492195
0.06706541031599045
0.07958503067493439
0.07350897789001465
0.03472151607275009
0.04877693951129913
0.038180917501449585
0.0282733216881752
0.005616288632154465
0.06216564029455185
0.03225709870457649
0.080333411693573
0.0814608782529831
0.03003672882914543
0.05684468895196915
0.04256289079785347
0.041315607726573944
0.042469486594200134
0.08250164240598679
0.08472881466150284
0.08034053444862366
0.06018393486738205
0.027503836899995804
0.04981384798884392
0.0641869455575943
0.0655914843082428
-0.00813695415854454
0.058094270527362823
0.03748476132750511
0.051225487142801285
0.06937885284423828
0.06311800330877304
0.04353836923837662
0.07069718092679977
0.04659165069460869
0.0957845076918602
0.04967445135116577
0.09754207730293274
0.08394556492567062
0.09396542608737946
0.061290524899959564
0.0019519031047821045
0.07322506606578827
0.009219285100698471
0.05656753480434418
0.07315448671579361
0.10089927166700363
0.024574004113674164
0.045293573290109634
0.07224053889513016
0.08966607600450516
0.0005128234624862671
0.0503704659640789
0.06919938325881958
0.07580243051052094
0.02766725793480873
0.053800344467163086
-0.00613490492105484
0.007326383143663406
0.06465339660644531
0.06948734074831009
0.05389987304806709
0.034491680562496185
0.04236135631799698
0.09167800098657608
0.07728775590658188
0.046810269355773926
0.06350935995578766
0.0129576176404953
0.05101040378212929
0.07059714943170547
0.04918708652257919
0.057084910571575165
0.050760336220264435
0.06498695909976959
0.034609436988830566
0.0725242868065834
0.074837327003479
0.03189411386847496
-0.0159761905670166
0.053612690418958664
0.042250704020261765
0.06374551355838776
0.04972091689705849
0.06854669004678726
0.05473984405398369
0.054704781621694565
0.008669737726449966
0.016680069267749786
0.0214545875787735
0.06464888155460358
0.04680319130420685
0.05342094600200653
0.01518275961279869
0.08788789063692093
0.08047594875097275
0.004191748797893524
0.06425721943378448
0.029361549764871597
0.015567626804113388
0.01276920735836029
0.04306540638208389
0.06734463572502136
0.05062463879585266
0.04754653945565224
0.06951220333576202
0.04077548533678055
0.046570952981710434
0.09363707900047302
0.02553550899028778
-0.0016160905361175537
0.06555360555648804
0.0760764628648758
0.03211440518498421
0.09025232493877411
-0.0041475072503089905
0.07262349873781204
0.08714030683040619
0.02322428859770298
0.017259370535612106
0.08724997192621231
0.06895311176776886
0.04319653660058975
0.05433973670005798
0.039680495858192444
0.042394403368234634
0.02486656978726387
0.020718727260828018
0.10458175837993622
0.035624854266643524
0.024349063634872437
0.04348237067461014
0.02616610750555992
0.058258142322301865
0.05369305610656738
0.04686057195067406
0.073926642537117
0.014640681445598602
0.0425480380654335
0.0814456045627594
0.017812643200159073
0.017608758062124252
0.0262502022087574
0.007274501025676727
0.0051184408366680145
0.0004491731524467468
0.0022736117243766785
0.0400826632976532
0.056983307003974915
0.06588797271251678
0.09956817328929901
0.011955324560403824
0.08829507231712341
0.062270160764455795
0.04798060655593872
0.03031713142991066
0.11119279265403748
0.048004280775785446
0.01480662077665329
0.08748752623796463
0.059638552367687225
0.013986289501190186
0.07032161951065063
0.042437903583049774
0.07397250086069107
0.07654986530542374
0.056026652455329895
0.030455876141786575
0.006300650537014008
0.048351436853408813
0.09742756932973862
0.03180049732327461
0.009915586560964584
0.087714284658432
0.024512019008398056
1.1861324310302734e-05
0.06292632222175598
0.034206267446279526
0.01909738779067993
0.07845301926136017
0.02549014985561371
0.02786089852452278
0.05082528293132782
0.04250389710068703
-0.04629626125097275
0.047680266201496124
-0.013539455831050873
0.052471358329057693
0.0817497968673706
0.02651285007596016
0.0033413320779800415
0.011369511485099792
0.04728545993566513
0.07670636475086212
0.07316456735134125
-0.01895090937614441
0.035368166863918304
0.034594349563121796
0.0558665469288826
0.09140662103891373
0.03235279768705368
0.05062750726938248
0.08249956369400024
0.00740322470664978
0.023742925375699997
0.045871853828430176
0.04942268505692482
0.015997882932424545
0.04640911519527435
-0.01689114421606064
-0.003935880959033966
0.06775882840156555
0.01978788524866104
0.06209343671798706
0.07828708738088608
0.044132646173238754
0.044989969581365585
0.06592550873756409
0.003495916724205017
0.04762424901127815
-0.02588988095521927
0.05793669447302818
0.08495493233203888
0.051670998334884644
0.06544667482376099
0.022301342338323593
0.06234317272901535
0.09088829904794693
0.04152306169271469
0.02478601597249508
0.020223557949066162
-0.028420932590961456
0.019248250871896744
0.009747736155986786
0.04121193289756775
0.05862231180071831
0.02631758153438568
0.08677774667739868
0.046888962388038635
0.07106342166662216
-0.033982474356889725
0.04314865171909332
0.073087178170681
0.035366423428058624
0.047138847410678864
0.050904273986816406
0.06707118451595306
0.052570708096027374
0.014811389148235321
0.09281376749277115
0.04012716934084892
0.006357811391353607
-0.0011630244553089142
0.03726547583937645
0.016755033284425735
0.042753931134939194
0.056567639112472534
0.031454648822546005
0.01347566768527031
-0.04744303971529007
0.023652788251638412
-0.0002933107316493988
0.021458882838487625
0.09265339374542236
-0.03390760347247124
-0.0017391405999660492
0.04932035878300667
0.06374494731426239
0.03826150298118591
0.031322576105594635
0.06781942397356033
0.05429337918758392
0.022409413009881973
0.038606010377407074
0.007088456302881241
0.02247226983308792
0.00962848961353302
0.06089598312973976
0.08901812136173248
0.01399170607328415
0.0055520497262477875
0.05327563360333443
0.05216047167778015
0.04178525507450104
0.03159584850072861
0.07242696732282639
0.023308124393224716
-0.01298787072300911
0.024178050458431244
0.021336127072572708
-0.005092702805995941
0.049908097833395004
0.039850398898124695
0.034257322549819946
0.02741362899541855
0.0015931986272335052
0.044816695153713226
0.03891318291425705
0.029629003256559372
-0.047135017812252045
0.051734719425439835
0.023433145135641098
0.06262668967247009
0.06712549924850464
-0.006845932453870773
0.058968715369701385
0.06837759912014008
0.027354083955287933
0.012240733951330185
0.009663976728916168
-0.008951429277658463
0.03779544681310654
0.03064075857400894
0.05127977952361107
0.04575410485267639
0.06735792011022568
0.05687790364027023
-0.0024243146181106567
0.01687530428171158
0.04444913566112518
0.014549694955348969
0.09444720298051834
0.06569094955921173
0.06242803484201431
0.05290723219513893
0.025369202718138695
0.0359855517745018
0.029601670801639557
-0.052380092442035675
0.04535234719514847
0.014754291623830795
0.032589152455329895
0.010910801589488983
0.018360421061515808
0.030532771721482277
0.00738738477230072
0.011608637869358063
0.03702464699745178
0.025236938148736954
-0.004769906401634216
-0.01998807117342949
0.0692233294248581
0.0407017283141613
0.019802432507276535
0.05044282600283623
-0.0018623843789100647
0.04607763513922691
0.06022316962480545
0.010809771716594696
0.05956965312361717
0.06988923996686935
0.08569088578224182
0.029823720455169678
0.08019920438528061
0.028679488226771355
0.03989565744996071
0.037150606513023376
0.012288447469472885
0.007898952811956406
0.004036974161863327
0.01668393611907959
0.04261497035622597
0.012475356459617615
0.03119790181517601
0.025964416563510895
-0.014960020780563354
0.003326311707496643
-0.011426880955696106
0.03562617301940918
0.005625203251838684
0.04742366448044777
-0.020078934729099274
0.004774648696184158
0.03245379403233528
0.011600691825151443
-0.025197692215442657
0.017419613897800446
0.08431461453437805
0.048774536699056625
0.016405906528234482
0.034124407917261124
0.016915325075387955
0.056370750069618225
0.08132465928792953
0.036972641944885254
0.048516470938920975
0.05110809579491615
0.03512158244848251
-0.00891544297337532
0.014284536242485046
-0.0174003504216671
0.04155176132917404
0.02299206331372261
0.04810505360364914
0.006642047315835953
-0.002447552978992462
0.06475773453712463
0.053611088544130325
0.02072005346417427
0.015215456485748291
0.04772815853357315
-0.03361189365386963
0.00441201776266098
-0.014644529670476913
0.03993888944387436
-0.0010692812502384186
0.03852331265807152
0.053890325129032135
0.007878553122282028
-0.02838786691427231
0.09549809992313385
0.04557107388973236
-0.02927374467253685
0.02588479593396187
0.027265118435025215
0.011057071387767792
0.04182122275233269
