0.41223078966140747
0.42820337414741516
0.40560346841812134
0.418067067861557
0.3901796340942383
0.40723592042922974
0.40882769227027893
0.40554705262184143
0.40264928340911865
0.42508840560913086
0.40917113423347473
0.41558846831321716
0.407449334859848
0.4098355770111084
0.4053072929382324
0.4047943651676178
0.39312583208084106
0.4233427345752716
0.42285335063934326
0.3765927255153656
0.3980189263820648
0.4070011377334595
0.3976273834705353
0.39534956216812134
0.4087623953819275
0.41057145595550537
0.37997788190841675
0.3950689435005188
0.41249340772628784
0.39804938435554504
0.3934445381164551
0.37571707367897034
0.3612724840641022
0.3851103186607361
0.4124787151813507
0.38110649585723877
0.37233659625053406
0.38441866636276245
0.3629087209701538
0.32049912214279175
0.3560648262500763
0.36861667037010193
0.34660154581069946
0.3547181189060211
0.3465222120285034
0.358150452375412
0.30835169553756714
0.3206808269023895
0.3480644226074219
0.29926860332489014
0.34263303875923157
0.3313584327697754
0.34431302547454834
0.3454010486602783
0.3415793180465698
0.2975373864173889
0.32780638337135315
0.25241783261299133
0.32347387075424194
0.3217325508594513
0.2665792405605316
0.24723069369792938
0.20561449229717255
0.17211152613162994
0.15195989608764648
0.12352223694324493
0.09196904301643372
0.06721879541873932
0.11854539811611176
0.12758848071098328
0.11115463823080063
0.08622952550649643
0.05124318227171898
0.13401803374290466
0.018972385674715042
0.06582639366388321
0.06474228203296661
0.050812602043151855
0.1425745189189911
0.02307983487844467
0.05489376187324524
0.00996064767241478
0.107088103890419
0.07123974710702896
0.05673912912607193
0.1633845865726471
0.05053207650780678
0.11073066294193268
0.10709432512521744
0.11494623124599457
0.06686494499444962
0.02306097000837326
0.18213008344173431
0.08837824314832687
0.19271504878997803
0.2059996873140335
0.20260784029960632
0.12317610532045364
0.23573410511016846
0.28121426701545715
0.20758295059204102
0.1402813345193863
0.23115214705467224
0.21398860216140747
0.19345149397850037
0.17693215608596802
0.15403114259243011
0.1830226182937622
0.24677930772304535
0.24371977150440216
0.23713241517543793
0.10641211271286011
0.2196205109357834
0.18132488429546356
0.26841115951538086
0.3194493353366852
0.22027859091758728
0.25972747802734375
0.22263917326927185
0.21721747517585754
0.2712264060974121
0.2744883894920349
0.26078060269355774
0.2610028088092804
0.19696667790412903
0.20328879356384277
0.2108360230922699
0.23039688169956207
0.22603970766067505
0.19484873116016388
0.22240309417247772
0.30128780007362366
0.29163897037506104
0.3076910078525543
0.27336183190345764
0.23863494396209717
0.2176445871591568
0.27571526169776917
0.26031655073165894
0.18846440315246582
0.26322808861732483
0.3378729820251465
0.28145816922187805
0.34693244099617004
0.32667475938796997
0.3123055100440979
0.2648307681083679
0.30915603041648865
0.18606118857860565
0.3515763282775879
0.2961903214454651
0.24671989679336548
0.2852718234062195
0.2632802128791809
0.28582462668418884
0.2720543146133423
0.28647756576538086
0.3095012307167053
0.2045295387506485
0.22795382142066956
0.2581017017364502
0.3254173994064331
0.26358914375305176
0.26484110951423645
0.32338830828666687
0.24217456579208374
0.28881344199180603
0.28039124608039856
0.29121822118759155
0.21467600762844086
0.23321199417114258
0.35554051399230957
0.2054482400417328
0.34291690587997437
0.2809618413448334
0.2702368199825287
0.2869548201560974
0.31251218914985657
0.2806437313556671
0.3087461590766907
0.2638893127441406
0.3131292164325714
0.2698373794555664
0.3031683564186096
0.2972536087036133
0.3188949227333069
0.30826589465141296
0.27232712507247925
0.23046842217445374
0.28424471616744995
0.2655310332775116
0.2628345489501953
0.26440244913101196
0.24771054089069366
0.3199518322944641
0.351952463388443
0.3043384850025177
0.27166345715522766
0.3655535578727722
0.2884022295475006
0.2782129645347595
0.2405335158109665
0.32525938749313354
0.22426976263523102
0.26658204197883606
0.2756674289703369
0.26466718316078186
0.22487227618694305
0.2732512652873993
0.24969731271266937
0.2594882845878601
0.26461225748062134
0.34458351135253906
0.3570764362812042
0.28120720386505127
0.36425697803497314
0.2895953357219696
0.26601868867874146
0.26127001643180847
0.32736000418663025
0.31016260385513306
0.24535106122493744
0.20821720361709595
0.30390724539756775
0.24290236830711365
0.2977076768875122
0.31715846061706543
0.2973942160606384
0.2414059191942215
0.2766489088535309
0.29895690083503723
0.2561788558959961
0.31771767139434814
0.2513413429260254
0.28200194239616394
0.3005081117153168
0.27963513135910034
0.28462275862693787
0.272803395986557
0.3369341194629669
0.2819356918334961
0.24025893211364746
0.3278809189796448
0.2890492379665375
0.3396228551864624
0.2932507395744324
0.26411309838294983
0.2443460077047348
0.2950877845287323
0.27682194113731384
0.31227025389671326
0.293764591217041
0.28576672077178955
0.3081897795200348
0.27900272607803345
0.24488866329193115
0.33323872089385986
0.2861410081386566
0.2262953519821167
0.3235635757446289
0.22024837136268616
0.2672919034957886
0.2783829867839813
0.23722103238105774
0.3030797839164734
0.2933715283870697
0.30912354588508606
0.3520065248012543
0.2765779197216034
0.2968781888484955
0.24389120936393738
0.2639828622341156
0.19288846850395203
0.30174368619918823
0.30800724029541016
0.25561103224754333
0.2830432951450348
0.22529290616512299
0.3306586444377899
0.2917174696922302
0.2919474244117737
0.2758065462112427
0.3284141719341278
0.2510063052177429
0.23807227611541748
0.24472451210021973
0.23985737562179565
0.28379592299461365
0.2624519467353821
0.24922320246696472
0.26522302627563477
0.3071674704551697
0.2705422043800354
0.28330376744270325
0.19897839426994324
0.3200313448905945
0.1712898313999176
0.3118886947631836
0.24064500629901886
0.2947981655597687
0.2537927031517029
0.331371009349823
0.31377798318862915
0.2859940528869629
0.3163009285926819
0.2589288353919983
0.31620079278945923
0.283621609210968
0.2766403555870056
0.2818436622619629
0.2842021882534027
0.22034353017807007
0.22297555208206177
0.280534029006958
0.2661171853542328
0.2779826521873474
0.2766968309879303
0.25105544924736023
0.2628050744533539
0.29697731137275696
0.2242758423089981
0.33703455328941345
0.3061395287513733
0.2897672951221466
0.30852165818214417
0.2712431252002716
0.2737186849117279
0.28903311491012573
0.3018679916858673
0.24851225316524506
0.22644948959350586
0.2612093389034271
0.28710314631462097
0.29842495918273926
0.2819344401359558
0.2769234776496887
0.2500537931919098
0.2505339980125427
0.24675236642360687
0.2809007465839386
0.2813410758972168
0.28718480467796326
0.28765350580215454
0.22863903641700745
0.2871706187725067
0.2445005178451538
0.28697457909584045
0.2741793394088745
0.19775372743606567
0.22228917479515076
0.24480262398719788
0.27360785007476807
0.2894517481327057
0.3197929263114929
0.28882619738578796
0.2597406506538391
0.29760727286338806
0.2710515260696411
0.30291518568992615
0.2885175049304962
0.27854499220848083
0.23518262803554535
0.1910674273967743
0.24553003907203674
0.2876073718070984
0.21446484327316284
0.23121190071105957
0.2642595171928406
0.2406637966632843
0.2061072736978531
0.21525511145591736
0.24535471200942993
0.2776464819908142
0.2647516131401062
0.2773899435997009
0.25641828775405884
0.2375086545944214
0.1654708832502365
0.2611384093761444
0.31331712007522583
0.3246065080165863
0.20936131477355957
0.26652270555496216
0.24167320132255554
0.2206214815378189
0.22260664403438568
0.24751898646354675
0.3012969195842743
0.23327195644378662
0.22924882173538208
0.17493341863155365
0.21320529282093048
0.26857703924179077
0.29796138405799866
0.1865801364183426
0.2766122817993164
0.2635178565979004
0.26817840337753296
0.23561665415763855
0.2640523910522461
0.3397531807422638
0.29847848415374756
0.2285389006137848
0.2855885922908783
0.33229395747184753
0.24970418214797974
0.21815814077854156
0.21373119950294495
0.33429214358329773
0.25279903411865234
0.24881936609745026
0.29793184995651245
0.312238872051239
0.2371031939983368
0.2674541771411896
0.21854552626609802
0.28892287611961365
0.3087555170059204
0.24187134206295013
0.3089979588985443
0.24672983586788177
0.26231157779693604
0.2632676959037781
0.2872007191181183
0.29244112968444824
0.3117762506008148
0.2652721405029297
0.2318231612443924
0.2244519591331482
0.3154899477958679
0.19632098078727722
0.2597777545452118
0.19521066546440125
0.3610035181045532
0.24251940846443176
0.25551101565361023
0.2932896614074707
0.28917208313941956
0.2297326624393463
0.2812163531780243
0.1961546689271927
0.20006504654884338
0.24172161519527435
0.22139878571033478
0.1772490292787552
0.2994402348995209
0.2535381317138672
0.2842596173286438
0.2483166754245758
0.1882336437702179
0.21418209373950958
0.2506880760192871
0.24871762096881866
0.26774805784225464
0.2516850233078003
0.17979183793067932
0.1993972361087799
0.26670998334884644
0.2745562791824341
0.21429164707660675
0.2582933306694031
0.25392186641693115
0.2661295533180237
0.2097855806350708
0.1965569108724594
0.29475846886634827
0.23212607204914093
0.24547526240348816
0.3021327257156372
0.28596264123916626
0.24049654603004456
0.2502814829349518
0.20048962533473969
0.2021341472864151
0.23446553945541382
0.3025858998298645
0.15361087024211884
0.2393874078989029
0.2539912462234497
0.2613550126552582
0.2523174285888672
0.21179406344890594
0.26677703857421875
0.23589828610420227
0.2650340795516968
0.17348065972328186
0.17154322564601898
0.22964072227478027
0.2534525394439697
0.2084924280643463
0.21881181001663208
0.259794682264328
0.26248547434806824
0.2437599003314972
0.270378977060318
0.29571017622947693
0.16559839248657227
0.31884005665779114
0.13346466422080994
0.27483367919921875
0.18718180060386658
0.24838010966777802
0.2862113416194916
0.1756475865840912
0.2601224184036255
0.30661389231681824
0.2531827986240387
0.2497148960828781
0.24129679799079895
0.27862805128097534
0.3073400557041168
0.26597845554351807
0.22808952629566193
0.2340606153011322
0.1976393312215805
0.26801156997680664
0.2338031381368637
0.237814798951149
0.26891377568244934
0.19078683853149414
0.29720017313957214
0.154086634516716
0.2573370337486267
0.22330647706985474
0.22373557090759277
0.26909446716308594
0.22298754751682281
0.15500648319721222
0.25519153475761414
0.2416098713874817
0.2155478596687317
0.23369112610816956
0.1725655496120453
0.24749700725078583
0.2048172950744629
0.24164241552352905
0.20783385634422302
0.20586246252059937
0.21946893632411957
0.30465489625930786
0.11275781691074371
0.23328976333141327
0.3082098066806793
0.18309131264686584
0.21377147734165192
0.2199426293373108
0.17342694103717804
0.2799423336982727
0.19104596972465515
0.23864072561264038
0.15597420930862427
0.27293333411216736
0.19677986204624176
0.2326231449842453
0.18939775228500366
0.2019042819738388
0.2245548963546753
0.1540965735912323
0.11985452473163605
0.1612219363451004
0.18479900062084198
0.25135016441345215
0.29206374287605286
0.1670774519443512
0.23979489505290985
0.2279796600341797
0.14786452054977417
0.23663748800754547
0.13117048144340515
0.12066775560379028
0.18094508349895477
0.13501332700252533
0.16609793901443481
0.16535887122154236
0.2360951006412506
0.17443320155143738
0.08458105474710464
0.2223639190196991
0.1407579779624939
0.2347656637430191
0.1600191444158554
0.19485314190387726
0.20147788524627686
0.1169704794883728
0.2606666684150696
0.2467675507068634
0.15764690935611725
0.10457303375005722
0.12126410007476807
0.24535630643367767
0.17384594678878784
0.12485858798027039
0.23646414279937744
0.1860291063785553
0.21803991496562958
0.1639099270105362
0.27446767687797546
0.12405824661254883
0.24381501972675323
0.21614384651184082
0.16705915331840515
0.2997533082962036
0.2309262454509735
0.09831034392118454
0.26333606243133545
0.34897080063819885
0.13912633061408997
0.11826911568641663
0.1618121862411499
0.14290589094161987
0.12306780368089676
0.20497478544712067
0.22046980261802673
0.14078180491924286
0.17663723230361938
0.07858780026435852
0.16103386878967285
0.20914040505886078
0.2794390618801117
0.3222498297691345
0.2863452136516571
0.16512663662433624
0.1621086597442627
0.07322600483894348
0.13030864298343658
0.14465895295143127
0.1458219736814499
0.20948946475982666
0.14969556033611298
0.22119992971420288
0.261290043592453
0.20084625482559204
0.20641538500785828
0.12996044754981995
0.13296757638454437
0.2612442374229431
0.2021518498659134
0.1493038386106491
0.16412442922592163
0.10292214155197144
0.1486262083053589
0.25858911871910095
0.14215922355651855
0.29170647263526917
0.25884923338890076
0.19019049406051636
0.19479140639305115
0.08974504470825195
0.08832260221242905
0.21788892149925232
0.20741315186023712
0.1675085574388504
0.2310948222875595
0.19459611177444458
0.22480054199695587
0.07605238258838654
0.17440491914749146
0.24253399670124054
0.0891425758600235
0.06810011714696884
0.06603378802537918
0.12752151489257812
0.17324699461460114
0.12957778573036194
0.15246623754501343
0.11453913152217865
0.12881113588809967
0.2815920412540436
0.14931204915046692
0.11141374707221985
0.23681849241256714
0.17177814245224
0.14612111449241638
0.14661696553230286
0.14923419058322906
0.19645251333713531
0.2060135453939438
0.1943916380405426
0.1969309002161026
0.04704483598470688
0.18640542030334473
0.10358233004808426
0.14972980320453644
0.08741172403097153
0.2533859312534332
0.21070539951324463
0.20068195462226868
0.14675366878509521
0.10589832067489624
0.1881997287273407
0.10752548277378082
0.11996035277843475
0.17342889308929443
0.0785626620054245
0.06579067558050156
0.18813402950763702
0.09734609723091125
0.10875906050205231
0.2166336476802826
0.0376836359500885
0.06027103215456009
0.20730261504650116
0.08337642252445221
0.12856262922286987
0.0622146874666214
0.1637851893901825
0.01573851704597473
0.12165842950344086
0.11555364727973938
0.07736141979694366
0.1752731055021286
0.17975716292858124
0.1361365169286728
0.09434252232313156
0.11753033101558685
0.15739946067333221
0.08230336755514145
0.29232579469680786
0.20223350822925568
0.1376120150089264
0.07147786766290665
0.23242945969104767
0.17310041189193726
0.15498094260692596
0.03956877440214157
0.07248173654079437
0.12672924995422363
0.08906154334545135
0.143694207072258
0.06518888473510742
0.1563338041305542
0.052876319736242294
0.05450715869665146
0.16735687851905823
0.05715983733534813
0.12122058868408203
0.13221204280853271
0.21245869994163513
0.06301690638065338
0.13123822212219238
0.093264639377594
0.017846472561359406
0.2520088851451874
0.07935112714767456
0.0255235955119133
0.14551815390586853
0.026670321822166443
0.08387073874473572
0.12522496283054352
0.08882157504558563
0.047870658338069916
0.16773317754268646
0.04497748613357544
0.059798285365104675
0.26051202416419983
0.020798422396183014
0.1558002531528473
0.057502225041389465
0.09820915013551712
0.043018754571676254
0.1818867027759552
0.10095933079719543
0.10197071731090546
0.1045331060886383
0.11211913824081421
0.10890661925077438
0.07650619745254517
0.11331886798143387
0.09978172183036804
0.10855955630540848
0.12931625545024872
0.17101658880710602
0.2031012624502182
0.05688885226845741
0.11481387168169022
0.1145087331533432
0.15972284972667694
0.11986073851585388
0.08215735852718353
0.011252179741859436
0.038220345973968506
0.16796526312828064
0.08857856690883636
0.07875019311904907
0.08769422769546509
-0.034132637083530426
0.07187965512275696
0.024890698492527008
0.0655796006321907
0.009039215743541718
-0.013943642377853394
0.048071980476379395
0.16654464602470398
0.04258197546005249
0.08557040989398956
0.0758388489484787
0.029278822243213654
0.09902588278055191
0.144950270652771
-0.009883224964141846
0.1410447061061859
0.10136761516332626
0.039326854050159454
0.12060383707284927
-0.0028580427169799805
0.05695022642612457
0.03908310830593109
0.07051868736743927
-0.007816530764102936
0.040520891547203064
0.1055922582745552
0.09257420897483826
0.01603936403989792
0.1249770000576973
0.17610594630241394
0.08639464527368546
0.021093256771564484
0.0197075717151165
0.04730607569217682
0.04023478180170059
0.08942672610282898
0.07142718136310577
0.03721045330166817
0.018899686634540558
0.11139735579490662
0.08405058085918427
0.11280855536460876
0.048960521817207336
0.009125038981437683
0.05916612222790718
0.02830643206834793
-0.012307658791542053
0.07398887723684311
0.08992078900337219
0.021344587206840515
0.07209189236164093
0.07019328325986862
0.08077650517225266
0.0966743528842926
0.13217663764953613
0.02903921902179718
0.08563098311424255
0.04153187572956085
0.18901464343070984
0.09852726757526398
0.04753391444683075
0.11423733830451965
0.00449487566947937
0.03343796730041504
0.09217803180217743
0.019158542156219482
0.03577488288283348
0.18012045323848724
0.05911644175648689
-0.011901579797267914
0.12358622252941132
0.11099902540445328
-0.0049827247858047485
0.11789390444755554
0.044720884412527084
0.09641509503126144
0.060722921043634415
0.07238856703042984
0.048608992248773575
0.06498467922210693
0.03909113258123398
0.021396644413471222
-0.011466726660728455
0.028872452676296234
-0.031005818396806717
-0.013083342462778091
0.14747099578380585
0.07207020372152328
0.14193309843540192
0.0023531168699264526
0.045861270278692245
0.10964630544185638
0.003848128020763397
0.03786524385213852
0.1049659326672554
0.11047253012657166
0.030849557369947433
-0.01123412698507309
-0.02999196946620941
0.056097012013196945
0.06983323395252228
0.02316897362470627
-0.0020126625895500183
0.05754314363002777
0.04232749342918396
0.06039920449256897
-0.01593189686536789
-0.019787564873695374
0.07603796571493149
-0.002856079488992691
0.004234332591295242
0.016116172075271606
0.0408744290471077
0.05782167986035347
0.0051110610365867615
0.09960846602916718
0.0478343702852726
0.015111282467842102
0.0896666944026947
0.03949318453669548
0.027814790606498718
0.007987286895513535
0.014250047504901886
0.07663967460393906
0.1356961876153946
0.07003006339073181
0.05301250144839287
0.0791393369436264
0.09653402864933014
0.0076543837785720825
-0.04038156941533089
0.04985758662223816
0.048539500683546066
-0.012403160333633423
0.07845254242420197
0.06778645515441895
0.04563567414879799
0.09716261923313141
-0.013280995190143585
0.06924472749233246
0.08672463893890381
-0.03869714215397835
-0.007283315062522888
0.0888364166021347
0.1050538569688797
0.0698053240776062
-0.0067402757704257965
0.11631827056407928
0.03037845343351364
-0.02157125622034073
0.06072791665792465
0.0025673620402812958
0.016053948551416397
-0.062202006578445435
0.006153371185064316
-0.01173720508813858
0.11722623556852341
0.0792771577835083
-0.02641935646533966
0.06821097433567047
0.09592947363853455
0.07803556323051453
0.01893632486462593
0.08144864439964294
-0.013170085847377777
0.032046716660261154
-0.047199100255966187
-0.00684715062379837
-0.035340916365385056
-0.00773315504193306
-0.010062336921691895
0.08606930822134018
0.03671723231673241
0.043208226561546326
0.0009669661521911621
0.04637940600514412
0.04854349419474602
0.005659155547618866
0.06734311580657959
0.07083013653755188
0.023391656577587128
0.13984990119934082
0.06025116145610809
0.043585650622844696
0.022593408823013306
0.04737617075443268
0.01910942792892456
0.009547781199216843
0.019572053104639053
0.0007463954389095306
0.019337717443704605
-0.025283169001340866
0.09216004610061646
-0.02501988783478737
0.096551813185215
0.060951847583055496
0.10150003433227539
0.041336540132761
-0.04021041840314865
0.007195863872766495
0.140317901968956
0.03882487490773201
0.03626558557152748
-0.013170652091503143
-0.0019126422703266144
0.011325724422931671
0.05614718794822693
-0.01806247979402542
0.0054873935878276825
0.016269244253635406
-0.04020986706018448
0.02358708530664444
0.05308006703853607
0.043957799673080444
0.17662882804870605
