0.24568688869476318
0.24298222362995148
0.24498212337493896
0.24342305958271027
0.24811482429504395
0.24280361831188202
0.24261793494224548
0.24214044213294983
0.2440626472234726
0.2428300678730011
0.2419879138469696
0.24287381768226624
0.24150004982948303
0.24167309701442719
0.24018463492393494
0.2415681779384613
0.2428329885005951
0.23994027078151703
0.23918643593788147
0.24168919026851654
0.2396446019411087
0.2381468266248703
0.23848439753055573
0.23817235231399536
0.2387150675058365
0.23827117681503296
0.2370893657207489
0.23371849954128265
0.23508495092391968
0.2349848449230194
0.23419073224067688
0.23354113101959229
0.22948646545410156
0.2259797602891922
0.23208403587341309
0.22842846810817719
0.2237677276134491
0.2232019603252411
0.21917714178562164
0.216019868850708
0.21971753239631653
0.21923920512199402
0.21927152574062347
0.2119869440793991
0.21017716825008392
0.2115096002817154
0.20903940498828888
0.2007380574941635
0.19869722425937653
0.1857062429189682
0.18450863659381866
0.17592236399650574
0.17360690236091614
0.1559935212135315
0.17439740896224976
0.14796432852745056
0.13275673985481262
0.1474056839942932
0.11929459124803543
0.11752936989068985
0.1080683022737503
0.1038203090429306
0.08516132086515427
0.07962091267108917
0.0738820731639862
0.03911912813782692
0.06817745417356491
0.02153119444847107
0.029658062383532524
0.019992733374238014
0.023491909727454185
0.013647339306771755
0.006872938945889473
0.02072126604616642
0.0043066032230854034
0.0225957240909338
0.004805704113095999
0.004499983042478561
0.006959620863199234
0.0036062910221517086
0.0018002755241468549
0.0017908111913129687
0.005683188326656818
0.004534708335995674
0.002531906124204397
0.003349683480337262
0.00993997324258089
0.00448087602853775
0.002523785922676325
-5.7636178098618984e-05
0.01434751320630312
0.00449086120352149
0.008418196812272072
0.0060294088907539845
0.002206378150731325
0.0052380976267158985
0.010499329306185246
0.012632561847567558
0.005795959383249283
0.009356480091810226
0.017313126474618912
0.007590125780552626
0.026631450280547142
0.010290009900927544
0.015249955467879772
0.024576455354690552
0.014009791426360607
0.012885138392448425
0.012487935833632946
0.026687895879149437
0.02394615113735199
0.06630738824605942
0.01904081553220749
0.02408064343035221
0.027935680001974106
0.010932372882962227
0.016569504514336586
0.025808239355683327
0.030956411734223366
0.029480379074811935
0.015749109908938408
0.03719933703541756
0.035580046474933624
0.024543622508645058
0.02153482660651207
0.024480855092406273
0.040800489485263824
0.046874143183231354
0.027813613414764404
0.03661786764860153
0.0315399132668972
0.04617556184530258
0.05584850534796715
0.028073415160179138
0.03238287940621376
0.03674320504069328
0.022213373333215714
0.031327128410339355
0.023856766521930695
0.043308597058057785
0.028454607352614403
0.029449597001075745
0.05121742933988571
0.021182507276535034
0.031798120588064194
0.03280733525753021
0.03978196531534195
0.048729706555604935
0.04254820942878723
0.03258972987532616
0.029026173055171967
0.032376743853092194
0.032665807753801346
0.029181910678744316
0.0329086072742939
0.027283545583486557
0.02346985600888729
0.02659578248858452
0.02766335941851139
0.03069155663251877
0.021852778270840645
0.03474213927984238
0.020473139360547066
0.033810850232839584
0.03658320754766464
0.02691461145877838
0.025796029716730118
0.019085055217146873
0.03165144473314285
0.023691849783062935
0.01934189163148403
0.04086288437247276
0.02104550413787365
0.022803373634815216
0.02429462969303131
0.020794285461306572
0.023176155984401703
0.020207002758979797
0.020594097673892975
0.018507223576307297
0.03357028216123581
0.01940200664103031
0.015749752521514893
0.02004213072359562
0.021761899814009666
0.01563056744635105
0.013715167529881
0.027410918846726418
0.018279917538166046
0.02436220645904541
0.013482542708516121
0.025196008384227753
0.027133872732520103
0.012225671671330929
0.027945484966039658
0.021216880530118942
0.013719158247113228
0.014362174086272717
0.016537053510546684
0.013244561851024628
0.016800453886389732
0.013895384967327118
0.021112585440278053
0.017860546708106995
0.00680625531822443
0.00978010892868042
0.015798937529325485
0.016741495579481125
0.015029747039079666
0.02107921987771988
0.01805987022817135
0.01480045821517706
0.010886210948228836
0.015524014830589294
0.007789202034473419
0.005956043489277363
0.008512388914823532
0.016853058710694313
0.00875476561486721
0.005097375251352787
0.00922220665961504
0.014216417446732521
0.008064912632107735
0.007101414259523153
0.013080557808279991
0.003970343619585037
0.010447991080582142
0.011595027521252632
0.006975281052291393
0.009366493672132492
0.015646502375602722
0.014296019449830055
0.00596929807215929
0.007671057712286711
0.008905837312340736
0.00837860256433487
0.006657642778009176
0.010004871524870396
0.005778323858976364
0.006501571275293827
0.004848693497478962
0.010975613258779049
0.008764288388192654
0.00907348096370697
0.006774683017283678
0.013513409532606602
0.01589805632829666
0.008822483941912651
0.00706471037119627
0.00496710417792201
0.013309197500348091
0.004840380512177944
0.015148707665503025
0.01398160308599472
0.008674131706357002
0.0025418484583497047
0.011971485801041126
0.004549470730125904
0.008628714829683304
0.0054473960772156715
0.0035574338398873806
0.007236945442855358
0.003509263275191188
0.004597386345267296
0.015323864296078682
0.0033971648663282394
0.010820222087204456
0.003856104565784335
0.007530944421887398
0.0060723708011209965
0.007873023860156536
0.008914308622479439
0.010628406889736652
0.012802010402083397
0.0035214792005717754
0.004154827445745468
0.014523044228553772
0.004293377511203289
0.0051367152482271194
0.003691644174978137
0.014555655419826508
0.005779806524515152
0.006764410529285669
0.0036325326655060053
0.01055984664708376
0.00506958831101656
0.005564814433455467
0.0055018700659275055
0.008830499835312366
0.0012325240531936288
0.002621928695589304
0.006896717939525843
0.001962002133950591
0.005489074159413576
0.008156761527061462
0.004453514236956835
0.0067634498700499535
0.010197028517723083
0.00278010917827487
0.007756523322314024
0.0022489591501653194
0.01609928533434868
0.0029175039380788803
0.005045629572123289
0.010550926439464092
0.0023806258104741573
0.001753539778292179
0.0010482334764674306
0.00102773227263242
0.0022579412907361984
0.0017365830717608333
0.005297097377479076
0.005373753607273102
0.004405725281685591
0.004507838282734156
0.005643318872898817
0.002049416769295931
0.0035744288470596075
0.002452729269862175
0.0060249390080571175
0.006655015982687473
0.009335394017398357
0.004053635057061911
0.004429979249835014
0.00533568998798728
0.0011707083322107792
0.0028612548485398293
0.0016631479375064373
0.0043133944272994995
0.0023371237330138683
0.0029126559384167194
0.0034376620315015316
0.0014523080317303538
0.005905399098992348
0.0016482194187119603
0.004766092170029879
0.0029267272911965847
0.0036317878402769566
0.001716827740892768
0.002535782754421234
0.0032261312007904053
0.006587668787688017
0.0018325408454984426
0.01032851729542017
0.003778699319809675
0.0008820857619866729
0.0048683322966098785
0.007614647038280964
0.001996118575334549
0.002803922165185213
-0.000805271731223911
0.0018383831484243274
0.0007542071398347616
0.0054056718945503235
0.0027120495215058327
0.0028456919826567173
0.0031857129652053118
0.00010559207294136286
0.003229498164728284
-0.00023645127657800913
0.0015971361426636577
0.0031225509010255337
0.0019900957122445107
0.002357527846470475
0.00048023415729403496
0.006316368468105793
0.003226878121495247
0.0005760013591498137
0.0007629630854353309
0.0017446073470637202
-0.0002657100558280945
0.0028220927342772484
0.003849814645946026
0.0028549078851938248
0.0035359153989702463
0.003851098008453846
0.0017935087671503425
0.0035627298057079315
0.0002492922358214855
0.001267162966541946
0.005107680801302195
0.0054787988774478436
0.0021567102521657944
0.0008457497460767627
-0.00028333032969385386
0.0019755722023546696
0.006022191606462002
0.0013583155814558268
0.0017084628343582153
0.0035765767097473145
-0.0006613208679482341
0.0018536077113822103
0.0037868139334023
-0.00019593234173953533
5.9213838540017605e-05
-0.0005956210661679506
0.003037884132936597
-0.000986519968137145
0.0016599218361079693
0.004002704285085201
0.0016754389507696033
0.002300104359164834
-0.00010505609679967165
2.0791776478290558e-06
0.0018789396854117513
-0.0008473501657135785
-0.0003817077958956361
0.0004800609312951565
0.0010932596633210778
0.003881684737280011
0.02298165298998356
0.0015681463992223144
0.0050618089735507965
-0.0001328703947365284
0.002769566373899579
0.0019727451726794243
0.00017104402650147676
0.0005331760039553046
-0.00024877535179257393
0.0056541734375059605
0.002591032302007079
0.0014420999214053154
0.006277940236032009
0.010309001430869102
0.003758277278393507
5.909253377467394e-05
0.0041077760979533195
0.0018136485014110804
0.004166158847510815
0.0022505298256874084
0.0005319833289831877
0.002231429796665907
0.005473423283547163
0.00017879356164485216
-0.00015666696708649397
0.0016746721230447292
0.0029264413751661777
0.0014731131959706545
0.0028071459382772446
0.001036037807352841
0.0016682542627677321
0.0015869135968387127
0.0006334902718663216
0.0029696552082896233
-0.0008648114744573832
0.00012569304089993238
0.0004814357962459326
0.0006542268674820662
0.005079370457679033
0.0007467013783752918
0.0031538803596049547
0.0021201111376285553
0.003826470347121358
0.0003111821133643389
0.004063079599291086
0.003357253037393093
0.003752545453608036
0.0006208636332303286
0.0017121806740760803
0.001028096885420382
0.0034211117308586836
0.0049760593101382256
0.0012812981149181724
0.004662525840103626
-0.0002750155981630087
0.0030355644412338734
0.005591627210378647
0.008864954113960266
0.008337786421179771
0.00804813951253891
0.0004488588310778141
0.00026712194085121155
0.004689333029091358
0.0005084112053737044
0.003411825280636549
0.002129980828613043
0.002949913963675499
0.004834029823541641
0.0010174904018640518
3.326381556689739e-05
0.005095645785331726
0.0025861342437565327
0.005533839575946331
0.00223710248246789
0.0049100471660494804
0.006086236797273159
0.001680114190094173
0.0028095778543502092
0.0007939741481095552
0.0020259576849639416
0.004476672504097223
0.0021880429703742266
0.0015185372903943062
0.0026346207596361637
0.001305463258177042
0.0018043802119791508
0.0006263523828238249
0.003867552150040865
0.02537878043949604
0.0010375746060162783
0.006764072924852371
0.0007670691702514887
0.0005582900485023856
0.01138378120958805
0.0027867010794579983
0.004552949219942093
0.0019946512766182423
0.004486726596951485
0.005828848108649254
-0.0002809562720358372
-4.222709685564041e-05
0.0006846843753010035
-0.0010709130438044667
0.002778468420729041
0.005550514440983534
0.0007751418743282557
0.0007663769647479057
0.0016199235105887055
0.002463014330714941
0.00482304347679019
0.003289028536528349
0.0049163345247507095
0.004625627305358648
0.0036052914801985025
0.0009806512389332056
0.0017736436566337943
0.0014482872793450952
0.0031977291218936443
0.0031836428679525852
0.009099636226892471
0.002413415350019932
0.006169364787638187
0.003453597892075777
0.004962299019098282
0.004144948907196522
0.002005121437832713
0.002534180413931608
0.004503658041357994
0.008053638972342014
0.00951686967164278
0.022286392748355865
0.003645764198154211
0.007393632549792528
0.010929535143077374
0.007060520816594362
0.000719945877790451
0.004675555974245071
0.004252169746905565
0.0030711304862052202
0.003656362649053335
0.0015040808357298374
0.0009000159334391356
0.001940991496667266
0.005293010734021664
0.0020543718710541725
0.008193498477339745
0.005089483689516783
0.0033309138379991055
0.0006594497244805098
0.002022409113124013
0.003011145628988743
0.0009105036733672023
0.0018066904740408063
0.0014772030990570784
0.005870361812412739
0.0026354980655014515
0.009137892164289951
0.0007919627241790295
0.00293717416934669
0.002247588476166129
0.003041536081582308
0.0029776189476251602
0.0024158216547220945
0.004045175854116678
0.0014211502857506275
0.004866183269768953
0.006873658392578363
0.003399711102247238
0.00591856986284256
0.005189342424273491
0.003787886817008257
0.004879636224359274
0.007782750762999058
0.0018947275821119547
0.0011633832473307848
0.005843203980475664
0.0029910667799413204
0.003971061669290066
0.002294765319675207
0.0030215031001716852
0.0036170678213238716
0.005450250580906868
0.004434171132743359
0.0054853530600667
0.0015731265302747488
0.002389546250924468
0.00253952550701797
0.004449030850082636
0.011184168048202991
0.0009043811587616801
0.00320793385617435
0.0031473012641072273
0.0021975077688694
0.0089278444647789
0.005161914974451065
0.002840430475771427
0.004377232398837805
0.007680742535740137
0.0034616291522979736
0.026110226288437843
0.005641702562570572
0.009439898654818535
0.0013495716266334057
0.0043437001295387745
0.006086851470172405
0.0032619794365018606
0.007994944229722023
0.0034471675753593445
0.0016760341823101044
0.00023094541393220425
0.004920883569866419
-0.0006642387015745044
0.00164496386423707
0.010423509404063225
0.0029139723628759384
0.005241874605417252
0.00018757418729364872
0.004845434799790382
-0.00034470250830054283
0.0023013914469629526
0.004080193117260933
0.002167325234040618
0.001950727542862296
-2.8249109163880348e-05
0.011738806962966919
0.001307645346969366
0.00137171964161098
0.001668634358793497
0.0014492231421172619
0.0005992739461362362
0.006559539120644331
0.0012101720785722136
0.000530774355866015
0.002840343862771988
0.0014319263864308596
0.0034477212466299534
0.004719029180705547
0.009893849492073059
0.0020928913727402687
0.0010060945060104132
0.007352665066719055
0.0026271725073456764
0.004298809915781021
0.0012991991825401783
0.0024101044982671738
0.005018426571041346
0.004204206168651581
0.004620357882231474
0.013498729094862938
0.0036710479762405157
0.0029398868791759014
0.005766741000115871
0.0025189986918121576
0.00040918542072176933
0.0033298826310783625
-0.0016929558478295803
0.008504673838615417
0.00028363545425236225
0.010176392272114754
0.003288045758381486
0.005290570203214884
0.00586338946595788
0.0035844803787767887
0.0003829470369964838
0.0037930188700556755
0.0015924184117466211
6.311153993010521e-05
0.0030411274638026953
0.006489299237728119
0.0035743853077292442
0.00316229066811502
0.004061507992446423
0.023783409968018532
0.0014367103576660156
0.006852949503809214
0.00354452570900321
0.008939115330576897
0.0038478816859424114
0.0008497833041474223
0.00174657441675663
0.0017433210741728544
0.002687132218852639
0.0016654757782816887
0.002286681439727545
0.00028669810853898525
0.004075389355421066
0.003404096234589815
0.004593686666339636
0.00041253946255892515
0.0044051180593669415
0.0042480239644646645
0.0010923445224761963
0.0002563958987593651
0.0018438741099089384
0.0013894913718104362
0.0006619831547141075
0.003654072992503643
-0.0014535165391862392
0.0041093057952821255
0.005711928941309452
0.003170592710375786
0.001969045028090477
0.003983919974416494
-0.0001987662399187684
0.004153118468821049
0.0052171433344483376
0.00025681499391794205
-7.486040703952312e-05
0.0014663515612483025
0.003307100385427475
0.0024365123827010393
0.001439870335161686
0.0029493309557437897
0.0028933538123965263
0.008154049515724182
0.006202304735779762
0.0037626472767442465
0.0008991060312837362
0.004411095753312111
0.0025455052964389324
0.004325307905673981
0.0005297248717397451
0.0007335527334362268
0.005426681134849787
0.005850809160619974
0.0030568998772650957
0.009651344269514084
0.0005417447537183762
0.0004601480904966593
0.004140323493629694
0.004549168050289154
0.005127764772623777
0.0009398835245519876
0.006852307356894016
0.0005587388295680285
0.0024022147990763187
0.0034259017556905746
0.005518433637917042
-0.00010180473327636719
0.00033426028676331043
0.023849356919527054
0.0032683410681784153
-0.0005294387228786945
0.0009650739375501871
0.0055483062751591206
0.003963059280067682
0.0007867724634706974
0.0011393497698009014
0.0057249958626925945
0.001727354945614934
0.001174058998003602
-0.0002672262489795685
0.00023514812346547842
-0.00022775656543672085
0.0008570258505642414
0.0014391462318599224
0.003662127535790205
0.005416332744061947
0.003967756871134043
0.0012338064843788743
-0.00023781112395226955
-0.00027325458358973265
0.0008736284216865897
0.00640887999907136
0.0012006780598312616
0.0059287347830832005
0.0032578236423432827
0.0035587488673627377
-0.0005915381480008364
0.0045268419198691845
0.004104272928088903
0.006170451641082764
0.0010940483771264553
0.0027760143857449293
0.0008640306768938899
0.0011477603111416101
0.0021222084760665894
0.0016088727861642838
-0.0007950578583404422
0.004353804513812065
-0.0016646055737510324
0.002736112102866173
0.0021794589702039957
0.0009575977455824614
-0.0006880611181259155
0.0016358603024855256
0.0015755650820210576
0.001860189251601696
0.0016337595880031586
0.0023263245820999146
0.0015476199332624674
0.0002806158736348152
0.0007847684901207685
-0.0003566939849406481
0.0016658252570778131
0.0010659783147275448
0.00019408727530390024
-0.00024013605434447527
0.00830194354057312
0.002850249409675598
0.0036928870249539614
0.004899012390524149
0.0017472684849053621
0.00348975183442235
0.0024986867792904377
0.0011818790808320045
0.0006845325697213411
-0.0004258098779246211
0.0016536989714950323
0.0003423006273806095
0.00034902687184512615
3.383844159543514e-05
0.000987763749435544
0.000953644048422575
0.0043628099374473095
0.0007327590137720108
0.0010583412367850542
0.0004824013449251652
-0.0013563856482505798
0.00028724188450723886
0.0017196828266605735
0.0018801431870087981
-0.0006416545948013663
-0.0005764595698565245
0.0030609164386987686
0.0014018620131537318
-0.0008610895602032542
0.001274872338399291
0.0010000148322433233
0.007047134451568127
0.0007564419647678733
-0.00012423412408679724
0.0008302787318825722
0.0024848198518157005
0.0012138348538428545
0.00159876374527812
0.021838122978806496
-0.00026606209576129913
0.004905846901237965
0.00337870791554451
0.0005962298018857837
0.003330679377540946
0.00499394815415144
-0.0009782450506463647
0.001949832309037447
-0.0002935081720352173
0.00288211228325963
0.00018018623813986778
-0.0004666461609303951
0.0026919953525066376
-0.0005497095407918096
0.0039054076187312603
-0.0006416934775188565
0.0032499548979103565
-0.00012484623584896326
0.00045204791240394115
0.02935723215341568
0.0006750331958755851
0.0020845981780439615
0.005375968292355537
0.0017953349743038416
0.002248560544103384
0.0015739868395030499
-0.0001792708644643426
0.0060718003660440445
0.0018277360359206796
-0.0006416034884750843
0.0035076800268143415
0.00029640248976647854
0.005236348602920771
0.0001747084315866232
0.002172924345359206
-0.0020450176671147346
-0.00032542808912694454
-0.00020620878785848618
-0.0014927047304809093
0.0006153603317216039
0.0028459380846470594
0.0020732718985527754
-6.556999869644642e-05
0.0006910583470016718
0.0009403196163475513
0.0008529925253242254
0.005933297332376242
0.0005688562523573637
-0.0007255750242620707
0.0007264993619173765
0.0017365517560392618
0.0038380823098123074
0.0026146683376282454
0.0003382395952939987
0.00157294818200171
-0.0010410081595182419
0.003040933981537819
0.0005905455909669399
0.000990061555057764
-2.174580004066229e-05
-0.00032766221556812525
0.0013415057910606265
0.00032565114088356495
0.0023151100613176823
3.750086762011051e-06
-0.0012290115701034665
-0.0014921252150088549
-0.0009251102455891669
0.0008092778734862804
0.001528803026303649
0.0025928926188498735
0.0020725373178720474
-0.00029996142257004976
0.001544624799862504
0.0018223572988063097
-0.00015232840087264776
0.0016877446323633194
-0.0006988904206082225
0.001243803882971406
0.0022631720639765263
0.0009787431918084621
0.00013121729716658592
0.0021904557943344116
0.0010494100861251354
-0.0005013438640162349
-0.00146382674574852
-0.0006186290411278605
0.00033927743788808584
0.003182718064635992
0.000567286042496562
0.0031077824532985687
0.0006560049951076508
0.00048755283933132887
0.0010107746347784996
0.0020934368949383497
-0.001267438754439354
0.001687601557932794
0.002069189678877592
-0.0017560900887474418
-0.0006842802977189422
0.00010742945596575737
0.0001814665738493204
-0.0009446721524000168
0.0008439954835921526
0.0006936575518921018
0.0006952187977731228
-0.0003346505109220743
0.0006366361631080508
0.0017364530358463526
0.0007226812886074185
-0.0007532129529863596
0.0010320928413420916
0.008101806044578552
-0.0010899612680077553
0.0005380806978791952
-0.0011481436667963862
-0.0014116375241428614
-0.0008982472354546189
-0.00024944054894149303
-0.0004773212131112814
0.0026887001004070044
0.0019922463688999414
-0.0010587549768388271
0.0008406660053879023
-0.0006355275399982929
0.0001749423099681735
-0.00016904319636523724
-0.0012317448854446411
0.0010051812278106809
-0.000518882879987359
0.0017984145088121295
-0.000217182794585824
0.020865019410848618
0.0006196461617946625
0.0015820314874872565
-6.322329863905907e-05
0.000790834310464561
-0.0007976716151461005
0.0011426059063524008
0.0029476149939000607
-0.0007322861347347498
0.0014613316161558032
-0.0008990641217678785
-0.00015485682524740696
-0.0005837358767166734
-0.0010360087035223842
0.00015583320055156946
-0.001576548325829208
-0.0003124763024970889
-9.873078670352697e-05
7.531861774623394e-05
-0.0006898585706949234
-0.0010929377749562263
