0.24178674817085266
0.2434121072292328
0.24226497113704681
0.23570744693279266
0.23836186528205872
0.23557399213314056
0.23604217171669006
0.237623393535614
0.2375827133655548
0.24022141098976135
0.23549988865852356
0.23960445821285248
0.24044209718704224
0.24050386250019073
0.24122796952724457
0.23522047698497772
0.23253972828388214
0.24314507842063904
0.23757557570934296
0.23204396665096283
0.2376226931810379
0.245103120803833
0.23352386057376862
0.2366604208946228
0.24287451803684235
0.23800250887870789
0.23707780241966248
0.23280592262744904
0.23731067776679993
0.23639120161533356
0.2382986843585968
0.23383207619190216
0.22857601940631866
0.2357373982667923
0.24128180742263794
0.24218416213989258
0.2254662811756134
0.2237652838230133
0.22092488408088684
0.21638265252113342
0.22987547516822815
0.225545734167099
0.2333298772573471
0.22725790739059448
0.22234360873699188
0.21058067679405212
0.21398265659809113
0.20461274683475494
0.21607965230941772
0.19509093463420868
0.20641200244426727
0.18237678706645966
0.15853191912174225
0.16068384051322937
0.1701216846704483
0.13847970962524414
0.1587797850370407
0.10754740238189697
0.12028659880161285
0.13667556643486023
0.107027068734169
0.08929696679115295
0.05214506387710571
0.04585013911128044
0.035240113735198975
0.021300749853253365
0.030639320611953735
0.017041997984051704
0.017415210604667664
0.013158943504095078
0.017381256446242332
0.017556410282850266
0.019037926569581032
0.01568240486085415
0.016963956877589226
0.009325942024588585
0.012448051013052464
0.03594183921813965
0.015393909066915512
0.0420057512819767
0.020425308495759964
0.025585917755961418
0.04421770200133324
0.03194212168455124
0.01653388887643814
0.0244012251496315
0.04458553344011307
0.09332738071680069
0.05298895761370659
0.04603086784482002
0.04414726793766022
0.03726445138454437
0.08684338629245758
0.053348589688539505
0.07587961107492447
0.044332876801490784
0.06208179146051407
0.08652162551879883
0.11576904356479645
0.10609724372625351
0.05705879628658295
0.03926026448607445
0.09592633694410324
0.11685644835233688
0.08614487200975418
0.06111874431371689
0.08918970823287964
0.08663322776556015
0.1435650885105133
0.16479206085205078
0.1020907461643219
0.09331034868955612
0.10171075165271759
0.1215939074754715
0.12037679553031921
0.11546454578638077
0.07947520166635513
0.09684303402900696
0.08791815489530563
0.09334416687488556
0.11790968477725983
0.08583558350801468
0.12308336794376373
0.09297919273376465
0.0966932624578476
0.09553790837526321
0.10971471667289734
0.09730102866888046
0.1164020299911499
0.09277258068323135
0.07059873640537262
0.07343374192714691
0.06388073414564133
0.07760801166296005
0.08142305165529251
0.07991890609264374
0.07801125943660736
0.06898865848779678
0.0612882561981678
0.05067696422338486
0.07078402489423752
0.06604433804750443
0.06225966289639473
0.06636802852153778
0.05866765230894089
0.051218677312135696
0.06261935085058212
0.05221636965870857
0.06062481179833412
0.05188372731208801
0.059994861483573914
0.03971671685576439
0.03614986687898636
0.04055403172969818
0.045554500073194504
0.05157895013689995
0.042137276381254196
0.03414669632911682
0.0348835214972496
0.03293406963348389
0.03539174422621727
0.030065855011343956
0.025724779814481735
0.024850541725754738
0.024137938395142555
0.02320859767496586
0.024783514440059662
0.021458487957715988
0.02866373211145401
0.023111039772629738
0.04324307292699814
0.015943363308906555
0.017709912732243538
0.018572865054011345
0.0162142813205719
0.01955985091626644
0.0147359948605299
0.014715773984789848
0.014611906372010708
0.029235325753688812
0.01338646374642849
0.013382351025938988
0.018426688387989998
0.024819200858473778
0.015392121858894825
0.00994396023452282
0.015784207731485367
0.02404298447072506
0.013223336078226566
0.013601146638393402
0.010925797745585442
0.020385168492794037
0.01591721549630165
0.017355334013700485
0.011794270016252995
0.011339187622070312
0.017893068492412567
0.009064804762601852
0.006855812855064869
0.014958452433347702
0.03120010532438755
0.020940398797392845
0.007331347092986107
0.024665774777531624
0.007293369621038437
0.02492688037455082
0.024376654997467995
0.01985553652048111
0.01818276382982731
0.020213009789586067
0.017517590895295143
0.010782057419419289
0.019242238253355026
0.015323812142014503
0.03295350447297096
0.013368996791541576
0.029015053063631058
0.015664519742131233
0.036326296627521515
0.01835925318300724
0.018479274585843086
0.017047777771949768
0.023828500881791115
0.013603119179606438
0.022899921983480453
0.022037262097001076
0.026300890371203423
0.027287831529974937
0.01757090352475643
0.02190546505153179
0.02620277740061283
0.015246085822582245
0.032124828547239304
0.024792691692709923
0.03107123263180256
0.01869272068142891
0.020105689764022827
0.013589409179985523
0.04286904260516167
0.020388593897223473
0.025630855932831764
0.02122104912996292
0.025334425270557404
0.02833210863173008
0.02311915159225464
0.023666275665163994
0.036438949406147
0.027500759810209274
0.033390384167432785
0.032672371715307236
0.024995962157845497
0.020134998485445976
0.02482609823346138
0.025817835703492165
0.030338048934936523
0.02403908595442772
0.024900557473301888
0.033314552158117294
0.02594505250453949
0.032141104340553284
0.03455786779522896
0.02545645274221897
0.026140525937080383
0.036113888025283813
0.02773895300924778
0.034101348370313644
0.02976077049970627
0.028726909309625626
0.022839680314064026
0.019933272153139114
0.021855821833014488
0.02261481247842312
0.021949365735054016
0.031305573880672455
0.04380544647574425
0.014098098501563072
0.0254006739705801
0.02552958019077778
0.03507556393742561
0.03534376993775368
0.03764289617538452
0.040856193751096725
0.02720196545124054
0.019142573699355125
0.024765508249402046
0.03322502225637436
0.03631683439016342
0.027565114200115204
0.026832202449440956
0.04399408400058746
0.02492540143430233
0.03904762864112854
0.021338237449526787
0.02386082336306572
0.046557143330574036
0.036097314208745956
0.021345853805541992
0.03142569214105606
0.028639759868383408
0.02424941584467888
0.034307222813367844
0.026868470013141632
0.03458714857697487
0.03214389458298683
0.028904106467962265
0.022197656333446503
0.030884873121976852
0.03814683109521866
0.028195010498166084
0.025058789178729057
0.03269687294960022
0.048511356115341187
0.030918555334210396
0.02889557182788849
0.03414139896631241
0.018227199092507362
0.031968433409929276
0.026554254814982414
0.024928443133831024
0.02886153943836689
0.026499290019273758
0.025035753846168518
0.02880454808473587
0.018704356625676155
0.01769338920712471
0.01706823892891407
0.020794861018657684
0.02559066377580166
0.050522580742836
0.019536929205060005
0.026592358946800232
0.018221303820610046
0.022748438641428947
0.01193202007561922
0.030558805912733078
0.030343618243932724
0.03594302386045456
0.031168119981884956
0.02632828988134861
0.028106065467000008
0.026807965710759163
0.01812043786048889
0.023643597960472107
0.028699161484837532
0.019067322835326195
0.01858237013220787
0.026798013597726822
0.02321968972682953
0.024457085877656937
0.026909684762358665
0.022987330332398415
0.025945406407117844
0.021085258573293686
0.017266428098082542
0.009780376218259335
0.038895055651664734
0.025968991219997406
0.024036919698119164
0.022903183475136757
0.035816337913274765
0.020182820037007332
0.030563276261091232
0.024993333965539932
0.01634003035724163
0.024790480732917786
0.02525961585342884
0.019639955833554268
0.019025327637791634
0.027782335877418518
0.01934090070426464
0.02471829764544964
0.038484010845422745
0.01662391982972622
0.030484337359666824
0.028596367686986923
0.024425789713859558
0.018988821655511856
0.03633026406168938
0.03149751201272011
0.019058670848608017
0.013894154690206051
0.010452253744006157
0.016506852582097054
0.03470351919531822
0.040750253945589066
0.025443140417337418
0.022162601351737976
0.019894827157258987
0.006201264914125204
0.01566578634083271
0.01285113487392664
0.0130998520180583
0.030236322432756424
0.012424775399267673
0.02322656847536564
0.01671651564538479
0.02007685974240303
0.01779288426041603
0.021343611180782318
0.028269117698073387
0.030195722356438637
0.01957789435982704
0.01492004282772541
0.01845102198421955
0.012056389823555946
0.010695242322981358
0.025568464770913124
0.01104167103767395
0.015053050592541695
0.014804568141698837
0.008736390620470047
0.016153188422322273
0.013281863182783127
0.017361052334308624
0.01183592900633812
0.015397252514958382
0.012848781421780586
0.01794702187180519
0.005936606787145138
0.010351104661822319
0.010966727510094643
0.013240596279501915
0.010158521123230457
0.018115932121872902
0.023567980155348778
0.0065765297040343285
0.015793776139616966
0.012484809383749962
0.02369675599038601
0.015212234109640121
0.022199470549821854
0.008223405107855797
0.0176721028983593
0.010332921519875526
0.006500605493783951
0.03009638749063015
0.011050147004425526
0.007286352571099997
0.009449183009564877
0.017977463081479073
0.013897356577217579
0.03007712960243225
0.024697409942746162
0.019284160807728767
0.014355207793414593
0.014190110377967358
0.017251012846827507
0.006785756442695856
0.017524678260087967
0.009107624180614948
0.017161943018436432
0.016229256987571716
0.009297165088355541
0.011678563430905342
0.023056169971823692
0.002400491386651993
0.009425971657037735
0.02175944671034813
0.04568956792354584
0.017356770113110542
0.017798975110054016
0.008526425808668137
0.01484350860118866
0.009104459546506405
0.010472000576555729
0.015760377049446106
0.015490422956645489
0.020856816321611404
0.0115005262196064
0.013048202730715275
0.015418656170368195
0.009492805227637291
0.014171323738992214
0.01332589890807867
0.010002320632338524
0.011666527949273586
0.006881332956254482
0.008662435226142406
0.006237112917006016
0.016928529366850853
0.008537884801626205
0.011369341984391212
0.014121031388640404
0.00877376925200224
0.01097196340560913
0.015667449682950974
0.013801361434161663
0.006676820106804371
0.01148340106010437
0.014718853868544102
0.008056866936385632
0.010021871887147427
0.018523745238780975
0.006214124150574207
0.013246782124042511
0.007725994102656841
0.016230439767241478
0.02097892574965954
0.008829423226416111
0.01949428580701351
0.011009342968463898
0.009446816518902779
0.010528112761676311
0.004631256218999624
0.010101499035954475
0.01913106068968773
0.008948382921516895
0.022804539650678635
0.011497972533106804
0.004588304553180933
0.009922603145241737
0.012415343895554543
0.011526599526405334
0.017753856256604195
0.012176680378615856
0.011791067197918892
0.01565731316804886
0.010121134109795094
0.008830104023218155
0.011356057599186897
0.016056286171078682
0.015906373038887978
0.018236899748444557
0.011010774411261082
0.007539353333413601
0.013820978812873363
0.009193498641252518
0.011827041395008564
0.011675724759697914
0.014420317485928535
0.007662751711905003
0.03627496585249901
0.018229270353913307
0.018721342086791992
0.007073745597153902
0.0012199077755212784
0.017978547140955925
0.005866996943950653
0.00941148865967989
0.007471481338143349
0.018895521759986877
0.006950355134904385
0.006679868791252375
0.010800443589687347
0.012167742475867271
0.006864474155008793
0.013488678261637688
0.008192956447601318
0.01404116116464138
0.006184020079672337
0.0037844558246433735
0.007213218603283167
0.01800699532032013
0.008446212857961655
0.004342223517596722
0.005160783417522907
0.010236482135951519
0.012647541239857674
0.013250047340989113
0.004320623353123665
0.007648469880223274
0.007576818577945232
0.010090922936797142
0.008128697052598
0.012253962457180023
0.011818836443126202
0.006043043918907642
0.010608980432152748
0.007686377502977848
0.012754533439874649
0.010465037077665329
0.007098839618265629
0.009286794811487198
0.006157505325973034
0.012748193927109241
0.010010039433836937
0.012344365939497948
0.013988088816404343
0.012764794752001762
0.0032583833672106266
0.009187866933643818
0.00872095674276352
0.0075647952035069466
0.009773525409400463
0.008647993206977844
0.003968606702983379
0.006863246206194162
0.0113527188077569
0.006961749866604805
0.011421461589634418
0.007959270849823952
0.016073763370513916
0.00903427042067051
0.008248836733400822
0.005493722390383482
0.0040101115591824055
0.009525779634714127
0.008457894437015057
0.005167275667190552
0.00657142186537385
0.0051026917062699795
0.0066495356149971485
0.007092000916600227
0.012223818339407444
0.008289353922009468
0.007076598238199949
0.0057154553942382336
0.008094701915979385
0.006769554689526558
0.005881423596292734
0.0424250103533268
0.010709929279983044
0.0058279745280742645
0.01122678630053997
0.0038176304660737514
0.010201338678598404
0.006921863183379173
0.008916327729821205
0.007815574295818806
0.00915424432605505
0.007203657180070877
0.008348813280463219
0.006719409022480249
0.005069631151854992
0.008276073262095451
0.008719300851225853
0.0063505759462714195
0.010861154645681381
0.014976292848587036
0.0040128594264388084
0.0042353225871920586
0.007503948174417019
0.012684914283454418
0.010065543465316296
0.006945865694433451
0.008681667037308216
0.006625688634812832
0.004576518665999174
0.01044761948287487
0.0096815824508667
0.00670466898009181
0.005297303665429354
0.006384401582181454
0.00676913745701313
0.009107113815844059
0.006658612284809351
0.008957337588071823
0.008216221816837788
0.005165348760783672
0.011005147360265255
0.008014218881726265
0.004346258006989956
0.005234170705080032
0.0047811418771743774
0.0036536131519824266
0.004613365978002548
0.0036868671886622906
0.008946135640144348
0.008142233826220036
0.008974479511380196
0.007710584439337254
0.006951714865863323
0.008594644255936146
0.009690774604678154
0.0063523766584694386
0.005101114045828581
0.0048262737691402435
0.006392626091837883
0.006233159452676773
0.0020987875759601593
0.010114776901900768
0.010856600478291512
0.010227384977042675
0.004747478291392326
0.007205924019217491
0.008334497921168804
0.006585065275430679
0.004606262315064669
0.008056760765612125
0.010872745886445045
0.005150588229298592
0.009088883176445961
0.007229574490338564
0.028929803520441055
0.004694192670285702
0.008043063804507256
0.013601862825453281
0.005653094500303268
0.0036882124841213226
0.009448650293052197
0.005609738640487194
0.01062002219259739
0.009426550939679146
0.008871160447597504
0.011502131819725037
0.007449219934642315
0.016415800899267197
0.010301265865564346
0.008194880560040474
0.00989930797368288
0.011666560545563698
0.005945759825408459
0.005750753916800022
0.005474139470607042
0.006305999588221312
0.006422928534448147
0.009997030720114708
0.007222991436719894
0.008468574844300747
0.007934457622468472
0.007940499112010002
0.010946689173579216
0.004385437350720167
0.008642003871500492
0.006494969129562378
0.007428986020386219
0.008341780863702297
0.005850369576364756
0.006468210835009813
0.008717374876141548
0.003902759635820985
0.009977350011467934
0.00729667954146862
0.009477338753640652
0.008173969574272633
0.007546259090304375
0.00477687967941165
0.009814907796680927
0.00433129770681262
0.009879954159259796
0.007643367629498243
0.00892665609717369
0.003526098094880581
0.01128806546330452
0.007072707638144493
0.007748667150735855
0.011445590294897556
0.010006916709244251
0.009256156161427498
0.007003341801464558
0.006676733959466219
0.012659506872296333
0.02849593386054039
0.007315022870898247
0.004997611045837402
0.006774552166461945
0.007259128149598837
0.00725858099758625
0.017461702227592468
0.007992275059223175
0.009640376083552837
0.004397169686853886
0.007671309635043144
0.008524750359356403
0.005470629315823317
0.004289899952709675
0.005455533042550087
0.009647487662732601
0.0047826021909713745
0.004474623128771782
0.013056536205112934
0.011245111003518105
0.007083796430379152
0.008219661191105843
0.011366168037056923
0.01150883361697197
0.007929421961307526
0.008449913933873177
0.006779288407415152
0.008468986488878727
0.01604202575981617
0.01720018871128559
0.010827111080288887
0.007186645641922951
0.002731302287429571
0.007326186168938875
0.01221366599202156
0.006781455595046282
0.0054871756583452225
0.005229191854596138
0.00858076848089695
0.0036783632822334766
0.007372209802269936
0.005821858532726765
0.00672063697129488
0.006507323123514652
0.008380202576518059
0.008243211545050144
0.008782360702753067
0.006550598423928022
0.005314673762768507
0.010175583884119987
0.009296114556491375
0.006074846722185612
0.00499342568218708
0.005955793429166079
0.007583657279610634
0.004533236846327782
0.0068219611421227455
0.0063362023793160915
0.006265449337661266
0.007380468305200338
0.007596983574330807
0.013805399648845196
0.004194152075797319
0.005416370462626219
0.010229090228676796
0.009033513255417347
0.01081343088299036
0.009039544500410557
0.005273378454148769
0.007901795208454132
0.016057325527071953
0.004942481871694326
0.007906571961939335
0.010022098198533058
0.009690806269645691
0.006651022471487522
0.00806115847080946
0.009255955927073956
0.011377877555787563
0.009989474900066853
0.006746218074113131
0.008183792233467102
0.007604608312249184
0.008662629872560501
0.006303800735622644
0.008996382355690002
0.011772522702813148
0.01114215049892664
0.007359535899013281
0.008165627717971802
0.008675304241478443
0.007471906486898661
0.0121469646692276
0.0036345149856060743
0.006583329755812883
0.006672834046185017
0.007741919718682766
0.004240599926561117
0.008144875057041645
0.007430508732795715
0.010816290974617004
0.007244630716741085
0.006649312563240528
0.012646806426346302
0.0057734097354114056
0.010452361777424812
0.00960043165832758
0.01419530063867569
0.012173119001090527
0.003852756693959236
0.0061468505300581455
0.010607280768454075
0.009776460006833076
0.00944189541041851
0.0028060441836714745
0.01348776463419199
0.004732979927212
0.008644921705126762
0.008948572911322117
0.007015232928097248
0.005763733759522438
0.0054497262462973595
0.010267682373523712
0.012860069051384926
0.006872324738651514
0.004880653228610754
0.0066240751184523106
0.0051430813036859035
0.005746128037571907
0.009252496063709259
0.019620221108198166
0.009103430435061455
0.010482145473361015
0.005866155028343201
0.008353839628398418
0.008844663389027119
0.005743362475186586
0.006640040315687656
0.010135436430573463
0.0054673319682478905
0.006742541212588549
0.005968774203211069
0.008989419788122177
0.005284208804368973
0.0049906568601727486
0.005581235978752375
0.007927285507321358
0.0070413630455732346
0.006713698618113995
0.00654838839545846
0.006453263107687235
0.015603245235979557
0.005370370112359524
0.007609207648783922
0.007590258494019508
0.006692090537399054
0.003433406352996826
0.005913328845053911
0.0053100292570889
0.012502577155828476
0.006395700387656689
0.007904303260147572
0.006196922622621059
0.012348433956503868
0.006103374995291233
0.007517392747104168
0.00826006755232811
0.005205963738262653
0.007419845089316368
0.0071143717505037785
0.00864427164196968
0.005659547168761492
0.008190136402845383
0.012461709789931774
0.010500187054276466
0.006787286140024662
0.007369255181401968
0.010430652648210526
0.01408371701836586
0.003818222787231207
0.011575842276215553
0.00663768919184804
0.012178268283605576
0.006487947888672352
0.009829158894717693
0.005587206222116947
0.009008494205772877
0.008768980391323566
0.008753386326134205
0.004605441354215145
0.008344680070877075
0.009407546371221542
0.006092516705393791
0.012116072699427605
0.014694576151669025
0.016668878495693207
0.007989451289176941
0.0038501580711454153
0.0082709901034832
0.007964389398694038
0.008592303842306137
0.004889589734375477
0.0074655888602137566
0.008944712579250336
0.015636375173926353
0.00978262908756733
0.004455302841961384
0.01433046068996191
0.010376380756497383
0.0027222298085689545
0.0072972215712070465
0.009590407833456993
0.008240667171776295
0.003953282721340656
0.012026648037135601
0.011564227752387524
0.009949534200131893
0.011020688340067863
0.011137695983052254
0.008855684660375118
0.008031501434743404
0.009462753310799599
0.00561338709667325
0.006168743595480919
0.009034744463860989
0.00816087145358324
0.0057556284591555595
0.007487364578992128
0.005804798565804958
0.007037714123725891
0.0026143952272832394
0.01200196798890829
0.007419578265398741
0.007511908654123545
0.006386937573552132
0.005062636453658342
0.00783528108149767
0.005155165679752827
0.006893545389175415
0.011785479262471199
0.007795330137014389
0.005538872443139553
0.009557496756315231
0.008432621136307716
0.010346277616918087
0.0031531252898275852
0.007076621986925602
0.005351259373128414
0.01009882427752018
0.006402584724128246
0.011884629726409912
0.01424807496368885
0.01006036251783371
0.008738948032259941
0.009020722471177578
0.0078007676638662815
0.007508203852921724
0.009079287759959698
