0.2028001844882965
0.19949454069137573
0.20182237029075623
0.20138315856456757
0.2084285467863083
0.19900213181972504
0.19965630769729614
0.1993878334760666
0.20111702382564545
0.20003338158130646
0.19848105311393738
0.20045731961727142
0.19885025918483734
0.19798623025417328
0.1971641629934311
0.19873031973838806
0.1991240680217743
0.1976909339427948
0.19602742791175842
0.1979478895664215
0.19617943465709686
0.1953253149986267
0.19452086091041565
0.19484494626522064
0.19467756152153015
0.19445326924324036
0.19415010511875153
0.1895846724510193
0.1918606013059616
0.19146765768527985
0.1913096308708191
0.18922364711761475
0.18523363769054413
0.18258816003799438
0.18826161324977875
0.1847890466451645
0.17989186942577362
0.1786266416311264
0.17363423109054565
0.1724027544260025
0.17412912845611572
0.17475566267967224
0.1742328405380249
0.16591987013816833
0.1629999876022339
0.1653422713279724
0.16066375374794006
0.15301436185836792
0.15271711349487305
0.137026846408844
0.13521069288253784
0.12637481093406677
0.1238752231001854
0.10060805827379227
0.1166933998465538
0.09129348397254944
0.06958982348442078
0.0843251422047615
0.05886009335517883
0.054543107748031616
0.04914876073598862
0.047121673822402954
0.02455574832856655
0.027329731732606888
0.019998980686068535
-0.00019130483269691467
0.008575577288866043
-0.0080195851624012
-0.006457353010773659
-0.0098628681153059
-0.006590953096747398
-0.01039133034646511
-0.014288147911429405
-0.00782859604805708
-0.011286149732768536
0.011111750267446041
-0.010388516820967197
-0.0102065559476614
-0.0008026920258998871
-0.004249129444360733
-0.005388335324823856
-0.0062635354697704315
-0.006297241896390915
-0.006369751412421465
-0.006636817008256912
-0.00023138709366321564
-0.007782307919114828
0.002701863646507263
-0.004032876342535019
-0.009776619262993336
0.009224891662597656
0.0009486377239227295
-0.0010134484618902206
-0.0012642592191696167
-0.008729374967515469
-0.003137649968266487
-0.003933367319405079
0.0006297919899225235
-0.007176009006798267
-0.007351838983595371
0.0020323246717453003
-0.005591889843344688
0.012107565999031067
-0.004580248147249222
-0.0010324399918317795
0.008892197161912918
-0.0007525328546762466
-0.003180183470249176
-0.00029061920940876007
0.008355751633644104
0.0072846487164497375
0.045543596148490906
-0.00034850649535655975
0.003334037959575653
0.009833863005042076
-0.007743329741060734
-0.0016942638903856277
0.004904795438051224
0.009588407352566719
0.008100626990199089
-0.0048594363033771515
0.014175215736031532
0.011745395138859749
0.0016130320727825165
-0.0016734693199396133
0.0008426085114479065
0.015215955674648285
0.021488165482878685
0.006901605054736137
0.012000812217593193
0.003732185810804367
0.019442642107605934
0.025090806186199188
0.0037586670368909836
0.008882295340299606
0.010738272219896317
-0.002024902030825615
0.002827826887369156
-0.0024017635732889175
0.011486923322081566
0.002965109422802925
0.0010531842708587646
0.008037028834223747
0.004597842693328857
-0.00397157296538353
0.013438958674669266
0.004999617114663124
0.02051365189254284
0.012305794283747673
0.0036360863596200943
0.0007846541702747345
0.004972165450453758
-0.0013653803616762161
0.012961553409695625
0.0015608221292495728
0.0036908425390720367
0.0023642368614673615
0.0013586319983005524
-0.003990476951003075
0.009507708251476288
-0.004952108487486839
0.010494241490960121
0.008124660700559616
0.0013956297188997269
-0.002565395087003708
-0.0003721732646226883
-0.0006882417947053909
-0.001957407221198082
-0.0032192282378673553
-0.004687335342168808
0.00032345205545425415
-0.0013890601694583893
-0.004278494045138359
-0.002343572676181793
0.007698317989706993
0.007257392629981041
-0.003969315439462662
-0.007157063111662865
0.004155315458774567
-0.002388402819633484
0.00023832544684410095
-0.0012615807354450226
0.0047623105347156525
0.013381361961364746
0.0007607992738485336
-0.005749493837356567
0.0002785269170999527
-0.009404932148754597
-0.007873576134443283
-0.005174676887691021
-0.008937833830714226
0.0011615697294473648
-0.00718243233859539
0.010355382226407528
-0.007130099460482597
0.0044911084696650505
-0.003461487591266632
0.0001928582787513733
-0.0035810424014925957
-0.0035858219489455223
-0.010329504497349262
0.001584167592227459
0.00572830718010664
-0.00967587810009718
-0.0014895163476467133
-0.002774457447230816
-0.003956995904445648
-0.00530462060123682
-0.0020081400871276855
-0.007682931609451771
-0.010932564735412598
-0.008668415248394012
-0.005438042804598808
0.007241896819323301
-0.003504844382405281
-0.00580355990678072
-0.000193142332136631
-0.012424174696207047
0.009727533906698227
-0.005541208200156689
-0.0004558814689517021
-0.009005231782793999
-0.005819934885948896
0.0013263728469610214
-0.006225935183465481
-0.011701323091983795
-0.0010390840470790863
-0.006474741734564304
0.0012472542002797127
-0.0051230089738965034
0.0022404948249459267
0.0031641386449337006
-0.011037366464734077
0.002600674517452717
-0.006477320101112127
-0.004080255515873432
-0.005662120413035154
-0.0054165576584637165
-0.01121068000793457
-0.012863690964877605
-0.011030053719878197
0.0004493463784456253
-0.007769550196826458
-0.0045372359454631805
-0.0031066415831446648
-0.004365700762718916
-0.00924612209200859
-0.009563361294567585
-0.0005483673885464668
-0.0034771794453263283
-0.008212123066186905
-0.009522246196866035
-0.015362860634922981
-0.01021687500178814
-0.01491554081439972
-0.011804202571511269
-0.012873540632426739
-0.011031020432710648
-0.014930774457752705
-0.002327157650142908
-0.010133212432265282
-0.01595970243215561
-0.006312353536486626
-0.0033891466446220875
-0.007436793297529221
-0.013003246858716011
-0.009840944781899452
-0.016377238556742668
-0.006384270265698433
-0.009892651811242104
-0.01449273806065321
-0.01349300891160965
-0.01216747984290123
-0.005955044645816088
-0.01298363134264946
-0.010572858154773712
-0.007154009770601988
-0.011856126599013805
-0.013940404169261456
-0.012265224009752274
-0.011183515191078186
-0.016372758895158768
-0.010499155148863792
-0.01365755870938301
-0.006945581175386906
-0.01053270511329174
-0.017410626634955406
-0.011926807463169098
-0.014591451734304428
-0.017060238867998123
-0.012217412702739239
-0.01241504680365324
-0.011623050086200237
-0.011529776267707348
-0.012900077737867832
-0.007241727784276009
-0.01673070155084133
-0.015433805994689465
-0.0151298139244318
-0.01635911501944065
-0.013726688921451569
-0.013174177147448063
-0.00737321563065052
-0.0167994424700737
-0.016611525788903236
-0.014178518205881119
-0.015420319512486458
-0.012675498612225056
-0.011908726766705513
-0.012277879752218723
-0.013245105743408203
-0.015487823635339737
-0.01432093232870102
-0.012775254435837269
-0.013460198417305946
-0.011397168040275574
-0.012172731570899487
-0.011293519288301468
-0.014453674666583538
-0.013994220644235611
-0.01333869993686676
-0.013350826688110828
-0.016757894307374954
-0.01574997417628765
-0.01680290885269642
-0.018094446510076523
-0.008182206191122532
-0.014728408306837082
-0.015578726306557655
-0.013906714506447315
-0.013345582410693169
-0.016765497624874115
-0.01370692066848278
-0.015574399381875992
-0.016011888161301613
-0.016199657693505287
-0.014978479593992233
-0.007460098713636398
-0.014053239487111568
-0.019126225262880325
-0.013410056941211224
-0.012342723086476326
-0.016734598204493523
-0.011218730360269547
-0.01704411953687668
-0.011386651545763016
-0.011742493137717247
-0.01394578255712986
-0.014433902688324451
-0.009977076202630997
-0.016734356060624123
-0.010200847871601582
-0.013616866432130337
-0.009458113461732864
-0.014271337538957596
-0.011856095865368843
0.02495444007217884
-0.009745733812451363
-0.009745078161358833
-0.014087885618209839
-0.0013196645304560661
-0.009665071964263916
-0.007452367339283228
-0.014611252583563328
-0.01355712115764618
-0.01604412868618965
-0.009113788604736328
-0.013728270307183266
-0.013754066079854965
-0.007646316662430763
-0.009373804554343224
-0.011259596794843674
-0.012231954373419285
-0.011149447411298752
-0.009664857760071754
-0.01014078687876463
-0.011842597275972366
-0.01336031686514616
-0.011907896026968956
-0.010224737226963043
-0.009848009794950485
-0.0112070944160223
-0.01940808817744255
-0.013789384625852108
-0.014231732115149498
-0.010164942592382431
-0.014804616570472717
-0.012284766882658005
-0.009511716663837433
-0.010057523846626282
-0.008688943460583687
-0.006534452084451914
0.027869120240211487
-0.005753600038588047
-0.009404447861015797
-0.007626029197126627
-0.008919775485992432
-0.014230611734092236
-0.011050187982618809
-0.014352027326822281
-0.012458205223083496
-0.007036637049168348
-0.01166064664721489
-0.009179551154375076
-0.01138511672616005
-0.006851500831544399
-0.01011846773326397
-0.008644003421068192
-0.014030451886355877
-0.0073532406240701675
-0.012373266741633415
-0.008111824281513691
-0.0021238569170236588
-0.006962636951357126
-0.010097941383719444
-0.013803010806441307
-0.0014662547037005424
-0.011385723948478699
-0.010536611080169678
-0.011042024940252304
-0.012063758447766304
-0.007674133405089378
-0.016610946506261826
-0.012417271733283997
-0.010592926293611526
-0.011526845395565033
0.0013005062937736511
-0.009978704154491425
-0.010651974938809872
-0.010014385916292667
-0.006423078011721373
-0.004547116346657276
-0.008900200948119164
-0.009035671129822731
-0.016965050250291824
-0.01461742538958788
-0.010449523106217384
-0.006957189179956913
-0.008607432246208191
-0.012648914940655231
-0.010799519717693329
-0.017121776938438416
-0.008394323289394379
0.0030282167717814445
-0.013518369756639004
-0.00890253484249115
-0.009280952624976635
-0.010111309587955475
-0.014061986468732357
-0.010988574475049973
-0.006410121452063322
-0.006996544077992439
-0.007246633060276508
-0.010161755606532097
-0.009314388036727905
-0.013892733491957188
-0.01776711270213127
-0.010715837590396404
-0.008324404247105122
-0.010216796770691872
-0.006520511582493782
-0.012525973841547966
-0.01102549210190773
-0.014659187756478786
-0.014377929270267487
-0.010557387955486774
-0.015510514378547668
-0.01603570580482483
-0.01650744304060936
-0.01435900665819645
-0.01583893783390522
-0.012765482999384403
-0.009182642214000225
-0.01682153344154358
-0.01625298708677292
-0.014095866121351719
-0.013977129012346268
-0.008347002789378166
-0.012786321341991425
-0.015430639497935772
-0.010513989254832268
-0.013240850530564785
-0.012697321362793446
-0.015999620780348778
-0.013109032064676285
-0.012307630851864815
-0.013725913129746914
-0.00843098945915699
-0.013280816376209259
-0.015109483152627945
-0.009793626144528389
-0.012527324259281158
-0.014858563430607319
-0.009448266588151455
-0.01213711965829134
0.02316942811012268
-0.015977073460817337
-0.01283169910311699
-0.014021642506122589
-0.015874754637479782
-0.011587487533688545
-0.00649676937609911
-0.018317420035600662
-0.010235350579023361
-0.013952607288956642
-0.010666688904166222
-0.014535902068018913
-0.015318252146244049
-0.010275629349052906
-0.013915721327066422
-0.017264829948544502
-0.011514678597450256
-0.013517789542675018
-0.0062844944186508656
-0.014414025470614433
-0.016444237902760506
-0.013330022804439068
-0.018008586019277573
-0.01369408704340458
-0.00885888934135437
-0.015121967531740665
-0.016458457335829735
-0.013949548825621605
-0.015348401851952076
-0.017897432669997215
-0.016541237011551857
-0.012561815790832043
-0.014885089360177517
-0.01594318263232708
-0.01832769438624382
-0.01646818406879902
-0.01269895862787962
-0.018536396324634552
-0.00943923182785511
-0.014178337529301643
-0.01036609336733818
-0.013358242809772491
-0.013071401044726372
-0.018572187051177025
-0.018324514850974083
-0.0109784547239542
-0.011197471991181374
-0.010005425661802292
-0.016164634376764297
-0.013180840760469437
-0.015932820737361908
-0.017685074359178543
-0.012729883193969727
-0.012278292328119278
-0.015727806836366653
-0.01570935919880867
0.01782047748565674
-0.017252745106816292
-0.01518183946609497
-0.012994535267353058
-0.015069360844790936
-0.017529156059026718
-0.014538235031068325
-0.016993582248687744
-0.012897989712655544
-0.012667790055274963
-0.01603846810758114
-0.018198681995272636
-0.015331202186644077
-0.018157849088311195
-0.014632479287683964
-0.01556540746241808
-0.016553649678826332
-0.014152200892567635
-0.009411629289388657
-0.008269120007753372
-0.01427206676453352
-0.015015638433396816
-0.015197059139609337
-0.017763208597898483
-0.01645563542842865
-0.018952645361423492
-0.016494615003466606
-0.013022387400269508
-0.014706088230013847
-0.016471005976200104
-0.01767706871032715
-0.014350850135087967
-0.016661353409290314
-0.013569118455052376
-0.014948783442378044
-0.015527541749179363
-0.018432706594467163
-0.017747484147548676
-0.01528862863779068
-0.014424535445868969
-0.016159571707248688
-0.013477688655257225
-0.016599047929048538
-0.015846552327275276
-0.01503770612180233
-0.017916593700647354
-0.014287267811596394
-0.012541175819933414
-0.014645308256149292
-0.012353545054793358
-0.018149245530366898
-0.016772551462054253
-0.01524211186915636
-0.01748095080256462
-0.01693115010857582
-0.01608981564640999
-0.015669310465455055
-0.018559951335191727
-0.013912120833992958
-0.016833527013659477
-0.016822580248117447
-0.012787623330950737
-0.015645693987607956
-0.013165334239602089
-0.012211679480969906
-0.014329615980386734
-0.016924498602747917
-0.017991067841649055
-0.015273123979568481
-0.015728352591395378
-0.012731651775538921
-0.009702378883957863
-0.00954253226518631
-0.016730448231101036
-0.01806689240038395
-0.016132161021232605
-0.015312629751861095
-0.013251259922981262
-0.017831671983003616
-0.014692670665681362
-0.0175019558519125
-0.014973622746765614
-0.014435482211411
-0.008028537034988403
-0.0176025852560997
-0.01510090846568346
-0.009908685460686684
-0.012705998495221138
-0.014879873022437096
-0.013438082300126553
-0.015779750421643257
-0.013673515059053898
0.006090376526117325
-0.017077861353754997
-0.01647176966071129
-0.01620972342789173
-0.01804725080728531
-0.012138767167925835
-0.016230573877692223
-0.018462028354406357
-0.013593600131571293
-0.010226547718048096
-0.01168857142329216
-0.01571652665734291
-0.012136776931583881
-0.016797687858343124
-0.01584259606897831
-0.01572665385901928
-0.01511501893401146
-0.018790822476148605
-0.013556824065744877
-0.01736239716410637
-0.015880847349762917
-0.016048800200223923
-0.016136344522237778
-0.017140328884124756
-0.015416234731674194
-0.01551433652639389
-0.014697199687361717
-0.01288130134344101
-0.01657143048942089
0.0013361629098653793
-0.012874312698841095
-0.014463622123003006
-0.007596994750201702
-0.013575735501945019
-0.014521046541631222
-0.017267167568206787
-0.013180650770664215
-0.016008971258997917
-0.014651460573077202
-0.016286589205265045
-0.014580056071281433
-0.007254871539771557
-0.012904200702905655
-0.017334826290607452
-0.01809701882302761
-0.016916213557124138
-0.014607040211558342
-0.010564431548118591
-0.016674626618623734
-0.016924826428294182
-0.01388002373278141
-0.013141751289367676
-0.01747480407357216
-0.015396723523736
-0.01774301566183567
-0.01818118430674076
-0.016904406249523163
-0.013646427541971207
-0.01136866770684719
-0.010798739269375801
-0.013481049798429012
-0.018126238137483597
-0.017595477402210236
-0.016359595581889153
-0.017525576055049896
-0.017553795129060745
-0.013686982914805412
-0.01612846925854683
-0.015460822731256485
-0.015015069395303726
-0.01763976365327835
-0.01722828298807144
-0.015186170116066933
-0.014131794683635235
-0.014774108305573463
-0.017860135063529015
-0.007444295566529036
-0.01566542498767376
-0.016298234462738037
-0.016932787373661995
-0.017832880839705467
-0.015898820012807846
-0.016025304794311523
-0.01661977916955948
-0.015114772133529186
-0.012593602761626244
-0.014662247151136398
-0.009378358721733093
-0.01166560035198927
-0.016309650614857674
-0.016035573557019234
-0.016902359202504158
-0.01746797375380993
-0.011938009411096573
-0.015977120026946068
-0.016332535073161125
-0.015531064942479134
-0.01713484153151512
-0.015009762719273567
-0.013893901370465755
-0.013426460325717926
-0.013938134536147118
-0.014671873301267624
-0.016741333529353142
-0.01217438280582428
-0.017275340855121613
-0.014389678835868835
-0.016694068908691406
-0.013489210978150368
-0.010199729353189468
-0.018225956708192825
-0.017487216740846634
-0.012481709942221642
-0.015754694119095802
-0.01421438530087471
-0.017824871465563774
-0.01644391566514969
-0.015846967697143555
-0.018654197454452515
-0.01547195203602314
-0.017231957986950874
-0.017110779881477356
-0.01419755257666111
-0.014288297854363918
-0.01460047997534275
-0.015069457702338696
-0.018033236265182495
-0.015168679878115654
-0.017830634489655495
-0.012323105707764626
-0.015958093106746674
-0.016329854726791382
-0.01895938441157341
-0.017573071643710136
-0.018026327714323997
-0.01975407265126705
0.001605910249054432
-0.01659325696527958
-0.01654212176799774
-0.011930922977626324
-0.016215499490499496
-0.013896155171096325
-0.016067706048488617
-0.01886303909122944
-0.018614185974001884
-0.017689034342765808
-0.019400153309106827
-0.018124308437108994
-0.014601267874240875
-0.0168845746666193
-0.01801878958940506
-0.014772704802453518
-0.016725976020097733
-0.016091428697109222
-0.0151591207832098
-0.01738429255783558
-0.01687358133494854
-0.013406286016106606
-0.017407402396202087
-0.0002462221309542656
-0.017277386039495468
-0.017102209851145744
-0.01506499107927084
-0.017614930868148804
-0.01391263771802187
-0.015508292242884636
-0.015987401828169823
-0.01567043550312519
-0.017753474414348602
-0.018748389557003975
-0.016502762213349342
-0.017096349969506264
-0.017392165958881378
-0.01723097264766693
-0.018397903069853783
-0.016936957836151123
-0.012459833174943924
-0.011109516955912113
-0.015871213749051094
-0.019840912893414497
-0.014827427454292774
-0.0158991776406765
-0.018848929554224014
-0.019252382218837738
-0.01381189189851284
-0.017976956441998482
-0.0187221746891737
-0.01622162200510502
-0.017183860763907433
-0.015401575714349747
-0.015257569961249828
-0.01685161516070366
-0.016869740560650826
-0.01757049560546875
-0.018637724220752716
-0.015319157391786575
-0.017217805609107018
-0.018446028232574463
-0.018237685784697533
-0.016160033643245697
-0.011386425234377384
-0.01778518036007881
-0.01677638664841652
-0.014791017398238182
-0.017727522179484367
-0.017817331477999687
-0.01700427569448948
-0.014468133449554443
-0.017165731638669968
-0.01604253239929676
-0.019360775128006935
-0.01758105866611004
-0.01769194006919861
-0.01871681399643421
-0.01694655977189541
-0.016635267063975334
-0.018741805106401443
-0.018183935433626175
-0.016669904813170433
-0.013886039145290852
-0.019736485555768013
-0.018031293526291847
-0.014323154464364052
-0.017303843051195145
-0.017687540501356125
-0.0170164592564106
-0.018977858126163483
-0.01640358939766884
-0.020161230117082596
-0.017316386103630066
-0.018489282578229904
-0.01729571260511875
-0.016752243041992188
-0.016094189137220383
-0.01625015400350094
-0.019151030108332634
-0.004212243482470512
-0.0185701847076416
-0.018998542800545692
-0.019460823386907578
-0.01603425107896328
-0.017624152824282646
-0.018315499648451805
-0.011714516207575798
-0.016312435269355774
-0.016048382967710495
-0.01989755406975746
-0.016032056882977486
-0.0167018324136734
-0.016629865393042564
-0.018733158707618713
-0.017359264194965363
-0.018132902681827545
-0.013524441048502922
-0.02043001912534237
-0.01860491931438446
-0.019142935052514076
-0.019991746172308922
-0.019465528428554535
-0.020016826689243317
-0.019139092415571213
-0.017757190391421318
-0.016732946038246155
-0.02016131579875946
-0.015505108051002026
-0.020482055842876434
-0.020835718140006065
-0.01811634749174118
-0.017962481826543808
-0.014947018586099148
-0.012305878102779388
-0.01969914510846138
-0.02038060873746872
-0.01677069254219532
-0.016576392576098442
-0.017413992434740067
-0.019786205142736435
-0.020743336528539658
-0.015199871733784676
-0.01813514158129692
-0.01930047757923603
-0.01715564727783203
-0.0172050129622221
-0.0178388524800539
-0.018911873921751976
-0.019335521385073662
-0.018833056092262268
-0.01775830052793026
-0.01610766537487507
-0.014149565249681473
-0.017664829269051552
-0.017313536256551743
-0.018458671867847443
0.0007819514721632004
-0.01727222092449665
-0.020792411640286446
-0.020288465544581413
-0.017527058720588684
-0.01854788139462471
-0.0180213563144207
-0.017462749034166336
-0.020725255832076073
-0.01762455701828003
-0.015501153655350208
-0.01692022569477558
-0.0167152751237154
-0.017194844782352448
-0.018178878352046013
-0.017462924122810364
-0.0185257438570261
-0.021431097760796547
-0.018966197967529297
-0.01957327127456665
-0.016054458916187286
-0.017705416306853294
-0.01842854730784893
-0.01783035881817341
-0.018306050449609756
-0.019486768171191216
-0.01846143789589405
-0.01795436628162861
-0.020677637308835983
-0.019937628880143166
-0.016331639140844345
-0.016737820580601692
-0.017908785492181778
-0.0178629532456398
-0.017432723194360733
-0.019553672522306442
-0.01895938441157341
-0.019622448831796646
-0.01583804376423359
-0.016552500426769257
-0.01694633811712265
-0.01842334121465683
-0.01990804262459278
-0.02010113000869751
-0.018164075911045074
-0.01755683310329914
-0.0172027088701725
-0.0189291313290596
-0.01902972161769867
-0.01886681094765663
-0.018444165587425232
-0.017376530915498734
-0.018908170983195305
-0.018138784915208817
-0.017772648483514786
-0.020421788096427917
-0.020482944324612617
-0.018221234902739525
-0.017946714535355568
-0.019555754959583282
-0.019485248252749443
-0.015319825150072575
-0.019829552620649338
-0.017995299771428108
