0.18553102016448975
0.2322106808423996
0.1575642228126526
0.2250143438577652
0.139703631401062
0.17178985476493835
0.18224948644638062
0.1624661087989807
0.16120688617229462
0.23152312636375427
0.18962019681930542
0.19329211115837097
0.17277966439723969
0.17074424028396606
0.1608351320028305
0.1705748289823532
0.13666370511054993
0.23094375431537628
0.2317606508731842
0.0763181820511818
0.1443740725517273
0.1539267599582672
0.1572098433971405
0.14617523550987244
0.16330315172672272
0.19894273579120636
0.08110913634300232
0.140303373336792
0.20335718989372253
0.1321546584367752
0.14421705901622772
0.10835324227809906
0.0004185400903224945
0.11317604035139084
0.18150265514850616
0.10551752895116806
0.0734298825263977
0.12207116186618805
0.06290127336978912
-0.0881248190999031
0.022755635902285576
0.03410724550485611
-0.01558283157646656
-0.002005722839385271
0.04609540477395058
0.005085507407784462
-0.07414323091506958
-0.045033372938632965
-0.019901253283023834
-0.2066650688648224
-0.020323609933257103
-0.07490942627191544
-0.05627911910414696
0.01111348532140255
0.09029611200094223
-0.12307937443256378
0.04415714740753174
-0.16912035644054413
0.0024607344530522823
0.03214774280786514
0.021501025184988976
0.24838197231292725
-0.02640361152589321
0.03610276058316231
0.09868582338094711
0.21025459468364716
0.04748605191707611
0.07429776340723038
-0.10199203342199326
0.08004653453826904
0.1752227246761322
0.2137708216905594
0.22560305893421173
0.021406522020697594
0.03709149733185768
-0.018534064292907715
0.012258294969797134
0.038538526743650436
0.03223792836070061
0.12611788511276245
0.026825688779354095
-0.08023063093423843
-0.09378557652235031
-0.06904169172048569
-0.13065943121910095
-0.08506596833467484
-0.15374046564102173
-0.16125386953353882
-0.16347944736480713
-0.09049604088068008
-0.05934439226984978
-0.07069338113069534
-0.05760494992136955
-0.09128980338573456
-0.05803725868463516
-0.08108638972043991
-0.03957182914018631
0.0558062419295311
-0.02061813697218895
0.11890573054552078
-0.06720529496669769
0.07665928453207016
-0.008073386736214161
-0.029364166781306267
0.058591511100530624
0.025813622400164604
-0.02735973335802555
-0.07228579372167587
0.011620311997830868
-0.15167945623397827
0.0023777226451784372
-0.06595388799905777
0.03360891342163086
0.02535945735871792
0.052816759794950485
-0.07337324321269989
-0.1636577695608139
0.009104098193347454
0.007178556174039841
-0.09083811193704605
-0.18547508120536804
-0.04441845417022705
0.08140149712562561
-0.03710545599460602
-0.12327869981527328
-0.16189171373844147
-0.07297347486019135
-0.018020521849393845
-0.1950807124376297
0.09146185219287872
-0.12484245002269745
-0.144770547747612
-0.2122645527124405
-0.054927580058574677
-0.24311648309230804
-0.08437129855155945
-0.00745152635499835
-0.06978826969861984
0.021232765167951584
-0.13481338322162628
-0.19220469892024994
-0.03944822773337364
-0.16420413553714752
0.03548638895153999
-0.062263473868370056
-0.17232561111450195
-0.11746275424957275
-0.009181938134133816
0.029347728937864304
-0.06562795490026474
-0.09572191536426544
-0.15358859300613403
-0.05863666906952858
-0.021540246903896332
-0.05175836756825447
-0.012970245443284512
-0.051261551678180695
-0.07068682461977005
0.058411553502082825
-0.026265576481819153
-0.1331789791584015
0.04492422938346863
-0.005617884919047356
-0.08908011019229889
-0.1510438323020935
-0.04982627555727959
-0.068157859146595
-0.2193622589111328
-0.16763323545455933
-0.09265916794538498
-0.1996510922908783
-0.09553941339254379
-0.12820522487163544
-0.0790901705622673
-0.14277383685112
-0.08535972982645035
-0.14829981327056885
-0.12170906364917755
-0.11852701008319855
0.008668272756040096
0.1693565398454666
-0.10971570760011673
-0.0061051808297634125
-0.09504473209381104
0.07233426719903946
-0.018561381846666336
-0.04388533532619476
-0.08725845813751221
-0.06091630458831787
0.07379332184791565
-0.1188601478934288
-0.09240049123764038
0.01990809291601181
0.1268162727355957
-0.014988121576607227
0.004479043185710907
-0.10829856246709824
0.058577317744493484
-0.11310558766126633
-0.07847150415182114
-0.06136047840118408
-0.02836163528263569
-0.1456552892923355
-0.006821705959737301
0.01957641914486885
-0.09427516162395477
-0.004680324345827103
-0.15502427518367767
-0.07782695442438126
0.03380364179611206
-0.08095451444387436
-0.17590050399303436
0.03276652842760086
-0.12878282368183136
-0.18046553432941437
-0.019631540402770042
-0.17580370604991913
-0.1560514122247696
-0.1636488288640976
-0.004914840683341026
-0.1614845246076584
-0.08962156623601913
-0.005164588801562786
-0.02719452790915966
-0.13327372074127197
-0.06399131566286087
0.017998192459344864
-0.0030852369964122772
-0.04089013487100601
-0.04934295639395714
-0.00999430101364851
-0.04254547134041786
-0.15916664898395538
-0.08651373535394669
-0.17716866731643677
-0.10380394756793976
-0.049387406557798386
-0.052552513778209686
0.04667230322957039
-0.0027455727104097605
-0.049484968185424805
-0.23675113916397095
0.012616093270480633
-0.08529610931873322
-0.12315499782562256
-0.009777162224054337
-0.06108655780553818
-0.03875517100095749
-0.17340995371341705
-0.05404815822839737
-0.10163766145706177
0.015385597012937069
-0.08354049921035767
0.023126153275370598
-0.0630108043551445
-0.0557030588388443
0.018642032518982887
-0.07641460001468658
-0.03710227087140083
-0.06320039182901382
-0.10587594658136368
0.13115379214286804
-0.013914704322814941
-0.04300098121166229
0.12591782212257385
-0.05689012631773949
-0.09110353887081146
-0.08837642520666122
-0.051741525530815125
-0.023720771074295044
0.04946952685713768
-0.17887982726097107
-0.05317815765738487
-0.10783316940069199
0.05881904065608978
-0.0485139898955822
-0.043970052152872086
-0.022508753463625908
-0.00038695172406733036
0.09283915907144547
0.020198829472064972
-0.006004430819302797
0.06997305899858475
-0.00880555622279644
-0.1411554515361786
-0.019795063883066177
-0.02562347613275051
-0.15089401602745056
-0.046100229024887085
-0.09001731127500534
-0.01685664802789688
-0.03207051381468773
-0.17967626452445984
-0.061189644038677216
-0.013943273574113846
-0.08086682856082916
0.014054479077458382
-0.019006742164492607
-0.16064877808094025
0.007349611259996891
-0.05892523378133774
-0.16646535694599152
-0.07230237871408463
-0.07135431468486786
-0.025210155174136162
-0.06025485321879387
-0.056563813239336014
-0.09697490185499191
0.11478249728679657
-0.03383084759116173
-0.1060662642121315
-0.0034259699750691652
-0.008422447368502617
-0.007771179545670748
-0.024499529972672462
-0.27680477499961853
-0.13901033997535706
0.02013617567718029
-0.09682442247867584
0.041718799620866776
-0.11494550853967667
-0.018913203850388527
-0.002746473765000701
-0.11141493171453476
-0.04911388084292412
-0.06028611212968826
-0.05762152746319771
-0.06376982480287552
0.03314901515841484
0.1436646431684494
-0.04312276467680931
-0.028448160737752914
-0.11180456727743149
0.008163553662598133
-0.048057593405246735
-0.1718483865261078
-0.02528447099030018
-0.014643717557191849
0.13571380078792572
-0.014581726863980293
-0.012011324986815453
-0.03551817685365677
-0.0761544480919838
-0.014750494621694088
-0.054642125964164734
-0.04673324152827263
-0.001126167131587863
-0.0054349713027477264
-0.010079268366098404
0.013560159131884575
-0.07498040050268173
-0.05510517954826355
0.02588631585240364
0.008586614392697811
0.027102075517177582
0.022436577826738358
-0.09175734966993332
-0.1480584591627121
-0.03729984909296036
-0.12109284102916718
-0.07313968241214752
0.055168379098176956
0.06829569488763809
-0.08624511957168579
0.016564421355724335
0.010880487971007824
-0.14562492072582245
-0.035109613090753555
-0.04823661595582962
-0.0023418725468218327
-0.10957399010658264
-0.12118641287088394
-0.10338330268859863
-0.049138277769088745
-0.1284218430519104
0.010732139460742474
0.025625061243772507
-0.08873853087425232
-0.08397463709115982
-0.11207565665245056
0.150949165225029
-0.09544148296117783
0.011664165183901787
-0.2634965777397156
-0.11742996424436569
-0.09114181995391846
-0.10851864516735077
-0.0054957447573542595
-0.02282937988638878
-0.014622869901359081
-0.10434269160032272
-0.03168927878141403
-0.13724768161773682
-0.10595697164535522
0.06249221786856651
0.019086701795458794
-0.007823435589671135
0.01463755127042532
-0.09921547770500183
0.026423128321766853
0.09530234336853027
0.01807057112455368
-0.007183645851910114
0.0756123885512352
-0.0831708088517189
-0.00667754327878356
-0.0080743208527565
-0.0623437874019146
0.07322649657726288
-0.1837424635887146
-0.1558200716972351
0.1870204210281372
-0.0821741372346878
0.061400461941957474
-0.1828254759311676
0.01733308658003807
-0.15777231752872467
0.05303407832980156
-0.07149959355592728
-0.12070101499557495
-0.03188960254192352
0.00897773914039135
-0.10478151589632034
0.08748391270637512
0.008372686803340912
-0.07077403366565704
-0.04279579594731331
-0.11472911387681961
0.015052597038447857
-0.15327616035938263
0.047441478818655014
0.010749935172498226
-0.17470921576023102
-0.12480399012565613
-0.0656692162156105
-0.05614663287997246
-0.08034507185220718
-0.14717119932174683
-0.008839248679578304
-0.09012042731046677
0.0016178518999367952
-0.07607845216989517
-0.07710887491703033
-0.03917486593127251
0.030157070606946945
0.017099112272262573
-0.08228599280118942
-0.0689697340130806
0.06321439892053604
0.04535754770040512
-0.07356880605220795
-0.0640953779220581
-0.0985388532280922
-0.017184056341648102
-0.04450831562280655
-0.0759524255990982
0.03422330692410469
-0.0720183253288269
-0.01341237872838974
0.05295731872320175
-0.06759863346815109
-0.16042932868003845
0.004230900667607784
-0.06897235661745071
0.01215173676609993
-0.06862892955541611
-0.0934082493185997
0.08622029423713684
-0.03564043343067169
0.07797248661518097
-0.049774691462516785
0.0064612822607159615
-0.03552998602390289
-0.06678731739521027
-0.052768584340810776
-0.14005863666534424
-0.07260800898075104
-0.04509921371936798
-0.05246768146753311
0.027891112491488457
-0.038259733468294144
-0.054590754210948944
-0.07143601030111313
-0.1764700710773468
-0.10655045509338379
-0.02189609594643116
-0.04415755346417427
-0.09497725963592529
-0.03707783296704292
-0.00960519164800644
-0.03111203946173191
-0.09900742024183273
-0.09279289096593857
-0.026002416387200356
-0.05601881816983223
-0.13975858688354492
0.0473250150680542
-0.05122234299778938
-0.14689865708351135
-0.09134527295827866
0.0014976832317188382
-0.02514331042766571
-0.05071147531270981
-0.00877335574477911
-0.06236846372485161
-0.0030739738140255213
0.09945190697908401
-0.024081118404865265
0.13816392421722412
0.06185494735836983
0.026959257200360298
0.041114259511232376
0.04236597940325737
-0.1355891078710556
-0.01568354293704033
0.007554586976766586
-0.18527470529079437
0.008814959786832333
0.10784871876239777
-0.20450450479984283
-0.0655767098069191
0.06523774564266205
0.06394641101360321
-0.08683831244707108
-0.05038700997829437
-0.16574262082576752
0.05337890237569809
-0.006642332766205072
-0.10310003906488419
-0.27782511711120605
-0.1655687838792801
-0.087864950299263
-0.040325868874788284
-0.1146290972828865
0.0014975536614656448
-0.08569183945655823
0.03013707511126995
0.024945668876171112
-0.02821783348917961
-0.03595474362373352
-0.08915483206510544
-0.10951465368270874
-0.1350870132446289
-0.10430442541837692
-0.17353442311286926
-0.11047752946615219
-0.06644704937934875
-0.10034958273172379
0.027139533311128616
-0.11361027508974075
0.013410680927336216
-0.18153126537799835
-0.12336049228906631
0.062265705317258835
-0.2031898945569992
-0.13384996354579926
-0.06182004138827324
-0.14845934510231018
0.05123772472143173
-0.19843950867652893
-0.02947438694536686
-0.02396637201309204
-0.0715755969285965
0.08243223279714584
-0.14548003673553467
-0.05692577734589577
-0.05604628846049309
-0.10317572206258774
-0.24058352410793304
0.012991972267627716
0.01205909438431263
-0.0718144103884697
0.019981829449534416
0.0007234360091388226
-0.1314031183719635
-0.10729923844337463
-0.04977226257324219
0.01030681747943163
-0.10548795014619827
-0.01869724877178669
-0.0711430162191391
-0.06441810727119446
-0.03317376598715782
-0.09947745501995087
0.11945880204439163
-0.017035584896802902
-0.1262565702199936
-0.0446389801800251
-0.009553995914757252
0.0005492680938914418
-0.006789034232497215
-0.11778184771537781
-0.029954060912132263
-0.09095180034637451
0.08422771096229553
0.004734845366328955
-0.0454011932015419
-0.14139503240585327
-0.1652652621269226
-0.12366329878568649
-0.1571064293384552
-0.052954595535993576
-0.07528111338615417
-0.1478099375963211
0.027581097558140755
0.10808325558900833
-0.1872376948595047
-0.01615241728723049
-0.0010408074595034122
0.035768527537584305
-0.0075675491243600845
-0.04386076703667641
-0.23114170134067535
-0.012629164382815361
-0.04590192437171936
-0.1657458394765854
-0.13955695927143097
-0.11578743159770966
-0.048081349581480026
-0.19080425798892975
-0.015221440233290195
-0.02339790388941765
0.023417111486196518
-0.010398377664387226
-0.025167623534798622
-0.051687102764844894
-0.1801162213087082
-0.13713151216506958
-0.20152215659618378
-0.020741842687129974
0.05640069395303726
-0.16617199778556824
0.11226498335599899
-0.06780660897493362
-0.20606543123722076
-0.12362909317016602
0.0048834411427378654
-0.08768948167562485
-0.08165831863880157
0.008221604861319065
-0.07348926365375519
-0.05482754111289978
-0.1442452222108841
-0.06277379393577576
0.07235817611217499
-0.04842745140194893
-0.0549916997551918
-0.1263352334499359
-0.09105122089385986
-0.030905459076166153
0.01465487852692604
-0.221016988158226
-0.025118323042988777
-0.1010502353310585
-0.10876426100730896
-0.041853319853544235
-0.033949751406908035
-0.045543041080236435
-0.36290183663368225
-0.04148426279425621
-0.20272934436798096
-0.08397887647151947
0.09564386308193207
0.03595934063196182
0.050275322049856186
0.07069633156061172
-0.1302129626274109
0.047840047627687454
-0.0724816843867302
-0.0918714627623558
-0.17562928795814514
-0.05704532936215401
-0.0646096020936966
-0.06526963412761688
-0.10086739808320999
-0.07985486835241318
-0.2180481255054474
-0.016860106959939003
-0.15460315346717834
-0.09377780556678772
0.054745059460401535
-0.06146680563688278
0.062452513724565506
0.06542511284351349
-0.05720752105116844
-0.01841752417385578
-0.11538363248109818
-0.11063782125711441
-0.12982803583145142
-0.08453504741191864
-0.0390324629843235
-0.06289266049861908
-0.10313908010721207
-0.1666519194841385
-0.1568290740251541
-0.08352383971214294
0.026433190330863
0.01543835736811161
-0.18014653027057648
-0.06174829229712486
0.09819681197404861
-0.0819685161113739
-0.03951456770300865
-0.04988357052206993
0.013382264412939548
0.020661624148488045
-0.02742145024240017
0.1277705430984497
-0.12528136372566223
-0.07007153332233429
-0.15807029604911804
-0.3096189796924591
0.008258013054728508
-0.11414488404989243
-0.04813158139586449
-0.0594174824655056
-0.07791588455438614
0.01375234592705965
-0.17651548981666565
-0.016689559444785118
-0.1989833265542984
-0.024532876908779144
-0.1704038381576538
-0.04194384440779686
-0.04981393739581108
-0.036257144063711166
-0.045335911214351654
-0.002270609373226762
-0.05366475507616997
-0.06387952715158463
-0.03139939531683922
-0.10660253465175629
-0.10221404582262039
-0.13674524426460266
-0.12406950443983078
-0.1323835402727127
-0.044177643954753876
-0.156308114528656
-0.1159052923321724
-0.14036405086517334
-0.09207569807767868
-0.2526565492153168
-0.1096467450261116
-0.015973467379808426
-0.07357212156057358
0.027541790157556534
-0.13123184442520142
-0.08493230491876602
-0.07681506127119064
-0.0061298273503780365
-0.18185490369796753
-0.02459048107266426
-0.07128328084945679
0.020955104380846024
-0.08926276117563248
-0.12429606914520264
-0.23932060599327087
0.08759147673845291
0.03380710631608963
0.008559636771678925
-0.11226482689380646
-0.10632044821977615
-0.013357385993003845
-0.07530602812767029
-0.1594650149345398
-0.056903544813394547
-0.12371508032083511
0.0352034866809845
-0.11158305406570435
-0.04355529695749283
0.003919878974556923
-0.19795596599578857
-0.05976903811097145
0.03458121791481972
-0.01998414658010006
-0.043825507164001465
-0.10530120134353638
-0.01435399241745472
-0.038641270250082016
-0.09320030361413956
-0.050917547196149826
-0.10389530658721924
0.036746636033058167
-0.002494505140930414
0.002782627707347274
-0.0907922014594078
-0.15707683563232422
-0.09548262506723404
0.003538132645189762
0.016113536432385445
-0.04592160880565643
0.05142679437994957
-0.13976828753948212
-0.10653205215930939
0.011414246633648872
-0.05700400099158287
-0.09780553728342056
0.04564131051301956
0.020211869850754738
-0.07552644610404968
-0.1468256413936615
-0.12684616446495056
-0.006940118968486786
0.007145153358578682
0.03568527474999428
-0.12889626622200012
0.005869975313544273
-0.10088060051202774
-0.017934681847691536
-0.05459820106625557
-0.1339675933122635
-0.09109782427549362
0.0020224901381880045
-0.14479109644889832
-0.12877893447875977
-0.13909800350666046
-0.19688700139522552
-0.10546225309371948
-0.10181303322315216
0.03248363733291626
-0.1066427081823349
-0.012848876416683197
-0.08451232314109802
0.002709761029109359
0.004707331769168377
-0.20318903028964996
-0.15536187589168549
-0.18089929223060608
-0.09494851529598236
-0.0994308814406395
-0.08156295865774155
-0.20995353162288666
-0.04677227884531021
-0.14261400699615479
-0.0034078715834766626
-0.08943860232830048
-0.2100129872560501
-0.09935501962900162
-0.011828687973320484
0.030523329973220825
0.005115645006299019
0.03348977863788605
0.0008636878337711096
-0.10210868716239929
-0.18556244671344757
-0.02375679649412632
-0.08351321518421173
-0.006828844081610441
-0.15453866124153137
0.0213804692029953
-0.10515940934419632
-0.03690562769770622
-0.041309792548418045
-0.1530143916606903
-0.24502727389335632
0.016162220388650894
-0.019205136224627495
-0.11452291905879974
-0.13514344394207
-0.06536602228879929
-0.055374085903167725
-0.083045095205307
-0.008867274038493633
-0.18389150500297546
-0.20839236676692963
-0.03174775093793869
0.04820802062749863
-0.053916752338409424
0.010221878997981548
-0.14091819524765015
-0.09879349172115326
-0.09773081541061401
-0.18864896893501282
0.07365666329860687
-0.04372178763151169
-0.09365987032651901
-0.18014709651470184
0.030193030834197998
-0.05423123016953468
-0.15830805897712708
-0.158329039812088
-0.12031055986881256
-0.00016513490118086338
-0.036653414368629456
0.015424182638525963
-0.07720524072647095
-0.07214777916669846
-0.03744636848568916
-0.030376657843589783
-0.05980869010090828
-0.10310399532318115
0.02937711402773857
-0.16005851328372955
-0.18315817415714264
-0.08397898077964783
-0.2444050908088684
-0.1038622185587883
-0.05264465883374214
-0.01428449060767889
-0.03074747510254383
-0.10489874333143234
-0.028221484273672104
-0.10347146540880203
-0.006278330460190773
-0.12629848718643188
0.03582828864455223
0.07076746970415115
-0.08380856364965439
-0.06411954015493393
0.03756674379110336
-0.20117798447608948
-0.11857947707176208
-0.07909274101257324
-0.20623348653316498
0.010895519517362118
-0.07605259120464325
-0.14957301318645477
0.0550854355096817
-0.10889118909835815
0.05099819228053093
-0.21193888783454895
-0.01942409947514534
-0.06785907596349716
-0.0643703043460846
-0.11316092312335968
-0.10414720326662064
-0.10104424506425858
-0.19476717710494995
-0.23325546085834503
-0.04032182693481445
0.010917872190475464
-0.024411235004663467
-0.22624482214450836
0.030518461018800735
-0.15920093655586243
-0.13613182306289673
-0.17474594712257385
0.002447832841426134
-0.1616206020116806
-0.12578274309635162
-0.0948888286948204
-0.07670092582702637
-0.12602216005325317
0.01780535839498043
-0.1722368746995926
-0.04492991790175438
-0.17594119906425476
-0.02070123702287674
0.0070768180303275585
-0.08340820670127869
-0.14627420902252197
-0.09051579236984253
-0.1028517559170723
0.009876970201730728
-0.0247664712369442
0.0049112718552351
-0.19303949177265167
-0.11529503017663956
-0.11928356438875198
-0.018464291468262672
0.015199421904981136
0.06172623485326767
0.06020690128207207
-0.08191141486167908
-0.18624307215213776
-0.15312571823596954
-0.10100662708282471
0.002640408230945468
-0.09630658477544785
0.07128381729125977
-0.045755237340927124
0.056526459753513336
-0.0969911441206932
-0.07285288721323013
-0.06024639308452606
-0.16228888928890228
-0.05160979926586151
-0.09241753816604614
0.03118312917649746
-0.17970702052116394
-0.11037646979093552
-0.06035104766488075
0.014747471548616886
-0.06453360617160797
-0.07301212847232819
-0.030441591516137123
-0.026365507394075394
-0.024772126227617264
-0.07273155450820923
-0.1723569929599762
-0.09699104726314545
-0.08938734233379364
-0.02538365125656128
-0.02259649708867073
-0.1907246708869934
0.051885586231946945
-0.1939251869916916
0.007960707880556583
-0.23202168941497803
-0.13724534213542938
