0.33647283911705017
0.36277928948402405
0.32271838188171387
0.3537827432155609
0.3061622977256775
0.32837939262390137
0.33314791321754456
0.32438093423843384
0.3215603232383728
0.36054474115371704
0.33533376455307007
0.341117799282074
0.32884764671325684
0.3299640417098999
0.3231607675552368
0.32607847452163696
0.30720454454421997
0.3589494824409485
0.3591965436935425
0.27574148774147034
0.3133220076560974
0.32216301560401917
0.3162636458873749
0.31155505776405334
0.3265135884284973
0.33958935737609863
0.2796851098537445
0.30966633558273315
0.34254732728004456
0.30876824259757996
0.30920109152793884
0.28557127714157104
0.23943820595741272
0.29316455125808716
0.3331845700740814
0.2882993519306183
0.2713190019130707
0.2969333529472351
0.2617655396461487
0.1829739212989807
0.2398337721824646
0.25660690665245056
0.22909961640834808
0.23419147729873657
0.24442905187606812
0.23510052263736725
0.17794451117515564
0.20112036168575287
0.22751553356647491
0.13121448457241058
0.22287581861019135
0.19773198664188385
0.1986144632101059
0.2351900041103363
0.26193612813949585
0.1608840525150299
0.24315613508224487
0.1249762773513794
0.22832421958446503
0.2338084876537323
0.20500382781028748
0.29300954937934875
0.1938011199235916
0.20199626684188843
0.20324823260307312
0.19218680262565613
0.12083727866411209
0.12111594527959824
0.08873695880174637
0.1984081119298935
0.058168694376945496
0.12331615388393402
0.05257553234696388
0.05986287444829941
0.06009577959775925
0.06142352148890495
0.03625094145536423
0.07797834277153015
0.04909098148345947
0.04567743092775345
0.09009517729282379
0.14444640278816223
0.04095553234219551
0.01979045569896698
0.020416826009750366
0.07781665027141571
0.043193742632865906
0.04521802440285683
0.025111526250839233
-0.010321110486984253
0.011570107191801071
-0.01919340342283249
0.09084269404411316
0.2288876175880432
-0.015367478132247925
-0.026110485196113586
0.0653502494096756
0.006773605942726135
0.1016356348991394
0.15008419752120972
0.12206356972455978
0.1839011311531067
0.22496603429317474
0.10298065096139908
0.022214218974113464
0.09496673941612244
0.1064089685678482
0.003678947687149048
0.01292562484741211
0.11380090564489365
0.14314481616020203
0.1246303915977478
0.03774295002222061
0.16900737583637238
0.013790994882583618
0.061420030891895294
0.19773651659488678
0.1598290652036667
0.12229154258966446
0.1220984011888504
0.14398467540740967
0.23996323347091675
0.034830935299396515
0.041092656552791595
0.005604244768619537
0.009731024503707886
0.12296931445598602
0.05101097375154495
0.14758315682411194
0.17087920010089874
0.1377829611301422
0.12677831947803497
0.10765068233013153
0.17131687700748444
0.16243323683738708
0.2079196721315384
0.10855303704738617
0.10000017285346985
0.0844755619764328
0.20696255564689636
0.14861419796943665
0.1100057065486908
0.21839354932308197
0.124495729804039
0.1666475534439087
0.001955971121788025
0.21816429495811462
0.1870611608028412
0.07674070447683334
0.18997985124588013
0.17297010123729706
0.14791825413703918
0.21670183539390564
0.16535739600658417
0.08515174686908722
0.09365696460008621
0.17730683088302612
0.20357482135295868
0.2212059646844864
0.17597678303718567
0.1637098789215088
0.2553534209728241
0.1321077197790146
0.14139607548713684
0.1398346722126007
0.2151876538991928
0.19271953403949738
0.08674394339323044
0.1231989786028862
0.2356899231672287
0.2151540368795395
0.0908689871430397
0.13409465551376343
0.13190162181854248
0.20647001266479492
0.17610013484954834
0.18576030433177948
0.28058114647865295
0.15058590471744537
0.2567049562931061
0.15918655693531036
0.29755109548568726
0.17905615270137787
0.12543238699436188
0.19656409323215485
0.2273741215467453
0.2149873673915863
0.13144439458847046
0.11167880147695541
0.20477217435836792
0.22482949495315552
0.2953035533428192
0.2403028905391693
0.25654032826423645
0.19494830071926117
0.1934441477060318
0.1444822996854782
0.18130268156528473
0.2753576338291168
0.1919691562652588
0.183775395154953
0.203989639878273
0.2980065643787384
0.2251126766204834
0.18472550809383392
0.18518127501010895
0.21720312535762787
0.21872076392173767
0.23686179518699646
0.1619524210691452
0.21932831406593323
0.2423763871192932
0.2463313341140747
0.2006182074546814
0.22316879034042358
0.14246514439582825
0.20695710182189941
0.35666218400001526
0.1899133324623108
0.17873267829418182
0.18616873025894165
0.20019108057022095
0.20033469796180725
0.24253146350383759
0.22019517421722412
0.20956002175807953
0.19353610277175903
0.16602632403373718
0.13344767689704895
0.14995938539505005
0.17997059226036072
0.23457491397857666
0.192983940243721
0.26725101470947266
0.2676583528518677
0.2197258621454239
0.22205673158168793
0.15947557985782623
0.1470664143562317
0.20433658361434937
0.18959936499595642
0.25121593475341797
0.21011190116405487
0.20477859675884247
0.22345468401908875
0.19193512201309204
0.22194236516952515
0.177088662981987
0.2040989249944687
0.24387076497077942
0.24498918652534485
0.1184573695063591
0.19699472188949585
0.16894443333148956
0.2624760866165161
0.27993494272232056
0.18557153642177582
0.28061622381210327
0.20806731283664703
0.1952500343322754
0.12164611369371414
0.20252688229084015
0.22098685801029205
0.14765942096710205
0.23052595555782318
0.16722042858600616
0.271299809217453
0.21555693447589874
0.15781091153621674
0.1599331945180893
0.11582149565219879
0.22264377772808075
0.15963396430015564
0.18185943365097046
0.17050869762897491
0.2633573114871979
0.2590501308441162
0.17099083960056305
0.20773494243621826
0.2492358237504959
0.20282679796218872
0.24052242934703827
0.23777355253696442
0.20857419073581696
0.2860020399093628
0.2019118070602417
0.24224340915679932
0.21247011423110962
0.24571074545383453
0.19656696915626526
0.15840253233909607
0.2129809707403183
0.1902822107076645
0.21459299325942993
0.20126032829284668
0.21977496147155762
0.23557105660438538
0.2548123002052307
0.29363343119621277
0.17761054635047913
0.18307670950889587
0.22838203608989716
0.1861995905637741
0.2686476707458496
0.24543242156505585
0.20399820804595947
0.21540242433547974
0.24280141294002533
0.24993814527988434
0.12914025783538818
0.20357531309127808
0.25219905376434326
0.20003414154052734
0.18044425547122955
0.23624853789806366
0.16667133569717407
0.2184368371963501
0.166245698928833
0.2098134309053421
0.25917521119117737
0.13691788911819458
0.2635462284088135
0.12957221269607544
0.20319435000419617
0.15357962250709534
0.19398179650306702
0.2685869038105011
0.19135253131389618
0.1764214038848877
0.13282763957977295
0.2579208016395569
0.19436055421829224
0.28764307498931885
0.2274400293827057
0.21172171831130981
0.26556143164634705
0.22176183760166168
0.2359163761138916
0.2029513418674469
0.21440324187278748
0.21742455661296844
0.250476211309433
0.1836988925933838
0.2230403572320938
0.16564102470874786
0.1761314570903778
0.1890810877084732
0.1606554388999939
0.2340562641620636
0.19521872699260712
0.18053163588047028
0.14673802256584167
0.21842631697654724
0.14713048934936523
0.18663185834884644
0.19480134546756744
0.2056170403957367
0.2320074439048767
0.2804413437843323
0.17118294537067413
0.25236982107162476
0.16235575079917908
0.24737884104251862
0.20601928234100342
0.16549137234687805
0.1810619831085205
0.22367915511131287
0.20936253666877747
0.2377471625804901
0.2235095202922821
0.1968594342470169
0.21811407804489136
0.23620854318141937
0.2320609986782074
0.14271119236946106
0.19931548833847046
0.21164348721504211
0.2353244423866272
0.224442720413208
0.13646528124809265
0.18735292553901672
0.162791907787323
0.234089657664299
0.3011547029018402
0.19535353779792786
0.21868140995502472
0.24847683310508728
0.08973930776119232
0.17244087159633636
0.1859687864780426
0.15636825561523438
0.1601795107126236
0.23323364555835724
0.25532153248786926
0.18548834323883057
0.15844500064849854
0.22739510238170624
0.2783191502094269
0.23298344016075134
0.15460145473480225
0.20372715592384338
0.2254115343093872
0.1687074452638626
0.1961325705051422
0.1649152636528015
0.2693113684654236
0.23991462588310242
0.2651897966861725
0.12410560995340347
0.20626111328601837
0.18992531299591064
0.2880537807941437
0.1623278558254242
0.1427258551120758
0.2947954535484314
0.23737910389900208
0.20985974371433258
0.2157999575138092
0.1689108908176422
0.2754731774330139
0.2873920500278473
0.15988591313362122
0.21675996482372284
0.18617069721221924
0.2287205010652542
0.2547707259654999
0.24101732671260834
0.22528286278247833
0.14649099111557007
0.1546129286289215
0.1699790209531784
0.1776881366968155
0.16161346435546875
0.1709548830986023
0.18266096711158752
0.18934282660484314
0.27760177850723267
0.19319185614585876
0.2196541279554367
0.28490161895751953
0.2506659924983978
0.237809956073761
0.24003471434116364
0.13938511908054352
0.19984357059001923
0.15657366812229156
0.21999487280845642
0.24492236971855164
0.2556709945201874
0.21172764897346497
0.2541716992855072
0.26614105701446533
0.15668271481990814
0.14269380271434784
0.1711864471435547
0.2647245526313782
0.21021196246147156
0.17932984232902527
0.20401987433433533
0.1771290898323059
0.20546436309814453
0.22852134704589844
0.1761181354522705
0.16013014316558838
0.2365654855966568
0.19924761354923248
0.26435592770576477
0.20674137771129608
0.20023669302463531
0.1652834266424179
0.25775665044784546
0.24027323722839355
0.21431797742843628
0.21622832119464874
0.17857739329338074
0.1598888486623764
0.18162290751934052
0.22002345323562622
0.19820493459701538
0.16222348809242249
0.18228290975093842
0.17066769301891327
0.2007463276386261
0.18383261561393738
0.2685786783695221
0.28611963987350464
0.18364937603473663
0.146295428276062
0.20636270940303802
0.22722509503364563
0.21333588659763336
0.18687105178833008
0.14095622301101685
0.2616801857948303
0.2511117458343506
0.20443035662174225
0.18655884265899658
0.2042846828699112
0.14817358553409576
0.14257264137268066
0.26478156447410583
0.30344608426094055
0.19764655828475952
0.260135293006897
0.2325039505958557
0.19912490248680115
0.21705414354801178
0.22116342186927795
0.1967145800590515
0.17694726586341858
0.15605944395065308
0.21105889976024628
0.2149897664785385
0.23458388447761536
0.15263482928276062
0.20107102394104004
0.2847399115562439
0.2071470469236374
0.16120493412017822
0.230165496468544
0.22127726674079895
0.18109118938446045
0.2412351369857788
0.19707152247428894
0.21781985461711884
0.21189582347869873
0.16094598174095154
0.15394166111946106
0.20574018359184265
0.17767839133739471
0.23209607601165771
0.18800128996372223
0.15722882747650146
0.15635907649993896
0.1750105619430542
0.1230378970503807
0.3136538863182068
0.1428723931312561
0.15136000514030457
0.35289624333381653
0.14584846794605255
0.22302275896072388
0.20173603296279907
0.20907998085021973
0.22549091279506683
0.1984202265739441
0.20998987555503845
0.2234479933977127
0.21457187831401825
0.2107214629650116
0.20960208773612976
0.23885226249694824
0.21743464469909668
0.2159833014011383
0.20376142859458923
0.17017348110675812
0.18449920415878296
0.25435173511505127
0.1909545511007309
0.17554208636283875
0.22807414829730988
0.2254815250635147
0.2337218075990677
0.15146656334400177
0.20714280009269714
0.20483478903770447
0.18306778371334076
0.115000419318676
0.22045934200286865
0.2298690378665924
0.14381060004234314
0.2483343631029129
0.2451365441083908
0.135466530919075
0.19072914123535156
0.23959457874298096
0.22989854216575623
0.21568657457828522
0.2230057567358017
0.1443655639886856
0.21667225658893585
0.1574464738368988
0.22326235473155975
0.2168591320514679
0.2169525921344757
0.30601412057876587
0.22224898636341095
0.12744133174419403
0.19562537968158722
0.17397083342075348
0.24449323117733002
0.18704243004322052
0.19272685050964355
0.1827509105205536
0.1606629490852356
0.19728988409042358
0.224272683262825
0.20194865763187408
0.2565939128398895
0.20432117581367493
0.25023362040519714
0.2068694531917572
0.14611604809761047
0.1860968917608261
0.31476131081581116
0.2811042368412018
0.18673387169837952
0.14189064502716064
0.10616210103034973
0.2580638825893402
0.21070674061775208
0.2102191150188446
0.211197167634964
0.16520023345947266
0.1762792468070984
0.17526549100875854
0.1328364908695221
0.22172145545482635
0.2310125082731247
0.2810259163379669
0.22977232933044434
0.2017493098974228
0.16563430428504944
0.13043838739395142
0.2034306824207306
0.14240029454231262
0.19169437885284424
0.21576468646526337
0.18886670470237732
0.27875474095344543
0.24413658678531647
0.23466134071350098
0.20397183299064636
0.18653763830661774
0.1836390495300293
0.08075343072414398
0.23411035537719727
0.18077893555164337
0.2208879292011261
0.29215091466903687
0.23219864070415497
0.14477425813674927
0.15169024467468262
0.12728279829025269
0.2206171303987503
0.15386568009853363
0.278484582901001
0.16483919322490692
0.23036769032478333
0.22088293731212616
0.21478083729743958
0.21407388150691986
0.22184577584266663
0.14984163641929626
0.15258757770061493
0.2199133187532425
0.18770663440227509
0.22234798967838287
0.16695576906204224
0.27842721343040466
0.20810681581497192
0.22562381625175476
0.15547437965869904
0.15816637873649597
0.17588560283184052
0.15335723757743835
0.181642547249794
0.18852218985557556
0.222806915640831
0.15005090832710266
0.18802455067634583
0.1667679250240326
0.10533212125301361
0.20007160305976868
0.16032803058624268
0.21837598085403442
0.21618717908859253
0.3135664463043213
0.1713428497314453
0.180958092212677
0.22717344760894775
0.24482199549674988
0.21805354952812195
0.16368350386619568
0.17019350826740265
0.14957264065742493
0.21467283368110657
0.21628312766551971
0.22287395596504211
0.22347885370254517
0.19163116812705994
0.2562789022922516
0.23411667346954346
0.21951530873775482
0.1775149405002594
0.20582595467567444
0.17060935497283936
0.25149020552635193
0.23722229897975922
0.24262593686580658
0.12292478233575821
0.23902784287929535
0.20289716124534607
0.2153259664773941
0.1770101636648178
0.1658148318529129
0.19156910479068756
0.2693937122821808
0.17018578946590424
0.16778229176998138
0.12130942195653915
0.23386342823505402
0.15922510623931885
0.16985824704170227
0.1791408360004425
0.1807611882686615
0.23552219569683075
0.19609534740447998
0.17573679983615875
0.1657494604587555
0.17765013873577118
0.1812320053577423
0.14445069432258606
0.16044969856739044
0.20305542647838593
0.17669139802455902
0.12911996245384216
0.13414742052555084
0.2016822099685669
0.23534326255321503
0.23990678787231445
0.1993914246559143
0.286862313747406
0.1881106197834015
0.20565572381019592
0.12705489993095398
0.21091876924037933
0.17815560102462769
0.23089741170406342
0.22732309997081757
0.1576242297887802
0.22177152335643768
0.12224096059799194
0.20921115577220917
0.23783740401268005
0.24177289009094238
0.17101070284843445
0.13999605178833008
0.21165448427200317
0.17302554845809937
0.16537651419639587
0.2281390279531479
0.27271172404289246
0.138668954372406
0.2351280152797699
0.20168350636959076
0.27130934596061707
0.20978333055973053
0.2448752075433731
0.18311947584152222
0.11699775606393814
0.25945696234703064
0.15763062238693237
0.19572529196739197
0.20491695404052734
0.2334490269422531
0.25044330954551697
0.26861074566841125
0.22704827785491943
0.2576671242713928
0.1467035561800003
0.17440849542617798
0.24157486855983734
0.20575405657291412
0.20817877352237701
0.18457137048244476
0.18095716834068298
0.1890512853860855
0.154068723320961
0.22038117051124573
0.178267240524292
0.2598036527633667
0.20409244298934937
0.23483003675937653
0.14049144089221954
0.15941612422466278
0.20657965540885925
0.20423513650894165
0.11993326246738434
0.2627807855606079
0.1538432389497757
0.20872025191783905
0.1547938883304596
0.23337148129940033
0.11529773473739624
0.2373572289943695
0.2280706763267517
0.19157986342906952
0.19587285816669464
0.1700967252254486
0.23586706817150116
0.19168542325496674
0.20333422720432281
0.15041092038154602
0.1694774329662323
0.2495669573545456
0.2837984263896942
0.19804200530052185
0.23131176829338074
0.19466260075569153
0.14820164442062378
0.24715964496135712
0.15466071665287018
0.2416197955608368
0.2571175694465637
0.20192588865756989
0.19802848994731903
0.19227352738380432
0.24872684478759766
0.1624113917350769
0.173770472407341
0.21998776495456696
0.19728338718414307
0.1754727065563202
0.15514177083969116
0.141644686460495
0.1971302479505539
0.22549782693386078
0.19470009207725525
0.2457147240638733
0.2437334954738617
0.1674475520849228
0.2873118221759796
0.20682626962661743
0.17835719883441925
0.22512470185756683
0.15168076753616333
0.24446630477905273
0.19024106860160828
0.212101012468338
0.15248362720012665
0.18248505890369415
0.2178356647491455
0.20080287754535675
0.18500791490077972
0.1950003206729889
0.15034586191177368
0.18152570724487305
0.19409456849098206
0.2559443414211273
0.1492725908756256
0.19237397611141205
0.22240856289863586
0.1923205703496933
0.15812230110168457
0.11104410886764526
0.1992495059967041
0.14806748926639557
0.145593523979187
0.2258971482515335
0.1976742148399353
0.328432559967041
0.23284637928009033
0.16972655057907104
0.24833476543426514
0.21831202507019043
0.2644679546356201
0.20523114502429962
0.14184492826461792
0.252421110868454
0.18351632356643677
0.22994035482406616
0.2205502986907959
0.14506758749485016
0.22651603817939758
0.21242594718933105
0.23590141534805298
0.27675509452819824
0.2032468318939209
0.2692132294178009
0.232577383518219
0.1780351847410202
0.13906329870224
0.22911231219768524
0.11695963889360428
0.16490361094474792
0.19438199698925018
0.17454120516777039
0.15339332818984985
0.20760305225849152
0.2194206565618515
0.08316470682621002
0.2010202705860138
0.22524957358837128
0.26369208097457886
0.1427532136440277
0.17550310492515564
0.15262791514396667
0.1727132648229599
0.17893864214420319
0.1591460108757019
0.24015401303768158
0.21277889609336853
0.23149292171001434
0.22395160794258118
0.23084884881973267
0.1427108347415924
0.3050144910812378
0.12997815012931824
0.11088815331459045
0.13457554578781128
0.17510005831718445
0.2144535630941391
0.21365484595298767
0.18727663159370422
0.20650199055671692
0.1597231924533844
0.21408520638942719
0.17863041162490845
0.17951835691928864
0.16844063997268677
0.16836145520210266
0.2208632528781891
0.16274845600128174
0.17234614491462708
0.247548446059227
0.2502451539039612
0.16660377383232117
0.21184276044368744
0.2341722846031189
0.23202064633369446
0.18517795205116272
0.19130215048789978
0.18952885270118713
0.16517789661884308
0.2615658938884735
0.2066713571548462
0.16380470991134644
0.16454769670963287
0.1807757169008255
0.20260271430015564
0.21983319520950317
0.18607811629772186
0.2294556051492691
0.17791424691677094
0.24209292232990265
0.16940557956695557
0.1557769626379013
0.14359503984451294
0.20178860425949097
0.1838621348142624
0.18739059567451477
0.1836431473493576
0.13862672448158264
0.16186395287513733
0.21896222233772278
0.2087063044309616
0.2246391326189041
0.18311993777751923
0.12394288182258606
0.22389259934425354
0.15440723299980164
0.17119334638118744
0.22651898860931396
0.1858181208372116
0.15054601430892944
0.24051418900489807
0.196186825633049
0.19657617807388306
0.15418672561645508
0.2692664861679077
0.1783885359764099
0.1976609081029892
0.19439655542373657
0.22137920558452606
0.15167942643165588
0.21364547312259674
0.19550833106040955
0.2140529453754425
0.1994076371192932
0.17166440188884735
0.1978793740272522
0.1876116544008255
0.20489853620529175
0.23681166768074036
0.2500022351741791
0.23428604006767273
0.22729894518852234
0.18703344464302063
0.18555337190628052
0.2303452342748642
0.24777422845363617
0.22119535505771637
0.20744562149047852
0.1837974488735199
0.1890481859445572
0.19555649161338806
0.14106714725494385
0.21882830560207367
0.18810060620307922
