-0.10693695396184921
-0.11458611488342285
-0.11007355153560638
-0.10256588459014893
-0.07884981483221054
-0.11759403347969055
-0.11115871369838715
-0.11052794754505157
-0.1091453805565834
-0.10959247499704361
-0.11628347635269165
-0.10657818615436554
-0.1119784265756607
-0.11742191761732101
-0.11248761415481567
-0.1118091493844986
-0.11595171689987183
-0.11088276654481888
-0.11753825843334198
-0.1167302206158638
-0.11810319125652313
-0.11538608372211456
-0.11905487626791
-0.11486352980136871
-0.11928205192089081
-0.1180410087108612
-0.11334310472011566
-0.12078195810317993
-0.11835918575525284
-0.11804559826850891
-0.11890287697315216
-0.12282922863960266
-0.11989613622426987
-0.1190578043460846
-0.1172751784324646
-0.11569858342409134
-0.12065055966377258
-0.11953021585941315
-0.11789312958717346
-0.10973057895898819
-0.12094151973724365
-0.11737540364265442
-0.11330172419548035
-0.11730638891458511
-0.11997656524181366
-0.11692218482494354
-0.12045304477214813
-0.12220657616853714
-0.11697730422019958
-0.11500060558319092
-0.10864168405532837
-0.11813680827617645
-0.11685720086097717
-0.10909523069858551
-0.12034180760383606
-0.11329011619091034
-0.12351251393556595
-0.1223454475402832
-0.12035593390464783
-0.11274351924657822
-0.11666138470172882
-0.11445565521717072
-0.11891961097717285
-0.10877499729394913
-0.11234740912914276
-0.09712601453065872
-0.1196087896823883
-0.11351785063743591
-0.10212719440460205
-0.12312638759613037
-0.11732729524374008
-0.1178843080997467
-0.10733016580343246
-0.11688728630542755
-0.13254263997077942
-0.1030401736497879
-0.10999612510204315
-0.08202114701271057
-0.09582497179508209
-0.11404202878475189
-0.12070202082395554
-0.12205637991428375
-0.1229720339179039
-0.10993827134370804
-0.1145104244351387
-0.123314768075943
-0.12963449954986572
-0.11479340493679047
-0.12727485597133636
-0.12673747539520264
-0.13019779324531555
-0.12590330839157104
-0.13246522843837738
-0.1393117606639862
-0.10607993602752686
-0.11316769570112228
-0.12193335592746735
-0.11782114952802658
-0.09797122329473495
-0.1065821647644043
-0.11161483079195023
-0.1106056421995163
-0.0975341647863388
-0.0820743665099144
-0.08091498166322708
-0.09359728544950485
-0.09920622408390045
-0.10324065387248993
-0.08595333248376846
-0.12263330072164536
-0.11442676186561584
-0.09083733707666397
-0.09338781237602234
-0.0997185930609703
-0.12568002939224243
-0.12144656479358673
-0.11420971900224686
-0.09999626129865646
-0.11981336027383804
-0.07894111424684525
-0.11100640892982483
-0.07283914089202881
-0.1333550363779068
-0.12041698396205902
-0.11842740327119827
-0.12449275702238083
-0.10246551036834717
-0.11923541128635406
-0.11230004578828812
-0.11689968407154083
-0.12989799678325653
-0.1168297603726387
-0.12198691815137863
-0.13288643956184387
-0.12644532322883606
-0.1390385627746582
-0.1342831701040268
-0.13679738342761993
-0.14175908267498016
-0.14273026585578918
-0.14254751801490784
-0.14554467797279358
-0.15441162884235382
-0.14690831303596497
-0.13310666382312775
-0.13061821460723877
-0.1560368835926056
-0.14367710053920746
-0.15213872492313385
-0.14724572002887726
-0.1512409746646881
-0.14000239968299866
-0.14662356674671173
-0.13778261840343475
-0.14503592252731323
-0.13721629977226257
-0.1412586271762848
-0.13015809655189514
-0.1423700451850891
-0.1387915462255478
-0.15222714841365814
-0.14157432317733765
-0.13920286297798157
-0.1485242396593094
-0.14418372511863708
-0.12887072563171387
-0.15049803256988525
-0.12300187349319458
-0.11641638725996017
-0.12149972468614578
-0.1501186639070511
-0.13108758628368378
-0.12613943219184875
-0.11350245773792267
-0.13976773619651794
-0.13198725879192352
-0.14858943223953247
-0.12370726466178894
-0.1348303258419037
-0.11348037421703339
-0.1190328598022461
-0.09654074907302856
-0.11023201048374176
-0.12516403198242188
-0.129993736743927
-0.11818742752075195
-0.12661224603652954
-0.12469854950904846
-0.1263733208179474
-0.13359344005584717
-0.11772656440734863
-0.12002285569906235
-0.12468260526657104
-0.1315402090549469
-0.1354718655347824
-0.1380399465560913
-0.11327413469552994
-0.143326073884964
-0.12578652799129486
-0.12217044085264206
-0.12430978566408157
-0.1332693099975586
-0.11058127135038376
-0.11175508797168732
-0.1422840803861618
-0.1388704478740692
-0.12322930246591568
-0.12396571040153503
-0.12292465567588806
-0.13872429728507996
-0.13661691546440125
-0.12628231942653656
-0.11645814776420593
-0.123537577688694
-0.12763620913028717
-0.14000427722930908
-0.1267102211713791
-0.13279759883880615
-0.13078637421131134
-0.1396317183971405
-0.14700810611248016
-0.11818086355924606
-0.14392951130867004
-0.12336152791976929
-0.15848408639431
-0.12795065343379974
-0.14116784930229187
-0.13679036498069763
-0.15400980412960052
-0.13772940635681152
-0.14558961987495422
-0.13973283767700195
-0.14309020340442657
-0.14291103184223175
-0.14257711172103882
-0.14864417910575867
-0.1593192219734192
-0.14776788651943207
-0.14550736546516418
-0.1436779499053955
-0.15069250762462616
-0.15780620276927948
-0.14883287250995636
-0.15460294485092163
-0.13791026175022125
-0.1570412814617157
-0.15414604544639587
-0.13308824598789215
-0.14784574508666992
-0.14465895295143127
-0.1487882435321808
-0.1485544741153717
-0.1453864425420761
-0.1608995646238327
-0.15643379092216492
-0.15302270650863647
-0.15269066393375397
-0.15554547309875488
-0.1559157371520996
-0.14524540305137634
-0.14274156093597412
-0.15403687953948975
-0.16171738505363464
-0.14703857898712158
-0.16353295743465424
-0.16179408133029938
-0.15964442491531372
-0.1522170603275299
-0.1505037099123001
-0.13254137337207794
-0.15861642360687256
-0.14971688389778137
-0.1496022343635559
-0.14660318195819855
-0.1495281308889389
-0.1377892941236496
-0.13908113539218903
-0.14717629551887512
-0.15269720554351807
-0.15244349837303162
-0.14320853352546692
-0.14092358946800232
-0.15130023658275604
-0.15320920944213867
-0.1422586590051651
-0.13395364582538605
-0.14807923138141632
-0.15890873968601227
-0.15264824032783508
-0.15109549462795258
-0.1416202038526535
-0.12072433531284332
-0.14729709923267365
-0.13590148091316223
-0.1500219851732254
-0.14296987652778625
-0.14468757808208466
-0.15290537476539612
-0.12585099041461945
-0.1410238891839981
-0.1483086347579956
-0.1464012712240219
-0.1378020942211151
-0.14463137090206146
-0.14215584099292755
-0.1315016746520996
-0.13774552941322327
-0.1551544964313507
-0.14168517291545868
-0.14613783359527588
-0.1383146047592163
-0.1485672891139984
-0.13864128291606903
-0.1488550752401352
-0.14823855459690094
-0.1373935043811798
-0.12729555368423462
-0.15073049068450928
-0.14344671368598938
-0.1437055468559265
-0.1444845199584961
-0.1537899225950241
-0.1432729959487915
-0.1253039687871933
-0.14604590833187103
-0.15279172360897064
-0.14797262847423553
-0.13499590754508972
-0.13265767693519592
-0.13391420245170593
-0.1331951916217804
-0.14303797483444214
-0.1483691781759262
-0.14236097037792206
-0.14988583326339722
-0.14165768027305603
-0.14453408122062683
-0.1312880963087082
-0.1545020192861557
-0.11440877616405487
-0.1367441713809967
-0.11863476037979126
-0.1306629627943039
-0.1445407271385193
-0.1422726809978485
-0.1425577700138092
-0.12729066610336304
-0.13358549773693085
-0.14093135297298431
-0.1386224776506424
-0.1219622865319252
-0.1602112352848053
-0.14525893330574036
-0.15691453218460083
-0.13767114281654358
-0.1373043805360794
-0.1468755006790161
-0.14600227773189545
-0.12650734186172485
-0.14862824976444244
-0.14150618016719818
-0.13898923993110657
-0.15115118026733398
-0.14769943058490753
-0.14997950196266174
-0.1542666107416153
-0.1571475863456726
-0.14659146964550018
-0.14110426604747772
-0.1550980657339096
-0.13807229697704315
-0.14025117456912994
-0.14549581706523895
-0.1490633487701416
-0.152762308716774
-0.13175614178180695
-0.14741240441799164
-0.12134702503681183
-0.1429349184036255
-0.15261335670948029
-0.1512698084115982
-0.14172323048114777
-0.14861992001533508
-0.1427387148141861
-0.142263263463974
-0.14667344093322754
-0.15831871330738068
-0.13688041269779205
-0.15265685319900513
-0.1431882679462433
-0.14974205195903778
-0.16129744052886963
-0.13657893240451813
-0.14538821578025818
-0.154671311378479
-0.14605402946472168
-0.15167270600795746
-0.1521841436624527
-0.15510225296020508
-0.14848673343658447
-0.1583910882472992
-0.13609960675239563
-0.14827340841293335
-0.14440715312957764
-0.15568546950817108
-0.1615273505449295
-0.15145821869373322
-0.14499838650226593
-0.1398577243089676
-0.1549411565065384
-0.15458136796951294
-0.14949454367160797
-0.15406574308872223
-0.16034694015979767
-0.1599828004837036
-0.15264473855495453
-0.1450372189283371
-0.1600334346294403
-0.16127902269363403
-0.15086138248443604
-0.15836884081363678
-0.15280476212501526
-0.14595697820186615
-0.13937720656394958
-0.146122545003891
-0.1597398817539215
-0.16076481342315674
-0.12189960479736328
-0.15722782909870148
-0.15738923847675323
-0.15877091884613037
-0.15920105576515198
-0.15442398190498352
-0.14429286122322083
-0.15440674126148224
-0.1422598510980606
-0.14294858276844025
-0.14805006980895996
-0.14621184766292572
-0.15683695673942566
-0.1586885154247284
-0.1473635882139206
-0.15571634471416473
-0.1498052179813385
-0.15259438753128052
-0.15791504085063934
-0.14394637942314148
-0.15123118460178375
-0.15316541492938995
-0.15686987340450287
-0.15125343203544617
-0.15554992854595184
-0.14527758955955505
-0.14726991951465607
-0.14504076540470123
-0.14257538318634033
-0.14402863383293152
-0.1413078010082245
-0.15732118487358093
-0.15885868668556213
-0.1485910564661026
-0.15067599713802338
-0.1529398262500763
-0.14686568081378937
-0.1496618241071701
-0.14134590327739716
-0.14983506500720978
-0.15995074808597565
-0.14750266075134277
-0.12254415452480316
-0.14493221044540405
-0.1366443634033203
-0.14480240643024445
-0.14485682547092438
-0.14357048273086548
-0.14081183075904846
-0.15194271504878998
-0.14317944645881653
-0.14814423024654388
-0.13547271490097046
-0.13258232176303864
-0.14463138580322266
-0.14341527223587036
-0.14665107429027557
-0.14280098676681519
-0.1356811821460724
-0.14273099601268768
-0.14166808128356934
-0.15090329945087433
-0.1321514993906021
-0.13613784313201904
-0.1381816565990448
-0.1409018337726593
-0.1427716612815857
-0.13601849973201752
-0.14149172604084015
-0.14135505259037018
-0.1437375545501709
-0.14959755539894104
-0.15231089293956757
-0.1586018204689026
-0.13796360790729523
-0.13552351295948029
-0.1325882226228714
-0.14037533104419708
-0.16406114399433136
-0.1523188054561615
-0.1214967668056488
-0.12899121642112732
-0.1567038893699646
-0.1408756971359253
-0.15451177954673767
-0.15003281831741333
-0.1548193395137787
-0.13297995924949646
-0.15157094597816467
-0.1479324847459793
-0.14509959518909454
-0.14846393465995789
-0.14926445484161377
-0.1529081165790558
-0.14796032011508942
-0.15026336908340454
-0.14093545079231262
-0.14413301646709442
-0.15800480544567108
-0.14468370378017426
-0.15006965398788452
-0.14295630156993866
-0.13036859035491943
-0.13106155395507812
-0.1437152922153473
-0.15856491029262543
-0.11847025156021118
-0.1621696650981903
-0.15171648561954498
-0.14184078574180603
-0.13362906873226166
-0.15802916884422302
-0.13984329998493195
-0.1540953516960144
-0.1349664032459259
-0.14568272233009338
-0.14905273914337158
-0.14739538729190826
-0.15405255556106567
-0.1498822420835495
-0.14679831266403198
-0.13642139732837677
-0.15188108384609222
-0.15302316844463348
-0.1517219841480255
-0.15265768766403198
-0.1518460065126419
-0.14109554886817932
-0.15653526782989502
-0.14737695455551147
-0.15635716915130615
-0.14398281276226044
-0.15452614426612854
-0.14868444204330444
-0.1534375548362732
-0.14736172556877136
-0.15482506155967712
-0.15727858245372772
-0.14731967449188232
-0.13830147683620453
-0.15737804770469666
-0.15250104665756226
-0.15916724503040314
-0.14790953695774078
-0.14963383972644806
-0.15623679757118225
-0.15133170783519745
-0.15453514456748962
-0.15374158322811127
-0.15366432070732117
-0.15635356307029724
-0.15874053537845612
-0.16360142827033997
-0.16539697349071503
-0.1476939171552658
-0.16417506337165833
-0.1682017743587494
-0.15892113745212555
-0.15100836753845215
-0.15608373284339905
-0.16122053563594818
-0.15329548716545105
-0.16132603585720062
-0.1585359126329422
-0.1568804830312729
-0.16087597608566284
-0.1595626175403595
-0.1600627899169922
-0.1665237843990326
-0.1657336801290512
-0.1624663770198822
-0.1521882563829422
-0.16159211099147797
-0.16967126727104187
-0.15438608825206757
-0.15051285922527313
-0.16288848221302032
-0.1637425571680069
-0.16998152434825897
-0.1558140218257904
-0.1671852320432663
-0.15538349747657776
-0.15695077180862427
-0.15807056427001953
-0.15639154613018036
-0.16804301738739014
-0.1634543240070343
-0.16147960722446442
-0.16760554909706116
-0.16447247564792633
-0.16453780233860016
-0.1562318354845047
-0.16014042496681213
-0.17000608146190643
-0.16064755618572235
-0.1658954918384552
-0.16202738881111145
-0.16388094425201416
-0.16168788075447083
-0.15807878971099854
-0.1583673506975174
-0.16570132970809937
-0.16523511707782745
-0.14201830327510834
-0.16153700649738312
-0.15918168425559998
-0.15878430008888245
-0.1647871434688568
-0.16693107783794403
-0.16016940772533417
-0.16225193440914154
-0.15433946251869202
-0.17252954840660095
-0.15831135213375092
-0.15841969847679138
-0.16513770818710327
-0.16417250037193298
-0.16765525937080383
-0.16473151743412018
-0.1668381541967392
-0.16968336701393127
-0.16571831703186035
-0.16417686641216278
-0.16560398042201996
-0.16372309625148773
-0.16762669384479523
-0.16668608784675598
-0.16463780403137207
-0.168598473072052
-0.1647852659225464
-0.16714827716350555
-0.16263480484485626
-0.16424012184143066
-0.16430772840976715
-0.16125823557376862
-0.1685839593410492
-0.16480325162410736
-0.1590317189693451
-0.16736912727355957
-0.1610652208328247
-0.16313914954662323
-0.1655014455318451
-0.16367191076278687
-0.16810983419418335
-0.13813652098178864
-0.1635104864835739
-0.16740699112415314
-0.16707512736320496
-0.16625572741031647
-0.16420087218284607
-0.16212943196296692
-0.15815813839435577
-0.16560159623622894
-0.1611812263727188
-0.16274477541446686
-0.16470608115196228
-0.16347700357437134
-0.16344301402568817
-0.16547173261642456
-0.1578744649887085
-0.16487844288349152
-0.16642515361309052
-0.16418518126010895
-0.1679699718952179
-0.16928741335868835
-0.16008494794368744
-0.1694231629371643
-0.16804397106170654
-0.16186988353729248
-0.16110824048519135
-0.16914644837379456
-0.1640268713235855
-0.16782912611961365
-0.15477308630943298
-0.1669573336839676
-0.16980014741420746
-0.1640140563249588
-0.17175818979740143
-0.16014985740184784
-0.164560467004776
-0.1696150302886963
-0.16717509925365448
-0.16721127927303314
-0.15512202680110931
-0.16007046401500702
-0.1626618206501007
-0.15977033972740173
-0.16630303859710693
-0.16073930263519287
-0.1584874987602234
-0.17203451693058014
-0.16425704956054688
-0.15856431424617767
-0.16848833858966827
-0.1656244546175003
-0.1619012951850891
-0.16142027080059052
-0.16703420877456665
-0.17283158004283905
-0.1621788889169693
-0.16504257917404175
-0.16677716374397278
-0.1677948236465454
-0.15826784074306488
-0.15967266261577606
-0.1647973358631134
-0.1639937460422516
-0.16963644325733185
-0.16692276298999786
-0.16481342911720276
-0.16095106303691864
-0.1604679524898529
-0.16812878847122192
-0.1607571542263031
-0.16403523087501526
-0.15669062733650208
-0.15885430574417114
-0.15979880094528198
-0.16038599610328674
-0.16473780572414398
-0.16949212551116943
-0.16583290696144104
-0.16413748264312744
-0.16723641753196716
-0.16116809844970703
-0.16227273643016815
-0.15935644507408142
-0.15629814565181732
-0.1673782467842102
-0.16047154366970062
-0.16773679852485657
-0.16911454498767853
-0.16148260235786438
-0.16726712882518768
-0.16037462651729584
-0.16199155151844025
-0.16530469059944153
-0.16101476550102234
-0.1696772277355194
-0.16432924568653107
-0.16304166615009308
-0.16756585240364075
-0.16523827612400055
-0.16699104011058807
-0.16230438649654388
-0.1642652302980423
-0.16388361155986786
-0.164327472448349
-0.13451385498046875
-0.16014395654201508
-0.16544614732265472
-0.15138784050941467
-0.16945014894008636
-0.16421237587928772
-0.17142599821090698
-0.15532629191875458
-0.1636628955602646
-0.158401221036911
-0.1626155525445938
-0.15960173308849335
-0.15701185166835785
-0.15808680653572083
-0.16499364376068115
-0.1559477299451828
-0.1393185555934906
-0.1584845632314682
-0.16474084556102753
-0.16047240793704987
-0.16672959923744202
-0.16314871609210968
-0.16583271324634552
-0.1643330305814743
-0.1643982231616974
-0.1655350625514984
-0.164407417178154
-0.17085960507392883
-0.16240884363651276
-0.15937720239162445
-0.15395568311214447
-0.1657821238040924
-0.1664002239704132
-0.16356433928012848
-0.1630811095237732
-0.16225239634513855
-0.16489683091640472
-0.16214251518249512
-0.16546528041362762
-0.167872816324234
-0.16370326280593872
-0.1607665866613388
-0.168754443526268
-0.15870487689971924
-0.16370820999145508
-0.15898501873016357
-0.1700955331325531
-0.16075710952281952
-0.1655888706445694
-0.1550682634115219
-0.16234952211380005
-0.16189023852348328
-0.162973552942276
-0.1621924340724945
-0.1631314903497696
-0.1644044816493988
-0.1689695566892624
-0.1696704924106598
-0.1522303968667984
-0.1658155471086502
-0.15346117317676544
-0.1632244884967804
-0.16272006928920746
-0.16150981187820435
-0.15266628563404083
-0.1646498143672943
-0.16757048666477203
-0.16478142142295837
-0.17026403546333313
-0.1577981859445572
-0.16080211102962494
-0.1531897336244583
-0.1610061079263687
-0.16396450996398926
-0.1610531359910965
-0.1659669280052185
-0.16076162457466125
-0.16198214888572693
-0.16338516771793365
-0.16363553702831268
-0.16187889873981476
-0.160197913646698
-0.16769427061080933
-0.16971001029014587
-0.1655096560716629
-0.16288016736507416
-0.16407383978366852
-0.16877228021621704
-0.1650754064321518
-0.16601094603538513
-0.16596321761608124
-0.16323965787887573
-0.163668692111969
-0.16630995273590088
-0.15936031937599182
-0.164171501994133
-0.1536751091480255
-0.15687130391597748
-0.16472254693508148
-0.16882194578647614
-0.16070328652858734
-0.17064742743968964
-0.17217287421226501
-0.16489408910274506
-0.16407696902751923
-0.16788439452648163
-0.1655457764863968
-0.1675652712583542
-0.16671307384967804
-0.1652413010597229
-0.16549831628799438
-0.1634887307882309
-0.17116422951221466
-0.16261105239391327
-0.16038639843463898
-0.16392618417739868
-0.14591754972934723
-0.16562363505363464
-0.16779716312885284
-0.16640222072601318
-0.15981441736221313
-0.15977129340171814
-0.16194897890090942
-0.16299690306186676
-0.17003126442432404
-0.1592777818441391
-0.1581648886203766
-0.16052502393722534
-0.1684807687997818
-0.1652327924966812
-0.16739791631698608
-0.16252458095550537
-0.16160103678703308
-0.1646086722612381
-0.16780021786689758
-0.163473978638649
-0.1707497239112854
-0.1541377753019333
-0.15917618572711945
-0.15057899057865143
-0.15785089135169983
-0.16318689286708832
-0.12990565598011017
-0.1667618751525879
-0.16503022611141205
-0.16537989675998688
-0.16453859210014343
-0.16663743555545807
-0.16457650065422058
-0.16405582427978516
-0.16860000789165497
-0.17108498513698578
-0.16213886439800262
-0.16514217853546143
-0.1576673686504364
-0.16360488533973694
-0.16316398978233337
-0.1704413890838623
-0.1671570986509323
-0.16330379247665405
-0.158338263630867
-0.16699057817459106
-0.1707879602909088
-0.16548004746437073
-0.163226917386055
-0.16543862223625183
-0.16686448454856873
-0.1654825657606125
-0.17019151151180267
-0.16837725043296814
-0.15825285017490387
-0.15752853453159332
-0.16141383349895477
-0.17321670055389404
-0.15717849135398865
-0.16727383434772491
-0.1549774706363678
-0.16278007626533508
-0.15953291952610016
-0.16547632217407227
-0.16523531079292297
-0.16020183265209198
-0.16574503481388092
-0.16990604996681213
-0.16298216581344604
-0.15650172531604767
-0.1650220900774002
-0.16662007570266724
-0.16202279925346375
-0.16443520784378052
-0.1637270301580429
-0.1614457070827484
-0.1621774584054947
-0.15603037178516388
-0.16939884424209595
-0.1689518541097641
-0.16434580087661743
-0.16226431727409363
-0.16537640988826752
-0.16477134823799133
-0.15998131036758423
-0.15834051370620728
-0.16523154079914093
-0.1663498729467392
-0.16029217839241028
-0.1599748134613037
-0.16412127017974854
-0.15981656312942505
-0.16426390409469604
-0.16812124848365784
-0.1712959259748459
-0.166107177734375
-0.16512633860111237
-0.1666620969772339
-0.16838006675243378
-0.1588454395532608
-0.16456769406795502
-0.16310624778270721
-0.1658475250005722
-0.1657736599445343
-0.1643035113811493
-0.17075803875923157
-0.16432595252990723
-0.16552738845348358
-0.1628522425889969
