0.23662038147449493
0.24237416684627533
0.23443646728992462
0.2347055971622467
0.22979116439819336
0.2298879623413086
0.23112301528453827
0.2313801646232605
0.2303476780653
0.23913995921611786
0.23047871887683868
0.23577506840229034
0.23476456105709076
0.23396964371204376
0.2339133769273758
0.23014239966869354
0.22379964590072632
0.24372848868370056
0.23821008205413818
0.21934500336647034
0.22892282903194427
0.23916694521903992
0.22683292627334595
0.23183856904506683
0.23684898018836975
0.2356254756450653
0.22411882877349854
0.22610093653202057
0.23710612952709198
0.23175691068172455
0.23295161128044128
0.22327090799808502
0.21783477067947388
0.241310253739357
0.24263788759708405
0.22516608238220215
0.22086022794246674
0.2204093188047409
0.21251480281352997
0.19614765048027039
0.21275170147418976
0.21401406824588776
0.20694272220134735
0.21710176765918732
0.20781759917736053
0.21443450450897217
0.18733158707618713
0.18786220252513885
0.21791617572307587
0.19156615436077118
0.2132687121629715
0.1963059902191162
0.20335321128368378
0.19602543115615845
0.17439347505569458
0.15381725132465363
0.14254029095172882
0.0944967269897461
0.13360625505447388
0.13728106021881104
0.06699024885892868
0.07473880052566528
0.039208389818668365
0.022384662181138992
0.011709182523190975
0.010340417735278606
-0.009085465222597122
-0.00728925596922636
0.010407519526779652
0.012579885311424732
0.0015619676560163498
0.0023562749847769737
0.004820399917662144
-0.022161815315485
-0.001592644490301609
-0.0038579152897000313
0.033447470515966415
0.020408870652318
0.004351748153567314
0.013640878722071648
0.04922080039978027
0.0503685399889946
0.048319533467292786
0.03687915578484535
0.05116063728928566
0.06129422411322594
0.03393404558300972
0.02294192835688591
0.03966221213340759
0.08104658871889114
0.08856186270713806
0.047291118651628494
0.084675632417202
0.06900940090417862
0.07943948358297348
0.07867152243852615
0.13965989649295807
0.19647176563739777
0.06856489181518555
0.11889366060495377
0.1120196208357811
0.04981623589992523
0.1215246394276619
0.07383566349744797
0.12995685636997223
0.07966560125350952
0.12658335268497467
0.141962930560112
0.11271894723176956
0.08073241263628006
0.13098585605621338
0.1382177770137787
0.12542973458766937
0.1139114648103714
0.13015809655189514
0.1475035697221756
0.0986892431974411
0.14399366080760956
0.15026596188545227
0.0978763997554779
0.1447218954563141
0.13105182349681854
0.11478741466999054
0.0818750336766243
0.15014390647411346
0.09744802117347717
0.1208684965968132
0.1715843379497528
0.1238253116607666
0.116670623421669
0.1896679848432541
0.1357719749212265
0.0448044091463089
0.13515208661556244
0.12142976373434067
0.11948313564062119
0.09022083133459091
0.16657547652721405
0.1446191817522049
0.11864759027957916
0.1587546020746231
0.10536116361618042
0.13981519639492035
0.11890747398138046
0.1713210940361023
0.16084685921669006
0.10573792457580566
0.08650334924459457
0.17076556384563446
0.11887883394956589
0.07874037325382233
0.11579401046037674
0.1493622064590454
0.11788930743932724
0.1252521127462387
0.1421622484922409
0.06247233226895332
0.13070644438266754
0.12271203100681305
0.09279438853263855
0.12088292092084885
0.10088977217674255
0.10654845088720322
0.1006447896361351
0.0660187229514122
0.09907247126102448
0.12175308167934418
0.10837975889444351
0.05359843000769615
0.12966443598270416
0.10648655891418457
0.05413241684436798
0.09941282123327255
0.11160817742347717
0.1022542417049408
0.10602213442325592
0.08530019223690033
0.06787384301424026
0.06963284313678741
0.08064168691635132
0.10150505602359772
0.10284456610679626
0.09170407801866531
0.08703535050153732
0.06351467967033386
0.10886573046445847
0.05966658145189285
0.07670378684997559
0.06487496942281723
0.07205408066511154
0.08410314470529556
0.09921737760305405
0.1060410812497139
0.0855122059583664
0.06183169037103653
0.03186718747019768
0.09633251279592514
0.055374711751937866
0.034789714962244034
0.05973068252205849
0.03807530552148819
0.029355570673942566
0.01549763884395361
0.020760253071784973
0.04429981857538223
0.02549208514392376
0.03625311702489853
0.02102833427488804
0.025050945580005646
0.04593053460121155
0.05305700749158859
0.045013558119535446
0.03585682436823845
0.011177516542375088
0.03254719823598862
0.037221137434244156
0.03302072733640671
0.003085899166762829
0.026464886963367462
0.011436487548053265
0.07827172428369522
0.008723927661776543
0.04372123256325722
0.005214764270931482
0.050487346947193146
-0.005959593690931797
0.023681247606873512
0.02768131159245968
0.034154076129198074
-0.0024873698130249977
0.04447653144598007
0.013090522959828377
0.017847806215286255
0.013196256011724472
0.026667259633541107
0.006040094420313835
0.014021121896803379
0.034153059124946594
0.009060581214725971
0.017939317971467972
0.03212263435125351
0.03628112003207207
0.041571956127882004
0.008390180766582489
0.014374190010130405
0.01856449991464615
0.03168632090091705
0.028132732957601547
0.01405459363013506
0.013546701520681381
0.007449664641171694
0.026158934459090233
0.02957475185394287
0.013732945546507835
0.03389143943786621
0.02870820462703705
0.028733663260936737
-0.012946920469403267
0.028024788945913315
0.008251560851931572
0.017272431403398514
0.039751745760440826
0.02913760207593441
0.02340555563569069
0.02678712271153927
0.02626572921872139
-0.0010881214402616024
0.030873356387019157
0.020509488880634308
0.018818356096744537
0.043661344796419144
0.013975348323583603
0.007240306586027145
0.02163887396454811
0.005465344991534948
0.016917752102017403
0.013225697912275791
0.028548715636134148
0.03193502873182297
0.00976486038416624
0.01059948280453682
0.009989521466195583
0.014427563175559044
0.018224503844976425
0.0299972016364336
0.0042145443148911
0.007253696676343679
0.03282511234283447
0.02793271839618683
0.02188892476260662
0.0278044193983078
0.037592995911836624
0.01968429982662201
0.03111642226576805
0.00906304456293583
0.030408509075641632
0.03049682267010212
0.019098540768027306
0.01432812586426735
0.015270741656422615
0.02491450496017933
0.018654171377420425
0.013227595016360283
0.02749841846525669
0.012090560048818588
0.02692435309290886
0.034803081303834915
0.03156881779432297
0.004205689299851656
0.0224996916949749
0.007716299965977669
0.03142343461513519
-0.0013857176527380943
0.020126277580857277
0.019391221925616264
0.007103695999830961
0.01826084777712822
0.018378598615527153
0.005050317384302616
0.018105043098330498
0.016284571960568428
0.011130668222904205
0.0176986213773489
0.031239155679941177
0.004752680193632841
0.010868784040212631
0.015440495684742928
0.01290538813918829
0.012614081613719463
0.033543381839990616
0.03635884076356888
0.01860787719488144
0.014737033285200596
0.03487009182572365
0.01269160583615303
0.013759958557784557
0.03809124976396561
0.014572442509233952
0.023032095283269882
0.01421468798071146
0.012409860268235207
0.017757099121809006
-0.00028906529769301414
0.01756356656551361
0.005009520798921585
0.005482276435941458
0.016994910314679146
0.02278911881148815
0.019466359168291092
0.02533433958888054
0.0023222994059324265
0.008194128051400185
-0.0007564099505543709
0.03634864091873169
0.016249528154730797
0.010304681956768036
0.009619041346013546
0.030362071469426155
0.010906483978033066
0.03958720341324806
0.024631645530462265
0.018826106563210487
0.027684319764375687
0.020036978647112846
0.010261265560984612
0.015940148383378983
0.015319343656301498
0.024222828447818756
0.021619733422994614
0.020524829626083374
0.04368915781378746
0.0185253769159317
0.004076472483575344
0.03129739314317703
0.010609036311507225
0.02160998433828354
0.008580924943089485
-0.005678050685673952
0.0186661034822464
0.02309161052107811
0.005117272026836872
0.04256999120116234
0.03620361164212227
0.04758891090750694
0.024040283635258675
0.02585452049970627
0.006742267869412899
0.024960799142718315
0.030253900215029716
0.016258597373962402
0.023245515301823616
0.007804743945598602
0.03646952286362648
0.034484315663576126
0.030510514974594116
0.008546656928956509
0.013323063030838966
0.04265301674604416
0.041050344705581665
0.02913721650838852
0.012011153623461723
0.02047565206885338
0.02513739839196205
0.01947927661240101
0.03807484731078148
0.0007294323295354843
-0.0017836568877100945
-0.007028472609817982
0.03763635456562042
0.007758430205285549
0.004548978991806507
0.03695874661207199
0.028311338275671005
0.023285502567887306
0.004862045869231224
0.019652720540761948
0.020883772522211075
0.0021400731056928635
0.0350986123085022
0.01251829881221056
-0.005845264531672001
0.016832735389471054
0.006379580125212669
0.0027730828151106834
0.02968267723917961
0.012126113288104534
-0.009485671296715736
-0.017483683302998543
0.02041579782962799
0.02116476185619831
0.007109860889613628
8.435174822807312e-05
0.041689030826091766
0.02429950051009655
0.022869620472192764
0.04499750956892967
0.010191326960921288
0.022161150351166725
0.008582918904721737
0.05205072462558746
0.031039126217365265
0.026061484590172768
0.04514499008655548
0.02259828709065914
0.034350376576185226
0.003668053075671196
-0.000508137047290802
-0.0006922874599695206
0.03127465397119522
-0.0018134117126464844
-0.00042365025728940964
-0.0036735599860548973
0.04437507688999176
0.039362672716379166
0.00551164336502552
0.04166725277900696
0.03576354309916496
0.0111294100061059
0.012105891481041908
0.009142361581325531
0.028853463008999825
0.0061430176720023155
0.028994910418987274
0.010720925405621529
0.02651323936879635
0.01105209719389677
0.02592042088508606
0.008885126560926437
0.00641228910535574
0.022367319092154503
-0.0013762982562184334
0.006250073201954365
0.021280309185385704
-0.0015999134629964828
0.01564272679388523
0.054312627762556076
0.022876141592860222
-0.0009223539382219315
-0.006836665794253349
0.01456033531576395
0.05185820907354355
0.06964241713285446
0.026646248996257782
-0.009253429248929024
0.002458515577018261
0.024646170437335968
0.031984444707632065
0.011349526233971119
-0.0016238698735833168
0.007002661004662514
0.007086762227118015
0.008108117617666721
-0.005381044000387192
0.009030363522469997
0.02049270085990429
0.020476162433624268
0.022532666102051735
0.016750026494264603
-0.0022075213491916656
0.020209282636642456
0.035190191119909286
-0.007148330565541983
0.02646336331963539
0.02316517010331154
0.02060091495513916
0.005038001574575901
0.020430929958820343
0.01490101683884859
0.05378016456961632
0.015179609879851341
0.021166030317544937
0.024109765887260437
0.05077579244971275
0.0109905656427145
0.015510900877416134
-0.006746943108737469
-0.005466080270707607
-0.00092332623898983
-0.0031381212174892426
0.04143304005265236
-0.0016040178015828133
0.005759689025580883
0.005606371909379959
0.0272748414427042
-0.01249067671597004
0.023779073730111122
0.009695234708487988
0.005169481039047241
-0.0043557146564126015
0.028655972331762314
-0.01043696515262127
-0.0008562635630369186
0.02368222363293171
0.008885057643055916
0.02339625172317028
0.008935514837503433
0.006529365666210651
0.00940640363842249
-0.014858409762382507
0.01316765882074833
0.014668798074126244
0.001140025444328785
-0.010385489091277122
0.0007554953917860985
0.024091070517897606
-0.005920437630265951
0.04459518939256668
0.014025320298969746
-0.008714125491678715
-0.019861694425344467
-0.008218199014663696
0.002157743088901043
0.0037252050824463367
0.0077033452689647675
-0.0010662786662578583
0.025585893541574478
0.0014698337763547897
-0.01420799270272255
0.02395140938460827
0.01737140864133835
-0.0019127391278743744
0.003047269769012928
-0.003081850241869688
0.008784008212387562
0.014065306633710861
0.030454285442829132
0.0015065334737300873
-0.00272335484623909
-0.0045305900275707245
0.0005107978358864784
-0.01524085272103548
0.010953904129564762
0.009447533637285233
-0.0035049906000494957
0.007421583868563175
0.0041067092679440975
0.007235552184283733
0.004733494482934475
0.0067826006561517715
0.009095740504562855
0.017041604965925217
-0.004289604723453522
0.012668862007558346
-0.02671264298260212
0.0007749404758214951
-0.010459618642926216
-0.008872626349329948
-0.0058156526647508144
0.002791387028992176
0.017242422327399254
0.026675371453166008
-0.00011490564793348312
-0.012274648994207382
0.00839688815176487
-0.012844116427004337
-0.0053170425817370415
0.010985062457621098
0.012542189098894596
0.007310378365218639
-0.0053401365876197815
-0.002788254525512457
-0.008949948474764824
-0.011737276799976826
-0.0029099583625793457
-0.01021604798734188
0.013837970793247223
-0.0038572768680751324
0.010784629732370377
0.05154775083065033
-0.004392685368657112
-0.009631805121898651
-0.021398140117526054
0.01567498967051506
-0.003484794870018959
-0.014809433370828629
0.01759212091565132
0.012576619163155556
-0.003818691708147526
0.01763005554676056
0.003245779313147068
0.02507971040904522
-0.011846917681396008
-0.011860729195177555
-0.001543283462524414
0.014338139444589615
0.008366116322577
0.009368214756250381
0.023356502875685692
0.002223842777311802
0.008091610856354237
0.01923547498881817
-0.0015553822740912437
0.004294000566005707
-0.005591332912445068
-0.022162465378642082
-0.015492789447307587
-0.0012583881616592407
0.023911429569125175
-0.01515360176563263
0.00022006593644618988
0.016183223575353622
0.007705138064920902
-0.00455831503495574
0.0036549698561429977
0.028219450265169144
-0.015964224934577942
0.011656641960144043
-0.004762512166053057
-0.019215436652302742
-0.015257203951478004
0.007865037769079208
0.009615384973585606
0.006504504010081291
-0.005365003831684589
0.0011773142032325268
0.0085740452632308
0.0061861807480454445
0.0007930602878332138
-0.0019235685467720032
-0.008411558344960213
0.0009750640019774437
0.012152056209743023
0.024476587772369385
0.00016001705080270767
0.0016232039779424667
0.016559094190597534
0.032320063561201096
0.002448311075568199
0.00017108488827943802
-0.00023038312792778015
0.0022051548585295677
0.001206191722303629
0.018764376640319824
0.005286369938403368
0.005531006958335638
0.018395110964775085
-0.009439311921596527
0.001251325011253357
0.015336952172219753
-0.0030222306959331036
-0.005131498444825411
-0.011257215403020382
-0.0012826062738895416
-0.0042016045190393925
0.015636736527085304
0.008560854941606522
-0.0010617091320455074
-0.0012742034159600735
0.005004071164876223
0.00042895693331956863
-0.01287155319005251
0.009000765159726143
0.018176589161157608
-0.005786571651697159
0.016953038051724434
0.013004740700125694
0.013368174433708191
-0.0055335573852062225
0.013981449417769909
0.008038347586989403
0.0014292257837951183
0.009085429832339287
0.00042721815407276154
-0.006436443421989679
0.013292785733938217
0.012704791501164436
-0.0016770181246101856
0.036597926169633865
0.01445030514150858
0.006969987880438566
0.016705157235264778
0.020278699696063995
0.007764020469039679
0.004077969118952751
0.004401559010148048
0.012478137388825417
-0.0021817227825522423
0.031647391617298126
0.0093046510592103
0.01774746924638748
0.015201438218355179
0.0038703090976923704
-0.0034880656749010086
0.014790094457566738
0.011022157967090607
-0.0015035204123705626
0.008179083466529846
0.004653142765164375
0.02636180818080902
0.0021192056592553854
0.019050370901823044
0.006261687260121107
-0.0016376879066228867
0.0245143324136734
0.031615518033504486
0.005922633223235607
0.001841164194047451
0.0016217599622905254
0.014069763943552971
0.02482798881828785
-0.00026899948716163635
0.014253033325076103
0.005702473688870668
-0.004757968243211508
0.0069996630772948265
0.03959845006465912
0.024442492052912712
0.0025689059402793646
0.015041189268231392
0.007484176196157932
0.004658045247197151
0.0028742968570441008
0.0032187625765800476
0.006280821748077869
-0.0008439412340521812
-0.016490289941430092
0.01889614388346672
-0.0013219984248280525
0.019058428704738617
0.007437317166477442
0.023303180932998657
0.011744084767997265
1.5690922737121582e-05
0.013842614367604256
0.012113483622670174
0.002424494596198201
0.032940760254859924
0.006742606870830059
0.013905317522585392
0.006327040959149599
0.007035854738205671
0.02009645476937294
0.008984694257378578
0.004740196280181408
-0.00507690804079175
0.003246366512030363
0.012939783744513988
0.016496647149324417
0.0148543082177639
0.013337945565581322
0.021766990423202515
-0.013670814223587513
-0.004504753742367029
0.0064017088152468204
0.019100338220596313
0.01103559136390686
0.012304985895752907
0.019233819097280502
0.0279624555259943
0.011254807934165001
0.016892924904823303
0.01659315638244152
0.01337917149066925
0.0048104277811944485
0.01955452933907509
0.01592371053993702
0.0014561587013304234
0.008630880154669285
0.03192597255110741
-0.00989937037229538
0.019658371806144714
0.02685369923710823
0.016100460663437843
0.020394854247570038
0.003785987151786685
0.004000307992100716
0.007581824436783791
-0.014265589416027069
-0.00012173759751021862
0.01047054398804903
0.0019583781249821186
0.006632332224398851
0.003311585634946823
0.02117214724421501
0.016528118401765823
0.011044742539525032
0.015173954889178276
0.024432243779301643
0.010403212159872055
0.01657334715127945
0.006883522495627403
0.02264627069234848
0.01143317949026823
0.027473337948322296
-0.00037629902362823486
0.006171682383865118
0.009390143677592278
0.023966554552316666
0.017783626914024353
0.008095632307231426
0.02210000902414322
0.011232096701860428
0.022631514817476273
0.014619531109929085
0.005709459073841572
0.01753663271665573
-0.0013205804862082005
0.018337314948439598
0.011221270076930523
-0.0045239971950650215
0.02110661193728447
0.015880504623055458
0.012947523035109043
-0.00462350994348526
0.004513591527938843
0.015710636973381042
0.006161626894026995
0.007185229565948248
0.004531126469373703
-0.0035392451100051403
0.005062165204435587
0.0027145077474415302
0.006264176219701767
0.026113171130418777
0.01529572531580925
0.018138572573661804
0.012082807719707489
0.0025126365944743156
0.015670767053961754
-0.00288202497176826
0.01776546612381935
0.016127297654747963
0.018039489164948463
0.00018384400755167007
0.012858850881457329
0.008523371070623398
0.0035027344711124897
0.012068384326994419
0.00424147630110383
0.00361044704914093
0.003627508645877242
0.020705780014395714
0.007691327948123217
0.013845938257873058
-0.0013167767319828272
0.018007401376962662
0.018693363294005394
0.008655522018671036
0.005656849592924118
0.008127461187541485
-0.00721460347995162
0.01593608595430851
0.007621570490300655
0.013211607933044434
0.012988477014005184
0.014880165457725525
0.019213613122701645
0.008300136774778366
0.015589311718940735
0.011355111375451088
0.023380950093269348
0.03167091682553291
0.00033530453220009804
0.016930151730775833
0.007793604861944914
0.015522141009569168
-0.0011614654213190079
0.00578157277777791
0.015176255255937576
-0.003521368373185396
-0.004493918735533953
0.0014333013677969575
-0.00782001856714487
0.01666862890124321
0.015280742198228836
0.02846221625804901
0.016548512503504753
0.005190623924136162
0.01018105074763298
0.0088807363063097
-0.0072355372831225395
0.00572771392762661
0.007323710713535547
0.022522054612636566
0.014159106649458408
0.00326014356687665
0.011082181707024574
0.005462599918246269
0.00015455391258001328
-0.009879023768007755
0.013788539916276932
0.013744641095399857
0.01313086785376072
0.001449792180210352
0.011745481751859188
0.004026330541819334
0.018869539722800255
0.009098857641220093
0.029377128928899765
0.0032181439455598593
0.01984654925763607
0.006823674775660038
0.004575912840664387
-0.005012357607483864
0.016599614173173904
0.007367992773652077
0.0097966892644763
0.014733337797224522
0.04080335795879364
0.002408197382465005
0.010853747837245464
-0.007876916788518429
0.00920332595705986
-0.0008463021367788315
0.0158596970140934
0.002527178730815649
-0.0006798664107918739
0.006848395802080631
0.016858229413628578
0.01788901910185814
0.002276470884680748
-0.007913682609796524
-0.005943420343101025
0.00961548276245594
0.008339026011526585
0.006899044383317232
0.00022557808551937342
0.019191578030586243
0.02136598341166973
0.025417108088731766
-0.0012850286439061165
0.023628754541277885
0.019643601030111313
0.001024242490530014
0.012347758747637272
0.0026145551819354296
0.0065145548433065414
0.011416889727115631
-0.001974905375391245
-0.0006394945085048676
0.014571618288755417
0.013847225345671177
-0.0005033053457736969
-0.003010344225913286
0.0010166116990149021
0.0050883363001048565
-0.005909055471420288
0.012815695255994797
-0.007916540838778019
0.0069687142968177795
0.02248496748507023
-0.00209462596103549
-3.650970757007599e-05
-0.004176636692136526
0.009801995009183884
0.008758642710745335
-0.004810694605112076
-0.007894010283052921
-0.0047006914392113686
0.01975863426923752
0.0042563192546367645
0.005953205283731222
0.011607978492975235
-0.0025227144360542297
-0.00396240409463644
0.015291750431060791
0.002762219402939081
0.004648079164326191
0.0038776772562414408
-0.014140814542770386
