0.22800981998443604
0.2406364530324936
0.2216566801071167
0.2332238107919693
0.21460996568202972
0.2199653536081314
0.2226797640323639
0.21996785700321198
0.2180580496788025
0.2379220575094223
0.2226988822221756
0.2282281517982483
0.2237745076417923
0.22317789494991302
0.2209700047969818
0.21906854212284088
0.2093663215637207
0.24130655825138092
0.23736625909805298
0.19530601799488068
0.21428093314170837
0.22422389686107635
0.21407197415828705
0.2115497589111328
0.2236659973859787
0.22838398814201355
0.1997794806957245
0.2109411656856537
0.23055246472358704
0.21479296684265137
0.2174161970615387
0.1999877393245697
0.1838718205690384
0.22164085507392883
0.23030248284339905
0.20448236167430878
0.19474360346794128
0.2051439732313156
0.18639476597309113
0.14872348308563232
0.17679308354854584
0.18600459396839142
0.16681677103042603
0.18190604448318481
0.18048325181007385
0.18216750025749207
0.13890904188156128
0.1540512889623642
0.18264596164226532
0.13388119637966156
0.18219265341758728
0.1615593433380127
0.18124517798423767
0.1781269907951355
0.17030799388885498
0.1267615258693695
0.15413324534893036
0.09550587087869644
0.1476544439792633
0.15265905857086182
0.1179833933711052
0.14462611079216003
0.08422553539276123
0.0776071697473526
0.07367157936096191
0.062332578003406525
0.01877882331609726
0.0076755741611123085
0.05704423040151596
0.07261601090431213
0.008642412722110748
0.06372222304344177
0.03207843750715256
0.009774177335202694
0.0009644404053688049
0.000639619305729866
0.01671457849442959
0.049152251332998276
0.01026335172355175
0.06901201605796814
0.051362134516239166
0.019225532189011574
0.03999153524637222
0.045416511595249176
0.041350144892930984
-0.01711127534508705
0.018474891781806946
0.020482486113905907
0.0006922706961631775
0.06412055343389511
-0.021164681762456894
0.0708351582288742
0.049236271530389786
0.07810209691524506
0.02013329230248928
0.06699182093143463
0.02820897474884987
0.10769300907850266
0.06388562172651291
0.13621820509433746
0.010289885103702545
0.1264095902442932
0.07335073500871658
0.08251588046550751
0.10416632890701294
0.14120952785015106
0.0020825788378715515
0.1222841814160347
0.0976804867386818
0.1745847463607788
0.06815164536237717
0.17755144834518433
0.11414310336112976
0.0885489284992218
0.13952192664146423
0.09027515351772308
0.061891116201877594
0.12967562675476074
0.12765267491340637
0.07572515308856964
0.08089520037174225
0.0993206650018692
0.10305645316839218
0.10781540721654892
0.10457906872034073
0.07017755508422852
0.1363408863544464
0.1547027826309204
0.1031743735074997
0.12251636385917664
0.11467262357473373
0.17177410423755646
0.1298864781856537
0.14842787384986877
0.13452935218811035
0.17450127005577087
0.13613474369049072
0.12520305812358856
0.07325153052806854
0.16060815751552582
0.14890453219413757
0.11749935150146484
0.146450474858284
0.15260440111160278
0.12697233259677887
0.12645886838436127
0.16034682095050812
0.11972232162952423
0.1636599749326706
0.04319539666175842
0.16492882370948792
0.10598193854093552
0.1466279923915863
0.1158747673034668
0.14458274841308594
0.13869178295135498
0.19378720223903656
0.10512536764144897
0.13639971613883972
0.14058269560337067
0.15850555896759033
0.13144142925739288
0.14250513911247253
0.10838942229747772
0.12982724606990814
0.15305140614509583
0.14296089112758636
0.11630037426948547
0.1495438665151596
0.15041211247444153
0.1306842863559723
0.14417913556098938
0.09239594638347626
0.17246872186660767
0.16886422038078308
0.15866121649742126
0.14800642430782318
0.1660766750574112
0.11988040804862976
0.20088492333889008
0.1717243790626526
0.13054844737052917
0.15628676116466522
0.15085558593273163
0.17324773967266083
0.13085322082042694
0.11175859719514847
0.12860149145126343
0.18628379702568054
0.17736591398715973
0.14180167019367218
0.15577606856822968
0.1837906688451767
0.1653098464012146
0.17914563417434692
0.17025990784168243
0.1373317837715149
0.16139733791351318
0.1432441622018814
0.1283714771270752
0.14066705107688904
0.14653678238391876
0.1513969600200653
0.14446759223937988
0.14686159789562225
0.14088676869869232
0.126933753490448
0.17106087505817413
0.12743595242500305
0.18395286798477173
0.19018149375915527
0.13561047613620758
0.14921820163726807
0.1580512374639511
0.18023841083049774
0.14753811061382294
0.15414294600486755
0.1702529639005661
0.16118893027305603
0.12552042305469513
0.08632335811853409
0.15793126821517944
0.15623082220554352
0.1266600787639618
0.1407703310251236
0.19956979155540466
0.18008464574813843
0.13602297008037567
0.13274215161800385
0.12578929960727692
0.19832102954387665
0.14087750017642975
0.16399137675762177
0.13401322066783905
0.1635696142911911
0.1733071208000183
0.13862475752830505
0.1409701406955719
0.14352969825267792
0.16237826645374298
0.16181132197380066
0.17001596093177795
0.14606185257434845
0.11100009083747864
0.12290311604738235
0.19130806624889374
0.15540163218975067
0.11332721263170242
0.14196470379829407
0.12605315446853638
0.1504012942314148
0.14869877696037292
0.1402636021375656
0.17609576880931854
0.20369704067707062
0.1339499056339264
0.13672052323818207
0.12242390215396881
0.16715267300605774
0.16799728572368622
0.12954264879226685
0.12144574522972107
0.16477464139461517
0.15516135096549988
0.17527888715267181
0.17458288371562958
0.14149028062820435
0.19568131864070892
0.1582781970500946
0.14408613741397858
0.15809190273284912
0.13781055808067322
0.141984760761261
0.1577235460281372
0.15108901262283325
0.11683013290166855
0.13999329507350922
0.14179730415344238
0.13763992488384247
0.13532032072544098
0.17271101474761963
0.14704614877700806
0.13287627696990967
0.1635994017124176
0.1817621886730194
0.15156078338623047
0.14789672195911407
0.17298102378845215
0.13979344069957733
0.16118980944156647
0.16319993138313293
0.17265085875988007
0.17429007589817047
0.13308373093605042
0.13652297854423523
0.19820775091648102
0.13728800415992737
0.12894555926322937
0.16226516664028168
0.11560162156820297
0.1062832698225975
0.18915998935699463
0.127341166138649
0.15921743214130402
0.14086875319480896
0.1818270981311798
0.1692909449338913
0.15351276099681854
0.13160203397274017
0.1519620269536972
0.10599829256534576
0.16698101162910461
0.1703949272632599
0.13617873191833496
0.21682225167751312
0.14793318510055542
0.10508982837200165
0.13954871892929077
0.15419253706932068
0.12496074289083481
0.12160591781139374
0.15644240379333496
0.1727546602487564
0.16131995618343353
0.11905532330274582
0.13584157824516296
0.16256844997406006
0.1581060141324997
0.1346374750137329
0.11175605654716492
0.17333804070949554
0.16043463349342346
0.1274627447128296
0.1358712762594223
0.12737402319908142
0.15492916107177734
0.16889116168022156
0.1379743218421936
0.14950492978096008
0.18645337224006653
0.1419825553894043
0.13985973596572876
0.07947269082069397
0.1624608039855957
0.16311313211917877
0.10977888107299805
0.1447664350271225
0.13913027942180634
0.16282717883586884
0.14904695749282837
0.16188940405845642
0.16607391834259033
0.1292193979024887
0.16654375195503235
0.07840792834758759
0.1716669797897339
0.12660178542137146
0.17300286889076233
0.15231676399707794
0.1708010733127594
0.1099313423037529
0.13981032371520996
0.1600455641746521
0.13807305693626404
0.12406323850154877
0.143016517162323
0.18519259989261627
0.07870146632194519
0.14692173898220062
0.1622864305973053
0.17210344970226288
0.09944336116313934
0.13848385214805603
0.09159651398658752
0.14701904356479645
0.15113618969917297
0.159547820687294
0.1366949826478958
0.1557871699333191
0.1639994978904724
0.16445136070251465
0.15713003277778625
0.08172491192817688
0.17051760852336884
0.1308397352695465
0.12952205538749695
0.1321113407611847
0.10828998684883118
0.14382341504096985
0.1241237223148346
0.17975714802742004
0.16846096515655518
0.14310035109519958
0.1397630125284195
0.1363096535205841
0.12341321259737015
0.1557631939649582
0.13059574365615845
0.12323793768882751
0.1906786412000656
0.18936406075954437
0.12739533185958862
0.15984632074832916
0.11382938921451569
0.16431072354316711
0.14152464270591736
0.16731184720993042
0.15926474332809448
0.1072409600019455
0.1058349758386612
0.17626187205314636
0.14681795239448547
0.16669130325317383
0.16334913671016693
0.15680332481861115
0.10715730488300323
0.15702193975448608
0.11633086949586868
0.174953430891037
0.17854829132556915
0.12671807408332825
0.1773556023836136
0.10098379850387573
0.14021100103855133
0.16318240761756897
0.09811034798622131
0.1711433380842209
0.16727259755134583
0.14676687121391296
0.15673327445983887
0.11738649755716324
0.09546510875225067
0.15507721900939941
0.19017910957336426
0.18630953133106232
0.16419366002082825
0.13983435928821564
0.12217329442501068
0.15144842863082886
0.142079696059227
0.0886172354221344
0.15797562897205353
0.10496225208044052
0.1613420844078064
0.14437653124332428
0.1343424767255783
0.10685142129659653
0.13101473450660706
0.11524336785078049
0.15546086430549622
0.17979857325553894
0.14415274560451508
0.10598739981651306
0.13953663408756256
0.14676672220230103
0.10227425396442413
0.16334767639636993
0.1075470894575119
0.10617959499359131
0.14867031574249268
0.17560583353042603
0.15209411084651947
0.17138129472732544
0.15638624131679535
0.17787694931030273
0.12757399678230286
0.09700918942689896
0.11991377919912338
0.14118538796901703
0.1751299351453781
0.10409469157457352
0.1364937275648117
0.09478463977575302
0.15651679039001465
0.03526010364294052
0.18542446196079254
0.11297297477722168
0.13540275394916534
0.17698539793491364
0.17495255172252655
0.10655346512794495
0.23796655237674713
0.16371428966522217
0.14739227294921875
0.13886798918247223
0.13728086650371552
0.06332509964704514
0.143004909157753
0.14197511970996857
0.1405736207962036
0.12504230439662933
0.12364888191223145
0.15441574156284332
0.13809916377067566
0.19124209880828857
0.14216047525405884
0.10894119739532471
0.1476529985666275
0.12554527819156647
0.1517287939786911
0.17603003978729248
0.1177920401096344
0.15559646487236023
0.11530241370201111
0.09251271188259125
0.14312730729579926
0.11252456903457642
0.17169280350208282
0.1910245418548584
0.19101770222187042
0.16334515810012817
0.14979536831378937
0.1165090948343277
0.1421625167131424
0.1112135499715805
0.11331002414226532
0.15359972417354584
0.13512928783893585
0.1208285391330719
0.09203627705574036
0.163413867354393
0.15418624877929688
0.14350663125514984
0.16218341886997223
0.11796064674854279
0.15251660346984863
0.09003689885139465
0.10423725843429565
0.1513853818178177
0.07800766825675964
0.13692376017570496
0.146256685256958
0.1366426944732666
0.13653674721717834
0.14024189114570618
0.11654438078403473
0.10498446226119995
0.1523800492286682
0.14023998379707336
0.15709929168224335
0.1300942599773407
0.11819329857826233
0.13075144588947296
0.11776917427778244
0.10410090535879135
0.150450199842453
0.11678127944469452
0.15077219903469086
0.17432136833667755
0.19028495252132416
0.15045270323753357
0.12089315801858902
0.101178839802742
0.14828751981258392
0.14682182669639587
0.15531054139137268
0.13679446280002594
0.15489836037158966
0.11481863260269165
0.1254463493824005
0.12209534645080566
0.1268744170665741
0.15829364955425262
0.1362500637769699
0.16551020741462708
0.07819187641143799
0.15105251967906952
0.16768692433834076
0.12485288083553314
0.12903860211372375
0.11675925552845001
0.07898341119289398
0.11551271378993988
0.15865667164325714
0.1593717634677887
0.12618234753608704
0.15524078905582428
0.13757258653640747
0.127134770154953
0.1506546586751938
0.09487476944923401
0.08096960186958313
0.13339944183826447
0.13684606552124023
0.18377692997455597
0.145711749792099
0.14344528317451477
0.12413803488016129
0.0975894033908844
0.15840163826942444
0.15750353038311005
0.0748230367898941
0.12890496850013733
0.13345159590244293
0.18042203783988953
0.11335673928260803
0.09706218540668488
0.1421741545200348
0.09292380511760712
0.10991792380809784
0.09430528432130814
0.05839982628822327
0.1491742581129074
0.15254798531532288
0.06248493865132332
0.1276036649942398
0.16447201371192932
0.13164691627025604
0.15446512401103973
0.13196821510791779
0.14361146092414856
0.16661405563354492
0.1497267633676529
0.09312844276428223
0.12823791801929474
0.14422069489955902
0.09725937247276306
0.07815049588680267
0.08925935626029968
0.13325098156929016
0.14916889369487762
0.13488450646400452
0.0851869285106659
0.12718312442302704
0.13561095297336578
0.08605408668518066
0.12330751866102219
0.13739553093910217
0.10674832761287689
0.15033115446567535
0.17936883866786957
0.15309923887252808
0.19482044875621796
0.1431962549686432
0.1185968667268753
0.1454247236251831
0.1464870423078537
0.13154304027557373
0.09739390015602112
0.1457253396511078
0.1258729249238968
0.12405630946159363
0.1211276724934578
0.11321523785591125
0.1315634548664093
0.15035764873027802
0.14273938536643982
0.12383446097373962
0.14462482929229736
0.11612674593925476
0.11257655918598175
0.18647004663944244
0.13352999091148376
0.11496802419424057
0.13949526846408844
0.1606476753950119
0.14717604219913483
0.08836082369089127
0.19710779190063477
0.13267354667186737
0.1378970891237259
0.10259409993886948
0.12446020543575287
0.12716670334339142
0.14399640262126923
0.0654636025428772
0.1560417264699936
0.16561228036880493
0.16578461229801178
0.10971024632453918
0.14101646840572357
0.09017867594957352
0.08778709173202515
0.14022666215896606
0.14602097868919373
0.07905527949333191
0.1909985989332199
0.1422734409570694
0.10082453489303589
0.11736287921667099
0.08994656801223755
0.08848188817501068
0.14686225354671478
0.13725610077381134
0.11782295256853104
0.14725220203399658
0.12151870876550674
0.11686769872903824
0.10743314027786255
0.12483860552310944
0.10659408569335938
0.1461341679096222
0.13546447455883026
0.11968875676393509
0.08550543338060379
0.13464055955410004
0.08408516645431519
0.07737173140048981
0.11099214106798172
0.10049162060022354
0.07967539131641388
0.045849740505218506
0.08704407513141632
0.07256779819726944
0.13079309463500977
0.16615749895572662
0.11309237033128738
0.11234807968139648
0.0673203095793724
0.08126936852931976
0.13647747039794922
0.15524616837501526
0.1525992453098297
0.18513330817222595
0.12133875489234924
0.14306750893592834
0.11798666417598724
0.14519445598125458
0.13614748418331146
0.11493408679962158
0.1423049420118332
0.09568289667367935
0.09651240706443787
0.15433691442012787
0.15979377925395966
0.14292055368423462
0.14133144915103912
0.08821919560432434
0.1366887092590332
0.07392531633377075
0.12329696118831635
0.10810965299606323
0.16189643740653992
0.14006930589675903
0.1477375477552414
0.09620311856269836
0.07309631258249283
0.09681573510169983
0.12130492925643921
0.13247215747833252
0.14113640785217285
0.07587273418903351
0.14644859731197357
0.1970517635345459
0.12122686952352524
0.11348210275173187
0.09569253027439117
0.14711102843284607
0.11026975512504578
0.11027365922927856
0.180104598402977
0.12531638145446777
0.10342387855052948
0.08909764885902405
0.07425674796104431
0.0930456891655922
0.11668340861797333
0.10183268785476685
0.055399149656295776
0.12279973924160004
0.15543824434280396
0.11716946959495544
0.0635165199637413
0.13015234470367432
0.1510317474603653
0.06813833117485046
0.10744363069534302
0.12589403986930847
0.15987738966941833
0.10857115685939789
0.091748908162117
0.14829424023628235
0.13524487614631653
0.141684889793396
0.07157589495182037
0.11661318689584732
0.09531936049461365
0.06557302176952362
0.05561162531375885
0.11894714087247849
0.0829194039106369
0.10817332565784454
0.08925090730190277
0.15393440425395966
0.1425984501838684
0.10772378742694855
0.12426896393299103
0.12214626371860504
0.10945754498243332
0.12842485308647156
0.17954549193382263
0.06591159105300903
0.17385980486869812
0.13802893459796906
0.11452065408229828
0.023078270256519318
0.06749305129051208
0.12518544495105743
0.09132067859172821
0.08838112652301788
0.10755503177642822
0.09230281412601471
0.14584828913211823
0.16784262657165527
0.12839950621128082
0.059651970863342285
0.14085012674331665
0.09146007895469666
0.11334292590618134
0.12421920895576477
0.11120998859405518
0.03984590619802475
0.13345269858837128
0.09741803258657455
0.17654584348201752
0.13361681997776031
0.10964952409267426
0.045818835496902466
0.1119908019900322
0.07000438123941422
0.11191202700138092
0.13658519089221954
0.12345588207244873
0.08465185761451721
0.08223584294319153
0.12335459887981415
0.1242351084947586
0.1836281567811966
0.09747321903705597
0.16580727696418762
0.10308846831321716
0.107863649725914
0.1650920808315277
0.15669547021389008
0.10704518854618073
0.09619149565696716
0.11386207491159439
0.11796175688505173
0.12079060077667236
0.07359275221824646
0.08199761807918549
0.09627391397953033
0.14370596408843994
0.12629348039627075
0.08466842025518417
0.05984457954764366
0.07543857395648956
0.05340242385864258
0.018280029296875
0.13944841921329498
0.1083579882979393
0.09280992299318314
0.09846124053001404
0.1421578824520111
0.1080218106508255
0.12387599050998688
0.04783451557159424
0.13668087124824524
0.060164786875247955
0.11892953515052795
0.11308173835277557
0.07091017812490463
0.12866434454917908
0.08775922656059265
0.09424696862697601
0.14086784422397614
0.16033539175987244
0.11710336804389954
0.08061901479959488
0.02806897461414337
0.06485962867736816
0.10273720324039459
0.1669737547636032
0.04149748384952545
0.0933334156870842
0.07952839136123657
0.12948830425739288
0.11834248155355453
0.14069263637065887
0.1149630919098854
0.09399424493312836
0.08746601641178131
0.13325554132461548
0.08663609623908997
0.09797579050064087
0.1293727159500122
0.12238877266645432
0.13411998748779297
0.14733153581619263
0.15665489435195923
0.1015375554561615
0.10551322251558304
0.1930898278951645
0.05849996954202652
0.07572248578071594
0.1431770771741867
0.09030156582593918
0.14285209774971008
0.08855994045734406
0.1064925491809845
0.04012048617005348
0.057189468294382095
0.12292742729187012
0.08951885998249054
0.11359711736440659
0.09317689388990402
0.023391321301460266
0.1230691522359848
0.09843142330646515
0.08741869032382965
0.08979585021734238
0.07828549295663834
0.07935573160648346
0.07068155705928802
0.11773941665887833
0.06277744472026825
0.058545101433992386
0.08635488152503967
0.048955537378787994
0.07192825525999069
0.09048155695199966
0.15819108486175537
0.16263484954833984
0.08520860224962234
0.10152953863143921
0.11376485228538513
0.12602035701274872
0.10554206371307373
0.055553533136844635
0.08696607500314713
0.10548277199268341
0.14421981573104858
0.06413586437702179
0.03173086792230606
0.08767421543598175
0.07180065661668777
0.11538952589035034
0.0897442027926445
0.11137213557958603
0.11655346304178238
0.039507921785116196
0.03900689631700516
0.12723702192306519
0.14645220339298248
0.053572043776512146
0.10032856464385986
0.13611188530921936
0.012774787843227386
0.10488665848970413
0.01404137909412384
0.08382747322320938
0.12728051841259003
0.0883641466498375
0.1550835371017456
0.10348328202962875
0.10519958287477493
0.09940904378890991
0.10678917914628983
0.08226858079433441
0.12138564139604568
0.06580643355846405
0.022974245250225067
0.05789564177393913
0.061009157449007034
0.10390614718198776
0.041573137044906616
0.11420061439275742
0.14653998613357544
0.128666490316391
0.12029669433832169
0.08713839948177338
0.11730493605136871
0.06715375185012817
0.025800902396440506
0.08878561854362488
0.1568996012210846
0.14497892558574677
0.059995174407958984
0.11140772700309753
0.12708815932273865
0.08422845602035522
0.08996697515249252
0.08466512709856033
0.04135923832654953
0.1278470754623413
0.05097494646906853
0.06346367299556732
0.10247903317213058
0.12663713097572327
0.08566224575042725
0.09441529214382172
0.10700229555368423
0.13166993856430054
0.042255058884620667
0.04603693634271622
0.07722128927707672
0.0734468325972557
0.06245766580104828
0.1212954968214035
0.09807465970516205
