0.5864731073379517
0.6127795577049255
0.5727177858352661
0.6037840843200684
0.5561203360557556
0.578378438949585
0.5831472873687744
0.5743804574012756
0.5715473294258118
0.6105443835258484
0.5853341817855835
0.591118574142456
0.5788469314575195
0.5799642205238342
0.5731603503227234
0.5760784149169922
0.5572062730789185
0.6089472770690918
0.6091962456703186
0.5257448554039001
0.5633029341697693
0.5721606612205505
0.5662652254104614
0.5615571737289429
0.5764991044998169
0.5895897150039673
0.5296879410743713
0.5596657991409302
0.5925463438034058
0.5587698221206665
0.5591679215431213
0.5355738401412964
0.4889591932296753
0.5428885221481323
0.5831830501556396
0.5382781624794006
0.5213160514831543
0.5469425916671753
0.5116878151893616
0.4329392611980438
0.4893213212490082
0.5065654516220093
0.4790881276130676
0.484176367521286
0.4943508505821228
0.4843902587890625
0.4278091788291931
0.45106714963912964
0.47733044624328613
0.38031718134880066
0.470889151096344
0.4472595155239105
0.4475198984146118
0.48521697521209717
0.5110569000244141
0.4109983444213867
0.4930747449398041
0.366884708404541
0.47618192434310913
0.48326191306114197
0.44522997736930847
0.5029101967811584
0.40311020612716675
0.41911980509757996
0.4088103771209717
0.36395490169525146
0.29169154167175293
0.30309829115867615
0.21506132185459137
0.36851340532302856
0.15995576977729797
0.2815955877304077
0.19950413703918457
0.10500387102365494
0.09000129997730255
0.27086979150772095
0.2328030914068222
0.19701440632343292
0.15874463319778442
0.1675611436367035
0.2565414607524872
0.13776592910289764
0.1970704048871994
0.15454229712486267
0.13459110260009766
0.12330786138772964
0.28958097100257874
0.14187607169151306
0.20929203927516937
0.16117577254772186
0.12575262784957886
0.3121435046195984
0.17134077847003937
0.12932991981506348
0.23217687010765076
0.19502118229866028
0.32498419284820557
0.18616004288196564
0.09557906538248062
0.27869951725006104
0.2031092643737793
0.28575679659843445
0.32704222202301025
0.2802807688713074
0.29941147565841675
0.16742561757564545
0.26347655057907104
0.3411339819431305
0.40790101885795593
0.2138785421848297
0.41585084795951843
0.31137728691101074
0.18356205523014069
0.3188706636428833
0.4481770992279053
0.1480243057012558
0.2597200274467468
0.23459547758102417
0.30696403980255127
0.4051882326602936
0.4064072072505951
0.2556760609149933
0.3700873553752899
0.4770353436470032
0.1548236906528473
0.4151551425457001
0.2898244261741638
0.42603179812431335
0.4817591905593872
0.49499648809432983
0.2956407964229584
0.33733516931533813
0.384935200214386
0.37912672758102417
0.2976175546646118
0.3687761723995209
0.3577553331851959
0.34443357586860657
0.3154393136501312
0.3654956817626953
0.3653656244277954
0.2996639609336853
0.38772088289260864
0.3745816648006439
0.33290284872055054
0.30429887771606445
0.31286001205444336
0.38825398683547974
0.45466920733451843
0.4361018240451813
0.5281111598014832
0.3615860342979431
0.5009174346923828
0.3767785131931305
0.4130059480667114
0.31972306966781616
0.3502641022205353
0.37562990188598633
0.4076118767261505
0.3649768829345703
0.4308154284954071
0.3995121419429779
0.429271399974823
0.36013931035995483
0.3659876883029938
0.3471635580062866
0.4106435179710388
0.4912658929824829
0.44946420192718506
0.4250600039958954
0.5515199303627014
0.448618084192276
0.459898442029953
0.47321125864982605
0.4316902756690979
0.35504209995269775
0.48508912324905396
0.49040380120277405
0.4143630564212799
0.46159130334854126
0.4366287887096405
0.4928556978702545
0.4682253897190094
0.3650807738304138
0.3751170337200165
0.35293909907341003
0.3870426416397095
0.3692876696586609
0.4125652611255646
0.42853012681007385
0.4573367238044739
0.5433353781700134
0.47013232111930847
0.4036775827407837
0.4128173589706421
0.44543126225471497
0.4524323046207428
0.39392390847206116
0.5125051736831665
0.4953301250934601
0.40825846791267395
0.3784394860267639
0.4735487401485443
0.5270091891288757
0.43473178148269653
0.37185579538345337
0.4923664629459381
0.4042397439479828
0.47578081488609314
0.5007877349853516
0.4199084937572479
0.43918174505233765
0.4479614794254303
0.4949182868003845
0.47596216201782227
0.39842867851257324
0.4344879984855652
0.45113474130630493
0.4604099690914154
0.4537304937839508
0.49073728919029236
0.4268386960029602
0.4267769455909729
0.46742114424705505
0.37037545442581177
0.42799806594848633
0.4278098940849304
0.44965261220932007
0.46292605996131897
0.4117070436477661
0.45892152190208435
0.47293585538864136
0.45895490050315857
0.40349292755126953
0.4572361707687378
0.4043724536895752
0.4144807755947113
0.42776378989219666
0.45897382497787476
0.40111199021339417
0.4272620677947998
0.42741313576698303
0.5112131237983704
0.4588722884654999
0.4648907482624054
0.4650391936302185
0.49625077843666077
0.4077194631099701
0.4241913855075836
0.43840157985687256
0.4472591280937195
0.562523603439331
0.4337620139122009
0.38704657554626465
0.4554455876350403
0.46756455302238464
0.47587811946868896
0.47265875339508057
0.4786798357963562
0.47785013914108276
0.4468696713447571
0.4588073194026947
0.48348942399024963
0.39464065432548523
0.41254252195358276
0.46222561597824097
0.3897794187068939
0.4701191484928131
0.42671963572502136
0.46803048253059387
0.4210129678249359
0.45235303044319153
0.41672584414482117
0.42223700881004333
0.5464566946029663
0.5316848158836365
0.4688573479652405
0.4104975461959839
0.33725622296333313
0.4859834611415863
0.4733545184135437
0.5117860436439514
0.49513518810272217
0.45247703790664673
0.44087883830070496
0.41167116165161133
0.48529618978500366
0.5134391188621521
0.43331700563430786
0.4172923266887665
0.4613927900791168
0.44530850648880005
0.4510803520679474
0.47381627559661865
0.4279822111129761
0.4124988615512848
0.404770165681839
0.43805989623069763
0.3960162103176117
0.4387752413749695
0.5067879557609558
0.43672803044319153
0.5739899277687073
0.5194815397262573
0.4644014537334442
0.4873427748680115
0.5136643648147583
0.5150541067123413
0.41879919171333313
0.3279437720775604
0.4259010851383209
0.47917652130126953
0.4797807037830353
0.44137251377105713
0.5737361311912537
0.4874877631664276
0.4664728045463562
0.4752931296825409
0.46524569392204285
0.4328976571559906
0.5019460320472717
0.4855419993400574
0.4393046498298645
0.45714685320854187
0.46451425552368164
0.39579394459724426
0.3997247517108917
0.40212976932525635
0.4965701103210449
0.47977662086486816
0.39632517099380493
0.4277806580066681
0.45444077253341675
0.46768611669540405
0.40764501690864563
0.5062816739082336
0.42911338806152344
0.500064492225647
0.42760786414146423
0.450013667345047
0.3989673852920532
0.4104158282279968
0.44744208455085754
0.4657273292541504
0.433773398399353
0.37453293800354004
0.45012351870536804
0.3553047478199005
0.46935537457466125
0.380057156085968
0.46704983711242676
0.48185455799102783
0.45728009939193726
0.4035142958164215
0.43974918127059937
0.4702812433242798
0.4697205424308777
0.471334844827652
0.4484080374240875
0.4524356722831726
0.47767218947410583
0.4370816946029663
0.4276547431945801
0.4313485026359558
0.4077235758304596
0.4384746849536896
0.4834635853767395
0.5112238526344299
0.47038733959198
0.5061965584754944
0.398486852645874
0.4926028251647949
0.4406731128692627
0.4966718554496765
0.45913130044937134
0.45995137095451355
0.5130084753036499
0.48680272698402405
0.4246149957180023
0.42424649000167847
0.4600113332271576
0.4379075765609741
0.45811453461647034
0.5103813409805298
0.4479394555091858
0.435263454914093
0.4928545653820038
0.398246169090271
0.41724351048469543
0.4714376628398895
0.39833205938339233
0.4232289791107178
0.3704405128955841
0.44036418199539185
0.4756593406200409
0.4923226535320282
0.47602376341819763
0.47430920600891113
0.42540210485458374
0.3013882637023926
0.4540342688560486
0.3993663787841797
0.5435818433761597
0.4935015141963959
0.3804731070995331
0.3943153917789459
0.4913124740123749
0.400206983089447
0.44722262024879456
0.531275749206543
0.41626638174057007
0.45027071237564087
0.38262829184532166
0.4654812216758728
0.42323076725006104
0.5174264311790466
0.3776787519454956
0.5026097297668457
0.5196151733398438
0.43818673491477966
0.5188188552856445
0.4399802088737488
0.41372784972190857
0.46839332580566406
0.38340824842453003
0.4424521327018738
0.42243874073028564
0.46655285358428955
0.4354066848754883
0.435540109872818
0.45242202281951904
0.44755083322525024
0.4523872137069702
0.4826676845550537
0.4048054814338684
0.48497357964515686
0.43781134486198425
0.4167499840259552
0.49219033122062683
0.5089738368988037
0.44879624247550964
0.46922364830970764
0.4692266583442688
0.445383757352829
0.3469822406768799
0.4851750135421753
0.42180144786834717
0.5093377828598022
0.43918660283088684
0.414512038230896
0.4187180697917938
0.48678550124168396
0.4306597411632538
0.4637722969055176
0.4185802936553955
0.4613315165042877
0.3986094892024994
0.46195748448371887
0.4521964192390442
0.48987096548080444
0.43507876992225647
0.4040185213088989
0.4672502875328064
0.44760262966156006
0.429653137922287
0.38571274280548096
0.5253018736839294
0.45414865016937256
0.4136108458042145
0.37999969720840454
0.4706648588180542
0.4790591597557068
0.47766172885894775
0.4628294110298157
0.4124740958213806
0.4509163498878479
0.49254676699638367
0.4877510666847229
0.449274480342865
0.4771735370159149
0.33525776863098145
0.4399884343147278
0.4686366021633148
0.3896082937717438
0.4431511163711548
0.43795356154441833
0.4049544930458069
0.41164109110832214
0.37607985734939575
0.4857224225997925
0.43208539485931396
0.46630558371543884
0.4184165596961975
0.46837788820266724
0.46907415986061096
0.4351898729801178
0.4497778117656708
0.46217525005340576
0.42573001980781555
0.4290069341659546
0.3946222960948944
0.40279361605644226
0.43077507615089417
0.4592776298522949
0.4237505793571472
0.4456435441970825
0.48762887716293335
0.37285685539245605
0.43057918548583984
0.4572484493255615
0.49558931589126587
0.4859371483325958
0.3720393478870392
0.4688132405281067
0.41222748160362244
0.4704470634460449
0.4329628050327301
0.4312390685081482
0.4180815815925598
0.39894428849220276
0.5136154890060425
0.47037720680236816
0.4643618166446686
0.43925905227661133
0.43652796745300293
0.48363134264945984
0.500569760799408
0.39883583784103394
0.41668424010276794
0.399154394865036
0.44146355986595154
0.424796462059021
0.38930821418762207
0.4384203553199768
0.4583642780780792
0.4387513995170593
0.4212336838245392
0.4664764702320099
0.4355865716934204
0.46969279646873474
0.43872010707855225
0.4216442108154297
0.4903070628643036
0.40208858251571655
0.4009966552257538
0.417433500289917
0.5263993740081787
0.43303585052490234
0.4466555714607239
0.3976401388645172
0.4257733225822449
0.4397430419921875
0.5048897862434387
0.4998196065425873
0.4209819734096527
0.44192177057266235
0.45676329731941223
0.4093743860721588
0.47644028067588806
0.4818389415740967
0.4162276089191437
0.4935574531555176
0.4250757694244385
0.3758684992790222
0.4660380780696869
0.42795607447624207
0.46594053506851196
0.40018296241760254
0.5102839469909668
0.44707801938056946
0.35752734541893005
0.3838036060333252
0.4953325390815735
0.41577714681625366
0.45022618770599365
0.4703002870082855
0.5562236309051514
0.4619976580142975
0.4026259779930115
0.3804317116737366
0.3859015107154846
0.4737510085105896
0.42157673835754395
0.4428159296512604
0.43773260712623596
0.39619967341423035
0.42934954166412354
0.4550608992576599
0.43259772658348083
0.543212890625
0.48951515555381775
0.45991796255111694
0.4431575536727905
0.39689475297927856
0.3832073509693146
0.4394311010837555
0.5008988976478577
0.4291841387748718
0.4243863523006439
0.3976726531982422
0.3517189621925354
0.5005214810371399
0.43821388483047485
0.44523537158966064
0.4788396954536438
0.42489734292030334
0.4765043258666992
0.44548606872558594
0.4215754270553589
0.4441874623298645
0.33846867084503174
0.4323168992996216
0.46440431475639343
0.3525189161300659
0.5255903005599976
0.4685942530632019
0.4464612305164337
0.40834271907806396
0.4256580173969269
0.5075148940086365
0.4155499339103699
0.40824541449546814
0.46981313824653625
0.5640747547149658
0.4022056460380554
0.3804990351200104
0.4600546061992645
0.43274083733558655
0.44370049238204956
0.38021689653396606
0.4245262145996094
0.5037990808486938
0.43305206298828125
0.4945083260536194
0.38620346784591675
0.34724730253219604
0.43976807594299316
0.44552233815193176
0.43601375818252563
0.3842587471008301
0.5329450368881226
0.4763050377368927
0.4402034282684326
0.4607279598712921
0.44318005442619324
0.4291207790374756
0.4485626220703125
0.4706462025642395
0.4833826720714569
0.3600921332836151
0.38101229071617126
0.4594212472438812
0.4907163679599762
0.4168725311756134
0.4533000588417053
0.3853898048400879
0.4396669268608093
0.43381568789482117
0.4619370698928833
0.4018215835094452
0.4686698019504547
0.46907922625541687
0.45118895173072815
0.4685603380203247
0.3716917335987091
0.3937169909477234
0.42575982213020325
0.5171182155609131
0.4914844334125519
0.4184972941875458
0.38503241539001465
0.4877967834472656
0.45206397771835327
0.39680781960487366
0.39793848991394043
0.46410247683525085
0.39017146825790405
0.41562992334365845
0.5054541826248169
0.44440796971321106
0.4513731300830841
0.4687322676181793
0.408256858587265
0.42561763525009155
0.42910802364349365
0.49980413913726807
0.5240631103515625
0.38752785325050354
0.3610208034515381
0.45088905096054077
0.3849323093891144
0.485976904630661
0.42260438203811646
0.4640835225582123
0.4781745374202728
0.5199139714241028
0.4772924780845642
0.43279004096984863
0.43491092324256897
0.4557535946369171
0.41474831104278564
0.35773390531539917
0.5232046842575073
0.49286046624183655
0.4405694007873535
0.42831945419311523
0.37623506784439087
0.42550358176231384
0.48598968982696533
0.4259759485721588
0.4772118628025055
0.42625507712364197
0.4182438850402832
0.47964757680892944
0.36983048915863037
0.4516749680042267
0.4247124493122101
0.3970951437950134
0.4591401517391205
0.4450331926345825
0.42491647601127625
0.4076383113861084
0.3666577935218811
0.4225863218307495
0.46357491612434387
0.47631266713142395
0.4816780388355255
0.5192628502845764
0.4115612506866455
0.4491470754146576
0.43675222992897034
0.452277809381485
0.48569411039352417
0.4263133704662323
0.4918741285800934
0.5041621923446655
0.4811915159225464
0.4427173435688019
0.5115644335746765
0.3901729881763458
0.426595538854599
0.37703827023506165
0.4313945174217224
0.4299379885196686
0.5099036693572998
0.4647122323513031
0.46849775314331055
0.4053869843482971
0.5050114393234253
0.4159720540046692
0.4031965136528015
0.40403300523757935
0.4586242735385895
0.4032711088657379
0.48975178599357605
0.46328112483024597
0.49732401967048645
0.47944918274879456
0.36601048707962036
0.4063968062400818
0.41027140617370605
0.45058518648147583
0.417775422334671
0.4299727976322174
0.38507336378097534
0.43639639019966125
0.42085641622543335
0.48897048830986023
0.4497925937175751
0.4085649847984314
0.4888848662376404
0.5323999524116516
0.38205665349960327
0.40664950013160706
0.4635010361671448
0.4364445209503174
0.4444223940372467
0.4117428958415985
0.3292412757873535
0.4520193338394165
0.45477181673049927
0.477068156003952
0.39957335591316223
0.46491995453834534
0.4165954887866974
0.39483460783958435
0.452796995639801
0.47666457295417786
0.4539929926395416
0.43548253178596497
0.42337507009506226
0.46630483865737915
0.406547486782074
0.5332382321357727
0.46473950147628784
0.4077029526233673
0.4307473599910736
0.46173787117004395
0.4600648880004883
0.4400623142719269
0.472543329000473
0.4017346501350403
0.3923233449459076
0.37074193358421326
0.3942394554615021
0.48956090211868286
0.44600576162338257
0.42731350660324097
0.49888354539871216
0.4289643168449402
0.4904906153678894
0.4206849932670593
0.45333099365234375
0.4416840672492981
0.446120023727417
0.4685407280921936
0.4230705201625824
0.3466731607913971
0.4300686717033386
0.4275451898574829
0.4243411719799042
0.3808075785636902
0.4112744927406311
0.36949214339256287
0.3998105823993683
0.4688524603843689
0.5294913649559021
0.45923253893852234
0.4227326810359955
0.3885003328323364
0.4593057334423065
0.46791374683380127
0.4407345950603485
0.440618097782135
0.4254468083381653
0.4156697392463684
0.4318885803222656
0.5010610818862915
0.4743645489215851
0.38100987672805786
0.42180678248405457
0.4844306707382202
0.42673295736312866
0.4599838852882385
0.5533297657966614
0.43634170293807983
0.4651341140270233
0.47035524249076843
0.4759095013141632
0.4361284077167511
0.4306993782520294
0.38715115189552307
0.43197113275527954
0.46511080861091614
0.4659690856933594
0.4406137764453888
0.3971050977706909
0.44775402545928955
0.5224433541297913
0.4210851192474365
0.4037662744522095
0.4451119899749756
0.5118498802185059
0.4533776640892029
0.4461701810359955
0.4338396489620209
0.5170267820358276
0.39911291003227234
0.41205137968063354
0.4350772202014923
0.4773764908313751
0.4147631824016571
0.4732110798358917
0.3739176392555237
0.4299231767654419
0.4370020925998688
0.4280787408351898
0.4483799636363983
0.43423664569854736
0.4258114695549011
0.460430771112442
0.4845942258834839
0.42197486758232117
0.4213647246360779
0.45408016443252563
0.472944438457489
0.440049946308136
0.4320977032184601
0.4309997260570526
0.39116549491882324
0.4898998439311981
0.40461161732673645
0.4217318296432495
0.4156288504600525
0.41268643736839294
0.42143791913986206
0.42858758568763733
0.46343037486076355
0.4767497181892395
0.40025943517684937
0.43203651905059814
0.45933863520622253
0.46181392669677734
0.38288813829421997
0.3948875665664673
0.42890939116477966
0.4419167935848236
0.43059590458869934
0.42138731479644775
0.42426589131355286
0.4246453642845154
0.45018109679222107
0.4456983506679535
0.3868313431739807
0.4615068733692169
0.4341912865638733
0.4783817231655121
0.46293944120407104
0.4345363974571228
0.40852004289627075
0.4182914197444916
0.46663638949394226
0.4739956557750702
0.4876837134361267
0.4318696856498718
0.44652891159057617
0.42529407143592834
0.39159345626831055
0.5195115804672241
0.4663165807723999
0.3861355781555176
0.4621329605579376
0.5324325561523438
0.42653438448905945
0.3837788999080658
0.5064932107925415
0.4629615545272827
0.43457475304603577
0.4558883607387543
0.4323911964893341
0.4258171021938324
0.4532894790172577
0.4835068881511688
0.5130816698074341
0.4216226041316986
0.4425518810749054
0.42747390270233154
0.4163815379142761
0.4606544077396393
0.41969406604766846
0.43646904826164246
0.37879690527915955
0.3773537874221802
0.4572429358959198
0.42022502422332764
0.39263036847114563
0.49239984154701233
0.5451452732086182
0.4259222149848938
0.3763543963432312
0.4803720712661743
0.4648860991001129
0.443794310092926
0.4418300986289978
0.42209678888320923
0.4161913990974426
0.5026220083236694
0.47466132044792175
0.45315080881118774
0.49642232060432434
0.4924171566963196
0.42046865820884705
0.4767926335334778
0.4174031615257263
0.4329400062561035
0.42812931537628174
0.4414170980453491
0.4304463267326355
0.39532706141471863
0.5018637180328369
0.4357566237449646
0.5067274570465088
0.46426883339881897
0.4840451180934906
0.4163588285446167
0.39396727085113525
0.4673507511615753
0.4079846143722534
0.4692568778991699
0.4323868751525879
0.34684473276138306
0.393774151802063
0.38982558250427246
0.40524590015411377
0.48830917477607727
0.4268648326396942
0.4767560660839081
0.35438770055770874
0.5673894286155701
0.5248842835426331
