0.18422751128673553
0.2308175414800644
0.15626755356788635
0.2237391471862793
0.13853062689304352
0.17043143510818481
0.18094420433044434
0.16117940843105316
0.15991973876953125
0.23020988702774048
0.18828466534614563
0.19194461405277252
0.17148718237876892
0.16939127445220947
0.1595536172389984
0.16929911077022552
0.13543601334095
0.22963304817676544
0.23041118681430817
0.07512786984443665
0.14309631288051605
0.1526598036289215
0.15596126019954681
0.1449204534292221
0.16195526719093323
0.19766491651535034
0.07993337512016296
0.13904805481433868
0.20207951962947845
0.13095901906490326
0.14300711452960968
0.1071973666548729
-0.0008000237867236137
0.11203089356422424
0.18016153573989868
0.10435932129621506
0.07228153198957443
0.12088572978973389
0.061759527772665024
-0.0892162099480629
0.02149602770805359
0.032780081033706665
-0.01664564572274685
-0.0031203622929751873
0.04497027024626732
0.004030527081340551
-0.07520585507154465
-0.04615814983844757
-0.02094518393278122
-0.1981535404920578
-0.021557850763201714
-0.076184943318367
-0.05739184841513634
0.009931854903697968
0.08906727284193039
-0.12401159107685089
0.04280102252960205
-0.17041461169719696
0.0010055790189653635
0.031123122200369835
0.02085842564702034
0.24806010723114014
-0.027650758624076843
0.03423161432147026
0.0985778197646141
0.21065275371074677
0.047111108899116516
0.07566927373409271
-0.09980475157499313
0.08414819836616516
0.20643694698810577
0.09205536544322968
-0.01917669177055359
0.06877399235963821
0.2536657154560089
0.10626646131277084
0.07083430886268616
0.06734699755907059
0.01964872144162655
-0.03824243322014809
0.05385252460837364
-0.06996636092662811
-0.17212872207164764
-0.09923797845840454
-0.03182221204042435
-0.18074430525302887
-0.1528312861919403
-0.03873991593718529
-0.002330868039280176
-0.14536191523075104
-0.03074469044804573
-0.1416572481393814
-0.09471478313207626
-0.09864109009504318
-0.06393599510192871
0.025917520746588707
-0.021963413804769516
0.032619357109069824
0.09389208257198334
0.039538223296403885
-0.09118543565273285
0.05501345545053482
-0.05805283039808273
0.07118197530508041
-0.035969480872154236
0.09226083010435104
0.014665279537439346
0.1001235768198967
-0.001780613441951573
-0.07255244255065918
0.04134216159582138
-0.049682021141052246
-0.045633021742105484
0.09549038112163544
0.05980437621474266
0.019230036064982414
0.03970109671354294
0.059371255338191986
0.019444957375526428
0.04881937801837921
0.03633083775639534
-0.03814064338803291
0.1732609122991562
-0.003762505715712905
-0.025191988795995712
0.031509172171354294
0.05515584722161293
0.03427465260028839
-0.11122216284275055
0.019788682460784912
-0.12712042033672333
-0.04717216640710831
-0.08618102967739105
-0.028137896209955215
0.06344517320394516
0.05725499242544174
-0.007558217737823725
-0.0013985484838485718
-0.023698417469859123
-0.01158840674906969
-0.1801740974187851
0.006941972766071558
-0.06644394993782043
-0.09152548015117645
-0.026068776845932007
-0.14088523387908936
-0.11443472653627396
-0.04753964766860008
-0.09048003703355789
-0.057826362550258636
-0.046883177012205124
-0.07233267277479172
-0.12225847691297531
-0.054211732000112534
-0.18613238632678986
-0.11273197084665298
-0.02167208306491375
0.007720762398093939
-0.07848752290010452
0.015894653275609016
-0.17007337510585785
-0.01548807043582201
-0.05706460028886795
-0.1289958655834198
-0.13819636404514313
-0.09392396360635757
-0.020367056131362915
-0.04131938889622688
0.041203033179044724
-0.13441599905490875
-0.1382128894329071
-0.15639621019363403
-0.13189372420310974
0.12103975564241409
0.006989483721554279
-0.009051441214978695
-0.1658375859260559
0.07672577351331711
0.0871453583240509
-0.06736347079277039
0.04943782836198807
0.05867821350693703
0.064872607588768
0.005536261945962906
0.10256762057542801
0.06222093105316162
-0.025737829506397247
-0.11573026329278946
0.13299983739852905
0.007619398180395365
0.08998008072376251
0.005749356932938099
0.022623401135206223
-0.09493368119001389
-0.0017207529162988067
0.03467346727848053
0.05327561870217323
-0.012607304379343987
0.07181157171726227
-0.03504067659378052
0.06782108545303345
0.07362648099660873
-0.012928926385939121
-0.0564703643321991
0.09740294516086578
-0.05698484554886818
0.189358189702034
-0.22941364347934723
0.06338978558778763
0.05711366608738899
0.16131475567817688
-0.08874819427728653
-0.11309242248535156
0.2229723334312439
0.13699723780155182
-0.18304066359996796
0.0300498865544796
-0.01939074695110321
-0.1283780038356781
0.032656479626894
0.0918184444308281
0.11000385135412216
-0.11563526839017868
0.028046291321516037
-0.04875645041465759
-0.013993138447403908
0.05528946965932846
-0.12321534007787704
0.012386956252157688
-0.036230821162462234
0.13090161979198456
-0.11640995740890503
-0.0564880445599556
-0.024943362921476364
0.09836296737194061
0.05557940527796745
-0.08855351060628891
0.06417065858840942
-0.019823582842946053
0.05991869792342186
-0.04138494282960892
-0.023207958787679672
-0.12759928405284882
0.154057115316391
0.10445103794336319
-0.043081119656562805
-0.10622700303792953
-0.130447655916214
0.021204939112067223
0.073500856757164
-0.029262643307447433
0.07375114411115646
-0.2713397145271301
-0.0660962238907814
-0.08357500284910202
-0.03166675195097923
-0.09163141995668411
0.06431298702955246
-0.012328281067311764
-0.1457088142633438
-0.12889079749584198
-0.02922736294567585
0.02040868252515793
-0.0051404815167188644
-0.2352156788110733
-0.08930645138025284
-0.09610840678215027
-0.07085289806127548
-0.024793658405542374
-0.11958900839090347
0.10239524394273758
-0.08022657036781311
-0.07882542163133621
-0.18558208644390106
-0.11775727570056915
-0.19742386043071747
0.05731390789151192
-0.0024294257164001465
-0.09781770408153534
-0.03714112192392349
-0.04790731519460678
-0.0025221267715096474
0.03657897561788559
-0.05509265884757042
-0.11877533048391342
-0.09721405059099197
-0.06820891052484512
0.07851766049861908
-0.05801891162991524
-0.03394833579659462
-0.03904563933610916
0.02997574582695961
-0.10573887825012207
0.03575072064995766
-0.13364176452159882
0.024450138211250305
-0.1546122431755066
-0.20868149399757385
-0.010039053857326508
-0.10515525937080383
-0.008362066000699997
-0.11784208565950394
-0.13753598928451538
0.04263295233249664
0.08386923372745514
-0.05249893665313721
0.11306484788656235
0.00040830171201378107
-0.09711304306983948
-0.08099057525396347
-0.047111328691244125
-0.12506186962127686
-0.09362643212080002
0.1091257855296135
-0.12200142443180084
-0.05914343520998955
-0.12765279412269592
0.05016909912228584
-0.12469647824764252
0.008262506686151028
-0.12086020410060883
-0.11655974388122559
-0.1861252337694168
-0.18219247460365295
-0.15093237161636353
-0.011240663938224316
-0.06522559374570847
0.09297845512628555
-0.0373876690864563
0.03235770761966705
-0.013331528753042221
0.02735028974711895
0.021321605890989304
-0.022564681246876717
0.06190267577767372
-0.0967903733253479
-0.027227170765399933
0.1505660116672516
-0.10254992544651031
-0.017157869413495064
-0.09906437247991562
-0.1799532026052475
-0.03974134847521782
-0.05917021259665489
-0.053560685366392136
-0.09216614067554474
-0.07110987603664398
-0.09135515987873077
0.1329895257949829
-0.034233443439006805
-0.12232687324285507
0.00553364772349596
-0.01969662308692932
-0.13679875433444977
-0.08157177269458771
-0.1534460186958313
0.012570475228130817
-0.05267230421304703
0.12229792773723602
-0.08537988364696503
-0.03675605356693268
-0.05166778340935707
0.08627510070800781
-0.03392839804291725
-0.18685132265090942
-0.11331305652856827
-0.03965211287140846
0.007453794591128826
0.08013194054365158
-0.13215583562850952
0.16771650314331055
-0.12889981269836426
-0.015128633938729763
-0.1603030264377594
-0.04430149495601654
-0.12208961695432663
-0.22239775955677032
-0.034332577139139175
-0.017910240218043327
0.038644250482320786
-0.015992842614650726
-0.09280139952898026
-0.042355865240097046
-0.08129933476448059
0.06895304471254349
-0.0422901026904583
0.026081304997205734
-0.013875540345907211
0.03234381228685379
-0.1774069219827652
-0.10950908064842224
0.007776565849781036
-0.0936044231057167
0.008370470255613327
-0.03217857703566551
0.14181560277938843
0.010489054024219513
0.012345659546554089
-0.07234370708465576
-0.08848083764314651
0.11693931370973587
0.06389288604259491
-0.036795277148485184
-0.08326801657676697
0.07942049950361252
-0.029839424416422844
0.015989379957318306
-0.07492164522409439
-0.16965171694755554
-0.07006370276212692
-0.008042987436056137
0.016381636261940002
-0.12884335219860077
-0.014424066990613937
0.05148516967892647
-0.06417754292488098
-0.10868659615516663
0.03270500525832176
-0.08008943498134613
-0.059862665832042694
0.02204994298517704
-0.044832538813352585
-0.07556424289941788
-0.15123681724071503
-0.06398466229438782
-0.03307931125164032
-0.044049352407455444
-0.06489645689725876
-0.048479605466127396
-0.1666339486837387
-0.018924226984381676
-0.06645489484071732
-0.03737051039934158
-0.06443887203931808
-0.08754623681306839
-0.0618264302611351
-0.10400664061307907
0.007150493562221527
0.0655163824558258
-0.16387806832790375
-0.02300809882581234
0.08313831686973572
0.025054626166820526
-0.0709548369050026
0.03398871421813965
0.002405217383056879
0.07258473336696625
-0.03860939294099808
-0.0911351665854454
-0.1456255465745926
-0.06471756845712662
0.06622294336557388
0.005359290167689323
-0.022678382694721222
-0.07801878452301025
0.12028495222330093
0.08368729799985886
0.08053512871265411
-0.031203363090753555
-0.07794982194900513
-0.0628405287861824
-0.05013587325811386
-0.09698205441236496
-0.030529187992215157
-0.10645834356546402
-0.12377322465181351
-0.15407636761665344
0.02111826464533806
-0.009892025031149387
-0.05178563669323921
-0.14929236471652985
-0.10676561295986176
0.15550951659679413
-0.08273430168628693
-0.07232242077589035
-0.046302106231451035
-0.0007433166028931737
-0.09761328250169754
-0.010068853385746479
-0.08872012794017792
-0.06868883967399597
-0.01502097025513649
-0.03923545032739639
-0.1049913540482521
-0.04902318865060806
-0.09669426828622818
0.030976753681898117
-0.04000969976186752
-0.037477392703294754
0.00020465347915887833
-0.06349492073059082
-0.07177328318357468
-0.026285452768206596
-0.010259367525577545
-0.049011752009391785
-0.11228493601083755
-0.11088379472494125
-0.05617458000779152
-0.07181864976882935
0.08699842542409897
-0.06058025360107422
0.12402983754873276
-0.005135533399879932
-0.07920823246240616
-0.06871970742940903
-0.09060557186603546
-0.12708161771297455
0.014805435203015804
-0.0485367476940155
-0.018726754933595657
-0.09598460793495178
-0.08911429345607758
0.10692983865737915
0.023374663665890694
0.01642187498509884
0.0247955285012722
-0.23639534413814545
-0.022829867899417877
-0.001414384343661368
-0.15212315320968628
0.008035164326429367
-0.06316464394330978
0.03876276686787605
-0.15573690831661224
-0.051767680794000626
-0.08493455499410629
-0.03967967629432678
0.05804750695824623
-0.0017078551463782787
-0.10288122296333313
-0.09265241026878357
0.006589239463210106
-0.029804188758134842
0.08240673691034317
-0.06366081535816193
-0.05103566125035286
-0.09324611723423004
-0.023527948185801506
-0.03300977498292923
0.039590828120708466
-0.0057549020275473595
-0.05663720890879631
0.019467290490865707
0.06224364787340164
0.0617632120847702
0.061406221240758896
-0.04314741864800453
0.12433220446109772
-0.012386217713356018
-0.04592560604214668
-0.1336081475019455
-0.14660505950450897
0.027886968106031418
0.07453224062919617
-0.02222288027405739
0.126993328332901
-0.032844725996255875
-0.12434011697769165
-0.18761564791202545
0.04199163243174553
0.07906738668680191
-0.049892522394657135
-0.09603241086006165
-0.033072330057621
-0.012654137797653675
-0.1870882362127304
-0.14301542937755585
0.00392180448397994
-0.07520505040884018
-0.01684539020061493
-0.20939861238002777
-0.10340564697980881
-0.167506143450737
-0.04388030245900154
-0.10022450238466263
-0.04937472939491272
-0.03144252672791481
-0.1449466198682785
-0.1288325935602188
-0.06323560327291489
0.017947567626833916
0.02135721780359745
-0.06064607948064804
-0.1429603397846222
-0.07973746210336685
-0.015543872490525246
0.017529606819152832
0.011163239367306232
-0.11168018728494644
-0.028270356357097626
-0.12263261526823044
-0.11180546134710312
-0.07346108555793762
0.09046436101198196
0.009456712752580643
0.010515013709664345
0.058801449835300446
0.042165569961071014
0.05637890473008156
-0.16566087305545807
-0.10712860524654388
-0.11892571300268173
0.01329813152551651
0.04798126220703125
-0.14866288006305695
-0.11704859137535095
-0.15920862555503845
-0.06734664738178253
-0.049287401139736176
-0.0841398760676384
0.008059893734753132
-0.07749297469854355
-0.014260881580412388
-0.03489489480853081
-0.07093170285224915
0.010069682262837887
-0.08332068473100662
-0.0071888272650539875
-0.048343997448682785
-0.15258578956127167
0.07870829105377197
0.021197738125920296
0.0616084560751915
0.038956403732299805
-0.0968354120850563
-0.005190673284232616
-0.025587912648916245
-0.12888062000274658
-0.07038509845733643
0.05435801297426224
0.07937023043632507
-0.08782006800174713
-0.05972733348608017
-0.0969851091504097
-0.031295713037252426
-0.09227091073989868
-0.006368120666593313
-0.14309240877628326
-0.0007889672415331006
-0.07601199299097061
-0.14144545793533325
-0.051710113883018494
0.07544054836034775
-0.04463650658726692
0.01819280907511711
0.08837103098630905
-0.007460081484168768
-0.00021042919252067804
0.08594615012407303
-0.1198846623301506
-0.012741061858832836
-0.13678494095802307
-0.03872789815068245
-0.03600843995809555
-0.08329261094331741
-0.02083437703549862
0.01000848039984703
-0.11980258673429489
-0.020716467872262
0.01041150838136673
0.006174772046506405
-0.08727160096168518
0.030536280944943428
0.007420155685395002
0.0009231362491846085
0.007445373572409153
-0.05399216711521149
0.11501426994800568
-0.16186001896858215
-0.04390024021267891
-0.1263359934091568
-0.16207541525363922
0.014416898600757122
-0.09863714873790741
-0.16077040135860443
0.0943518877029419
-0.08975967764854431
-0.12023390829563141
0.020991269499063492
-0.029792420566082
-0.05295319855213165
-0.05677814036607742
-0.07727624475955963
0.0012738938676193357
-0.13870008289813995
-0.004935575649142265
0.004796459339559078
0.08142958581447601
-0.24373933672904968
-0.07281392067670822
-0.10725326836109161
0.04267151281237602
-0.033182527869939804
-0.015921883285045624
-0.19042079150676727
-0.10915522277355194
-0.024879340082406998
-0.07817142456769943
-0.08709274977445602
-0.10833803564310074
-0.10451532155275345
-0.041427791118621826
-0.1125081330537796
-0.07680068910121918
0.0852930024266243
-0.03825662285089493
-0.1596122682094574
-0.10221850872039795
-0.013388857245445251
-0.01580718159675598
-0.10116428881883621
-0.1649695485830307
0.023230332881212234
0.016665102913975716
0.0763232484459877
0.10409991443157196
-0.046959664672613144
-0.026447037234902382
-0.10234170407056808
0.017437094822525978
-0.10297204554080963
-0.08545283228158951
-0.18481172621250153
-0.15221746265888214
-0.06639241427183151
0.045788947492837906
0.11201784014701843
-0.2327350378036499
-0.02455632947385311
0.05970769748091698
-0.010997293516993523
-0.08248042315244675
0.0494547076523304
-0.07929250597953796
-0.0880972146987915
-0.1492847204208374
-0.04328151419758797
-0.050918981432914734
-0.009139996021986008
0.06369223445653915
-0.1266927421092987
-0.03774581104516983
-0.016470888629555702
-0.06316059827804565
-0.017163654789328575
-0.10750138759613037
0.016881678253412247
-0.04533293843269348
-0.02375202253460884
-0.1354387104511261
-0.009750994853675365
-0.09611693769693375
0.0472269244492054
-0.0014054480707272887
0.007009871769696474
-0.04510294646024704
-0.10762207955121994
-0.14968428015708923
-0.12671343982219696
0.05693770572543144
-0.03880016878247261
-0.062390685081481934
-0.08559709787368774
-0.0810558944940567
-0.07566960901021957
-0.11619921028614044
0.024355152621865273
-0.12630315124988556
-0.004798913840204477
-0.08442353457212448
-0.08006151020526886
0.02099943533539772
-0.041441380977630615
0.03869437426328659
-0.1258380115032196
-0.16111545264720917
0.17689891159534454
-0.01988878659904003
-0.12737658619880676
-0.042706847190856934
-0.02344055287539959
-0.08041875809431076
-0.020810233429074287
0.05609768629074097
-0.07290371507406235
-0.13002920150756836
-0.05264228954911232
-0.04419150575995445
-0.00521420780569315
-0.12770923972129822
0.0056068748235702515
-0.10985749214887619
-0.0069968681782484055
0.017317330464720726
-0.0032575237564742565
-0.153385728597641
-0.015627088025212288
-0.029182467609643936
-0.11089032143354416
-0.055487118661403656
0.050116319209337234
-0.0536821149289608
0.038916654884815216
0.03856858238577843
-0.05028524249792099
-0.02337728627026081
-0.056326255202293396
-0.17207197844982147
-0.12953397631645203
-0.08234301209449768
-0.12620574235916138
-0.11014346778392792
-0.21235470473766327
-0.10063330829143524
-0.12568773329257965
-0.039722513407468796
-0.0861402079463005
-0.11842531710863113
-0.08484962582588196
-0.051709748804569244
0.12997181713581085
-0.0646253153681755
-0.1786651611328125
-0.13147079944610596
0.0500960573554039
-0.016184339299798012
0.022174160927534103
-0.06056830286979675
-0.10248211026191711
-0.020798906683921814
-0.02379664033651352
-0.004781457595527172
0.0028158968780189753
0.1434801071882248
-0.05922657996416092
-0.1462910771369934
-0.11296427249908447
-0.05961834266781807
-0.07316760718822479
0.011035271920263767
-0.07420393079519272
-0.02888399176299572
-0.10346194356679916
-0.09138740599155426
-0.04923297464847565
-0.1833716481924057
-0.05060457065701485
-0.07490929961204529
-0.03129210323095322
-0.0026053579058498144
-0.09999583661556244
-0.10709210485219955
-0.000337858684360981
0.016525104641914368
-0.07107062637805939
0.04748145118355751
0.0350838378071785
-0.10124082863330841
-0.08603821694850922
-0.10414423048496246
-0.09793304651975632
0.03602277487516403
-0.13884179294109344
-0.08968038111925125
-0.05962443724274635
-0.1166369840502739
-0.17242956161499023
-0.03078950196504593
-0.010898562148213387
-0.15851996839046478
-0.09885147213935852
-0.08748612552881241
-0.03350599855184555
-0.11497414857149124
0.009819812141358852
0.005921962670981884
-0.0500667542219162
-0.12222108244895935
-0.0426752045750618
-0.028780829161405563
0.039673544466495514
0.017783623188734055
-0.010308346711099148
-0.01633383519947529
-0.0030721137300133705
-0.04061346501111984
-0.06952246278524399
0.00015209813136607409
-0.010988987982273102
-0.07507551461458206
-0.1843089759349823
0.06461572647094727
-0.13533827662467957
-0.03410683944821358
-0.13517285883426666
-0.09100288152694702
-0.06172080710530281
0.02635873667895794
-0.03763676434755325
-0.07064081728458405
-0.07108808308839798
-0.11711576581001282
0.030958546325564384
-0.05040457099676132
-0.03135862201452255
0.029821323230862617
-0.0745973289012909
-0.03617943078279495
-0.12764210999011993
-0.08074676245450974
-0.14721053838729858
-0.11045677214860916
-0.13749383389949799
-0.06146593391895294
-0.0770081877708435
-0.07378938794136047
-0.05504884198307991
-0.0865391418337822
-0.00101142015773803
-0.00513223372399807
-0.22496648132801056
-0.12585774064064026
-0.17228834331035614
-0.021336952224373817
-0.05648946762084961
-0.07134883105754852
-0.05144304037094116
-0.07498148083686829
-0.038305338472127914
0.05313213914632797
-0.01482346747070551
-0.055025067180395126
-0.0569472573697567
0.09428078681230545
-0.09893527626991272
-0.07000316679477692
-0.11989222466945648
-0.09616870433092117
-0.025779640302062035
-0.10212429612874985
-0.09542982280254364
0.02596854232251644
0.03299916163086891
-0.07742759585380554
-0.14917954802513123
-0.039922185242176056
-0.004535929299890995
-0.07800059020519257
-0.05996100232005119
-0.12009608000516891
-0.1960921585559845
-0.12124010175466537
-0.07161487638950348
0.07073057442903519
0.007589658722281456
-0.07298476248979568
-0.0046038152649998665
-0.10247676819562912
-0.05293489620089531
0.07752445340156555
0.007855787873268127
0.11750312894582748
-0.022657698020339012
-0.17274628579616547
-0.09298601001501083
-0.04612388461828232
-0.07850926369428635
-0.061253491789102554
-0.0853060707449913
-0.2137189358472824
-0.0829789787530899
0.058139439672231674
-0.09132429957389832
0.031015019863843918
-0.10192655771970749
-0.12311562150716782
-0.1280423402786255
-0.15524934232234955
-0.11967776715755463
-0.055688418447971344
-0.063607357442379
-0.10150027275085449
-0.004797362722456455
-0.0247354619204998
-0.13250699639320374
-0.04538371413946152
0.0247990470379591
-0.17192213237285614
-0.1938668191432953
-0.03345946967601776
0.016844458878040314
0.09545275568962097
-0.1123376339673996
-0.01247901190072298
-0.0068221259862184525
-0.15183725953102112
0.03558751195669174
-0.09956890344619751
-0.09905195236206055
-0.11629162728786469
