0.4727018475532532
0.4719512462615967
0.4730132520198822
0.49320608377456665
0.4669366478919983
0.46686479449272156
0.4776405990123749
0.46514806151390076
0.4671850800514221
0.45781952142715454
0.46413394808769226
0.4682421088218689
0.46793296933174133
0.45803797245025635
0.4601491093635559
0.44155189394950867
0.463005393743515
0.462235689163208
0.47243061661720276
0.46056950092315674
0.4991825819015503
0.4630846381187439
0.45809513330459595
0.4867117702960968
0.45834535360336304
0.4507341980934143
0.4735850691795349
0.453745573759079
0.4875217080116272
0.4875939190387726
0.47721344232559204
0.4486880898475647
0.45729610323905945
0.4500965476036072
0.47724226117134094
0.43900176882743835
0.4487854242324829
0.4927341043949127
0.5051073431968689
0.46329134702682495
0.42936545610427856
0.47977983951568604
0.4780871272087097
0.7491626143455505
0.512826681137085
0.7736461162567139
0.48955872654914856
0.6187996864318848
0.5174425840377808
0.5634562969207764
0.4982498288154602
0.5072595477104187
0.5195884704589844
0.6455737948417664
0.5242961049079895
0.499580055475235
0.46883445978164673
0.5298013687133789
0.47742825746536255
0.5248487591743469
0.5403960943222046
0.4776928722858429
0.4764426052570343
0.4399176836013794
0.4501301646232605
0.48792368173599243
0.47244763374328613
0.44678860902786255
0.45540642738342285
0.47790616750717163
0.47199222445487976
0.4700557589530945
0.4613405764102936
0.4815111756324768
0.5052310824394226
0.47254496812820435
0.4772696793079376
0.47917747497558594
0.4585930109024048
0.44852519035339355
0.4639337360858917
0.47740745544433594
0.46539756655693054
0.4736957550048828
0.4696434736251831
0.47144973278045654
0.4724855124950409
0.46928009390830994
0.46937295794487
0.47483012080192566
0.4659813642501831
0.4626431167125702
0.4532753825187683
0.4773595631122589
0.44966328144073486
0.4650328457355499
0.44928422570228577
0.4715087413787842
0.48109427094459534
0.4648694694042206
0.47331178188323975
0.4452151358127594
0.4631319046020508
0.4710800051689148
0.44454801082611084
0.4656027555465698
0.4679238200187683
0.4557812511920929
0.42993128299713135
0.4642571806907654
0.4663563072681427
0.44616153836250305
0.4504983723163605
0.46395426988601685
0.4608253240585327
0.46665406227111816
0.422027587890625
0.4406243860721588
0.4700925946235657
0.46689724922180176
0.4509333372116089
0.42657703161239624
0.4423900842666626
0.4302588999271393
0.4425879716873169
0.4651108980178833
0.447934627532959
0.4313969612121582
0.44945070147514343
0.42254313826560974
0.4532720148563385
0.4327815771102905
0.4380500912666321
0.43432360887527466
0.4430389404296875
0.4316866397857666
0.41898366808891296
0.422713041305542
0.4279733896255493
0.4500064551830292
0.42364004254341125
0.4333263337612152
0.4213899075984955
0.43083012104034424
0.42642802000045776
0.4264604449272156
0.43811318278312683
0.39939334988594055
0.42747730016708374
0.4440971314907074
0.4364578127861023
0.4268878698348999
0.422434002161026
0.41241490840911865
0.4058072566986084
0.4296856224536896
0.39877331256866455
0.4068830609321594
0.39055687189102173
0.38479381799697876
0.4031734764575958
0.37745821475982666
0.3967147767543793
0.4318222999572754
0.4291420876979828
0.4345901906490326
0.4013163447380066
0.45528408885002136
0.38125911355018616
0.44562309980392456
0.39409109950065613
0.4105556309223175
0.4423685669898987
0.45389679074287415
0.4161953330039978
0.38187259435653687
0.40331172943115234
0.4311542212963104
0.4108803868293762
0.41722777485847473
0.4120979905128479
0.42572376132011414
0.38046252727508545
0.4417743980884552
0.39127570390701294
0.36348268389701843
0.3811389207839966
0.43969354033470154
0.4295228123664856
0.41228100657463074
0.40192583203315735
0.41086336970329285
0.43853631615638733
0.39629435539245605
0.3928345739841461
0.433268278837204
0.40348729491233826
0.412769615650177
0.438178688287735
0.40930867195129395
0.4098801612854004
0.3797439932823181
0.43219467997550964
0.4395262598991394
0.38705891370773315
0.4047367572784424
0.4269166886806488
0.4308479428291321
0.4018682837486267
0.44276782870292664
0.4783249795436859
0.415117472410202
0.4316766560077667
0.4070490896701813
0.3776375651359558
0.4201904833316803
0.42004266381263733
0.4062926769256592
0.4025319218635559
0.5003995299339294
0.439865380525589
0.4236043095588684
0.4309120178222656
0.37547969818115234
0.5008387565612793
0.4571552574634552
0.3912123441696167
0.45639896392822266
0.40325063467025757
0.4093424081802368
0.38505905866622925
0.3809060752391815
0.44503355026245117
0.37680238485336304
0.41624557971954346
0.4204539358615875
0.39030709862709045
0.42616623640060425
0.39461758732795715
0.38586142659187317
0.41164615750312805
0.40952014923095703
0.4369994103908539
0.4372260570526123
0.4292364716529846
0.3983077108860016
0.40690213441848755
0.4222014546394348
0.4402104914188385
0.39707645773887634
