0.4473758637905121
0.44952696561813354
0.4460313320159912
0.45892226696014404
0.4442685544490814
0.4422093331813812
0.4490996301174164
0.4395744204521179
0.4417620599269867
0.43673330545425415
0.4420749545097351
0.44131138920783997
0.44525256752967834
0.43727198243141174
0.43317660689353943
0.42660942673683167
0.4405386447906494
0.4373036026954651
0.4459088146686554
0.4337539076805115
0.46216216683387756
0.4390120804309845
0.4358687102794647
0.4481060802936554
0.4354076087474823
0.4282207190990448
0.4441169500350952
0.42851749062538147
0.4518720209598541
0.45326223969459534
0.4385400414466858
0.4209158718585968
0.42524510622024536
0.42719316482543945
0.42702868580818176
0.4083532392978668
0.4193437695503235
0.4356858730316162
0.4303092062473297
0.427141010761261
0.4191209077835083
0.42257052659988403
0.4480125606060028
0.4343019723892212
0.43159401416778564
0.4432156980037689
0.4011912941932678
0.3576744496822357
0.3745531141757965
0.36110737919807434
0.2557981610298157
0.2936413884162903
0.3573976755142212
0.4784502387046814
0.44105398654937744
0.3801395297050476
0.38228321075439453
0.32480934262275696
0.3936592936515808
0.4256512522697449
0.44809770584106445
0.30002379417419434
0.34333112835884094
0.3193512260913849
0.30927351117134094
0.37598147988319397
0.3406859040260315
0.3441885709762573
0.28886914253234863
0.34960082173347473
0.3335798382759094
0.32793715596199036
0.33266112208366394
0.3470674753189087
0.3558955192565918
0.32357585430145264
0.32862013578414917
0.31542959809303284
0.22792454063892365
0.215092733502388
0.24175724387168884
0.2452281266450882
0.26641833782196045
0.23829691112041473
0.2522040903568268
0.2558610439300537
0.17699290812015533
0.1737896353006363
0.18472297489643097
0.14960698783397675
0.15731512010097504
0.27156782150268555
0.14825396239757538
0.14393344521522522
0.10913930088281631
0.2326098084449768
0.1706128716468811
0.14095941185951233
0.18117234110832214
0.10740881413221359
0.19639576971530914
0.23304109275341034
0.21300113201141357
0.2726558744907379
0.22474317252635956
0.1518680453300476
0.25495120882987976
0.23071134090423584
0.1793994903564453
0.2937907576560974
0.2805626392364502
0.2237691581249237
0.2786116898059845
0.3111216127872467
0.2846594452857971
0.2893404960632324
0.21412019431591034
0.2534504234790802
0.2706906497478485
0.3044661581516266
0.2238481640815735
0.16192452609539032
0.2409292608499527
0.24304506182670593
0.27742281556129456
0.26596683263778687
0.28023481369018555
0.2721414864063263
0.2703343331813812
0.24146007001399994
0.25088778138160706
0.27286359667778015
0.29171591997146606
0.2145363688468933
0.312761515378952
0.241800457239151
0.2491895854473114
0.2745075821876526
0.2944221496582031
0.28747373819351196
0.25203314423561096
0.2854987680912018
0.25409647822380066
0.23003382980823517
0.26013270020484924
0.3362496495246887
0.2647158205509186
0.2745785713195801
0.2179800122976303
0.2547162175178528
0.2169632613658905
0.18888339400291443
0.21143685281276703
0.18282686173915863
0.21975082159042358
0.1724863201379776
0.20725399255752563
0.2093663513660431
0.1831183284521103
0.1860688477754593
0.19968771934509277
0.13251174986362457
0.15934842824935913
0.14044305682182312
0.18570351600646973
0.21518073976039886
0.14965368807315826
0.09518778324127197
0.16707289218902588
0.22218476235866547
0.15423399209976196
0.13438476622104645
0.20035746693611145
0.1447678953409195
0.12618349492549896
0.1930098980665207
0.10397034138441086
0.1344563066959381
0.1398106813430786
0.16009119153022766
0.18797318637371063
0.13489311933517456
0.09577403217554092
0.11940731853246689
0.08217501640319824
0.13836568593978882
0.12711991369724274
0.1267714500427246
0.1099853366613388
0.1386318802833557
0.08008962124586105
0.06964735686779022
0.16004766523838043
0.16353021562099457
0.1749533712863922
0.15619570016860962
0.16121233999729156
0.17275285720825195
0.14637823402881622
0.11159729212522507
0.1267288625240326
0.0959995687007904
0.1859617680311203
0.131509929895401
0.13782304525375366
0.11894768476486206
0.13585861027240753
0.12480232119560242
0.13106945157051086
0.12398584187030792
0.1640394777059555
0.2114061713218689
0.12734846770763397
0.1475670337677002
0.11512040346860886
0.19348479807376862
0.18594154715538025
0.13236358761787415
0.1764884889125824
0.16367533802986145
0.14473116397857666
0.13077370822429657
0.15572062134742737
0.14335814118385315
0.11426348984241486
0.2045959085226059
0.15531180799007416
0.1609690636396408
0.17442145943641663
0.20897147059440613
0.11947894096374512
0.1739673614501953
0.1886429339647293
0.1535511612892151
0.1764676719903946
0.2570134401321411
0.16778723895549774
0.15335360169410706
0.20410442352294922
0.19658005237579346
0.15501712262630463
0.16788730025291443
0.16201019287109375
0.1957363784313202
0.14625421166419983
0.14093494415283203
0.22401101887226105
0.1868506371974945
0.17892882227897644
0.1827307939529419
