-0.05252329260110855
-0.05677124112844467
-0.050071168690919876
-0.02076099067926407
-0.06147180125117302
-0.05862174928188324
-0.04335061088204384
-0.05922476574778557
-0.05726839601993561
-0.07105092704296112
-0.06383225321769714
-0.05438647419214249
-0.06119481846690178
-0.07254070788621902
-0.061122115701436996
-0.09453985095024109
-0.06483930349349976
-0.06216703727841377
-0.051440462470054626
-0.0622178316116333
-0.012954256497323513
-0.06345690786838531
-0.07092223316431046
-0.021961810067296028
-0.06945974379777908
-0.07695099711418152
-0.04524204507470131
-0.06805358827114105
-0.02595648728311062
-0.02688812091946602
-0.031165633350610733
-0.06872157752513885
-0.06114860996603966
-0.07259723544120789
-0.02988143265247345
-0.07813869416713715
-0.06363357603549957
0.006130066234618425
0.02409926988184452
-0.02500632032752037
-0.06271035969257355
0.03547088801860809
0.08301769942045212
0.538375198841095
0.3381291925907135
0.6220735907554626
0.28691214323043823
0.40688616037368774
0.2867948114871979
0.2590457797050476
0.14493447542190552
0.1173049658536911
0.1203705295920372
0.2534186840057373
0.07588572800159454
0.04399742931127548
0.006133316084742546
0.08042359352111816
0.02463138848543167
0.043328553438186646
0.059825606644153595
0.026636488735675812
-0.025366246700286865
-0.06261730939149857
-0.03986214101314545
-0.021122973412275314
-0.03443567082285881
-0.060564104467630386
-0.0534990020096302
-0.030951885506510735
-0.040891315788030624
-0.04736896976828575
-0.05498456954956055
-0.042051542550325394
-0.018193954601883888
-0.03723993897438049
-0.04306809976696968
-0.036182790994644165
-0.06382539123296738
-0.06356552988290787
-0.0573568269610405
-0.030153729021549225
-0.055221207439899445
-0.04338087886571884
-0.05326562002301216
-0.05027371272444725
-0.04105839133262634
-0.05133073776960373
-0.05015186220407486
-0.03462538868188858
-0.05178164318203926
-0.05414390191435814
-0.06999672204256058
-0.0432140976190567
-0.07503213733434677
-0.058999091386795044
-0.07383442670106888
-0.044571105390787125
-0.02868485450744629
-0.060750726610422134
-0.04380391910672188
-0.0684342086315155
-0.0535789430141449
-0.05071427673101425
-0.06505408883094788
-0.05160887911915779
-0.05710088461637497
-0.05600394308567047
-0.08271757513284683
-0.06584708392620087
-0.049578260630369186
-0.056245483458042145
-0.062462225556373596
-0.058015283197164536
-0.04823344945907593
-0.05806237459182739
-0.08054018020629883
-0.07144588977098465
-0.0497070848941803
-0.05675656720995903
-0.04895467311143875
-0.08474554121494293
-0.06667355448007584
-0.07493242621421814
-0.0531085804104805
-0.052773334085941315
-0.06728817522525787
-0.070701964199543
-0.053209662437438965
-0.05610482767224312
-0.032245755195617676
-0.05579417198896408
-0.04887382686138153
-0.05670744180679321
-0.06811752915382385
-0.0607362762093544
-0.0458139069378376
-0.053214505314826965
-0.04847552254796028
-0.051177047193050385
-0.0621735043823719
-0.07550528645515442
-0.05779985338449478
-0.04730117693543434
-0.06870301812887192
-0.04413868486881256
-0.059048380702733994
-0.0547027662396431
-0.061899978667497635
-0.07831744849681854
-0.06054505333304405
-0.06382187455892563
-0.05415689945220947
-0.05805893614888191
-0.06148888170719147
-0.05900800973176956
-0.037408117204904556
-0.07087403535842896
-0.05119367688894272
-0.04500916600227356
-0.059489019215106964
-0.058192215859889984
-0.06211375445127487
-0.06038918346166611
-0.04573815315961838
-0.05190974473953247
-0.048500221222639084
-0.053119540214538574
-0.0507584810256958
-0.04982639104127884
-0.042591992765665054
-0.07251264899969101
-0.040826015174388885
-0.057889919728040695
-0.05650017783045769
-0.03977324813604355
-0.049886226654052734
-0.06719328463077545
-0.04905599355697632
-0.061184391379356384
-0.02097507193684578
-0.032397717237472534
-0.018004491925239563
-0.047006819397211075
-0.0361851342022419
-0.05627209320664406
-0.04157804697751999
-0.04019474610686302
-0.02681727334856987
-0.0366305410861969
-0.015623694285750389
-0.05710184946656227
-0.013904610648751259
-0.04991292580962181
-0.052742715924978256
-0.023385193198919296
-0.04956923425197601
-0.048678334802389145
-0.004045022185891867
0.08350302278995514
0.012469370849430561
0.011115223169326782
-0.03448169305920601
-0.028526611626148224
-0.001444258727133274
0.033414699137210846
0.036832425743341446
0.020142393186688423
-0.04455618932843208
-0.005971231497824192
0.052497923374176025
0.03636743873357773
0.017109841108322144
0.00693794060498476
0.020372796803712845
0.006911602336913347
0.03376162424683571
-0.01629653014242649
-0.02728118561208248
0.009829721413552761
0.025622118264436722
0.06410261988639832
0.012526413425803185
0.020701540634036064
0.004936133977025747
0.02996452897787094
-0.004459185991436243
0.004441545344889164
0.02131788246333599
0.03725557401776314
-0.00034599704667925835
0.09322592616081238
0.04643721878528595
0.03457443043589592
-0.004463806748390198
0.06888431310653687
0.06921567767858505
0.05716441944241524
0.03065130114555359
0.029110709205269814
-0.0159519724547863
0.015263717621564865
0.02641112729907036
0.00229337764903903
-0.0008898312225937843
0.02447919361293316
0.03568153828382492
0.024672549217939377
0.024004237726330757
-0.013669736683368683
