0.7454269528388977
0.7482322454452515
0.7437160611152649
0.75498366355896
0.7429031133651733
0.7406219840049744
0.746492862701416
0.7376186847686768
0.7399754524230957
0.7363390922546387
0.7412933111190796
0.7392246723175049
0.7436656951904297
0.7364489436149597
0.7319959998130798
0.7283012270927429
0.7397904992103577
0.7364147901535034
0.74395751953125
0.7326427698135376
0.7566101551055908
0.7377962470054626
0.7353597283363342
0.7439337968826294
0.7351400256156921
0.730742871761322
0.7415865659713745
0.7300649285316467
0.7429877519607544
0.7469478845596313
0.7384806871414185
0.7251430749893188
0.7257469892501831
0.732300877571106
0.7225984334945679
0.7189366221427917
0.7242981791496277
0.7334534525871277
0.7192525863647461
0.7347577214241028
0.7219489812850952
0.7290644645690918
0.7440861463546753
0.7201357483863831
0.7504417896270752
0.7178047895431519
0.733363926410675
0.7136795520782471
0.7359433770179749
0.7392145991325378
0.7140601873397827
0.7250012755393982
0.7358023524284363
0.7438685297966003
0.7172524929046631
0.7071704864501953
0.7175048589706421
0.7168497443199158
0.7186456918716431
0.7195647358894348
0.7310259342193604
0.7171963453292847
0.6997831463813782
0.7292577624320984
0.6664795279502869
0.694664478302002
0.6916562914848328
0.6975845694541931
0.6756533980369568
0.6737662553787231
0.6739985942840576
0.7006824016571045
0.6908369064331055
0.6839398741722107
0.6982179284095764
0.6899023056030273
0.6752895712852478
0.6649674773216248
0.6321267485618591
0.6344519257545471
0.6586229205131531
0.6630421280860901
0.697807252407074
0.6524882912635803
0.7011703848838806
0.6827563643455505
0.6343052387237549
0.6334907412528992
0.6524279713630676
0.6242883205413818
0.6478505730628967
0.6847521662712097
0.6507465839385986
0.6269145011901855
0.5841323733329773
0.6304094791412354
0.6248562932014465
0.592775821685791
0.5725517272949219
0.545025646686554
0.5553103089332581
0.546957790851593
0.5490524768829346
0.5686752796173096
0.4587809145450592
0.4632900655269623
0.5907092690467834
0.4778914451599121
0.45646825432777405
0.5478925108909607
0.3959709107875824
0.38044634461402893
0.4017687141895294
0.46270355582237244
0.3163011074066162
0.3953128755092621
0.3232685327529907
0.3190269470214844
0.28444457054138184
0.28366249799728394
0.2875570058822632
0.2587505877017975
0.27640047669410706
0.3052234649658203
0.36184409260749817
0.37615928053855896
0.3258988857269287
0.3494685888290405
0.35415369272232056
0.37311527132987976
0.34546124935150146
0.3449135422706604
0.3880709111690521
0.3643713891506195
0.43913140892982483
0.3886740207672119
0.4163750112056732
0.4660469889640808
0.48808807134628296
0.492819607257843
0.4800664782524109
0.456095427274704
0.508894681930542
0.3861524760723114
0.4683590531349182
0.5276772975921631
0.46160513162612915
0.43160492181777954
0.49761274456977844
0.4587413966655731
0.5428362488746643
0.4671248197555542
0.39813098311424255
0.49821561574935913
0.4336082339286804
0.47551292181015015
0.3356791138648987
0.5256032347679138
0.4777200520038605
0.454092413187027
0.4845886528491974
0.42361152172088623
0.5073512196540833
0.4300859570503235
0.43206551671028137
0.41508519649505615
0.3883170187473297
0.39807960391044617
0.3261377513408661
0.28459352254867554
0.4495716094970703
0.3426148295402527
0.37543871998786926
0.34675922989845276
0.4061146676540375
0.3979751765727997
0.49138545989990234
0.31793689727783203
0.4698067903518677
0.3426649570465088
0.36323246359825134
0.34488940238952637
0.3952713906764984
0.3578028976917267
0.2718193531036377
0.3415077328681946
0.3644554615020752
0.3159388601779938
0.3176039457321167
0.3489426076412201
0.3405684232711792
0.31426796317100525
0.4832935631275177
0.4302847981452942
0.3939318060874939
0.4151059091091156
0.272338330745697
0.4031144082546234
0.37225252389907837
0.27713796496391296
0.26661428809165955
0.3990452289581299
0.4123290479183197
0.4533407390117645
0.3200443685054779
0.30281558632850647
0.3113613426685333
0.2938239574432373
0.35423991084098816
0.40036529302597046
0.38641220331192017
0.2630864083766937
0.35145503282546997
0.40052610635757446
0.38338735699653625
0.3513561189174652
0.3075958490371704
0.3981219530105591
0.38441839814186096
0.3268204629421234
0.2931678891181946
0.3926604688167572
0.37470775842666626
0.33747240900993347
0.3639777898788452
0.32641345262527466
0.3671776354312897
0.401547372341156
0.3800118863582611
0.3287193477153778
0.3553619682788849
0.3518061935901642
0.343313992023468
0.3119814395904541
0.35657042264938354
0.3402082026004791
0.3314286470413208
0.3999934792518616
0.4166705906391144
0.382621705532074
0.34867072105407715
0.4330947995185852
0.3563324213027954
0.379150927066803
0.32334092259407043
0.34918513894081116
0.32495054602622986
0.36082449555397034
0.40310847759246826
0.3564107418060303
