-0.05652329698204994
-0.060771241784095764
-0.054071150720119476
-0.024760976433753967
-0.06547180563211441
-0.06262167543172836
-0.0473506860435009
-0.06322438269853592
-0.0612679086625576
-0.07505079358816147
-0.06783225387334824
-0.05838530883193016
-0.06519398838281631
-0.07654069364070892
-0.06512217223644257
-0.09853772819042206
-0.06883865594863892
-0.06616507470607758
-0.05544028803706169
-0.06621669232845306
-0.016953935846686363
-0.06745423376560211
-0.07491648197174072
-0.025958405807614326
-0.07345572113990784
-0.08094432204961777
-0.04923711344599724
-0.07204777002334595
-0.02995101734995842
-0.030880006030201912
-0.03515395522117615
-0.07269459962844849
-0.06512170284986496
-0.07657782733440399
-0.03386807441711426
-0.08210445195436478
-0.06758077442646027
0.002155119786038995
0.02014036662876606
-0.028942830860614777
-0.06656920909881592
0.03174494579434395
0.07935477793216705
0.5352820158004761
0.33484625816345215
0.6191027760505676
0.28488215804100037
0.40400341153144836
0.28443095088005066
0.25607040524482727
0.1417175829410553
0.11396375298500061
0.11719082295894623
0.2499329298734665
0.07236769050359726
0.040196456015110016
0.002353210235014558
0.07662155479192734
0.02087198756635189
0.03945642709732056
0.0559036023914814
0.023043854162096977
-0.029331330209970474
-0.06648626923561096
-0.04376579448580742
-0.02515076845884323
-0.03842799365520477
-0.06450524181127548
-0.05750860646367073
-0.0349922776222229
-0.0449180081486702
-0.05142783746123314
-0.05900232493877411
-0.046094976365566254
-0.022307250648736954
-0.041277725249528885
-0.047123249620199203
-0.04024295136332512
-0.06787287443876266
-0.06759975850582123
-0.06141623109579086
-0.03420732170343399
-0.05927189067006111
-0.04740472137928009
-0.057278767228126526
-0.05432070046663284
-0.04511607065796852
-0.05538174882531166
-0.05416201800107956
-0.038661930710077286
-0.0558055080473423
-0.0581793375313282
-0.07401634007692337
-0.0472596138715744
-0.07906866073608398
-0.06305050104856491
-0.07785449177026749
-0.0485893115401268
-0.032731857150793076
-0.06480201333761215
-0.047843463718891144
-0.07243968546390533
-0.05761905014514923
-0.05474964156746864
-0.06907919049263
-0.05565003678202629
-0.06114574521780014
-0.06001396104693413
-0.08677839487791061
-0.06989039480686188
-0.05358418449759483
-0.06027888506650925
-0.06651495397090912
-0.062059808522462845
-0.05220663547515869
-0.06208319589495659
-0.08456525951623917
-0.07547541707754135
-0.053740162402391434
-0.06080139800906181
-0.05297880992293358
-0.08877424150705338
-0.07068662345409393
-0.07896444946527481
-0.057095155119895935
-0.05682031437754631
-0.07131945341825485
-0.07472243160009384
-0.05724364519119263
-0.06011728197336197
-0.03628060594201088
-0.05977592244744301
-0.052863750606775284
-0.06074131652712822
-0.07217003405094147
-0.06474454700946808
-0.04986623302102089
-0.05725478380918503
-0.052501380443573
-0.05522967129945755
-0.0662103146314621
-0.0794939249753952
-0.06174285337328911
-0.0513482429087162
-0.07270008325576782
-0.04813520237803459
-0.06303080171346664
-0.05869783088564873
-0.06590279936790466
-0.08233658224344254
-0.06450719386339188
-0.06784455478191376
-0.05819859728217125
-0.06207529082894325
-0.06558403372764587
-0.06301964819431305
-0.041474856436252594
-0.07490633428096771
-0.055298078805208206
-0.048930104821920395
-0.06361796706914902
-0.062243103981018066
-0.06615477800369263
-0.06439986824989319
-0.04972964525222778
-0.055974870920181274
-0.052531786262989044
-0.057110272347927094
-0.05485536530613899
-0.0538051575422287
-0.046621713787317276
-0.07652384787797928
-0.04490876942873001
-0.06190507858991623
-0.06041806563735008
-0.043764252215623856
-0.05356789007782936
-0.07116175442934036
-0.05299396067857742
-0.06513775885105133
-0.024940356612205505
-0.03634437546133995
-0.022057266905903816
-0.05102922022342682
-0.04020891338586807
-0.060187287628650665
-0.04555163159966469
-0.044165804982185364
-0.030734626576304436
-0.04033725708723068
-0.01964740827679634
-0.06104201450943947
-0.018070213496685028
-0.05381065234541893
-0.056675639003515244
-0.02729940414428711
-0.05342618376016617
-0.05262777581810951
-0.008013157173991203
0.0798623114824295
0.008404827676713467
0.007225220091640949
-0.038552459329366684
-0.0324828065931797
-0.005336496978998184
0.029607446864247322
0.03290341794490814
0.016233233734965324
-0.04840468615293503
-0.00981241837143898
0.04880564287304878
0.03250795975327492
0.013200384564697742
0.0032637272961437702
0.016567224636673927
0.0030947919003665447
0.02990153804421425
-0.019987178966403008
-0.03115328773856163
0.006195222958922386
0.02157600037753582
0.06030731275677681
0.008678087964653969
0.01675511710345745
0.001032607164233923
0.025927690789103508
-0.008207369595766068
0.0006044701440259814
0.017394311726093292
0.03337892144918442
-0.004125525243580341
0.08950391411781311
0.042618270963430405
0.030820345506072044
-0.008052414283156395
0.06507396697998047
0.06532122939825058
0.05322139710187912
0.02663593553006649
0.025367621332406998
-0.020064355805516243
0.011312647722661495
0.022498704493045807
-0.0016695831436663866
-0.004732310771942139
0.020467106252908707
0.03175289183855057
0.020735271275043488
0.01996995136141777
-0.017597604542970657
