0.7381228804588318
0.7391793727874756
0.7373917698860168
0.7529935240745544
0.7340242266654968
0.7325654625892639
0.7409924864768982
0.7303251624107361
0.7324099540710449
0.7255024909973145
0.7313088774681091
0.732481062412262
0.7351544499397278
0.726265549659729
0.7240678071975708
0.7129274010658264
0.7300001978874207
0.7276037931442261
0.7370293140411377
0.7247477173805237
0.7576569318771362
0.7291991710662842
0.725386381149292
0.7437611222267151
0.725117027759552
0.7172989249229431
0.7362669706344604
0.7181894779205322
0.7472586035728455
0.7477573752403259
0.7339926958084106
0.7111355066299438
0.7188806533813477
0.7154775261878967
0.7287992835044861
0.6983165144920349
0.7124394178390503
0.739779531955719
0.7410255074501038
0.7181404232978821
0.6911742091178894
0.7341364622116089
0.7064816355705261
0.7353373169898987
0.6807799935340881
0.8087191581726074
0.6182184815406799
0.6743130683898926
0.5889917612075806
0.6811598539352417
0.5782201290130615
0.6767321825027466
0.7136736512184143
0.8619140982627869
0.7233266830444336
0.6991859674453735
0.6649770736694336
0.6882426738739014
0.6755345463752747
0.753953754901886
0.7640647292137146
0.6304512619972229
0.686768651008606
0.6323084831237793
0.619651734828949
0.6936225295066833
0.6807207465171814
0.6239505410194397
0.6031185984611511
0.6514430046081543
0.6304342746734619
0.6395468711853027
0.634463369846344
0.680121660232544
0.7131972312927246
0.630986213684082
0.6333535313606262
0.627461314201355
0.5292460322380066
0.5308744311332703
0.5628944039344788
0.5886079668998718
0.6435738801956177
0.544779360294342
0.7303080558776855
0.581663191318512
0.5549029111862183
0.5711437463760376
0.5344240069389343
0.5117847323417664
0.5820754766464233
0.6669609546661377
0.5445336103439331
0.5287956595420837
0.5509549975395203
0.6518075466156006
0.5784001350402832
0.5799165368080139
0.5958114862442017
0.4921749532222748
0.6004241108894348
0.6265801787376404
0.6411333680152893
0.6693974137306213
0.6046165227890015
0.5690128207206726
0.6545329689979553
0.582524836063385
0.5945056080818176
0.669406533241272
0.6094260215759277
0.6060773730278015
0.6255828142166138
0.6734747886657715
0.6341512203216553
0.6149747967720032
0.5898945927619934
0.5984525084495544
0.6206884980201721
0.636238157749176
0.5997663736343384
0.5290103554725647
0.6058821082115173
0.6106142401695251
0.6367874145507812
0.6007696390151978
0.6346592903137207
0.6588769555091858
0.6460458040237427
0.6341443657875061
0.6205509305000305
0.6475780606269836
0.6787043809890747
0.6006369590759277
0.6807378530502319
0.6161451935768127
0.6167937517166138
0.6378116607666016
0.6538670063018799
0.6238101124763489
0.6417542695999146
0.653384804725647
0.6289301514625549
0.6393628120422363
0.6330699920654297
0.6552238464355469
0.6631857752799988
0.6098882555961609
0.5763756632804871
0.604634702205658
0.6105493903160095
0.6506425142288208
0.6441914439201355
0.6691242456436157
0.6611853837966919
0.6600431203842163
0.554235577583313
0.6212368011474609
0.632454514503479
0.5936057567596436
0.6455628275871277
0.5795854330062866
0.6131881475448608
0.6539576053619385
0.6117691993713379
0.5828843712806702
0.606846809387207
0.5613183975219727
0.5198262929916382
0.5985122919082642
0.649179220199585
0.5655987858772278
0.6003707647323608
0.6157284379005432
0.5965970158576965
0.5984105467796326
0.5992842316627502
0.5871438384056091
0.5993335247039795
0.634489893913269
0.6186857223510742
0.530755877494812
0.44857561588287354
0.47545677423477173
0.5856488347053528
0.541887104511261
0.5800303220748901
0.4430595934391022
0.511314332485199
0.5365415811538696
0.5108010172843933
0.5177258253097534
0.5478582978248596
0.45486027002334595
0.4818926751613617
0.4715307950973511
0.43645408749580383
0.5208407640457153
0.49319300055503845
0.4870387613773346
0.511388897895813
0.48166099190711975
0.4901021420955658
0.4778840243816376
0.39866504073143005
0.45498114824295044
0.38132375478744507
0.39151209592819214
0.40307509899139404
0.395503968000412
0.41415414214134216
0.5070545673370361
0.4529874324798584
0.36776477098464966
0.4112839996814728
0.33109912276268005
0.5112783908843994
0.3897775113582611
0.3580854535102844
0.40390127897262573
0.3505798280239105
0.41051721572875977
0.5743501782417297
0.34717443585395813
0.3990247845649719
0.40970495343208313
0.3876746892929077
0.34259212017059326
0.38319146633148193
0.30591896176338196
0.3965532183647156
0.38314536213874817
0.40267008543014526
0.4367704689502716
0.37880539894104004
0.35708320140838623
0.40459373593330383
0.40439796447753906
0.3735097050666809
0.346348375082016
0.41470426321029663
0.42224591970443726
0.40917423367500305
0.38693737983703613
0.5115164518356323
0.3952544033527374
0.4963392913341522
0.434630811214447
0.35371750593185425
0.431865394115448
