0.2504271864891052
0.2532322108745575
0.2487158477306366
0.25998345017433167
0.2479029893875122
0.2456219494342804
0.2514926791191101
0.242619127035141
0.24497587978839874
0.24133886396884918
0.24629367887973785
0.24422462284564972
0.2486654669046402
0.24144849181175232
0.23699620366096497
0.2333006113767624
0.24479056894779205
0.241414412856102
0.24895797669887543
0.23764251172542572
0.26161035895347595
0.24279601871967316
0.24035915732383728
0.24893410503864288
0.2401411384344101
0.23574364185333252
0.2465868443250656
0.2350652664899826
0.24798743426799774
0.2519480884075165
0.2434813380241394
0.23014229536056519
0.23074716329574585
0.2373008131980896
0.22759808599948883
0.22393661737442017
0.22929829359054565
0.2384537160396576
0.22425255179405212
0.2397577464580536
0.22694914042949677
0.23406419157981873
0.2490854561328888
0.22513560950756073
0.2554422914981842
0.22280465066432953
0.23836396634578705
0.2186793088912964
0.24094258248806
0.2442145198583603
0.2190600335597992
0.23000122606754303
0.24080294370651245
0.24886789917945862
0.2222522646188736
0.2121707648038864
0.2225048989057541
0.22184938192367554
0.2236454337835312
0.22456447780132294
0.2360258400440216
0.22220729291439056
0.20479027926921844
0.2342587411403656
0.1716952919960022
0.1996733397245407
0.19669270515441895
0.20261502265930176
0.18077661097049713
0.17912635207176208
0.17976485192775726
0.2059137523174286
0.1964045912027359
0.18965737521648407
0.2033650428056717
0.19521227478981018
0.18111033737659454
0.17148612439632416
0.14229518175125122
0.14371506869792938
0.16538769006729126
0.16985365748405457
0.203665629029274
0.1609227955341339
0.20772995054721832
0.19021281599998474
0.14594732224941254
0.14736232161521912
0.16253410279750824
0.13975821435451508
0.16370515525341034
0.1926734745502472
0.16386482119560242
0.14982540905475616
0.11015476286411285
0.1561162918806076
0.14790977537631989
0.12179481983184814
0.12005298584699631
0.1005917340517044
0.1132192462682724
0.1154465600848198
0.11172857880592346
0.12606573104858398
0.08786413818597794
0.08976472169160843
0.15312805771827698
0.10108102113008499
0.08284032344818115
0.15704689919948578
0.08554737269878387
0.07421115785837173
0.09248068183660507
0.14955319464206696
0.06451154500246048
0.0947544127702713
0.06636301428079605
0.06928622722625732
0.05769113823771477
0.05159985274076462
0.05686517432332039
0.05470864847302437
0.048967182636260986
0.05546377971768379
0.10557776689529419
0.10802575200796127
0.06406953930854797
0.07026608288288116
0.039915770292282104
0.06591500341892242
0.045607298612594604
0.03458691015839577
0.05956227332353592
0.04406541585922241
0.11890830844640732
0.09834454208612442
0.037030745297670364
0.0275642741471529
0.08598599582910538
0.05213456600904465
0.05364169925451279
0.04534907639026642
0.024864766746759415
0.04254757985472679
0.05434020236134529
0.08647004514932632
0.062280189245939255
0.08124059438705444
0.07872509956359863
0.045709509402513504
0.04674265906214714
0.04988265037536621
0.0626070573925972
0.05149419978260994
0.0694529190659523
0.04529135301709175
0.0937405675649643
0.04078144580125809
0.06950516998767853
0.040960732847452164
0.07664117217063904
0.07031546533107758
0.06401582062244415
0.052630290389060974
0.08503320813179016
0.0895981714129448
0.05055331438779831
0.04944131150841713
0.04356586933135986
0.03226170316338539
0.044128384441137314
0.047179825603961945
0.07781657576560974
0.047093555331230164
0.09803596884012222
0.040648553520441055
0.050534773617982864
0.05083268880844116
0.050154268741607666
0.03281157836318016
0.07480281591415405
0.0427287332713604
0.040351640433073044
0.04806586354970932
0.05082329362630844
0.03602142632007599
0.04375035688281059
0.08505473285913467
0.067638099193573
0.06433181464672089
0.04235456511378288
0.05342201143503189
0.04409778118133545
0.04473411664366722
0.052169475704431534
0.05304564908146858
0.06893788278102875
0.02780548483133316
0.052385229617357254
0.028698908165097237
0.04761514440178871
0.030227646231651306
0.03188972547650337
0.03155749663710594
0.039106179028749466
0.03289056569337845
0.0320965051651001
0.06029556319117546
0.03171247988939285
0.041826196014881134
0.024055087938904762
0.04505489394068718
0.06763667613267899
0.028631610795855522
0.03145873174071312
0.033754006028175354
0.05285559967160225
0.11942491680383682
0.030780233442783356
0.03804942965507507
0.04789601266384125
0.04793067276477814
0.0329907201230526
0.020014289766550064
0.045628201216459274
0.015220883302390575
0.02125595696270466
0.05206907540559769
0.07858660072088242
0.11649522930383682
0.019283361732959747
0.08227863162755966
0.016649948433041573
0.05632800608873367
0.03761220723390579
0.032643381506204605
0.030541405081748962
0.020435050129890442
0.03302830085158348
0.032209284603595734
0.017586521804332733
0.05276133120059967
0.07115763425827026
0.03594677150249481
0.030169356614351273
0.014702153392136097
0.022805562242865562
0.024822982028126717
0.03031449392437935
0.044092807918787
