0.4979274868965149
0.5007323622703552
0.49621573090553284
0.5074836015701294
0.495402991771698
0.49312183260917664
0.49899283051490784
0.4901193082332611
0.49247604608535767
0.48883911967277527
0.49379295110702515
0.4917246699333191
0.4961656928062439
0.4889482259750366
0.4844963252544403
0.4808010160923004
0.4922909140586853
0.48891425132751465
0.4964579939842224
0.48514261841773987
0.5091102719306946
0.4902961850166321
0.4878593385219574
0.49643412232398987
0.4876405596733093
0.48324382305145264
0.4940864145755768
0.48256534337997437
0.49548768997192383
0.4994477331638336
0.4909812808036804
0.47764262557029724
0.4782472252845764
0.48480087518692017
0.47509765625
0.4714369773864746
0.4767976999282837
0.48595380783081055
0.47175276279449463
0.4872579574584961
0.47444915771484375
0.4815639853477478
0.49658554792404175
0.47263574600219727
0.5029420256614685
0.4703046977519989
0.48586419224739075
0.4661794900894165
0.4884428083896637
0.4917144775390625
0.4665604531764984
0.47750094532966614
0.4883025884628296
0.49636805057525635
0.4697521924972534
0.4596705138683319
0.47000551223754883
0.46934962272644043
0.471145361661911
0.47206446528434753
0.4835261404514313
0.4696963429450989
0.4522828459739685
0.4817575216293335
0.418978750705719
0.4471641182899475
0.44415584206581116
0.4500841796398163
0.42815321683883667
0.4262661039829254
0.426498144865036
0.4531830847263336
0.4433371424674988
0.43643975257873535
0.45071810483932495
0.4424019455909729
0.4277900755405426
0.41746753454208374
0.3846270442008972
0.38695138692855835
0.4111226797103882
0.4155426621437073
0.45030757784843445
0.40498802065849304
0.4536705017089844
0.43525630235671997
0.38680440187454224
0.3859911859035492
0.4049282968044281
0.37680375576019287
0.40036478638648987
0.43725159764289856
0.40324896574020386
0.3797343373298645
0.3368421792984009
0.38354119658470154
0.3782590627670288
0.3457239270210266
0.32742589712142944
0.30126166343688965
0.3142436146736145
0.3087286651134491
0.30874571204185486
0.32638809084892273
0.24274824559688568
0.2480640858411789
0.3532905876636505
0.2592705190181732
0.23816366493701935
0.34017956256866455
0.2108350247144699
0.19599440693855286
0.22096627950668335
0.29100602865219116
0.16324482858181
0.22288131713867188
0.1847364604473114
0.17060226202011108
0.15015007555484772
0.14351202547550201
0.1586042046546936
0.13680215179920197
0.14518359303474426
0.15971727669239044
0.22213664650917053
0.23019631206989288
0.1806817203760147
0.19014784693717957
0.1622488647699356
0.18710701167583466
0.1472756415605545
0.15727049112319946
0.19123582541942596
0.16634328663349152
0.23596730828285217
0.12970450520515442
0.2164066582918167
0.2334209680557251
0.18362174928188324
0.23607826232910156
0.20664913952350616
0.18475644290447235
0.20167948305606842
0.17663517594337463
0.2189939320087433
0.24406275153160095
0.23464494943618774
0.24417074024677277
0.2656272053718567
0.21811294555664062
0.25107666850090027
0.2501371502876282
0.17696510255336761
0.18618153035640717
0.1740986555814743
0.27872374653816223
0.24990566074848175
0.19688856601715088
0.24611714482307434
0.2191859781742096
0.21500132977962494
0.23513071238994598
0.22912321984767914
0.22746306657791138
0.22366294264793396
0.20116811990737915
0.1433848738670349
0.2474597543478012
0.29715821146965027
0.23387396335601807
0.21961431205272675
0.16603222489356995
0.1357046365737915
0.2464580237865448
0.21888941526412964
0.2746208608150482
0.16915786266326904
0.1824859082698822
0.21434049308300018
0.18781360983848572
0.18560008704662323
0.15362554788589478
0.2537029981613159
0.18368352949619293
0.1661977618932724
0.16735203564167023
0.19911278784275055
0.2709558308124542
0.1531503051519394
0.21298380196094513
0.18817906081676483
0.1531953364610672
0.2040426880121231
0.2387481927871704
0.15599527955055237
0.12473510205745697
0.15290237963199615
0.1641743928194046
0.15737691521644592
0.08804132044315338
0.1982584148645401
0.12056461721658707
0.08691350370645523
0.13006578385829926
0.12783874571323395
0.13887859880924225
0.16634368896484375
0.1249612420797348
0.13207317888736725
0.15496303141117096
0.15981726348400116
0.13939359784126282
0.1839650273323059
0.1305343508720398
0.12409600615501404
0.2080429643392563
0.1325339376926422
0.13924013078212738
0.08533430844545364
0.12023816257715225
0.10754985362291336
0.18938501179218292
0.15929311513900757
0.156501904129982
0.20997023582458496
0.10307765007019043
0.12846873700618744
0.1186637207865715
0.14946919679641724
0.12420403212308884
0.19424903392791748
0.18846847116947174
0.14010465145111084
0.19580064713954926
0.169390007853508
0.10255403071641922
0.1366441398859024
0.12634465098381042
0.165779247879982
0.14220888912677765
0.235591858625412
0.13588179647922516
0.1323799192905426
0.15693846344947815
0.18573792278766632
0.17961615324020386
0.20973005890846252
0.23044779896736145
0.15806254744529724
0.17206038534641266
