0.20728085935115814
0.20474468171596527
0.20867735147476196
0.23351292312145233
0.19987444579601288
0.20130209624767303
0.21437934041023254
0.20012585818767548
0.20213203132152557
0.19050151109695435
0.19724838435649872
0.2041304111480713
0.20053665339946747
0.1898568868637085
0.1966790407896042
0.17053291201591492
0.19620701670646667
0.19717802107334137
0.2077292650938034
0.1964140683412552
0.2404499500989914
0.19700071215629578
0.1907447874546051
0.22970455884933472
0.1915884017944336
0.1840607076883316
0.21135422587394714
0.18998268246650696
0.2280103862285614
0.22761663794517517
0.22041098773479462
0.18714052438735962
0.19542646408081055
0.1857912540435791
0.22143931686878204
0.1785561740398407
0.1897767335176468
0.24683277308940887
0.26369741559028625
0.2163722813129425
0.17999428510665894
0.25511983036994934
0.2770530879497528
0.6522539854049683
0.4518590271472931
0.7029940485954285
0.38679754734039307
0.5160449743270874
0.40261244773864746
0.41187500953674316
0.32314321398735046
0.3124375343322754
0.3199794590473175
0.4470538794994354
0.2983592748641968
0.2704436480998993
0.23775146901607513
0.3060067594051361
0.25169312953948975
0.2815161943435669
0.2970946133136749
0.25470322370529175
0.22428053617477417
0.18892042338848114
0.2058337777853012
0.23131179809570312
0.21771343052387238
0.19360271096229553
0.20138955116271973
0.222626194357872
0.2150835543870926
0.2094166874885559
0.20178374648094177
0.2169729471206665
0.23836424946784973
0.21654638648033142
0.2149018496274948
0.21978551149368286
0.1971707046031952
0.19376759231090546
0.20210275053977966
0.2236749827861786
0.2036970853805542
0.21388694643974304
0.2065512239933014
0.20825107395648956
0.2146804928779602
0.20768307149410248
0.20888864994049072
0.22019672393798828
0.2068055272102356
0.2038247287273407
0.19145521521568298
0.2155943512916565
0.187867671251297
0.2019214779138565
0.1878700852394104
0.21388372778892517
0.22632996737957
0.20181696116924286
0.21557313203811646
0.1914200484752655
0.20481733977794647
0.20905929803848267
0.19284872710704803
0.2072836458683014
0.20367857813835144
0.20364947617053986
0.17932268977165222
0.19695961475372314
0.2098507285118103
0.19994819164276123
0.19731862843036652
0.20247384905815125
0.21035820245742798
0.20579665899276733
0.17924153804779053
0.18970078229904175
0.2101040780544281
0.20832538604736328
0.20746636390686035
0.17895770072937012
0.19514527916908264
0.18651992082595825
0.20310267806053162
0.21124398708343506
0.19627323746681213
0.1897745281457901
0.20443671941757202
0.19935932755470276
0.22573575377464294
0.20001058280467987
0.20812086760997772
0.20248542726039886
0.19258785247802734
0.20140594244003296
0.18565505743026733
0.21394871175289154
0.19521987438201904
0.2018846869468689
0.18927623331546783
0.20094549655914307
0.18285563588142395
0.20354846119880676
0.17532595992088318
0.19676610827445984
0.18870866298675537
0.19736284017562866
0.18794429302215576
0.18662656843662262
0.21428142488002777
0.18511411547660828
0.19340476393699646
0.17688634991645813
0.2023683488368988
0.22358918190002441
0.1982068121433258
0.21238520741462708
0.1983000636100769
0.1965068131685257
0.2055671364068985
0.21805360913276672
0.2179478406906128
0.20640325546264648
0.22486862540245056
0.19941386580467224
0.21517343819141388
0.2070901095867157
0.23150217533111572
0.17935356497764587
0.2167840301990509
0.23282796144485474
0.22336481511592865
0.22077344357967377
0.20524194836616516
0.2118699699640274
0.2341269850730896
0.2505766451358795
0.2258787304162979
0.21157953143119812
0.2305612564086914
0.21025687456130981
0.22826573252677917
0.2252591848373413
0.228208988904953
0.2161601483821869
0.20156852900981903
0.2328130304813385
0.24058698117733002
0.2098613828420639
0.23967422544956207
0.22582049667835236
0.2430371791124344
0.2048603594303131
0.1950700730085373
0.2051006406545639
0.22025661170482635
0.23047414422035217
0.2227606177330017
0.2363033890724182
0.24392294883728027
0.2602705955505371
0.22564545273780823
0.23310375213623047
0.23873183131217957
0.2795656621456146
0.24286268651485443
0.25526726245880127
0.2595108449459076
0.2611030340194702
0.23585011065006256
0.2233847975730896
0.2431757152080536
0.2503699064254761
0.22930492460727692
0.24445419013500214
0.2684883773326874
0.24988190829753876
0.2777618169784546
0.23167939484119415
0.2339332103729248
0.21614497900009155
0.21195626258850098
0.25237637758255005
0.27159321308135986
0.23806633055210114
0.21140074729919434
0.25908946990966797
0.23634624481201172
0.2325463891029358
0.2528912127017975
0.22062601149082184
0.22510874271392822
0.2206348478794098
0.2506166696548462
0.2655933201313019
0.22787991166114807
0.2629508674144745
0.23330852389335632
0.23731623589992523
0.29610496759414673
0.2210025042295456
0.20732782781124115
0.23467372357845306
0.21060985326766968
0.25302180647850037
0.22574205696582794
0.225936159491539
0.24183040857315063
0.22404924035072327
