0.9929270148277283
0.9957324862480164
0.9912160634994507
1.00248384475708
0.9904036521911621
0.9881216883659363
0.9939930438995361
0.9851179718971252
0.9874758124351501
0.9838398098945618
0.9887939691543579
0.9867249131202698
0.991165816783905
0.983948826789856
0.9794960021972656
0.9758006930351257
0.9872899651527405
0.9839149713516235
0.9914578199386597
0.9801424145698547
1.004109501838684
0.9852957129478455
0.9828596115112305
0.9914345741271973
0.9826405048370361
0.9782437086105347
0.9890872240066528
0.9775647521018982
0.9904883503913879
0.9944478869438171
0.9859813451766968
0.9726425409317017
0.9732462167739868
0.9798011183738708
0.9700987339019775
0.9664372801780701
0.9717980027198792
0.9809533357620239
0.9667525887489319
0.9822573661804199
0.9694489240646362
0.9765642285346985
0.9915856122970581
0.9676352739334106
0.9979423880577087
0.9653051495552063
0.9808634519577026
0.9611793160438538
0.9834426045417786
0.9867145419120789
0.9615609049797058
0.9725016951560974
0.9833021759986877
0.9913679957389832
0.9647525548934937
0.954670786857605
0.9650046229362488
0.9643499255180359
0.9661454558372498
0.9670647382736206
0.9785255193710327
0.9646963477134705
0.9472829699516296
0.9767575263977051
0.9139792323112488
0.9421630501747131
0.9391564726829529
0.9450845718383789
0.9231529831886292
0.921266496181488
0.9214995503425598
0.9481831789016724
0.9383370280265808
0.931439220905304
0.9457184672355652
0.9374027252197266
0.9227893352508545
0.9124683141708374
0.879626989364624
0.8819511532783508
0.9061233997344971
0.9105426073074341
0.9453074336051941
0.8999879360198975
0.9486702084541321
0.9302558898925781
0.8818051218986511
0.8809908628463745
0.8999277353286743
0.8717883229255676
0.8953506946563721
0.9322521090507507
0.8982470631599426
0.8744144439697266
0.831632137298584
0.8779093027114868
0.8723562359809875
0.8402762413024902
0.8199627995491028
0.7925252914428711
0.8024933338165283
0.7939836382865906
0.7961108088493347
0.8161429166793823
0.7030625939369202
0.7059449553489685
0.8376428484916687
0.7225205898284912
0.7008746266365051
0.7822761535644531
0.6215780377388
0.6055480241775513
0.6223302483558655
0.6741464138031006
0.5140665173530579
0.6062270402908325
0.49389249086380005
0.5016988515853882
0.46396148204803467
0.46054619550704956
0.4530359208583832
0.4210003912448883
0.43945974111557007
0.48896536231040955
0.5441491007804871
0.5556994080543518
0.5092929005622864
0.5413401126861572
0.569434404373169
0.5950123071670532
0.5734220147132874
0.5727335214614868
0.6194146871566772
0.5928547382354736
0.6735991835594177
0.6375778317451477
0.7304776906967163
0.6723809242248535
0.6686285734176636
0.7511330246925354
0.6733853816986084
0.6422619223594666
0.6100524663925171
0.6042786240577698
0.6719563007354736
0.6571394801139832
0.7660577297210693
0.6825478672981262
0.7631255984306335
0.6888996362686157
0.7477065324783325
0.7520151138305664
0.69281005859375
0.7074876427650452
0.7409225106239319
0.5922996997833252
0.6853219866752625
0.6290778517723083
0.6492754220962524
0.7357138991355896
0.5077889561653137
0.7240114212036133
0.563980221748352
0.6924148797988892
0.5873421430587769
0.5943503379821777
0.6481767296791077
0.7351385354995728
0.651770293712616
0.7611081004142761
0.6072947978973389
0.5999850630760193
0.7925492525100708
0.7128714919090271
0.6660059094429016
0.5177273750305176
0.6894265413284302
0.6607567667961121
0.6818289756774902
0.6246838569641113
0.6049979329109192
0.6138895153999329
0.5776425004005432
0.5658227801322937
0.5766090750694275
0.6527960896492004
0.6306661367416382
0.7199281454086304
0.5241277813911438
0.6876226663589478
0.5495623350143433
0.647954523563385
0.6706850528717041
0.574259340763092
0.6492767333984375
0.5442103147506714
0.6281936168670654
0.6804284453392029
0.5676976442337036
0.7481586933135986
0.5190902948379517
0.6875956058502197
0.6241093873977661
0.6899878978729248
0.5356596112251282
0.47899749875068665
0.5452667474746704
0.5367427468299866
0.6069743037223816
0.5645819306373596
0.5850962996482849
0.6405701637268066
0.5767464637756348
0.508781909942627
0.5419669151306152
0.5931512117385864
0.5493788123130798
0.6585649847984314
0.5476668477058411
0.5853938460350037
0.5446736216545105
0.5775959491729736
0.48473304510116577
0.5301057696342468
0.5330474376678467
0.6511638164520264
0.5830290913581848
0.5749277472496033
0.583052933216095
0.5963667035102844
0.6076841354370117
0.6320094466209412
0.5429138541221619
0.5355498790740967
0.4363236725330353
0.5493122339248657
0.6566145420074463
0.5418041348457336
0.6003854274749756
0.5576652884483337
0.5170433521270752
0.4891274571418762
0.5811290144920349
0.535502016544342
0.4694589674472809
0.6476258039474487
0.5412142276763916
0.5124052166938782
0.49040335416793823
0.5387169122695923
