-0.05502329766750336
-0.05927124246954918
-0.05257117375731468
-0.023260995745658875
-0.06397179514169693
-0.06112174689769745
-0.04585060849785805
-0.06172476336359978
-0.059768401086330414
-0.07355092465877533
-0.06633225828409195
-0.056886471807956696
-0.06369481980800629
-0.07504071295261383
-0.0636221170425415
-0.0970398485660553
-0.06733930110931396
-0.06466703116893768
-0.053940463811159134
-0.06471782922744751
-0.015454254113137722
-0.06595691293478012
-0.07342223823070526
-0.024461815133690834
-0.07195974886417389
-0.07945099472999573
-0.04774204269051552
-0.07055358588695526
-0.028456486761569977
-0.029388120397925377
-0.03366563469171524
-0.07122158259153366
-0.06364861130714417
-0.0750972330570221
-0.03238143399357796
-0.08063869178295135
-0.06613153219223022
0.0036300530191510916
0.021599389612674713
-0.027506481856107712
-0.06520261615514755
0.033031243830919266
0.08065716922283173
0.5363302826881409
0.33600491285324097
0.6201760768890381
0.2854783535003662
0.40505096316337585
0.28522321581840515
0.2570815980434418
0.1427752524614334
0.1151033341884613
0.1182112842798233
0.25123029947280884
0.07358275353908539
0.04156646504998207
0.003715080674737692
0.0779813900589943
0.022269664332270622
0.040866781026124954
0.05732358247041702
0.024355031549930573
-0.027889758348464966
-0.06511026620864868
-0.042322274297475815
-0.023658504709601402
-0.036949243396520615
-0.06306319683790207
-0.05601060017943382
-0.033482618629932404
-0.04341011494398117
-0.049899134784936905
-0.057501696050167084
-0.04457705840468407
-0.020758526399731636
-0.039761628955602646
-0.045592568814754486
-0.038708023726940155
-0.06634829938411713
-0.06608899682760239
-0.05988364294171333
-0.03267814964056015
-0.05774504691362381
-0.045894477516412735
-0.05577218160033226
-0.05279381200671196
-0.043588943779468536
-0.05385278910398483
-0.05265573784708977
-0.03713984787464142
-0.05429578572511673
-0.0566549152135849
-0.0725049152970314
-0.04573262482881546
-0.07755348086357117
-0.06152383238077164
-0.0763402208685875
-0.04708071053028107
-0.03120328299701214
-0.06327462196350098
-0.04632202535867691
-0.0709388330578804
-0.056096430867910385
-0.05322834104299545
-0.06756358593702316
-0.05412543937563896
-0.05962314084172249
-0.058509863913059235
-0.08524317294359207
-0.06837053596973419
-0.052080996334552765
-0.05875217542052269
-0.06498752534389496
-0.0605330616235733
-0.0507236123085022
-0.06057581305503845
-0.08304870873689651
-0.07396205514669418
-0.052232664078474045
-0.05928066745400429
-0.051466699689626694
-0.08726121485233307
-0.06918010860681534
-0.07744725048542023
-0.05560106411576271
-0.05530235916376114
-0.069803886115551
-0.0732133686542511
-0.055718742311000824
-0.05860207602381706
-0.03476342558860779
-0.05827789381146431
-0.05136667564511299
-0.059221718460321426
-0.0706314817070961
-0.06323206424713135
-0.04836037755012512
-0.055733274668455124
-0.05100129172205925
-0.0536896213889122
-0.06468602269887924
-0.07799617946147919
-0.060286615043878555
-0.04984764754772186
-0.07119989395141602
-0.04664508253335953
-0.06154530122876167
-0.057196855545043945
-0.06439448148012161
-0.08080844581127167
-0.06303720921278
-0.06634538620710373
-0.05668885260820389
-0.060562003403902054
-0.06404764950275421
-0.061527181416749954
-0.0399763286113739
-0.07339911162853241
-0.05377467721700668
-0.047523919492959976
-0.062055278569459915
-0.060735560953617096
-0.06464927643537521
-0.0629136934876442
-0.048249129205942154
-0.05448655039072037
-0.05103882774710655
-0.05563484877347946
-0.053363870829343796
-0.05234263092279434
-0.0451354905962944
-0.075060173869133
-0.04339190945029259
-0.06040298193693161
-0.05899960175156593
-0.04230356588959694
-0.05234364792704582
-0.06972344219684601
-0.05163583904504776
-0.0636942982673645
-0.023537836968898773
-0.03492886573076248
-0.020635105669498444
-0.04953553527593613
-0.038787420839071274
-0.058811649680137634
-0.04416294023394585
-0.04277955740690231
-0.029386933892965317
-0.03906870260834694
-0.018243510276079178
-0.05965757369995117
-0.016588803380727768
-0.05246701464056969
-0.05535045638680458
-0.02606002613902092
-0.05211605504155159
-0.0513385646045208
-0.006772581022232771
0.08080676198005676
0.009757619351148605
0.008397950790822506
-0.03725089505314827
-0.03113783709704876
-0.004125462379306555
0.03072330914437771
0.034192927181720734
0.01748662441968918
-0.04710474982857704
-0.00865158624947071
0.04996785148978233
0.033814799040555954
0.014491349458694458
0.004462658893316984
0.017681734636425972
0.004426645115017891
0.031217454001307487
-0.01877923123538494
-0.029825521633028984
0.0074097765609622
0.02300368994474411
0.061608780175447464
0.010006907396018505
0.018181821331381798
0.00242864852771163
0.027504490688443184
-0.00688565568998456
0.0019753214437514544
0.01883150450885296
0.0349169559776783
-0.0026470436714589596
0.09099753946065903
0.04411481320858002
0.03231159597635269
-0.006714860908687115
0.06655517220497131
0.06688272207975388
0.05477745458483696
0.028239985927939415
0.026929952204227448
-0.018471894785761833
0.012842128984630108
0.023963572457432747
-9.412155486643314e-05
-0.00322971330024302
0.02201252430677414
0.03326689079403877
0.02228791080415249
0.021550074219703674
-0.01599508710205555
