0.22237560153007507
0.2245268076658249
0.22103117406368256
0.23392251133918762
0.2192685604095459
0.21720924973487854
0.22410060465335846
0.21457412838935852
0.2167622596025467
0.2117333859205246
0.217075377702713
0.2163114845752716
0.22025278210639954
0.21227222681045532
0.20817652344703674
0.20160983502864838
0.21553851664066315
0.2123035043478012
0.22090846300125122
0.2087542563676834
0.23716187477111816
0.2140122652053833
0.21086819469928741
0.22310590744018555
0.21040767431259155
0.20322079956531525
0.2191171944141388
0.2035171538591385
0.22687175869941711
0.22826239466667175
0.213539719581604
0.19591596722602844
0.200245201587677
0.20219314098358154
0.2020287662744522
0.18335317075252533
0.19434380531311035
0.2106855809688568
0.20530903339385986
0.20214098691940308
0.19412118196487427
0.19757038354873657
0.22301247715950012
0.20942601561546326
0.20750916004180908
0.21984553337097168
0.17947432398796082
0.14387807250022888
0.21117271482944489
0.19832518696784973
0.11124739795923233
0.16516005992889404
0.22558344900608063
0.27167069911956787
0.29773086309432983
0.18592481315135956
0.18675312399864197
0.17292267084121704
0.18982741236686707
0.23516739904880524
0.24753285944461823
0.17154496908187866
0.16866283118724823
0.12265856564044952
0.13408075273036957
0.18725718557834625
0.1496438980102539
0.14400938153266907
0.1378709375858307
0.17259231209754944
0.1552266925573349
0.16779950261116028
0.16817577183246613
0.1764448881149292
0.19389256834983826
0.1698566973209381
0.18418261408805847
0.1778527796268463
0.1367538571357727
0.1175224781036377
0.14512762427330017
0.15280254185199738
0.15401588380336761
0.16231679916381836
0.16581237316131592
0.17098091542720795
0.12982140481472015
0.1332019418478012
0.1465030312538147
0.12940044701099396
0.09972143173217773
0.16214995086193085
0.10945725440979004
0.12397556006908417
0.08406668156385422
0.10913509130477905
0.08800611644983292
0.07649847865104675
0.09103182703256607
0.04207506403326988
0.08099735528230667
0.06456606835126877
0.06863540410995483
0.10568369179964066
0.04216926544904709
0.05768865346908569
0.071537546813488
0.08492115885019302
0.04547508805990219
0.12065207958221436
0.06085091829299927
0.036365360021591187
0.06644731760025024
0.14754590392112732
0.06358101218938828
0.06693440675735474
0.03748521953821182
0.024970518425107002
0.06797211617231369
0.05528854951262474
0.036587830632925034
0.044273700565099716
0.06877246499061584
0.041158389300107956
0.06106562167406082
0.09049740433692932
0.08815641701221466
0.05434038117527962
0.06694924831390381
0.048410262912511826
0.06597956269979477
0.05844983831048012
0.0822136402130127
0.056686170399188995
0.09774231910705566
0.0900551825761795
0.0768207311630249
0.07902124524116516
0.12408632040023804
0.06218387559056282
0.08667709678411484
0.07203041762113571
0.08852110803127289
0.09450653940439224
0.08099545538425446
0.11285465210676193
0.11055462807416916
0.06742125749588013
0.08692338317632675
0.08071285486221313
0.08488103002309799
0.07502711564302444
0.09564434736967087
0.10824112594127655
0.09493835270404816
0.07115579396486282
0.10639964044094086
0.11096454411745071
0.07637834548950195
0.09509936720132828
0.08964274823665619
0.08786328136920929
0.09487828612327576
0.08528479188680649
0.08814335614442825
0.08121458441019058
0.07976929098367691
0.08865845203399658
0.0776800736784935
0.10539192706346512
0.11843378096818924
0.08936546742916107
0.07871650904417038
0.06772106140851974
0.07254435122013092
0.06501948833465576
0.07747417688369751
0.06664858013391495
0.09735990315675735
0.06362097710371017
0.09567417949438095
0.15674403309822083
0.05441278964281082
0.0748300701379776
0.08092763274908066
0.06165054813027382
0.08373244851827621
0.10145030915737152
0.06553385406732559
0.10038991272449493
0.05495909973978996
0.07849733531475067
0.038092270493507385
0.03947387635707855
0.07466350495815277
0.030697762966156006
0.06019166484475136
0.047748882323503494
0.040714651346206665
0.07614484429359436
0.03733482584357262
0.03412249684333801
0.04846604913473129
0.038945507258176804
0.04301998019218445
0.04561649635434151
0.039874136447906494
0.04190182313323021
0.06887393444776535
0.06982897967100143
0.031571466475725174
0.07342858612537384
0.05530402064323425
0.03963618725538254
0.06567930430173874
0.05095747113227844
0.04934185370802879
0.041237205266952515
0.058092158287763596
0.035612188279628754
0.02770644798874855
0.03557426482439041
0.02852044068276882
0.0701875388622284
0.02988889440894127
0.031789835542440414
0.03748514503240585
0.07130993902683258
0.034122034907341
0.032639652490615845
0.02540017105638981
0.031813498586416245
0.015180015936493874
0.06458885222673416
0.030451525002717972
0.03031613864004612
0.0309218168258667
0.06749395281076431
0.023653432726860046
0.0662921592593193
0.019889352843165398
0.060174863785505295
0.053350821137428284
0.01828126609325409
0.04259881749749184
0.046314023435115814
0.01987011358141899
0.05639934912323952
0.02567482367157936
0.047304362058639526
