0.08228097856044769
0.07974466681480408
0.08367732912302017
0.10851284861564636
0.07487450540065765
0.07630187273025513
0.08937938511371613
0.07512596249580383
0.07713203132152557
0.06550153344869614
0.07224839925765991
0.07913048565387726
0.07553672790527344
0.06485678255558014
0.07167882472276688
0.04553280025720596
0.07120699435472488
0.07217825204133987
0.08272907137870789
0.07141423225402832
0.1154499500989914
0.07200059294700623
0.06574439257383347
0.10470454394817352
0.06658826023340225
0.059060629457235336
0.08635416626930237
0.06498260796070099
0.10301030427217484
0.10261673480272293
0.09541067481040955
0.062140464782714844
0.07042670994997025
0.060791194438934326
0.09643945097923279
0.053556330502033234
0.06477665156126022
0.12183276563882828
0.13869716227054596
0.0913725346326828
0.054994240403175354
0.13012205064296722
0.15707802772521973
0.5418645739555359
0.3367067873477936
0.5984330177307129
0.2943067252635956
0.4143858551979065
0.30744317173957825
0.3001708388328552
0.20301353931427002
0.19011405110359192
0.19861164689064026
0.3275219202041626
0.17440512776374817
0.14488066732883453
0.11387573927640915
0.1802697330713272
0.12927614152431488
0.15477576851844788
0.1693730503320694
0.13144753873348236
0.09791780263185501
0.06350389122962952
0.08076032996177673
0.10424678772687912
0.09198852628469467
0.06860335171222687
0.0762704461812973
0.09667246788740158
0.08956648409366608
0.08326968550682068
0.07647252082824707
0.09045970439910889
0.11092235893011093
0.09101784974336624
0.08891955018043518
0.09396271407604218
0.07136068493127823
0.0683816447854042
0.07622141391038895
0.09841038286685944
0.077903613448143
0.08861146867275238
0.08154544234275818
0.0823407918214798
0.08870626986026764
0.08191732317209244
0.0835399478673935
0.09515286982059479
0.08124526590108871
0.0787762701511383
0.0661533996462822
0.0896734893321991
0.06232878193259239
0.07608787715435028
0.06268849968910217
0.08867732435464859
0.10130664706230164
0.0759943425655365
0.08963380753993988
0.0665246918797493
0.07939542829990387
0.08357494324445724
0.06818319857120514
0.08198773860931396
0.07740648090839386
0.07823413610458374
0.054205723106861115
0.07078711688518524
0.08459226042032242
0.07572086155414581
0.07183805853128433
0.07697214186191559
0.0858260914683342
0.07982319593429565
0.054681792855262756
0.06417299062013626
0.08369467407464981
0.08192013204097748
0.08276377618312836
0.05363187938928604
0.06982098519802094
0.061120837926864624
0.07906710356473923
0.08395849913358688
0.07048480212688446
0.06455079466104507
0.08011278510093689
0.07648390531539917
0.10011015832424164
0.07708323001861572
0.08393527567386627
0.07705386728048325
0.06841059029102325
0.0780099406838417
0.06351060420274734
0.08726271241903305
0.0683789849281311
0.07789602130651474
0.06365711987018585
0.0726441740989685
0.061199016869068146
0.07724520564079285
0.0545404851436615
0.07204040884971619
0.06530492007732391
0.07171116769313812
0.06419742852449417
0.06437060236930847
0.08861876279115677
0.06133083999156952
0.06888217478990555
0.05306664854288101
0.07837140560150146
0.0923779308795929
0.0692053884267807
0.08237344026565552
0.0724925696849823
0.0687306597828865
0.0808696299791336
0.09074309468269348
0.08441950380802155
0.08350144326686859
0.08639486879110336
0.07569518685340881
0.08795219659805298
0.07459390163421631
0.09746354818344116
0.058874331414699554
0.08400425314903259
0.09388412535190582
0.0903768241405487
0.09075552970170975
0.07246583700180054
0.08227907121181488
0.09994833916425705
0.10791722685098648
0.08215641975402832
0.07390478253364563
0.1008414775133133
0.07792934030294418
0.0962953045964241
0.09197697043418884
0.09573526680469513
0.08558906614780426
0.07496020942926407
0.10184730589389801
0.1087779551744461
0.07598184049129486
0.11111478507518768
0.09713570028543472
0.10318531095981598
0.06542471051216125
0.06119315326213837
0.08245377987623215
0.09461624920368195
0.08014871180057526
0.09036153554916382
0.11424662917852402
0.10830511897802353
0.13152869045734406
0.1061270609498024
0.11954717338085175
0.0985320582985878
0.14753296971321106
0.11878012120723724
0.11527398228645325
0.12694889307022095
0.14286157488822937
0.12351398915052414
0.09032811224460602
0.13028329610824585
0.12021257728338242
0.11837826669216156
0.11960376054048538
0.1390957236289978
0.11858583241701126
0.1792159080505371
0.10466396808624268
0.11329028010368347
0.0964854285120964
0.08455373346805573
0.13033586740493774
0.15187913179397583
0.11949087679386139
0.08497309684753418
0.13863638043403625
0.1228906586766243
0.11486616730690002
0.1464298963546753
0.09997584670782089
0.11337080597877502
0.10885039716959
0.13770674169063568
0.15184086561203003
0.11081899702548981
0.1488504558801651
0.1098802238702774
0.12018566578626633
0.18131954967975616
0.10677378624677658
0.08700890839099884
0.11700379848480225
0.08770884573459625
0.13423322141170502
0.10860505700111389
0.10684487223625183
0.11434447020292282
0.1031329408288002
