0.022701961919665337
0.021950868889689445
0.023013988509774208
0.0432061031460762
0.01693616434931755
0.016864467412233353
0.027640290558338165
0.015161123126745224
0.0172053761780262
0.007819950580596924
0.01413452997803688
0.01829562336206436
0.017969951033592224
0.008038170635700226
0.010149650275707245
-0.008356340229511261
0.013028889894485474
0.01230936124920845
0.022436700761318207
0.010606486350297928
0.04920326918363571
0.01319454237818718
0.008374601602554321
0.03685234487056732
0.008530188351869583
0.0010146088898181915
0.023793380707502365
0.004031725227832794
0.037767194211483
0.03796251118183136
0.027763713151216507
0.0007608123123645782
0.008452311158180237
0.0008980967104434967
0.028031345456838608
-0.00843014195561409
0.0011513866484165192
0.04387113079428673
0.056518007069826126
0.01761176809668541
-0.015369836241006851
0.04165445268154144
0.05597361922264099
0.3661710321903229
0.12645956873893738
0.4078260362148285
0.2049492448568344
0.26916027069091797
0.19727754592895508
0.1945149004459381
0.10444749891757965
0.10096101462841034
0.12501105666160583
0.21982836723327637
0.10573042929172516
0.057467199862003326
0.03830920532345772
0.09482866525650024
0.04903756454586983
0.07989151030778885
0.08803411573171616
0.06444196403026581
0.029206614941358566
0.002499135211110115
0.010700922459363937
0.03144928440451622
0.024318335577845573
0.006115322932600975
0.008626101538538933
0.024929450824856758
0.022487632930278778
0.015295557677745819
0.011315803974866867
0.02655371092259884
0.04008103907108307
0.02162928506731987
0.022046193480491638
0.023106910288333893
0.007251974195241928
0.002255842089653015
0.009699244052171707
0.027287989854812622
0.013015851378440857
0.023354992270469666
0.02056494913995266
0.016265438869595528
0.019694874063134193
0.015729956328868866
0.021822920069098473
0.025715505704283714
0.018026510253548622
0.012743961066007614
0.005873203277587891
0.024283219128847122
0.0011360310018062592
0.01155519112944603
0.0032844096422195435
0.0245599914342165
0.031611572951078415
0.011783789843320847
0.024890687316656113
0.005593869835138321
0.014310292899608612
0.019885960966348648
0.00414179265499115
0.016210123896598816
0.013851098716259003
0.015753524377942085
-0.00947042927145958
0.008749332278966904
0.022750455886125565
0.009274471551179886
0.00708882138133049
0.011301998049020767
0.025960123166441917
0.02106287144124508
-0.00764508917927742
0.0002220533788204193
0.017216403037309647
0.022064417600631714
0.014424754306674004
-0.010390833020210266
0.0065912529826164246
-0.00355447456240654
0.014192488044500351
0.021830370649695396
0.00797567144036293
4.976615309715271e-05
0.013527769595384598
0.008283499628305435
0.027508381754159927
0.012476947158575058
0.020062407478690147
0.009564200416207314
-0.000936366617679596
0.014729557558894157
-0.005396321415901184
-0.0019759424030780792
-0.0040036700665950775
0.004145760089159012
0.003452979028224945
0.0024653077125549316
0.01564871333539486
0.003284558653831482
-0.0011003054678440094
0.0010782741010189056
0.025665219873189926
0.012554436922073364
0.000720001757144928
-0.004340017214417458
-0.00022176094353199005
-0.002950889989733696
0.001455109566450119
0.019921042025089264
-0.0023819822818040848
0.005465477705001831
-0.009806018322706223
0.008734725415706635
-0.005098558962345123
0.028536319732666016
0.005688434466719627
0.009094148874282837
0.017166780307888985
0.010856665670871735
0.0028308648616075516
0.020878534764051437
0.013212100602686405
-0.0048881471157073975
-0.00856095552444458
-0.005281299352645874
-0.0040099602192640305
0.0011806059628725052
0.007256169803440571
0.013459577225148678
0.021974723786115646
0.006754827685654163
-7.469020783901215e-05
0.012529644183814526
0.005781145766377449
0.006350375711917877
0.008815898559987545
-0.007483684457838535
0.029732685536146164
-0.018669821321964264
0.01410927064716816
-0.0005243169143795967
0.030456259846687317
0.010785793885588646
0.004005755297839642
0.0027298815548419952
0.015738340094685555
0.02284955605864525
0.015021366998553276
0.024289481341838837
0.03019888885319233
0.03587833046913147
0.018880974501371384
0.013499140739440918
0.011299978010356426
0.01641399972140789
0.02185802161693573
0.027250532060861588
0.005344579461961985
0.04445888102054596
0.06415913254022598
0.023984253406524658
0.05853038281202316
0.012272809632122517
0.011309931054711342
0.0561351478099823
0.009581439197063446
0.07933419942855835
0.06340126693248749
0.034541986882686615
0.04284730553627014
0.04029843956232071
0.048118554055690765
0.053557638078927994
0.00981522910296917
0.044221799820661545
0.01890396699309349
0.06999042630195618
0.02152446284890175
0.02003498002886772
0.023468609899282455
-0.013556032441556454
0.05683063715696335
0.005606973543763161
0.0675782859325409
0.03912349045276642
0.016624674201011658
0.02974581904709339
0.006225451827049255
0.038537509739398956
0.01837852969765663
0.02303169295191765
0.03878375515341759
0.0047590527683496475
0.020280297845602036
0.02095211111009121
0.020422006025910378
0.041671525686979294
0.031995709985494614
0.021376360207796097
0.03928808122873306
0.05095307156443596
0.017632020637392998
0.001985868439078331
0.015507014468312263
0.012050648219883442
