-0.04752329736948013
-0.05177124962210655
-0.04507117718458176
-0.01576099544763565
-0.0564718022942543
-0.053621746599674225
-0.03835061192512512
-0.05422475188970566
-0.05226840823888779
-0.0660509392619133
-0.05883225426077843
-0.04938647150993347
-0.05619482696056366
-0.0675407126545906
-0.05612211674451828
-0.08953984826803207
-0.05983930453658104
-0.05716703087091446
-0.04644047096371651
-0.05721784010529518
-0.007954251021146774
-0.0584569089114666
-0.06592224538326263
-0.01696181297302246
-0.06445974856615067
-0.0719509944319725
-0.04024204611778259
-0.06305359303951263
-0.020956482738256454
-0.021888118237257004
-0.026165634393692017
-0.06372157484292984
-0.05614860728383064
-0.06759722530841827
-0.024881429970264435
-0.07313869148492813
-0.05863357335329056
0.011130064725875854
0.02909925952553749
-0.020006323233246803
-0.05771035701036453
0.04047036170959473
0.08781691640615463
0.5427799224853516
0.34273889660835266
0.6262598037719727
0.29061469435691833
0.410952091217041
0.29061785340309143
0.26353567838668823
0.1497591733932495
0.12221138179302216
0.12524360418319702
0.25819268822669983
0.08085101842880249
0.04902520775794983
0.011098758317530155
0.08546897023916245
0.029557660222053528
0.048398543149232864
0.0649271085858345
0.031612735241651535
-0.020308641716837883
-0.05759375914931297
-0.03484388440847397
-0.016049236059188843
-0.0294039249420166
-0.05555295944213867
-0.048484839498996735
-0.02591097541153431
-0.035865187644958496
-0.042324475944042206
-0.04997033253312111
-0.03699852526187897
-0.013112287037074566
-0.032213564962148666
-0.03803333640098572
-0.031154613941907883
-0.05879230052232742
-0.05854102224111557
-0.05232831463217735
-0.025132780894637108
-0.05018908530473709
-0.0383695587515831
-0.04826333746314049
-0.045243795961141586
-0.03601769730448723
-0.04630310833454132
-0.04513777047395706
-0.029617544263601303
-0.046757571399211884
-0.049134545028209686
-0.0649809017777443
-0.03818436712026596
-0.07000993192195892
-0.0539688766002655
-0.06882220506668091
-0.03955885395407677
-0.023675214499235153
-0.05572123825550079
-0.03877124935388565
-0.06342292577028275
-0.04855845496058464
-0.04569301754236221
-0.06004815548658371
-0.04659254103899002
-0.05206546187400818
-0.050978850573301315
-0.0776989683508873
-0.0608147531747818
-0.04456667602062225
-0.05125369876623154
-0.05743447691202164
-0.05299881100654602
-0.0432395376265049
-0.053023841232061386
-0.07553291320800781
-0.06641817837953568
-0.04466928169131279
-0.05171150714159012
-0.04395380616188049
-0.0797191858291626
-0.06165401637554169
-0.06989963352680206
-0.04811933636665344
-0.0477072075009346
-0.06225372850894928
-0.06567759811878204
-0.04822363704442978
-0.05113138258457184
-0.02721765637397766
-0.050832897424697876
-0.043873392045497894
-0.05167260020971298
-0.06312424689531326
-0.055757228285074234
-0.04069376364350319
-0.04817594215273857
-0.04341306909918785
-0.04619431495666504
-0.05714511126279831
-0.07053964585065842
-0.05275571346282959
-0.04219173267483711
-0.06370480358600616
-0.03910377621650696
-0.054043110460042953
-0.04974279925227165
-0.05692099779844284
-0.07336907833814621
-0.055500488728284836
-0.05875365063548088
-0.04906894639134407
-0.053083114326000214
-0.056370899081230164
-0.053937092423439026
-0.0322517566382885
-0.06579191982746124
-0.04598727822303772
-0.039809029549360275
-0.05440577119588852
-0.05308140814304352
-0.05701616778969765
-0.05528799444437027
-0.04067039117217064
-0.04667791724205017
-0.043374333530664444
-0.04804539307951927
-0.04548541083931923
-0.044728685170412064
-0.037442293018102646
-0.06736879795789719
-0.03563737869262695
-0.05282177776098251
-0.05137950927019119
-0.03462046757340431
-0.044541917741298676
-0.06205055117607117
-0.043738845735788345
-0.05609280243515968
-0.015636783093214035
-0.027158860117197037
-0.012567996978759766
-0.04190635308623314
-0.03081749752163887
-0.050948500633239746
-0.03621488809585571
-0.03476645052433014
-0.021414369344711304
-0.03145694360136986
-0.010188953951001167
-0.051882874220609665
-0.008337858133018017
-0.04459981992840767
-0.04730209708213806
-0.017651721835136414
-0.04427079111337662
-0.042956262826919556
0.0018916735425591469
0.09015890955924988
0.01832449808716774
0.01720200851559639
-0.02856334112584591
-0.022988032549619675
0.004441224504262209
0.03955551236867905
0.04254040867090225
0.025868747383356094
-0.03925953805446625
3.308802843093872e-05
0.05802450329065323
0.04167520999908447
0.022716281935572624
0.012219787575304508
0.026527907699346542
0.012086868286132812
0.03904050961136818
-0.011072804220020771
-0.021932996809482574
0.014896571636199951
0.03097354993224144
0.06937504559755325
0.017537467181682587
0.02574574016034603
0.00986398197710514
0.03458036482334137
0.0005555301904678345
0.009397261776030064
0.02632777951657772
0.04165074974298477
0.0041358983144164085
0.09733128547668457
0.05062190815806389
0.03881411999464035
-8.341856300830841e-06
0.07335608452558517
0.07348532229661942
0.06172899156808853
0.03496793657541275
0.03294433653354645
-0.011243166401982307
0.019856086000800133
0.031121212989091873
0.006687928922474384
0.0034667220897972584
0.02909156307578087
0.04024539515376091
0.02910745143890381
0.028613530099391937
-0.009456956759095192
