0.2471361756324768
0.23770949244499207
0.2493111938238144
0.22815535962581635
0.25455036759376526
0.25566408038139343
0.2433040887117386
0.2543601393699646
0.24733829498291016
0.25534871220588684
0.2504104673862457
0.2518688440322876
0.24767662584781647
0.25000709295272827
0.2582136392593384
0.2566401958465576
0.25043556094169617
0.2536800801753998
0.24188442528247833
0.2538694143295288
0.2241535484790802
0.2480526864528656
0.25420141220092773
0.24014723300933838
0.25494125485420227
0.25860831141471863
0.24582380056381226
0.2605907618999481
0.24577583372592926
0.24527473747730255
0.24135491251945496
0.25044092535972595
0.2563881576061249
0.25346750020980835
0.25067785382270813
0.24359555542469025
0.25213760137557983
0.24726992845535278
0.25993430614471436
0.24140948057174683
0.25741931796073914
0.245355486869812
0.24884484708309174
0.2509162425994873
0.24227237701416016
0.26095905900001526
0.25226572155952454
0.24682475626468658
0.24807143211364746
0.24649786949157715
0.24990683794021606
0.2541169822216034
0.24141839146614075
0.24402068555355072
0.23765869438648224
0.26224952936172485
0.2542155385017395
0.24051353335380554
0.23938210308551788
0.2404954880475998
0.24639202654361725
0.2637207508087158
0.24543994665145874
0.2420046478509903
0.24583427608013153
0.25818711519241333
0.2463982254266739
0.2489064633846283
0.2512170076370239
0.24594101309776306
0.24408747255802155
0.24422843754291534
0.25534114241600037
0.2413986772298813
0.2468436062335968
0.24967114627361298
0.2566521465778351
0.25727006793022156
0.25488030910491943
0.24863111972808838
0.2555777430534363
0.2433699071407318
0.25158751010894775
0.24965961277484894
0.2405412197113037
0.2518947124481201
0.2576374411582947
0.2545689642429352
0.25613006949424744
0.22717764973640442
0.24876965582370758
0.25968268513679504
0.25244006514549255
0.23987828195095062
0.2573244571685791
0.25202053785324097
0.24335354566574097
0.2402583360671997
0.23635707795619965
0.25521373748779297
