0.6723753809928894
0.6745268106460571
0.6710306406021118
0.683922290802002
0.6692689061164856
0.6672096252441406
0.6741001605987549
0.6645739674568176
0.6667613983154297
0.6617335677146912
0.6670755743980408
0.6663113236427307
0.6702526807785034
0.6622723340988159
0.6581763029098511
0.6516091823577881
0.6655386686325073
0.6623037457466125
0.6709091067314148
0.6587541103363037
0.6871616244316101
0.6640124320983887
0.6608681678771973
0.6731059551239014
0.660407304763794
0.6532208919525146
0.6691171526908875
0.6535170078277588
0.6768715381622314
0.6782627701759338
0.6635404229164124
0.6459149718284607
0.6502447128295898
0.6521928906440735
0.6520290374755859
0.6333535313606262
0.6443436741828918
0.6606855392456055
0.6553095579147339
0.6521412134170532
0.6441209316253662
0.6475703120231628
0.6730124354362488
0.6593018770217896
0.6565939784049988
0.6682156324386597
0.6261913776397705
0.5826658606529236
0.5628682374954224
0.5523629784584045
0.4481452703475952
0.4483821392059326
0.5115193724632263
0.6492136716842651
0.6334848403930664
0.5809195041656494
0.5768325924873352
0.5206714272499084
0.6165945529937744
0.6370833516120911
0.659658670425415
0.47876620292663574
0.5789117813110352
0.567345917224884
0.527560293674469
0.5976779460906982
0.5214712619781494
0.5744817852973938
0.48597943782806396
0.5494465827941895
0.5215131640434265
0.5526670813560486
0.5310682058334351
0.5395691394805908
0.5430854558944702
0.49964380264282227
0.5026903748512268
0.473302960395813
0.3619958162307739
0.34182024002075195
0.3784120976924896
0.3962804675102234
0.4159148037433624
0.359963983297348
0.38694533705711365
0.3724483251571655
0.2972392439842224
0.2954445481300354
0.3255901038646698
0.2797858715057373
0.34131044149398804
0.4942198693752289
0.3260370194911957
0.32822632789611816
0.29215824604034424
0.4367489814758301
0.38471195101737976
0.35813021659851074
0.40508320927619934
0.29959836602211
0.4395862817764282
0.507133960723877
0.4854365885257721
0.496385395526886
0.43854352831840515
0.36176759004592896
0.5126191973686218
0.4623674750328064
0.3981904089450836
0.5141699910163879
0.501392126083374
0.44877853989601135
0.4905354380607605
0.5234747529029846
0.5238180160522461
0.4983689785003662
0.43320930004119873
0.4564659595489502
0.4738510549068451
0.5203783512115479
0.4169653356075287
0.3255971074104309
0.42957496643066406
0.46408653259277344
0.4836323857307434
0.46590760350227356
0.4907568693161011
0.5036199688911438
0.4688272476196289
0.44732627272605896
0.45978844165802
0.4794897139072418
0.5136020183563232
0.4035423696041107
0.5346869230270386
0.40143585205078125
0.5039851069450378
0.4641721248626709
0.5166288614273071
0.4089518189430237
0.419596403837204
0.4155611991882324
0.4809838831424713
0.513274610042572
0.34340813755989075
0.4684247076511383
0.3952927887439728
0.4250161349773407
0.4446512758731842
0.39830541610717773
0.48578643798828125
0.32667282223701477
0.3851258456707001
0.4678846597671509
0.4253307282924652
0.48964086174964905
0.4062598943710327
0.4097931981086731
0.40589556097984314
0.48285526037216187
0.42095598578453064
0.29522088170051575
0.37151074409484863
0.31969642639160156
0.36359697580337524
0.3925663232803345
0.320378839969635
0.3484545946121216
0.31989413499832153
0.3528190553188324
0.417161762714386
0.297323614358902
0.3247358500957489
0.37081390619277954
0.3117755949497223
0.3728488087654114
0.29992860555648804
0.3617744743824005
0.34019580483436584
0.3103666305541992
0.3445798456668854
0.3074515759944916
0.27760258316993713
0.25850510597229004
0.2761368751525879
0.27684399485588074
0.2057037651538849
0.2387429028749466
0.26662206649780273
0.3700970709323883
0.22414366900920868
0.26042237877845764
0.32182860374450684
0.3017596900463104
0.3009534478187561
0.21531516313552856
0.2679900527000427
0.2913590371608734
0.29901793599128723
0.3090074062347412
0.17208023369312286
0.25492462515830994
0.2900159955024719
0.31045815348625183
0.27962586283683777
0.23132705688476562
0.29088976979255676
0.31208235025405884
0.2587594985961914
0.3348105549812317
0.28936389088630676
0.3138490617275238
0.2868622839450836
0.2435218244791031
0.23568172752857208
0.26619431376457214
0.31998950242996216
0.24600891768932343
0.28158390522003174
0.3306005299091339
0.2470896989107132
0.2969140112400055
0.22629030048847198
0.27773651480674744
0.32639017701148987
0.2880873680114746
0.29366829991340637
0.29020118713378906
0.3170473575592041
0.3184303641319275
0.2759172022342682
0.29325008392333984
0.30374258756637573
0.3375256657600403
0.2696537971496582
0.36986762285232544
0.3722901940345764
0.3845464587211609
0.3765660226345062
0.29202935099601746
0.3297136127948761
0.33828264474868774
0.31951868534088135
0.33400073647499084
0.30137762427330017
0.37710437178611755
0.33544379472732544
0.2964558005332947
0.35618308186531067
0.378324031829834
