0.10252755135297775
0.10180006921291351
0.10364539921283722
0.11039415746927261
0.102028988301754
0.10483874380588531
0.10192505270242691
0.09784030169248581
0.0983707383275032
0.09410686045885086
0.09820138663053513
0.0958491787314415
0.10384131222963333
0.08811327069997787
0.09465286880731583
0.08978141099214554
0.09432278573513031
0.09367891401052475
0.1004311814904213
0.09724034368991852
0.1110973209142685
0.09618942439556122
0.09212545305490494
0.10960721969604492
0.09836912155151367
0.09924273192882538
0.09959494322538376
0.0961470901966095
0.10085869580507278
0.10010726749897003
0.10437386482954025
0.09251192957162857
0.09731452912092209
0.10192184150218964
0.09426238387823105
0.10308216512203217
0.0949663296341896
0.10025736689567566
0.08569498360157013
0.11286462843418121
0.09584349393844604
0.09674838185310364
0.0949815958738327
0.09667141735553741
0.10885610431432724
0.09567520022392273
0.10523563623428345
0.09112071245908737
0.09955979883670807
0.10287240147590637
0.11575381457805634
0.11099465936422348
0.09134390950202942
0.09840070456266403
0.10168475657701492
0.08655352890491486
0.09524737298488617
0.09150220453739166
0.09920315444469452
0.10231437534093857
0.09995274245738983
0.09284775704145432
0.10748302936553955
0.09847845137119293
0.10124120116233826
0.08987176418304443
0.09732995927333832
0.09672529250383377
0.09210383892059326
0.10437490046024323
0.11064707487821579
0.10836666822433472
0.10111884027719498
0.10823968797922134
0.10867048054933548
0.10870234668254852
0.09775518625974655
0.0892081931233406
0.09537395089864731
0.09453875571489334
0.07770027965307236
0.10553043335676193
0.09312450140714645
0.09758962690830231
0.10249285399913788
0.09244236350059509
0.0973210409283638
0.09018555283546448
0.10158412158489227
0.08131664246320724
0.10360097885131836
0.08359160274267197
0.07506062835454941
0.08399442583322525
0.08710882067680359
0.09324970841407776
0.0974746122956276
0.10812408477067947
0.0611758716404438
0.07898975163698196
0.06720147281885147
0.047726795077323914
0.07556261122226715
0.09091993421316147
0.09947424381971359
0.10223647207021713
0.07380062341690063
0.03755214065313339
0.031274788081645966
0.06773851066827774
0.0823616161942482
0.10350382328033447
0.0992746576666832
0.09444928169250488
0.08370953053236008
0.054270580410957336
0.039326898753643036
0.024035194888710976
0.04538976773619652
0.08824189752340317
0.07867898792028427
0.06284013390541077
0.050048645585775375
0.027916641905903816
0.025366317480802536
0.015520026907324791
0.04555246978998184
0.05223994702100754
0.06397100538015366
0.05539028346538544
0.015429826453328133
0.024142056703567505
0.04429823160171509
0.03237991780042648
0.043596819043159485
0.03488685563206673
0.026946384459733963
0.01591329462826252
0.03272567689418793
0.03046426922082901
0.03412408009171486
0.0018939045257866383
0.03165827691555023
0.029959341511130333
0.043493930250406265
0.007857579737901688
0.0377722904086113
0.017603766173124313
0.0063519226387143135
0.005424564704298973
0.01966245099902153
0.022466568276286125
0.005332261323928833
0.005178694147616625
0.013290422968566418
0.007470031268894672
0.015111584216356277
0.005061897449195385
0.016647743061184883
0.00915201660245657
0.0035295512061566114
0.0075987763702869415
0.036904025822877884
0.005552067421376705
0.0019275175873190165
0.023942241445183754
0.0178755484521389
0.018641076982021332
0.008831574581563473
0.016657354310154915
0.027273494750261307
0.06890911608934402
0.022112207487225533
0.014782317914068699
0.027788057923316956
0.01951572299003601
0.012723072431981564
0.018805088475346565
0.030419355258345604
0.007315557450056076
0.006889735348522663
0.008909899741411209
0.012137509882450104
0.009771900251507759
0.00616498664021492
0.01667683757841587
0.018074488267302513
0.01652948558330536
0.00471546221524477
0.012042297050356865
0.019711429253220558
0.013861474581062794
0.0044499346986413
0.018019890412688255
0.013579498045146465
0.004407718777656555
0.012153910472989082
0.004559740889817476
0.0022047930397093296
0.007736069615930319
0.016376040875911713
0.012841424904763699
0.0044099404476583
0.011812644079327583
0.004243531264364719
0.005487246438860893
0.07914594560861588
0.01023341715335846
0.013560188002884388
0.012430784292519093
0.014878224581480026
0.005146303214132786
0.006029272451996803
0.009480596520006657
0.00879616104066372
0.012327414937317371
0.011820963583886623
0.008834986947476864
0.008950208313763142
0.008233640342950821
0.00951629038900137
0.01618301309645176
0.006153099238872528
0.015132974833250046
0.027402255684137344
0.015013668686151505
0.004476518370211124
0.012988358736038208
0.0036806254647672176
0.006503847893327475
0.009543226100504398
0.00788860209286213
0.004383692517876625
0.009672884829342365
0.003296723822131753
0.007406033109873533
0.00907824095338583
0.01226197648793459
0.0015565213980153203
0.0031495855655521154
0.0032650649081915617
0.007840956561267376
0.008390826173126698
0.016447998583316803
0.0016437263693660498
0.00687834806740284
0.0045065502636134624
0.008274692110717297
0.0025692277122288942
0.005670329090207815
0.02045353874564171
0.003950972575694323
0.0033793440088629723
0.004956241697072983
0.016655486077070236
0.00416636373847723
0.002428231295198202
0.013604831881821156
0.002107384614646435
0.005472290329635143
0.012749064713716507
0.005447270814329386
0.0018421238055452704
0.006225946359336376
0.008305156603455544
0.005114768166095018
0.004585354123264551
0.0036173532716929913
0.011710342951118946
0.003772580996155739
0.012790325097739697
0.061304617673158646
0.007006694562733173
0.0021950986701995134
0.007336387876421213
0.01705111563205719
0.004475184716284275
0.0017138944240286946
0.00853271596133709
0.0019840297754853964
0.008605658076703548
0.0054738642647862434
0.004740124102681875
0.002755117602646351
0.00464533781632781
0.007674197666347027
0.0021940418519079685
0.004359870683401823
0.0005704074865207076
0.008283726871013641
0.002012605546042323
0.0014868533471599221
0.0028812624514102936
0.011601326987147331
0.01044434029608965
0.00681671965867281
0.006745512131601572
0.005584194324910641
0.005431563593447208
0.008046621456742287
0.0096262963488698
0.004023237619549036
0.001682753674685955
0.0023996266536414623
0.010833712294697762
0.0028746980242431164
0.0020688800141215324
0.00404071481898427
0.0038503697142004967
0.0028316513635218143
0.00454119173809886
0.008765758946537971
0.005625108256936073
0.007550055161118507
0.003928296267986298
0.0016420093597844243
0.0034019530285149813
0.003219438251107931
0.003947779070585966
0.001979274908080697
0.015585426241159439
0.0017013726755976677
0.0014081296976655722
0.00894427951425314
0.0047050053253769875
0.004858257714658976
0.0016905289376154542
0.004336540587246418
0.004600523039698601
0.0012761526741087437
0.0012604899238795042
0.0014548900071531534
0.0020710770040750504
0.006650998722761869
0.009062632918357849
0.006135378032922745
0.0012314094929024577
0.003316719550639391
0.004528334364295006
0.0029721481259912252
0.005749812349677086
0.012282010167837143
0.0018647972028702497
0.005051158368587494
0.0024896052200347185
0.0033473079092800617
0.002507351338863373
0.003124973038211465
0.003570897039026022
0.0021088155917823315
0.0032252338714897633
0.00280066579580307
0.0040297675877809525
0.005570480599999428
0.007617437280714512
0.0009566131047904491
0.0034496039152145386
0.003758565057069063
0.012154165655374527
0.003813064657151699
0.004169933497905731
0.008750342763960361
0.006749460939317942
0.002616755198687315
0.004527997691184282
0.0016565036494284868
0.009996060281991959
0.0012787138111889362
0.0015205307863652706
0.004436072427779436
0.0022692102938890457
0.00270040868781507
0.001093220547772944
0.0022926973178982735
0.004171703010797501
0.005409996025264263
0.0018868944607675076
0.0010663055581972003
0.006835673935711384
0.0015305106062442064
0.000775496824644506
0.005498350597918034
0.0039010224863886833
0.001299038645811379
0.0013296462129801512
0.004003562964498997
0.012112478725612164
0.009592189453542233
0.006273399107158184
0.0048271832056343555
0.017417965456843376
0.003328943159431219
0.005824164487421513
0.003358999965712428
0.0017999667907133698
0.002194957574829459
0.0011083473218604922
0.004335474222898483
0.015578243881464005
0.0064875041134655476
0.0018432842334732413
0.0038424204103648663
0.002948486478999257
0.007080736104398966
0.0039051412604749203
0.0011926249135285616
0.0033880057744681835
0.0026669634971767664
0.0004450450069271028
0.0008829361759126186
0.01187930442392826
0.0029176827520132065
0.001511795911937952
0.0008103399304673076
0.00239050155505538
0.010443841107189655
0.0026451286394149065
0.01203746534883976
0.008499609306454659
0.0026784143410623074
0.0024040224961936474
0.00359936710447073
0.0014810184948146343
0.007604503072798252
0.002077776938676834
0.005087125580757856
0.010474233888089657
0.006959917489439249
0.0022809412330389023
0.005957366898655891
0.001571505214087665
0.001942647504620254
0.005553833208978176
0.0011310464469715953
0.004653666168451309
0.0034358419943600893
0.0012053614482283592
0.0012368059251457453
0.003967151045799255
0.000337960256729275
0.007137445732951164
0.0015865619061514735
0.000632759474683553
0.001291520893573761
0.0061472500674426556
0.0031421519815921783
0.002806614385917783
0.002219523536041379
0.0009299569064751267
0.001784507418051362
0.0028118425980210304
0.0045062461867928505
0.0017325944500043988
0.0014651124365627766
0.002602913184091449
0.0025044213980436325
0.0018092617392539978
0.00397647637873888
0.008897923864424229
0.0017081920523196459
0.0009390544146299362
0.0008255898137576878
0.003877677721902728
0.0006157392635941505
0.0017770584672689438
0.010491534136235714
0.00281550083309412
0.00393954012542963
0.0009088933002203703
0.0023569012992084026
0.0022046291269361973
0.002204352058470249
0.001034423941746354
0.0017965089064091444
0.0009030761430040002
0.0012940670130774379
0.0005833639297634363
0.002205716911703348
0.0015280992956832051
0.0008228684309870005
0.0027351975440979004
0.00587259279564023
0.0021237775217741728
0.004858103580772877
0.0026916442438960075
0.007109693251550198
0.002909804694354534
0.0024788419250398874
0.002090656431391835
0.001519897487014532
0.0007148774457164109
0.0020704769995063543
0.00209594564512372
0.006205254700034857
0.015431093983352184
0.0012889144709333777
0.001459023100323975
0.001912151463329792
0.0028278534300625324
0.001355369109660387
0.015836013481020927
0.002330402610823512
0.003019873984158039
0.0019348722416907549
0.0018327486468479037
0.001789179164916277
0.000614671444054693
0.0065115513280034065
0.0013760665897279978
0.0019503062358126044
0.0019451933912932873
0.005516671575605869
0.0029152987990528345
0.002321881940588355
0.003140466520562768
0.0012685045367106795
0.012982023879885674
0.001673178281635046
0.0033426617737859488
0.012768654152750969
0.0018853042274713516
0.00499942759051919
0.0019647323060780764
0.0014586503384634852
0.001982658402994275
0.0020107203163206577
0.0016356827691197395
0.002712987130507827
0.0015228339470922947
0.0013688146136701107
0.00171900843270123
0.0148189477622509
0.0068965088576078415
0.02195175364613533
0.0036658919416368008
0.0025714191142469645
0.0019785412587225437
0.0007159212836995721
0.004695725627243519
0.00807706918567419
0.0014998577535152435
0.003997670020908117
0.001058388501405716
0.0032659610733389854
0.0013109666761010885
0.00563350273296237
0.001723732566460967
0.0028258871752768755
0.002661404199898243
0.007727336138486862
0.0003664810792542994
0.004507069475948811
0.0032444430980831385
0.001299773110076785
0.002903382759541273
0.0012202862417325377
0.0019212085753679276
0.006215255707502365
0.0011246909853070974
0.0017684322083368897
0.0015089018270373344
0.0049506546929478645
0.0006582976784557104
0.004073245916515589
0.0008264663629233837
0.009380722418427467
0.0011479315580800176
0.0015195261221379042
0.0014525509905070066
0.0005881845718249679
0.0021075631957501173
0.0015361255500465631
0.0015661801444366574
0.0011609670473262668
0.001428971067070961
0.0029228858184069395
0.002490703947842121
0.0017871693708002567
0.000983059173449874
0.0009067398495972157
0.0015796530060470104
0.001669910503551364
0.003185077803209424
0.0016148476861417294
0.0017086542211472988
0.01090114377439022
0.002799027832224965
0.0028840829618275166
0.0009123276104219258
0.0011299370089545846
0.001659973757341504
0.0018361061811447144
0.000462925381725654
0.000905619643162936
0.0017103762365877628
0.004268635530024767
0.004744210280478001
0.002778021851554513
0.0005174687830731273
0.0037002102471888065
0.0007636704831384122
0.002597249113023281
0.0012258049100637436
0.0015602463390678167
0.0006235971231944859
0.0005207592621445656
0.0011188038624823093
0.0009206935064867139
0.0005720931803807616
0.02068096585571766
0.0014728379901498556
0.007141075562685728
0.0025543924421072006
0.02391529269516468
0.007295740768313408
0.003908427897840738
0.004887352231889963
0.0019472632557153702
0.0015721515519544482
0.0016730471979826689
0.0007097934139892459
0.0018194146687164903
0.004703154321759939
0.0009253604803234339
9.43588383961469e-06
0.0036104379687458277
0.005675730295479298
0.003055743407458067
0.002909488044679165
0.0023293369449675083
0.0005121188587509096
0.002103806473314762
0.002928648144006729
0.0058405050076544285
0.0002275643782922998
0.0005439497181214392
0.0012202870566397905
0.019610032439231873
0.0006124235806055367
0.002405931241810322
0.0018920418806374073
0.0012275780318304896
0.008452840149402618
0.005017443560063839
0.0029498646035790443
0.0009958181763067842
0.009949767962098122
0.005218333099037409
0.0018039477290585637
0.0016883652424439788
0.0006740496610291302
0.0008239008602686226
0.0023496050853282213
0.002379315672442317
0.004708693362772465
0.007846903055906296
0.005376696586608887
0.0016973160672932863
0.0025134836323559284
0.0007745684706605971
0.024039192125201225
0.0022084785159677267
0.0049684057012200356
0.0009879984427243471
0.0036676276940852404
0.0007418413879349828
0.0014375491300597787
0.005510845687240362
0.0017604595050215721
0.010861523449420929
0.0010544618126004934
0.003465155605226755
0.0019068950787186623
0.0010940736392512918
0.001267341896891594
0.0009324919665232301
0.003375614993274212
0.0028319209814071655
0.0026226132176816463
0.0010539876529946923
0.0013100069481879473
0.0009368423488922417
0.001274885842576623
0.0031114043667912483
0.0012320904061198235
0.007261400576680899
0.0014109164476394653
0.004565409850329161
0.0010024484945461154
0.0003848140768241137
0.0013953951420262456
0.0018237973563373089
0.001333783846348524
0.002228411380201578
0.004195695742964745
0.0030325588304549456
0.0004260371206328273
0.0021397885866463184
0.0025495379231870174
0.0016119664069265127
0.0007129466976039112
0.0011215175036340952
0.0013899097684770823
0.001056431676261127
0.0037030773237347603
0.00140570686198771
0.001906901365146041
0.0035913006868213415
0.0019044114742428064
0.005491560325026512
0.0005446230643428862
0.004974856972694397
0.0014043479459360242
0.0023555271327495575
0.0014116743113845587
0.00045405622222460806
0.001559786731377244
0.0017966560553759336
0.0012517860159277916
0.001993488986045122
0.00293828547000885
0.001552968518808484
0.0009066612692549825
0.003809763118624687
0.0020844051614403725
0.010376947931945324
0.002614126540720463
0.0017702550394460559
0.005923986900597811
0.0013476820895448327
0.002578410319983959
0.013722636736929417
0.00846569798886776
0.0009271010058000684
0.0009366330923512578
0.0052400315180420876
0.002033005002886057
0.004913458600640297
0.002024509711191058
0.0029996256344020367
0.002083385130390525
0.0014980544801801443
0.0020217876881361008
0.0004289002681616694
0.002057052683085203
0.0016354010440409184
0.001517857308499515
0.00421637948602438
0.01689470373094082
0.0014460037928074598
0.015256534330546856
0.002462120493873954
0.005350458901375532
0.0014156530378386378
0.0020960974507033825
0.0005172652890905738
0.00040073576383292675
0.0033043408766388893
0.0015064544277265668
0.0033061529975384474
0.006116657983511686
0.0077679576352238655
0.002490824554115534
0.0016408313531428576
0.0023703654296696186
0.0008123292354866862
0.0003730657044798136
0.0007217285456135869
0.0014213770627975464
0.008593082427978516
0.004336004611104727
0.0022804420441389084
0.0023783422075212
0.0009344822610728443
0.0017037790967151523
0.0004935477045364678
0.0050137899816036224
0.0070490059442818165
0.0008678155718371272
0.004074561409652233
0.0009384364238940179
0.001217840239405632
0.01939111389219761
0.0032555917277932167
0.002767683006823063
0.001213999348692596
0.001887891092337668
0.0032945622224360704
0.0019184998236596584
0.0022666507866233587
0.001725344336591661
0.002294135745614767
0.004825248382985592
0.0014870919985696673
0.002189336810261011
0.001994495978578925
0.002301114611327648
0.00262551661580801
0.001460270956158638
0.0017375899478793144
0.00012462360609788448
0.0010005102958530188
0.0017653785180300474
0.0017167751211673021
0.0031975465826690197
0.0005894675850868225
0.0037783198058605194
0.0011594519019126892
0.0021844743750989437
0.0007843853672966361
0.003170328214764595
0.0006929027731530368
0.004378160927444696
0.0010868734680116177
0.0024913481902331114
0.0021398665849119425
0.004405027721077204
0.0036793192848563194
0.0013950951397418976
0.0011757250176742673
0.00033597907167859375
0.0005919886752963066
0.0041450392454862595
0.002215074375271797
0.0007217842503450811
0.0015083614271134138
0.0012910112272948027
0.0017423267709091306
0.0011627291096374393
0.0024150642566382885
0.0015444208402186632
0.003135006409138441
0.0016537772025913
0.006237303372472525
0.0013426614459604025
0.0004811035469174385
0.001380500616505742
0.0006467117927968502
0.0018019529525190592
0.0007223712746053934
0.001247303793206811
0.0012891639489680529
0.001052429317496717
0.002789492718875408
0.0013159000081941485
0.0023948228918015957
0.0072558228857815266
0.0012387896422296762
0.0004962963284924626
0.0007592651527374983
0.001825730549171567
0.002438098657876253
0.0014850430889055133
0.0028377941343933344
0.0020793909206986427
0.00443550618365407
0.0012174372095614672
0.0019192949403077364
0.0015402238350361586
0.002451278269290924
0.0029212278313934803
0.0023194150999188423
0.001577797345817089
0.00048548245104029775
0.0009241346269845963
0.002704399637877941
0.0013403937919065356
0.002326889429241419
0.0009371436899527907
0.000584167311899364
0.0010024055372923613
0.006683611311018467
0.0015462617157027125
0.00132002925965935
0.0008449534652754664
0.0026812488213181496
0.0005644112243317068
0.0018434429075568914
0.0009092229884117842
0.005864573642611504
0.0005907896556891501
0.0028338406700640917
0.002777868416160345
0.0014058576198294759
0.0017792042344808578
0.002764930482953787
0.006450231187045574
0.0019669742323458195
0.002044257242232561
0.0015471132937818766
0.002233529929071665
0.0005071458872407675
0.0032587943132966757
0.0006995891453698277
0.0011652486864477396
0.000922934734262526
0.0013331582304090261
0.0009971812833100557
0.001607174752280116
0.0006187895778566599
0.0016300107818096876
0.0061765494756400585
0.0005215081037022173
0.0022719453554600477
0.0007878693868406117
0.0009117071167565882
0.0009392630308866501
0.00021187016682233661
0.002669914159923792
0.003639897331595421
0.0030953888781368732
0.000618235906586051
0.0006247494602575898
0.0011079052928835154
0.0018235401948913932
0.0019778769928961992
0.0017542496789246798
0.0015176418237388134
0.005822882987558842
0.001188279245980084
0.0008875756757333875
0.0059799496084451675
0.000496694992762059
0.0015091851819306612
0.0014374363236129284
0.0022042987402528524
0.0010952578159049153
0.0015485512558370829
0.0017440051306039095
0.0009069155203178525
0.00137835624627769
0.0027299304492771626
0.0022987935226410627
0.004664480686187744
0.0005339878844097257
0.0006835951935499907
0.0007852250128053129
0.0013405930949375033
0.0007460874039679766
0.001328887534327805
0.0007298596319742501
0.004429886117577553
0.001286455662921071
0.0004392914706841111
0.0028174761682748795
0.002203514566645026
0.0006423888262361288
0.0006844085874035954
0.004745731595903635
0.0006706614512950182
0.0007100046495907009
0.004259072244167328
0.0010689314221963286
0.0013222538400441408
0.0012257685884833336
0.0012941253371536732
0.001147472532466054
0.0019185624551028013
0.0004887714749202132
0.0010092244483530521
0.0012421333231031895
0.005783656612038612
0.0004953941097483039
0.002624490996822715
0.000967476808000356
0.0013640064280480146
0.0023529434110969305
0.001218271441757679
0.0063683465123176575
0.013027368113398552
0.0016707476461306214
0.0005973509978502989
0.0005394109175540507
0.002021387219429016
0.0005396978813223541
0.002015181351453066
0.002377777826040983
0.0011919601820409298
0.0008342317305505276
0.001303978031501174
0.0005962707800790668
0.0008826733101159334
0.002089794259518385
0.00227917917072773
0.0012103287735953927
0.0011096274247393012
0.0007770213414914906
0.005224439315497875
0.004631340503692627
0.0006354241049848497
0.002169086830690503
0.007344836834818125
0.002450293628498912
0.0007116117631085217
0.0016518454067409039
0.0009052404202520847
0.0006841453723609447
0.0007732666563242674
0.0005193324759602547
0.0013609282905235887
