0.14478084444999695
0.14224466681480408
0.14617741107940674
0.1710127890110016
0.13737447559833527
0.13880197703838348
0.15187925100326538
0.137626051902771
0.139631986618042
0.12800157070159912
0.13474850356578827
0.14163051545619965
0.13803672790527344
0.1273568868637085
0.13417905569076538
0.10803284496068954
0.1337069272994995
0.13467824459075928
0.14522923529148102
0.13391424715518951
0.177949920296669
0.1345006823539734
0.12824448943138123
0.16720451414585114
0.1290883719921112
0.12156064808368683
0.1488543152809143
0.12748268246650696
0.16551023721694946
0.16511666774749756
0.1579107642173767
0.12464063614606857
0.13292676210403442
0.12329129874706268
0.15893936157226562
0.11605624109506607
0.1272767186164856
0.18433280289173126
0.20119719207286835
0.15387234091758728
0.11749422550201416
0.19261984527111053
0.21706679463386536
0.5964475870132446
0.39281415939331055
0.6488098502159119
0.3380590081214905
0.462721049785614
0.35280293226242065
0.3541564345359802
0.2616974115371704
0.24986262619495392
0.2583811581134796
0.3848353624343872
0.23570553958415985
0.20728781819343567
0.17539797723293304
0.24272435903549194
0.18952450156211853
0.2177145779132843
0.2330884039402008
0.19166108965873718
0.16105183959007263
0.12621307373046875
0.14301927387714386
0.16768337786197662
0.1548638492822647
0.1310909539461136
0.13883361220359802
0.15956531465053558
0.1522533893585205
0.14627555012702942
0.13908302783966064
0.15370716154575348
0.17458531260490417
0.15374809503555298
0.15186919271945953
0.15676678717136383
0.13422490656375885
0.13109350204467773
0.13909034430980682
0.16099785268306732
0.14082017540931702
0.15126176178455353
0.144069105386734
0.14525166153907776
0.1516888290643692
0.14474251866340637
0.1462365984916687
0.1575814187526703
0.14401674270629883
0.14125320315361023
0.12879450619220734
0.15267060697078705
0.12510792911052704
0.13897961378097534
0.12527543306350708
0.15121342241764069
0.163632333278656
0.1387491524219513
0.1525929719209671
0.12894000113010406
0.14207416772842407
0.14627215266227722
0.13039393723011017
0.14455801248550415
0.14057978987693787
0.14094701409339905
0.11668495833873749
0.1338680535554886
0.14730286598205566
0.1377028375864029
0.1345597505569458
0.13961133360862732
0.14809300005435944
0.1427881419658661
0.11691972613334656
0.1268852949142456
0.14690688252449036
0.145185649394989
0.14502327144145966
0.11620108783245087
0.13244682550430298
0.12379209697246552
0.14090436697006226
0.14767082035541534
0.1332874298095703
0.12716446816921234
0.14218643307685852
0.1378023624420166
0.1628943681716919
0.13839104771614075
0.145978644490242
0.13977503776550293
0.1304318606853485
0.13974134624004364
0.12428820133209229
0.15049010515213013
0.13186198472976685
0.13973669707775116
0.12632372975349426
0.13672074675559998
0.1218249648809433
0.14010217785835266
0.11476248502731323
0.13435593247413635
0.1264955997467041
0.13443493843078613
0.12620234489440918
0.12551277875900269
0.15122681856155396
0.12325985729694366
0.1307743787765503
0.11471311748027802
0.14020590484142303
0.1574406623840332
0.13323412835597992
0.14729034900665283
0.1351604461669922
0.13189813494682312
0.14323247969150543
0.15418949723243713
0.15123790502548218
0.1448497772216797
0.15512581169605255
0.13781529664993286
0.15136848390102386
0.14095564186573029
0.1644684374332428
0.11889009177684784
0.15048690140247345
0.16368982195854187
0.1569758802652359
0.15548698604106903
0.13810570538043976
0.14725185930728912
0.16692230105400085
0.17968085408210754
0.1539696604013443
0.14168237149715424
0.16560567915439606
0.14410769939422607
0.16248296201229095
0.15898330509662628
0.16203658282756805
0.15072715282440186
0.1387132704257965
0.16774429380893707
0.17562320828437805
0.14217737317085266
0.17629411816596985
0.16336748003959656
0.1739407777786255
0.1341150552034378
0.1266668438911438
0.14437896013259888
0.15877792239189148
0.15631312131881714
0.15885712206363678
0.17728005349636078
0.17905521392822266
0.19767311215400696
0.16645857691764832
0.17684727907180786
0.1699797660112381
0.2160792052745819
0.18297624588012695
0.18694786727428436
0.19463106989860535
0.20217429101467133
0.1802053302526474
0.15864045917987823
0.18637771904468536
0.18689201772212982
0.172965869307518
0.1829759031534195
0.20501047372817993
0.1840863972902298
0.22589272260665894
0.16854573786258698
0.17340576648712158
0.1558157354593277
0.14849741756916046
0.19240717589855194
0.21294891834259033
0.17865075170993805
0.14835496246814728
0.19844287633895874
0.17874206602573395
0.1736537516117096
0.19823206961154938
0.16106612980365753
0.16838157176971436
0.162357360124588
0.19336405396461487
0.2085910141468048
0.16856040060520172
0.20566940307617188
0.17208993434906006
0.1786913275718689
0.23806338012218475
0.1625697761774063
0.14640626311302185
0.175646111369133
0.1491272747516632
0.19291967153549194
0.1664595901966095
0.16586148738861084
0.17855225503444672
0.16323189437389374
