0.550622820854187
0.5516794919967651
0.5498918890953064
0.5654929280281067
0.5465250611305237
0.5450650453567505
0.5534931421279907
0.5428254008293152
0.5449102520942688
0.5380023121833801
0.5438090562820435
0.5449806451797485
0.5476541519165039
0.5387659072875977
0.5365678071975708
0.525427520275116
0.5425004363059998
0.5401039719581604
0.5495294332504272
0.537246823310852
0.570156991481781
0.5416993498802185
0.5378867983818054
0.5562604665756226
0.537617027759552
0.5297990441322327
0.5487673878669739
0.5306892991065979
0.5597582459449768
0.5602574348449707
0.546492338180542
0.5236361026763916
0.5313803553581238
0.5279777646064758
0.5412993431091309
0.5108166933059692
0.5249394774436951
0.5522795915603638
0.5535244345664978
0.530640721321106
0.5036742687225342
0.546635627746582
0.5224674344062805
0.5478367805480957
0.4932801127433777
0.6291978359222412
0.46449342370033264
0.5181130170822144
0.4535321891307831
0.5256220102310181
0.40763309597969055
0.4993025064468384
0.5305953621864319
0.6869096159934998
0.543767511844635
0.5200722217559814
0.49028533697128296
0.5230947732925415
0.5000894069671631
0.5702357888221741
0.5773318409919739
0.48188191652297974
0.5092453360557556
0.4589836299419403
0.4598432183265686
0.5227358341217041
0.5090851187705994
0.4640016257762909
0.4603452980518341
0.49848923087120056
0.48488762974739075
0.4925479590892792
0.4857293367385864
0.5241867899894714
0.5492303967475891
0.48990920186042786
0.49675077199935913
0.4942668378353119
0.43812569975852966
0.42250099778175354
0.45579013228416443
0.46027871966362
0.4874412715435028
0.4559463560581207
0.5101168155670166
0.4755341112613678
0.4316847324371338
0.4439082145690918
0.4304930567741394
0.4063839018344879
0.4155137538909912
0.4693693518638611
0.3934312164783478
0.37456947565078735
0.37835416197776794
0.4257514774799347
0.3613143563270569
0.37662217020988464
0.3971884250640869
0.3210311233997345
0.3784043490886688
0.4005555510520935
0.4002703130245209
0.45805466175079346
0.39383748173713684
0.32707110047340393
0.39900270104408264
0.38034912943840027
0.3230816423892975
0.4547567665576935
0.37783706188201904
0.36510753631591797
0.4266137182712555
0.46641528606414795
0.3991793990135193
0.42348378896713257
0.3450346291065216
0.38039642572402954
0.41086098551750183
0.41528046131134033
0.37873515486717224
0.30756279826164246
0.38495293259620667
0.3845692276954651
0.41752156615257263
0.3872697949409485
0.42441388964653015
0.44905218482017517
0.43409329652786255
0.41567784547805786
0.39619794487953186
0.4426507353782654
0.4666161835193634
0.38378801941871643
0.4756070375442505
0.4310776889324188
0.4045030474662781
0.38628941774368286
0.44387727975845337
0.46481263637542725
0.4493516683578491
0.39952072501182556
0.4150238335132599
0.40651851892471313
0.4425862729549408
0.4704658091068268
0.4437977373600006
0.4144324064254761
0.42585834860801697
0.45975199341773987
0.4550561308860779
0.47420865297317505
0.4167114496231079
0.44253024458885193
0.4632619321346283
0.41252127289772034
0.40266627073287964
0.4565034508705139
0.43774503469467163
0.37299686670303345
0.37861642241477966
0.4854778051376343
0.3534832298755646
0.43443673849105835
0.4123407006263733
0.379792183637619
0.3746700882911682
0.4542163014411926
0.4455338418483734
0.36400464177131653
0.4137757420539856
0.3398718237876892
0.41981351375579834
0.40304991602897644
0.459968239068985
0.4286733865737915
0.39514920115470886
0.4013862907886505
0.40768224000930786
0.3979628384113312
0.376775860786438
0.42307862639427185
0.3600614666938782
0.4351925551891327
0.3884126842021942
0.4735717177391052
0.32865971326828003
0.3988799452781677
0.38457056879997253
0.32030317187309265
0.32600775361061096
0.35659918189048767
0.3722531795501709
0.4035484492778778
0.36647647619247437
0.3519150912761688
0.3016108274459839
0.42371875047683716
0.3259953260421753
0.3302033543586731
0.35574084520339966
0.3775680959224701
0.407162070274353
0.3353244960308075
0.22408579289913177
0.30755457282066345
0.310383141040802
0.3135300278663635
0.3703550696372986
0.3398776054382324
0.31779584288597107
0.3111185133457184
0.2839236557483673
0.3409097194671631
0.34097030758857727
0.294712632894516
0.337071031332016
0.3605303466320038
0.2345472276210785
0.3203183114528656
0.27113255858421326
0.26082736253738403
0.28037551045417786
0.26198917627334595
0.20015741884708405
0.2950246334075928
0.2505342960357666
0.2431257963180542
0.20647428929805756
0.32508349418640137
0.261903315782547
0.2722530961036682
0.2311088591814041
0.3006448447704315
0.33081749081611633
0.22557629644870758
0.2669178545475006
0.23448149859905243
0.25773629546165466
0.22819465398788452
0.275991290807724
0.258642315864563
0.28638750314712524
0.23631015419960022
0.2633619010448456
0.25586795806884766
0.28310948610305786
0.2786203622817993
0.17925845086574554
0.26184242963790894
