0.22270210087299347
0.22195090353488922
0.2230132818222046
0.243206188082695
0.21693623065948486
0.21686437726020813
0.22764025628566742
0.21514779329299927
0.2171853929758072
0.2078198343515396
0.21413429081439972
0.21824215352535248
0.2179328352212906
0.20803818106651306
0.2101491093635559
0.19155243039131165
0.21300524473190308
0.21223527193069458
0.22243081033229828
0.21056947112083435
0.24918194115161896
0.2130846530199051
0.20809465646743774
0.23671244084835052
0.20834577083587646
0.20073431730270386
0.22358505427837372
0.2037459909915924
0.23752200603485107
0.237593874335289
0.2272135615348816
0.1986875832080841
0.2072961926460266
0.2000965178012848
0.22724202275276184
0.1890019178390503
0.19878555834293365
0.2427341639995575
0.25510719418525696
0.21329110860824585
0.17936553061008453
0.22977983951568604
0.23793070018291473
0.5273346900939941
0.2844046950340271
0.5629855394363403
0.30437979102134705
0.41552701592445374
0.3290618360042572
0.34303343296051025
0.26041048765182495
0.2648160755634308
0.280500590801239
0.4047505557537079
0.27801984548568726
0.24883869290351868
0.2230772078037262
0.28154054284095764
0.23609548807144165
0.2723461091518402
0.2841329574584961
0.23955631256103516
0.22429385781288147
0.19054825603961945
0.20286931097507477
0.23322166502475739
0.2219681739807129
0.19908955693244934
0.20738190412521362
0.22681570053100586
0.22257041931152344
0.2180883288383484
0.21160870790481567
0.2280777543783188
0.24754156172275543
0.22262969613075256
0.2252628654241562
0.22754985094070435
0.20835420489311218
0.20082850754261017
0.21248865127563477
0.22891700267791748
0.21462224423885345
0.22430956363677979
0.2202915996313095
0.21932768821716309
0.22168388962745667
0.21826259791851044
0.2205420583486557
0.22659221291542053
0.2170177400112152
0.21457445621490479
0.2051093727350235
0.22600209712982178
0.20142121613025665
0.21455352008342743
0.20165103673934937
0.22370079159736633
0.2330765277147293
0.21443478763103485
0.22444525361061096
0.2015441358089447
0.2148933857679367
0.2211235761642456
0.20112837851047516
0.2174128293991089
0.21589943766593933
0.2118123471736908
0.18886269629001617
0.21135717630386353
0.22042740881443024
0.20671705901622772
0.20491917431354523
0.21335521340370178
0.21995605528354645
0.2190091609954834
0.18601705133914948
0.1981063187122345
0.21725590527057648
0.22057555615901947
0.21113471686840057
0.18501180410385132
0.2033233642578125
0.193205788731575
0.20694229006767273
0.22227106988430023
0.2061716616153717
0.19357094168663025
0.21021214127540588
0.19988033175468445
0.2223048210144043
0.20458045601844788
0.21100956201553345
0.20397748053073883
0.19787631928920746
0.19657430052757263
0.19979096949100494
0.1942744106054306
0.1967274695634842
0.2058378905057907
0.19406753778457642
0.20404116809368134
0.19669373333454132
0.20168174803256989
0.19760030508041382
0.1999109983444214
0.20365287363529205
0.17732416093349457
0.20105744898319244
0.20047560334205627
0.18767032027244568
0.20267623662948608
0.203190416097641
0.18880723416805267
0.1850302666425705
0.20898137986660004
0.1818981170654297
0.1993705928325653
0.17221924662590027
0.17591500282287598
0.1946496218442917
0.17640557885169983
0.18911083042621613
0.18480239808559418
0.18530738353729248
0.21612876653671265
0.1828027367591858
0.22492791712284088
0.1486009806394577
0.20198586583137512
0.15328970551490784
0.1715766042470932
0.19685779511928558
0.17979876697063446
0.17336063086986542
0.1408875584602356
0.1642489731311798
0.19996678829193115
0.17738589644432068
0.17008671164512634
0.1554955691099167
0.14607170224189758
0.1902163177728653
0.17241275310516357
0.14836983382701874
0.1095946803689003
0.10191286355257034
0.19440262019634247
0.17507041990756989
0.16721029579639435
0.1190599724650383
0.144208163022995
0.1652773916721344
0.14098143577575684
0.14268802106380463
0.18219085037708282
0.15214291214942932
0.17121522128582
0.17161425948143005
0.15545693039894104
0.16540361940860748
0.15459561347961426
0.18582722544670105
0.20676779747009277
0.1319863200187683
0.15945608913898468
0.16833378374576569
0.20704510807991028
0.16334101557731628
0.1958031952381134
0.22191327810287476
0.1692817062139511
0.18774878978729248
0.15843193233013153
0.15145984292030334
0.1873098909854889
0.16873635351657867
0.18511375784873962
0.17106947302818298
0.2703039348125458
0.21133148670196533
0.18136154115200043
0.19108687341213226
0.1342587023973465
0.25395429134368896
0.21853819489479065
0.1694965660572052
0.21225370466709137
0.17668092250823975
0.1773642599582672
0.14577996730804443
0.15956972539424896
0.20851807296276093
0.15512967109680176
0.18078559637069702
0.17519448697566986
0.16092225909233093
0.18125410377979279
0.16433492302894592
0.17350026965141296
0.1909300535917282
0.19522643089294434
0.21863281726837158
0.2078186720609665
0.19398732483386993
0.16075105965137482
0.18481360375881195
0.19525089859962463
0.18749988079071045
0.16113094985485077
