-0.05002329871058464
-0.05427124723792076
-0.047571174800395966
-0.018260996788740158
-0.05897180736064911
-0.056121740490198135
-0.04085060954093933
-0.056724753230810165
-0.054768405854701996
-0.06855092942714691
-0.061332255601882935
-0.05188647285103798
-0.05869482085108757
-0.07004071027040482
-0.05862211436033249
-0.09203985333442688
-0.06233930587768555
-0.059667035937309265
-0.04894046485424042
-0.05971783027052879
-0.010454254224896431
-0.060956913977861404
-0.06842224299907684
-0.01946181058883667
-0.06695974618196487
-0.07445099204778671
-0.042742036283016205
-0.06555359065532684
-0.02345648594200611
-0.02438812144100666
-0.028665632009506226
-0.06622157245874405
-0.05864860862493515
-0.07009723037481308
-0.027381425723433495
-0.07563868910074234
-0.061133578419685364
0.008630064316093922
0.02659926563501358
-0.02250632643699646
-0.06021035462617874
0.03797036409378052
0.08541746437549591
0.540553867816925
0.3403761088848114
0.624093234539032
0.288665771484375
0.40882381796836853
0.2886168956756592
0.2612161934375763
0.1472962498664856
0.11970655620098114
0.1227705329656601
0.25571388006210327
0.07834255695343018
0.04649901017546654
0.008602015674114227
0.08292993903160095
0.027054693549871445
0.04584626480937004
0.062373071908950806
0.02907600998878479
-0.022839508950710297
-0.060105081647634506
-0.0373590812087059
-0.01858503744006157
-0.031920600682497025
-0.05806010589003563
-0.05099143832921982
-0.028432659804821014
-0.03838128596544266
-0.044847406446933746
-0.05247717723250389
-0.03952135890722275
-0.015651347115635872
-0.034728243947029114
-0.04055056720972061
-0.0336705707013607
-0.06130998209118843
-0.06105174869298935
-0.054843466728925705
-0.027644675225019455
-0.052703093737363815
-0.04087357223033905
-0.050763484090566635
-0.047757115215063095
-0.03853604570031166
-0.048815902322530746
-0.04764445498585701
-0.03212340176105499
-0.04927054047584534
-0.05164065957069397
-0.06748802959918976
-0.04069656506180763
-0.07251998782157898
-0.05648215115070343
-0.07132826000452042
-0.04206626117229462
-0.026184067130088806
-0.058236561715602875
-0.041287027299404144
-0.06592785567045212
-0.051069989800453186
-0.04820319265127182
-0.06255386769771576
-0.04910434037446976
-0.054581355303525925
-0.053491510450839996
-0.08020790666341782
-0.0633302703499794
-0.04707011952996254
-0.0537521094083786
-0.05994683504104614
-0.05550964176654816
-0.04573673754930496
-0.055544380098581314
-0.07803744822740555
-0.06893216073513031
-0.047183793038129807
-0.05423138290643692
-0.04645474627614021
-0.08223240077495575
-0.06416584551334381
-0.07241401076316833
-0.050619397312402725
-0.05023791640996933
-0.06477241218090057
-0.06818852573633194
-0.050718385726213455
-0.053622055798769
-0.029733432456851006
-0.053317468613386154
-0.04637579619884491
-0.054190196096897125
-0.0656224712729454
-0.05824871361255646
-0.04324769228696823
-0.050697263330221176
-0.045942146331071854
-0.0486869178712368
-0.05965781211853027
-0.07302562147378922
-0.05527406930923462
-0.04474860429763794
-0.06620587408542633
-0.04162385314702988
-0.05654621124267578
-0.052233703434467316
-0.05942012369632721
-0.07584789395332336
-0.05802246183156967
-0.061286810785532
-0.05160437524318695
-0.05558207258582115
-0.05893097445368767
-0.05647144466638565
-0.034826114773750305
-0.0683353841304779
-0.048580605536699295
-0.04240216314792633
-0.05694795772433281
-0.05563829094171524
-0.05956322327256203
-0.05783748999238014
-0.043204840272665024
-0.049290869385004044
-0.045926038175821304
-0.050588369369506836
-0.04812292754650116
-0.04728388413786888
-0.040012702345848083
-0.06993640959262848
-0.03822491317987442
-0.05534882843494415
-0.05393748730421066
-0.03719094395637512
-0.0471988283097744
-0.06461978703737259
-0.04639334976673126
-0.05863700807094574
-0.018296247348189354
-0.029772024601697922
-0.0152798593044281
-0.044445112347602844
-0.033493440598249435
-0.053605254739522934
-0.038883086293935776
-0.03747914731502533
-0.02410302497446537
-0.034036505967378616
-0.012892097234725952
-0.054485857486724854
-0.011101764626801014
-0.04724890738725662
-0.05001138150691986
-0.020485272631049156
-0.04690864682197571
-0.045797090977430344
-0.0010583354160189629
0.08684507012367249
0.015435755252838135
0.014196857810020447
-0.03148558735847473
-0.025750063359737396
0.0015300633385777473
0.036508843302726746
0.03970934823155403
0.02303401380777359
-0.0418962687253952
-0.002924105618149042
0.055256955325603485
0.03901968151330948
0.019919075071811676
0.009580337442457676
0.023495309054851532
0.009494895115494728
0.03640308603644371
-0.013678742572665215
-0.024599973112344742
0.012354955077171326
0.02829931117594242
0.06676120311021805
0.015036112628877163
0.02322297729551792
0.007391439285129309
0.03222932294011116
-0.0019501810893416405
0.006921602413058281
0.023823844268918037
0.039459921419620514
0.0018639960326254368
0.09524847567081451
0.04849596321582794
0.03663930296897888
-0.0022739204578101635
0.07111984491348267
0.07131818681955338
0.05943502485752106
0.032766882330179214
0.030963778495788574
-0.013610690832138062
0.017543481662869453
0.028763243928551674
0.00445913802832365
0.001272477675229311
0.02677425742149353
0.03795337677001953
0.02687828242778778
0.02629491686820984
-0.011595876887440681
