0.3477018177509308
0.34695085883140564
0.3480132222175598
0.3682061731815338
0.3419364392757416
0.3418644070625305
0.35264068841934204
0.34014809131622314
0.3421851694583893
0.3328195810317993
0.3391340970993042
0.34324201941490173
0.34293264150619507
0.3330379128456116
0.33514899015426636
0.3165522515773773
0.3380052149295807
0.3372351825237274
0.3474307656288147
0.33556923270225525
0.37418219447135925
0.33808475732803345
0.3330944776535034
0.3617122173309326
0.3333456218242645
0.32573431730270386
0.3485850691795349
0.3287457525730133
0.36252182722091675
0.36259374022483826
0.35221347212791443
0.323687881231308
0.33229610323905945
0.3250963091850281
0.35224226117134094
0.3140018880367279
0.32378554344177246
0.3677341043949127
0.3801071345806122
0.3382911682128906
0.30436545610427856
0.35477983951568604
0.35800474882125854
0.6369960904121399
0.39590567350387573
0.6640112400054932
0.39192941784858704
0.5124882459640503
0.41901564598083496
0.4499616324901581
0.3763614296913147
0.38283851742744446
0.39778798818588257
0.5209548473358154
0.39956754446029663
0.3735212981700897
0.34517648816108704
0.4049350321292877
0.35521918535232544
0.3978116810321808
0.41185611486434937
0.355917751789093
0.3501743674278259
0.3150528073310852
0.32588446140289307
0.3602932095527649
0.3471788167953491
0.32296743988990784
0.3314295709133148
0.35214370489120483
0.3471047282218933
0.3439564108848572
0.33636659383773804
0.35461390018463135
0.37602221965789795
0.34753870964050293
0.35117650032043457
0.353121817111969
0.3333010673522949
0.3247854709625244
0.3380170166492462
0.35309505462646484
0.3400554955005646
0.34904253482818604
0.34492507576942444
0.34519335627555847
0.3470934331417084
0.34363824129104614
0.345118910074234
0.3504408597946167
0.3415165841579437
0.3385913670063019
0.32929760217666626
0.3516169786453247
0.32562896609306335
0.3396661877632141
0.32553723454475403
0.34755632281303406
0.35665443539619446
0.33917397260665894
0.3488771617412567
0.32356739044189453
0.3391217589378357
0.3459700047969818
0.322881281375885
0.34160318970680237
0.34190526604652405
0.3341977596282959
0.3097911477088928
0.33761435747146606
0.3439350724220276
0.3269645869731903
0.32767820358276367
0.33796894550323486
0.34086596965789795
0.3431470990180969
0.3050852119922638
0.31971287727355957
0.3431087136268616
0.3443871736526489
0.33168739080429077
0.30552393198013306
0.32365694642066956
0.3127497732639313
0.32510852813720703
0.34614297747612
0.3273790180683136
0.31265443563461304
0.33023595809936523
0.3128611743450165
0.3393023610115051
0.3198220729827881
0.3263721764087677
0.3213806748390198
0.3186565041542053
0.31472504138946533
0.31229516863822937
0.30974912643432617
0.3128376007080078
0.3286643624305725
0.31002944707870483
0.3191031813621521
0.3131077289581299
0.31881818175315857
0.3128623962402344
0.31363892555236816
0.3211679756641388
0.2857619524002075
0.31422126293182373
0.32196906208992004
0.31018996238708496
0.31955182552337646
0.31495726108551025
0.29855233430862427
0.29432812333106995
0.3177897036075592
0.29075008630752563
0.29961097240448
0.2792162299156189
0.27896201610565186
0.30000483989715576
0.2677951455116272
0.29000768065452576
0.3051545023918152
0.3015304207801819
0.32654255628585815
0.28631946444511414
0.34337323904037476
0.24320663511753082
0.3203486204147339
0.2569121718406677
0.27935972809791565
0.31635749340057373
0.31266891956329346
0.28972575068473816
0.24565564095973969
0.2748565971851349
0.3113965094089508
0.28904151916503906
0.28908056020736694
0.2686052620410919
0.27617812156677246
0.2719816565513611
0.3071208894252777
0.26114654541015625
0.22630955278873444
0.22773653268814087
0.3139154314994812
0.2987518310546875
0.2846757173538208
0.2567877173423767
0.27521753311157227
0.2985132336616516
0.26395514607429504
0.26134368777275085
0.3078932762145996
0.2763477861881256
0.2897883653640747
0.30894213914871216
0.2799586355686188
0.2838897407054901
0.2642269730567932
0.3078339695930481
0.3217034637928009
0.25899970531463623
0.2802026867866516
0.2995457947254181
0.31486067175865173
0.2810008227825165
0.31772226095199585
0.34987786412239075
0.2899140417575836
0.3109988272190094
0.2822033166885376
0.26142337918281555
0.3030063211917877
0.2952171862125397
0.29464787244796753
0.2860729694366455
0.38474977016448975
0.324367493391037
0.3028724491596222
0.3118821382522583
0.25329023599624634
0.37665241956710815
0.338430255651474
0.27662014961242676
0.33620673418045044
0.2883983850479126
0.2946804463863373
0.26482030749320984
0.26794952154159546
0.326081782579422
0.2651153802871704
0.29635298252105713
0.29827383160591125
0.27364933490753174
0.3027605712413788
0.2784993648529053
0.27644795179367065
0.30009037256240845
0.30039480328559875
0.3237205743789673
0.3206811249256134
0.31262555718421936
0.2802238464355469
0.2955246865749359
0.3080589175224304
0.3148319125175476
0.2797207236289978
