0.36312320828437805
0.36417946219444275
0.36239200830459595
0.37799271941185
0.3590255677700043
0.35756510496139526
0.3659934401512146
0.35532596707344055
0.35740986466407776
0.3505024015903473
0.3563092052936554
0.3574806749820709
0.3601543605327606
0.35126617550849915
0.3490678071975708
0.33792752027511597
0.35500043630599976
0.35260409116744995
0.362029492855072
0.3497474491596222
0.38265711069107056
0.35419923067092896
0.35038691759109497
0.3687604069709778
0.35011693835258484
0.34229913353919983
0.36126694083213806
0.3431892693042755
0.3722584545612335
0.3727581799030304
0.3589921295642853
0.3361359238624573
0.34388041496276855
0.3404776155948639
0.3537992238998413
0.3233165442943573
0.3374393582344055
0.3647797703742981
0.36602461338043213
0.34314098954200745
0.31617414951324463
0.3591357171535492
0.33845481276512146
0.36034390330314636
0.3077048659324646
0.4629463255405426
0.32918864488601685
0.37460845708847046
0.3286956548690796
0.3789319396018982
0.24881134927272797
0.32906606793403625
0.35789185762405396
0.4892083704471588
0.37217065691947937
0.3407372534275055
0.3166145384311676
0.35600775480270386
0.32431238889694214
0.38956311345100403
0.389727383852005
0.33254140615463257
0.32671451568603516
0.2779035270214081
0.28864556550979614
0.3391962945461273
0.3272916376590729
0.29421284794807434
0.2930799424648285
0.31971675157546997
0.3135809898376465
0.31806012988090515
0.31340229511260986
0.34589242935180664
0.3638326823711395
0.3198477029800415
0.32436227798461914
0.32047027349472046
0.28278887271881104
0.27041277289390564
0.2910221219062805
0.3061075806617737
0.3170020878314972
0.3035779595375061
0.3306974768638611
0.31471267342567444
0.2853119671344757
0.2959228456020355
0.29907578229904175
0.279532790184021
0.28154709935188293
0.2960825562477112
0.26047465205192566
0.2756909728050232
0.2547016143798828
0.26847732067108154
0.24804648756980896
0.2486712634563446
0.2643393874168396
0.2152789831161499
0.24049749970436096
0.2750997245311737
0.23532865941524506
0.277002215385437
0.22897733747959137
0.18324615061283112
0.23479191958904266
0.271495521068573
0.2169942706823349
0.247950941324234
0.22537244856357574
0.1856447160243988
0.27824029326438904
0.301888108253479
0.21795859932899475
0.23166334629058838
0.14951586723327637
0.1874290406703949
0.2274569422006607
0.21403102576732635
0.19067369401454926
0.14658813178539276
0.20157015323638916
0.17453958094120026
0.21422407031059265
0.2017686665058136
0.23672012984752655
0.2424614280462265
0.23057477176189423
0.20189321041107178
0.19126823544502258
0.24497249722480774
0.25876572728157043
0.1841060370206833
0.2665797770023346
0.24319806694984436
0.24534326791763306
0.29040029644966125
0.2442817986011505
0.2014063149690628
0.2671572268009186
0.24326585233211517
0.20331287384033203
0.2751562297344208
0.2488829791545868
0.22950609028339386
0.25459879636764526
0.28154346346855164
0.25307023525238037
0.17208752036094666
0.23620791733264923
0.2536197304725647
0.254604309797287
0.24406485259532928
0.25943851470947266
0.2821543216705322
0.26177436113357544
0.2404724359512329
0.20866042375564575
0.25011011958122253
0.2756798267364502
0.2507886588573456
0.21004672348499298
0.20498161017894745
0.2305675595998764
0.29188868403434753
0.2954646646976471
0.2529037594795227
0.24081404507160187
0.23013974726200104
0.1851845383644104
0.2476055920124054
0.25987929105758667
0.18730878829956055
0.20509952306747437
0.28526636958122253
0.21054482460021973
0.20686109364032745
0.16627919673919678
0.25473925471305847
0.233210027217865
0.19900669157505035
0.21875056624412537
0.24835632741451263
0.1986134797334671
0.21867124736309052
0.2551155388355255
0.2019980549812317
0.1465388834476471
0.18143802881240845
0.20497626066207886
0.21687355637550354
0.21055035293102264
0.18243339657783508
0.17055244743824005
0.23262152075767517
0.20280545949935913
0.1455620974302292
0.19937486946582794
0.1645790934562683
0.13893966376781464
0.20353880524635315
0.16397513449192047
0.17358553409576416
0.17977988719940186
0.27444279193878174
0.21113969385623932
0.1859041303396225
0.13373391330242157
0.10358841717243195
0.23623651266098022
0.17020642757415771
0.14411239326000214
0.20976342260837555
0.17069290578365326
0.16154608130455017
0.17508117854595184
0.23600399494171143
0.126204714179039
0.17807702720165253
0.13739438354969025
0.139750674366951
0.10533470660448074
0.1496073305606842
0.17142601311206818
0.13061513006687164
0.13250720500946045
0.20526784658432007
0.141844242811203
0.1326938271522522
0.15155832469463348
0.12502548098564148
0.09851045161485672
0.14660274982452393
0.11075611412525177
0.19490717351436615
0.18359878659248352
0.12507812678813934
0.17759834229946136
0.1526843011379242
0.1801646500825882
0.16547515988349915
0.147705078125
0.17247982323169708
0.15437941253185272
0.15555065870285034
0.1360463798046112
0.13447068631649017
0.1727563738822937
0.16391520202159882
