-0.01771908812224865
-0.02025529183447361
-0.0163221787661314
0.0085127092897892
-0.02512557990849018
-0.023697787895798683
-0.010620513930916786
-0.024865588173270226
-0.022856423631310463
-0.03449854254722595
-0.027751445770263672
-0.02083985134959221
-0.024443183094263077
-0.035143040120601654
-0.028320707380771637
-0.054417505860328674
-0.028779715299606323
-0.027778761461377144
-0.017267178744077682
-0.028562074527144432
0.015461556613445282
-0.027938447892665863
-0.03411165997385979
0.004782617092132568
-0.03331269323825836
-0.04078452289104462
-0.013529837131500244
-0.034868914633989334
0.0031436458230018616
0.0028140228241682053
-0.00430058129131794
-0.036700546741485596
-0.028931647539138794
-0.03875432908535004
-0.0032090041786432266
-0.0456477627158165
-0.03394520282745361
0.02243945375084877
0.03959696739912033
-0.006260223686695099
-0.04176172986626625
0.0367712639272213
0.06520599126815796
0.4638218283653259
0.2550469636917114
0.5231717824935913
0.24397432804107666
0.34198275208473206
0.2434418797492981
0.22572731971740723
0.1235361397266388
0.10705728828907013
0.11975528299808502
0.23831668496131897
0.08722341060638428
0.049449622631073
0.019733289256691933
0.08569107949733734
0.035347502678632736
0.05853314325213432
0.07170547544956207
0.0427810475230217
-0.0006179399788379669
-0.032276831567287445
-0.016669806092977524
0.0031913407146930695
-0.007324967533349991
-0.02919859066605568
-0.02413344569504261
-0.004640188068151474
-0.01099579781293869
-0.01849026419222355
-0.024017415940761566
-0.010400351136922836
0.008010001853108406
-0.010277550667524338
-0.012951111420989037
-0.008337512612342834
-0.029848238453269005
-0.032055262476205826
-0.02567836456000805
-0.0032073892652988434
-0.023631522431969643
-0.012025471776723862
-0.018753498792648315
-0.019174974411725998
-0.012793060392141342
-0.0199784804135561
-0.016666250303387642
-0.00630517303943634
-0.019155530259013176
-0.0228775292634964
-0.03437333181500435
-0.01138821616768837
-0.038527507334947586
-0.025651156902313232
-0.03780190646648407
-0.011645521968603134
-0.0006989426910877228
-0.02572990581393242
-0.011328909546136856
-0.03342185914516449
-0.021612176671624184
-0.017595943063497543
-0.032299213111400604
-0.019428273662924767
-0.02395777404308319
-0.021503198891878128
-0.047874726355075836
-0.03058469295501709
-0.01511889323592186
-0.025573354214429855
-0.0292791910469532
-0.024918323382735252
-0.012848522514104843
-0.020319798961281776
-0.045747965574264526
-0.03659763187170029
-0.016636814922094345
-0.018675565719604492
-0.017711332067847252
-0.04689377546310425
-0.030548034235835075
-0.039959728717803955
-0.020308269187808037
-0.016346583142876625
-0.03054131381213665
-0.03575821593403816
-0.021094435825943947
-0.024182312190532684
-0.00013585388660430908
-0.022757716476917267
-0.015517409890890121
-0.023533934727311134
-0.03401566296815872
-0.028433907777071
-0.0022917352616786957
-0.022522537037730217
-0.036296296864748
-0.02354179136455059
-0.02986200340092182
-0.022076953202486038
-0.02231721207499504
-0.018633989617228508
-0.0342920757830143
-0.01623956300318241
-0.020452985540032387
-0.01749725267291069
-0.029720528051257133
-0.026493223384022713
-0.03772706910967827
-0.01383235678076744
-0.030798885971307755
-0.03233802318572998
-0.03589901700615883
-0.024171976372599602
-0.014638517051935196
-0.014990979805588722
-0.02287776954472065
-0.022098777815699577
-0.03786537051200867
-0.027099333703517914
-0.007461735978722572
-0.01334625668823719
-0.02337045967578888
-0.0063947346061468124
-0.026851441711187363
-0.024402687326073647
-0.02012116275727749
-0.029480941593647003
-0.0025712791830301285
0.01895824819803238
-0.001343974843621254
-0.0033473707735538483
-0.03107355535030365
0.006374827586114407
-0.0044136568903923035
-0.007596373558044434
-0.01228182390332222
-0.013621392659842968
0.0037380224093794823
-0.03636272996664047
0.0058214301243424416
-0.03306243568658829
-0.014597720466554165
-0.03657586872577667
-0.014351247809827328
0.007393739186227322
-0.002309158444404602
-0.0003580870106816292
-0.00505157932639122
0.012990780174732208
0.016629623249173164
0.02640879899263382
-0.025330867618322372
0.05437798798084259
0.0034970180131495
0.007559755351394415
0.05901999771595001
-0.01453198678791523
-0.01265158411115408
0.04698879271745682
0.061594024300575256
0.01671510562300682
0.04254799336194992
0.04403640329837799
0.017008595168590546
0.06217281520366669
0.025336328893899918
0.04932592436671257
0.08047454804182053
0.005912778899073601
0.03762464225292206
0.037817422300577164
0.03540816530585289
0.025717683136463165
0.0544026717543602
0.05095238983631134
0.022288352251052856
0.04709332808852196
0.015369577333331108
-0.005505385808646679
0.02372925728559494
-0.03406645357608795
0.03452225774526596
0.03723927587270737
0.014070170931518078
0.03191469609737396
0.04626801982522011
0.060384079813957214
0.03606991842389107
0.018598269671201706
0.046086687594652176
-0.020956769585609436
-0.007901890203356743
0.00433164369314909
0.053880300372838974
-0.0031014448031783104
0.01626397855579853
0.04057750850915909
0.042438969016075134
0.03737334907054901
0.048373252153396606
-0.015888109803199768
-0.009556756354868412
-0.020918376743793488
0.007803764194250107
0.03973803669214249
0.0017977552488446236
0.011362000368535519
