0.09770194441080093
0.09695074707269669
0.09801339358091354
0.11820608377456665
0.09193644672632217
0.09186439216136932
0.10264015197753906
0.09014786034822464
0.09218540787696838
0.08281997591257095
0.08913454413414001
0.09324207156896591
0.0929328054189682
0.08303814381361008
0.08514915406703949
0.06655247509479523
0.08800529688596725
0.08723527193069458
0.09743082523345947
0.0855693370103836
0.12418203800916672
0.08808471262454987
0.08309467881917953
0.11171216517686844
0.08334542065858841
0.07573419064283371
0.09858494997024536
0.0787460133433342
0.11252190172672272
0.11259384453296661
0.10221360623836517
0.07368780672550201
0.08229629695415497
0.07509651780128479
0.10224208235740662
0.06403430551290512
0.07381923496723175
0.11773297190666199
0.13009843230247498
0.08848340809345245
0.054408103227615356
0.10695961862802505
0.11992290616035461
0.42259833216667175
0.1801082193851471
0.46683862805366516
0.23336336016654968
0.3237820863723755
0.24259468913078308
0.24591940641403198
0.15577298402786255
0.15594854950904846
0.174343079328537
0.29113709926605225
0.16424867510795593
0.1276218742132187
0.10483680665493011
0.1612871140241623
0.11895474791526794
0.14990074932575226
0.15946121513843536
0.12820765376091003
0.09920103847980499
0.06788846105337143
0.08124350011348724
0.10614725202322006
0.09733985364437103
0.0762948989868164
0.08262969553470612
0.10058997571468353
0.09754453599452972
0.09182851016521454
0.08640533685684204
0.10198557376861572
0.11844287812709808
0.09711366891860962
0.09893257170915604
0.10074461996555328
0.0830501914024353
0.076443612575531
0.08636823296546936
0.10374784469604492
0.0888013243675232
0.09898234903812408
0.09527502954006195
0.09319005161523819
0.0957886204123497
0.09214847534894943
0.09620482474565506
0.10154090076684952
0.09254986047744751
0.08912831544876099
0.08074520528316498
0.10028290748596191
0.07658761739730835
0.08840733021497726
0.07773879170417786
0.09936675429344177
0.10781034827232361
0.08836536854505539
0.0998346209526062
0.07895907759666443
0.09003864228725433
0.09587983787059784
0.07804422825574875
0.09242979437112808
0.0898643359541893
0.08908574283123016
0.06543846428394318
0.08502614498138428
0.09683145582675934
0.08405432105064392
0.08149535953998566
0.08756699413061142
0.09835374355316162
0.09513301402330399
0.0652177631855011
0.07452046871185303
0.09188880026340485
0.09704162925481796
0.08826513588428497
0.06280918419361115
0.08067471534013748
0.07078167796134949
0.08621615916490555
0.09709282219409943
0.08283500373363495
0.07290572673082352
0.08809735625982285
0.08101747930049896
0.10153037309646606
0.08486869931221008
0.09213291108608246
0.08268608897924423
0.07485716789960861
0.08882265537977219
0.06845781207084656
0.07243172079324722
0.06927483528852463
0.07442884892225266
0.0752597451210022
0.0717858076095581
0.08598749339580536
0.07363177090883255
0.06988486647605896
0.07203889638185501
0.10187941044569016
0.08358505368232727
0.0702628344297409
0.0657811164855957
0.06978711485862732
0.06748731434345245
0.07042554020881653
0.08954669535160065
0.06621921062469482
0.07211017608642578
0.05698569864034653
0.07698589563369751
0.06055013835430145
0.09912765771150589
0.07236211001873016
0.07538928091526031
0.08486049622297287
0.07643958926200867
0.06585386395454407
0.09386017918586731
0.07657232880592346
0.05256706103682518
0.04984530806541443
0.04763758182525635
0.049681007862091064
0.05669748783111572
0.055509503930807114
0.07742413133382797
0.08695432543754578
0.061788059771060944
0.047085925936698914
0.06418628245592117
0.060374945402145386
0.06427037715911865
0.05626921355724335
0.03487557917833328
0.06895584613084793
0.019670525565743446
0.0534033477306366
0.04105779901146889
0.07560916244983673
0.04534601420164108
0.04845445603132248
0.036527976393699646
0.0688352957367897
0.06328980624675751
0.058465562760829926
0.07136496901512146
0.07693586498498917
0.07892638444900513
0.0561540462076664
0.057875342667102814
0.05008978396654129
0.05093919113278389
0.04422064870595932
0.06377734243869781
0.053554467856884
0.08441135287284851
0.12393362075090408
0.05401453375816345
0.09647932648658752
0.05253129452466965
0.054474569857120514
0.09609788656234741
0.044127512723207474
0.13210511207580566
0.09878118336200714
0.07384517788887024
0.09029239416122437
0.08229220658540726
0.10139872133731842
0.09936537593603134
0.04543494060635567
0.08444590866565704
0.06954487413167953
0.14076828956604004
0.0749201625585556
0.05656503140926361
0.06806211173534393
0.02225470542907715
0.11609664559364319
0.05229644104838371
0.11808684468269348
0.09146710485219955
0.06526657938957214
0.07537403702735901
0.04437660425901413
0.08681164681911469
0.06751567870378494
0.0597134567797184
0.08385580778121948
0.05901683494448662
0.0651291012763977
0.07259150594472885
0.05699162185192108
0.08429580181837082
0.08287184685468674
0.09046901762485504
0.08319966495037079
0.11031253635883331
0.06940675526857376
0.05358613654971123
0.06403810530900955
0.07015419006347656
