0.17562298476696014
0.1766796112060547
0.174891859292984
0.19049307703971863
0.17152532935142517
0.1700654923915863
0.1784932166337967
0.16782595217227936
0.16990989446640015
0.16300258040428162
0.16880923509597778
0.16998061537742615
0.17265450954437256
0.16376575827598572
0.16156795620918274
0.15042757987976074
0.16750019788742065
0.16510383784770966
0.1745295226573944
0.16224774718284607
0.19515739381313324
0.16669917106628418
0.16288690268993378
0.18126067519187927
0.16261710226535797
0.15479914844036102
0.1737670600414276
0.155689537525177
0.18475869297981262
0.18525776267051697
0.1714922934770584
0.1486361175775528
0.15638025104999542
0.15297791361808777
0.16629920899868011
0.1358734667301178
0.1499413251876831
0.17727777361869812
0.1785096824169159
0.1556457132101059
0.1289413571357727
0.17182557284832
0.15655334293842316
0.17799146473407745
0.13408027589321136
0.31831493973731995
0.218118816614151
0.24852944910526276
0.2114088535308838
0.24083706736564636
0.11507245898246765
0.17197862267494202
0.20689710974693298
0.2969352602958679
0.21326223015785217
0.1633681207895279
0.15034447610378265
0.19247078895568848
0.15282079577445984
0.20726977288722992
0.2075887769460678
0.17751258611679077
0.15336200594902039
0.11568993330001831
0.12553465366363525
0.16086669266223907
0.1523895114660263
0.1295689344406128
0.13279153406620026
0.15130579471588135
0.15015971660614014
0.14938212931156158
0.14600564539432526
0.1680060178041458
0.18028570711612701
0.15469008684158325
0.15751779079437256
0.15559285879135132
0.13331753015518188
0.12021203339099884
0.1346261203289032
0.15330985188484192
0.1464553028345108
0.14999252557754517
0.15897807478904724
0.15510381758213043
0.1408061534166336
0.14556173980236053
0.15296205878257751
0.14914904534816742
0.13810816407203674
0.14514121413230896
0.12757371366024017
0.14571043848991394
0.12170515209436417
0.13514754176139832
0.1227777898311615
0.13492389023303986
0.14833831787109375
0.12025505304336548
0.1327635645866394
0.1165846586227417
0.12886221706867218
0.14362461864948273
0.10899320989847183
0.11107102781534195
0.12914492189884186
0.12446481734514236
0.08370833843946457
0.11856642365455627
0.11531763523817062
0.09623207896947861
0.10523544996976852
0.12984366714954376
0.11010106652975082
0.10307656973600388
0.06652525812387466
0.05955502390861511
0.10214376449584961
0.09942477941513062
0.062451887875795364
0.07113216817378998
0.07752184569835663
0.053203243762254715
0.07284694910049438
0.07489997148513794
0.10091343522071838
0.07202021777629852
0.07181178033351898
0.05434218794107437
0.05819232016801834
0.06125926971435547
0.06575106829404831
0.05921940878033638
0.07441781461238861
0.059495486319065094
0.1206645518541336
0.0690782219171524
0.05546450614929199
0.055515967309474945
0.09370177984237671
0.05751899629831314
0.04749532788991928
0.056292448192834854
0.04780181869864464
0.06062476709485054
0.04177895933389664
0.048745524138212204
0.05308996140956879
0.06427215039730072
0.05864942446351051
0.0727582722902298
0.06065908074378967
0.0821571871638298
0.0734718069434166
0.06164199858903885
0.08903534710407257
0.04159447178244591
0.07055485993623734
0.055462662130594254
0.06432785838842392
0.08925564587116241
0.07661496102809906
0.05093176290392876
0.06326518207788467
0.07506051659584045
0.0791277140378952
0.10085269808769226
0.06749171763658524
0.06667439639568329
0.09506765753030777
0.06111243739724159
0.07698002457618713
0.05987631529569626
0.11925093084573746
0.10020578652620316
0.05702932924032211
0.06948737055063248
0.06315452605485916
0.06506873667240143
0.12358379364013672
0.057677142322063446
0.05888928845524788
0.09289612621068954
0.09016181528568268
0.05953814089298248
0.062315359711647034
0.05847381427884102
0.05126352235674858
0.08665309101343155
0.05767287313938141
0.08204835653305054
0.06221124157309532
0.046274732798337936
0.05756586790084839
0.05686115100979805
0.07270187139511108
0.07323642075061798
0.07744288444519043
0.0626656711101532
0.07215279340744019
0.05992259085178375
0.07318229228258133
0.08098321408033371
0.08165840059518814
0.05716407299041748
0.08746892213821411
0.07610809803009033
0.05931239575147629
0.06727899610996246
0.04470247030258179
0.0739687830209732
0.05398467183113098
0.06277783215045929
0.08019863069057465
0.11943542957305908
0.06791170686483383
0.05168589949607849
0.06277618557214737
0.051326684653759
0.07368882745504379
0.07459113746881485
0.04974249750375748
0.05795750021934509
0.07546354085206985
0.06042087823152542
0.07433322817087173
0.060041896998882294
0.06593064218759537
0.07472222298383713
0.09485278278589249
0.06060144677758217
0.07411367446184158
0.04869250953197479
0.047662362456321716
0.043425168842077255
0.05369369685649872
0.09420653432607651
0.04774138331413269
0.05652860179543495
0.04980642348527908
0.08740371465682983
0.08002595603466034
0.07984732836484909
0.059646423906087875
0.04481181502342224
0.056289251893758774
0.046014074236154556
0.06325099617242813
0.059868402779102325
