0.2051456719636917
0.19139640033245087
0.20445369184017181
0.1775408536195755
0.21458208560943604
0.21484152972698212
0.19345906376838684
0.2096610814332962
0.20292674005031586
0.21550291776657104
0.2101423144340515
0.20773138105869293
0.2040545642375946
0.20731252431869507
0.2147330939769745
0.21221914887428284
0.20916922390460968
0.20835337042808533
0.19748465716838837
0.2125011682510376
0.1708770990371704
0.20515938103199005
0.21441912651062012
0.19231590628623962
0.21568994224071503
0.2191113531589508
0.20125193893909454
0.22070489823818207
0.19834579527378082
0.2014627903699875
0.1949472427368164
0.20755335688591003
0.2138408124446869
0.20877866446971893
0.21024692058563232
0.20096400380134583
0.21298348903656006
0.20249004662036896
0.2182832956314087
0.20029835402965546
0.21945151686668396
0.20270392298698425
0.20591400563716888
0.20932677388191223
0.19963276386260986
0.22160157561302185
0.21043190360069275
0.20402133464813232
0.20212361216545105
0.19769957661628723
0.20862726867198944
0.217807337641716
0.18919658660888672
0.19794043898582458
0.1850290447473526
0.22383524477481842
0.21209436655044556
0.18848393857479095
0.19258548319339752
0.197662815451622
0.19872918725013733
0.22543120384216309
0.20424453914165497
0.19153140485286713
0.2017856240272522
0.21641282737255096
0.20378313958644867
0.20476722717285156
0.20289407670497894
0.20150375366210938
0.19900240004062653
0.1975523680448532
0.2123151272535324
0.19736257195472717
0.20375405251979828
0.20728079974651337
0.2154240906238556
0.21427233517169952
0.21164526045322418
0.19995862245559692
0.21597068011760712
0.19878259301185608
0.21354390680789948
0.2022765874862671
0.19166533648967743
0.21059948205947876
0.21109086275100708
0.21349649131298065
0.21708132326602936
0.19941677153110504
0.20620693266391754
0.21884910762310028
0.2159125804901123
0.19216430187225342
0.21275483071804047
0.2110375314950943
0.19845183193683624
0.19651518762111664
0.19281700253486633
0.21626144647598267
