0.19767853617668152
0.19266526401042938
0.19836582243442535
0.20183373987674713
0.19823910295963287
0.19451144337654114
0.1949697583913803
0.1858360469341278
0.19230055809020996
0.19135142862796783
0.20117995142936707
0.19207605719566345
0.19127565622329712
0.17473424971103668
0.19148816168308258
0.17387686669826508
0.18468067049980164
0.18542714416980743
0.19235584139823914
0.1928004026412964
0.2022450715303421
0.18561598658561707
0.18184809386730194
0.2005886733531952
0.18657660484313965
0.19849546253681183
0.18851543962955475
0.18785153329372406
0.18896076083183289
0.18627601861953735
0.20020200312137604
0.18540512025356293
0.19187837839126587
0.20542070269584656
0.18414880335330963
0.19671915471553802
0.18154913187026978
0.18622194230556488
0.17574486136436462
0.20746679604053497
0.18757005035877228
0.18109329044818878
0.1828153431415558
0.1821935623884201
0.19401602447032928
0.18729186058044434
0.1979420930147171
0.17545372247695923
0.1883535087108612
0.19815826416015625
0.21025745570659637
0.20655542612075806
0.17803765833377838
0.17652590572834015
0.19972862303256989
0.17208431661128998
0.18859799206256866
0.17649051547050476
0.19353093206882477
0.18927037715911865
0.18885406851768494
0.1785953789949417
0.19822053611278534
0.18189184367656708
0.19413232803344727
0.17766959965229034
0.18693000078201294
0.18503789603710175
0.1861259788274765
0.1980462521314621
0.20759525895118713
0.20484770834445953
0.1967126578092575
0.1935664713382721
0.19769646227359772
0.2024361938238144
0.18761107325553894
0.18530863523483276
0.18546584248542786
0.18117165565490723
0.2026345580816269
0.20321527123451233
0.17747026681900024
0.19672061502933502
0.198634073138237
0.16108360886573792
0.18935762345790863
0.17437796294689178
0.18478938937187195
0.20022450387477875
0.19724515080451965
0.18851247429847717
0.1920260488986969
0.18846318125724792
0.16504406929016113
0.17190219461917877
0.1797991842031479
0.19372816383838654
0.20935900509357452
0.19830019772052765
0.1935400813817978
0.17592482268810272
0.19954730570316315
0.18392542004585266
0.18319720029830933
0.16531860828399658
0.19303002953529358
0.19303038716316223
0.1904316246509552
0.18484194576740265
0.18868279457092285
0.1622135192155838
0.20245277881622314
0.18849517405033112
0.17319001257419586
0.19402453303337097
0.18701493740081787
0.1939038336277008
0.14962929487228394
0.07092662155628204
0.20279854536056519
0.1551339030265808
0.1514534056186676
0.08975920081138611
0.19780811667442322
0.1910630762577057
0.15681421756744385
0.12914294004440308
0.15594454109668732
0.16985343396663666
0.14429983496665955
0.0928819328546524
0.1846228688955307
0.18412114679813385
0.1523636430501938
0.12446209043264389
0.15505969524383545
0.17954102158546448
0.14997561275959015
0.13574515283107758
0.19227761030197144
0.1697864830493927
0.1220981702208519
0.13581228256225586
0.1460798680782318
0.16409684717655182
0.154477059841156
0.15686339139938354
0.1799328625202179
0.15836577117443085
0.15513689815998077
0.10462531447410583
0.13175365328788757
0.08346925675868988
0.1341032087802887
0.16632205247879028
0.17669734358787537
0.1046084463596344
0.16915538907051086
0.10378578305244446
0.11866002529859543
0.1413823813199997
0.14979586005210876
0.13825957477092743
0.14278286695480347
0.11546672880649567
0.11622776091098785
0.117395780980587
0.07676741480827332
0.13612908124923706
0.13696801662445068
0.13682515919208527
0.09227155148983002
0.0834953635931015
0.07996443659067154
0.12615148723125458
0.05807017534971237
0.09154921770095825
0.13701681792736053
0.11924636363983154
0.03862527012825012
0.06519065052270889
0.12537330389022827
0.12149577587842941
0.10551342368125916
0.1568523347377777
0.06273967027664185
0.06850893050432205
0.07827416807413101
0.06283032894134521
0.09083673357963562
0.1191343143582344
0.10968568921089172
0.046885550022125244
0.04731248319149017
0.05012328550219536
0.06533440947532654
0.12088046222925186
0.08411872386932373
0.11215255409479141
0.08127069473266602
0.06696444749832153
0.08068060129880905
0.112211674451828
0.09841282665729523
0.11272218823432922
0.0960327684879303
0.05000196397304535
0.028063325211405754
0.03484712541103363
0.06441445648670197
0.046979304403066635
0.08637426793575287
0.1173686683177948
0.06672278046607971
0.0980604812502861
0.07069781422615051
0.13182906806468964
0.07931432873010635
0.07529126852750778
0.07537882030010223
0.07589282095432281
0.08521036058664322
0.0852062851190567
0.0809418186545372
0.0772644504904747
0.08144761621952057
0.09839319437742233
0.05664501339197159
0.09235470741987228
0.048900581896305084
0.0428052693605423
0.06832809001207352
0.04112955182790756
0.06664513051509857
0.10501178354024887
0.05547869950532913
0.0350990891456604
0.0649959146976471
0.11514832079410553
0.06253452599048615
0.04578617960214615
0.0863645002245903
0.020908799022436142
0.15644587576389313
0.09182363003492355
0.06353472173213959
0.08997117727994919
0.10755953192710876
0.06527356058359146
