0.13846342265605927
0.1316078156232834
0.13905282318592072
0.14246171712875366
0.1407005488872528
0.1259244829416275
0.13698682188987732
0.12747779488563538
0.13511346280574799
0.13288119435310364
0.14986468851566315
0.14072464406490326
0.13014356791973114
0.11796141415834427
0.13532638549804688
0.11012867838144302
0.12781593203544617
0.1272604763507843
0.13495436310768127
0.13657014071941376
0.14267688989639282
0.12657985091209412
0.12169816344976425
0.136931911110878
0.12344375997781754
0.14299055933952332
0.12941458821296692
0.12828512489795685
0.12661834061145782
0.12196600437164307
0.14196190237998962
0.12904469668865204
0.1256503313779831
0.1527545154094696
0.1227654442191124
0.14160297811031342
0.12242991477251053
0.12199807912111282
0.1187458485364914
0.14953602850437164
0.1300586462020874
0.1170196458697319
0.11721334606409073
0.12016113102436066
0.12447287142276764
0.12479005008935928
0.13704587519168854
0.11152584105730057
0.12539994716644287
0.13982242345809937
0.15118980407714844
0.14596158266067505
0.11588748544454575
0.10634192079305649
0.14359210431575775
0.11215592920780182
0.13221627473831177
0.1150628998875618
0.1416267305612564
0.1296643763780594
0.1286083310842514
0.11928348243236542
0.13750287890434265
0.11269539594650269
0.13688890635967255
0.11694412678480148
0.12619119882583618
0.12299248576164246
0.1304713636636734
0.1397133469581604
0.1482309103012085
0.14585627615451813
0.14023719727993011
0.1274278312921524
0.1323932260274887
0.14673727750778198
0.12782636284828186
0.1322523057460785
0.1246320828795433
0.1176554337143898
0.14327196776866913
0.14514434337615967
0.10671504586935043
0.13565023243427277
0.13459482789039612
0.11444350332021713
0.13303165137767792
0.11926518380641937
0.12184369564056396
0.13783282041549683
0.13487529754638672
0.1284867376089096
0.12741494178771973
0.12596991658210754
0.10228043049573898
0.11558076739311218
0.11435924470424652
0.13875213265419006
0.14744749665260315
0.1334477812051773
0.12388595938682556
0.11015938967466354
0.3370145261287689
0.14016543328762054
0.1358165442943573
0.13589593768119812
0.13163705170154572
0.1206703707575798
0.14021386206150055
0.10848617553710938
0.13252975046634674
0.1101871132850647
0.12136460840702057
0.14095622301101685
0.10231895744800568
0.10884073376655579
0.12559175491333008
0.12067829072475433
0.07741245627403259
0.1235293298959732
0.1427515149116516
0.12144450098276138
0.11258098483085632
0.14359530806541443
0.11594089865684509
0.13163423538208008
0.15294477343559265
0.07622896134853363
0.15801924467086792
0.10029052942991257
0.12678249180316925
0.13159555196762085
0.17068570852279663
0.10271701216697693
0.17601260542869568
0.11325744539499283
0.07601530849933624
0.13574807345867157
0.13920597732067108
0.11228754371404648
0.13048814237117767
0.11710362136363983
0.17648717761039734
0.08762113004922867
0.09508239477872849
0.09546231478452682
0.11405529826879501
0.13598908483982086
0.12087160348892212
0.12619605660438538
0.0783236026763916
0.14278705418109894
0.10876645892858505
0.10532503575086594
0.24811199307441711
0.1678948700428009
0.1426641047000885
0.12139344960451126
0.2261769026517868
0.1365521103143692
0.13921239972114563
0.10080327838659286
0.075450599193573
0.1841103881597519
0.12387464195489883
0.10037349909543991
0.11400072276592255
0.14722542464733124
0.1061912328004837
0.18962201476097107
0.15544669330120087
0.12176287174224854
0.12836551666259766
0.09136798977851868
0.09458474069833755
0.06823873519897461
0.03316517919301987
0.09359592199325562
0.12859608232975006
0.12335178256034851
0.08939108997583389
0.08277294784784317
0.08500249683856964
0.21171821653842926
0.10369962453842163
0.12305597960948944
0.11331398785114288
0.1154705360531807
0.1269555240869522
0.09460671246051788
0.12692882120609283
0.043954089283943176
0.06507961452007294
0.07024978846311569
0.12294889241456985
0.15144526958465576
0.13288575410842896
0.3641621470451355
0.11695632338523865
0.08992884308099747
0.08262994885444641
0.08147651702165604
0.09398319572210312
0.13450349867343903
0.1772635281085968
0.09431920945644379
0.11264637857675552
0.10092657804489136
0.11713934689760208
0.05858821049332619
0.13334821164608002
0.11569500714540482
0.15341223776340485
0.10183688998222351
0.0500028133392334
0.06835916638374329
0.08272789418697357
0.21659302711486816
0.01826637238264084
0.07976798713207245
0.11158585548400879
0.04374868422746658
0.08268099278211594
0.044023603200912476
0.11918412148952484
0.11420770734548569
0.08136382699012756
0.0747046247124672
0.06577900052070618
0.053689636290073395
0.0330159068107605
0.05637696385383606
0.0646413266658783
0.11252865195274353
0.06238067150115967
0.08242865651845932
0.10562753677368164
0.1143050566315651
0.10843525826931
0.10184790939092636
0.10935705900192261
0.079854816198349
0.1163344532251358
0.07299002259969711
0.08602377772331238
0.10544826090335846
0.07408539205789566
0.08414307981729507
0.0860917791724205
0.08799099922180176
