0.02240181714296341
0.012567298486828804
0.028024980798363686
0.02743261307477951
0.029307618737220764
-0.006838713772594929
0.025530532002449036
0.011680805124342442
0.018090127035975456
0.010879045352339745
0.04215346276760101
0.033445410430431366
0.01316552609205246
0.002840752247720957
0.021960794925689697
-0.01177994441241026
0.009700757451355457
0.012441424652934074
0.018096305429935455
0.028055552393198013
0.027794331312179565
0.008548744022846222
0.00036264071241021156
0.010698260739445686
-0.002702252473682165
0.03025634214282036
0.014357248321175575
0.009403608739376068
0.006909620016813278
-0.0005333134904503822
0.022645242512226105
0.014905903488397598
-0.004192149266600609
0.049590758979320526
-3.3133430406451225e-05
0.03016999550163746
0.00970831885933876
-0.0018256735056638718
0.004146726336330175
0.03147018328309059
0.014133570715785027
-0.006568030454218388
-0.002954716794192791
-0.003499837126582861
0.000642370549030602
0.002788994461297989
0.018720373511314392
-0.013206960633397102
0.00469103641808033
0.021039500832557678
0.028943214565515518
0.023041026666760445
-0.007732322905212641
-0.0247529074549675
0.030071500688791275
-0.0019930696580559015
0.02544141188263893
-0.007901083678007126
0.04376283288002014
0.010819598101079464
0.009642950259149075
0.007944929413497448
0.018417812883853912
-0.02213398367166519
0.02243468351662159
-0.0023286044597625732
0.009216707199811935
0.004127087537199259
0.013183950446546078
0.023398835211992264
0.024663420394062996
0.0323968231678009
0.025628479197621346
0.0013473492581397295
0.003778759390115738
0.03902459517121315
0.006863469257950783
0.019961178302764893
-0.0019899713806807995
-0.0019447917584329844
0.029779907315969467
0.028798626735806465
-0.021838730201125145
0.024853812530636787
0.01107429526746273
-0.015896501019597054
0.015226541087031364
0.000740905525162816
-0.035702843219041824
0.027697056531906128
0.01598447933793068
0.016415411606431007
0.0034825713373720646
0.008907432667911053
-0.015499859116971493
-0.007458217907696962
-0.014694943092763424
0.011737996712327003
0.04822508245706558
0.01681479439139366
0.008068295195698738
-0.02053484320640564
0.017207056283950806
0.07235515117645264
0.006068243645131588
0.07035627216100693
0.012460829690098763
0.012165160849690437
0.015331437811255455
0.000506494427099824
0.017838990315794945
0.04444500058889389
0.05020548403263092
0.07247400283813477
0.02152267098426819
0.0012150011025369167
-0.016369972378015518
-0.01244979165494442
-0.0007695169188082218
0.014956004917621613
-0.02878064289689064
-0.04955755174160004
-0.013107163831591606
0.09363693743944168
0.0209784097969532
0.01497187651693821
0.00739252706989646
0.008273396641016006
0.103752501308918
0.00538621935993433
-0.032446205615997314
0.05898932367563248
0.05193428695201874
0.031753361225128174
0.03441057726740837
0.06921502202749252
0.010687240399420261
0.017780335620045662
0.038960717618465424
0.03804571181535721
0.015952588990330696
0.0077434019185602665
0.017314650118350983
0.03493731841444969
-0.020969953387975693
0.0690140575170517
0.007432186976075172
0.029876399785280228
0.010844144970178604
-0.004727470688521862
-0.017584115266799927
0.0007530275033786893
0.06071079149842262
0.04496780410408974
0.004503908567130566
0.03400085121393204
0.02913639135658741
0.03741702064871788
0.03347497433423996
-0.00781388208270073
-0.011409244500100613
0.01272677443921566
0.0166268739849329
0.02815847471356392
0.04353317990899086
-0.01870976947247982
-0.008094017393887043
0.013698498718440533
0.02184446156024933
0.03534819185733795
-0.00021137879230082035
0.025670282542705536
0.041491128504276276
0.02784629352390766
0.05735497549176216
0.02552126906812191
-0.03434987738728523
0.011950844898819923
0.01623469591140747
-0.050944067537784576
0.0881059467792511
0.05913499742746353
0.021061159670352936
0.01576283574104309
-0.03257102146744728
0.0303407683968544
-0.008455540984869003
0.16712115705013275
0.011085037142038345
0.022337209433317184
0.018223587423563004
-0.001988898031413555
0.0020986490417271852
0.04734864458441734
0.0690237283706665
0.02941141091287136
0.02410300448536873
0.025536460801959038
0.0656900703907013
0.04156721010804176
0.008357025682926178
0.17136044800281525
0.04288861155509949
0.0088149793446064
0.031282126903533936
0.033643390983343124
0.069099560379982
0.04349473863840103
0.1654563546180725
0.02511805109679699
-0.0034163170494139194
0.030780192464590073
0.04250010848045349
0.061201974749565125
0.06946388632059097
0.004399196710437536
0.02343626134097576
0.01259556133300066
0.004987054038792849
0.02612393908202648
0.08337632566690445
0.48954251408576965
0.02366541139781475
0.050310131162405014
0.014532857574522495
0.047448474913835526
0.0481877326965332
0.09778718650341034
0.05393948778510094
0.024771539494395256
0.011530156247317791
0.02291233092546463
0.005730044096708298
0.1398836225271225
0.07302699983119965
0.07124575972557068
0.060480523854494095
0.05627918988466263
0.006320643238723278
0.07946468889713287
0.05933000147342682
0.01715720444917679
0.0021305643022060394
0.08965881168842316
0.04368719086050987
0.01155027188360691
0.05707354471087456
0.020039647817611694
0.018920814618468285
0.040629684925079346
