0.08517847210168839
0.0802263543009758
0.08586578816175461
0.08937793225049973
0.08573903143405914
0.08204014599323273
0.08269356191158295
0.07340694963932037
0.07980034500360489
0.0788569375872612
0.08869178593158722
0.07957606762647629
0.07885545492172241
0.06233648583292961
0.07898995280265808
0.0614314079284668
0.07240618765354156
0.0730159804224968
0.07985768467187881
0.08031004667282104
0.08977842330932617
0.07331449538469315
0.06934810429811478
0.08808863162994385
0.07407651096582413
0.08599559962749481
0.07614278793334961
0.07535475492477417
0.0764976367354393
0.07381915301084518
0.08770966529846191
0.0729476734995842
0.07939665764570236
0.09292066842317581
0.07164880633354187
0.08430134505033493
0.06909018009901047
0.07384756207466125
0.06324470788240433
0.09496685862541199
0.07512923330068588
0.06869632005691528
0.07031546533107758
0.06970686465501785
0.08151675015687943
0.0747908279299736
0.08544375747442245
0.06298916786909103
0.07594947516918182
0.08568204194307327
0.09784390032291412
0.09405908733606339
0.0656040757894516
0.06404872983694077
0.0874204933643341
0.05958307906985283
0.07610621303319931
0.0642559751868248
0.08102836459875107
0.07678461819887161
0.07635455578565598
0.06631124764680862
0.08571889251470566
0.06940790265798569
0.08165043592453003
0.06523149460554123
0.07442761212587357
0.07253807783126831
0.07370077073574066
0.0857466608285904
0.09509383141994476
0.09234539419412613
0.08428382128477097
0.08106991648674011
0.08519423007965088
0.08998142182826996
0.07513300329446793
0.0728205069899559
0.07301322370767593
0.06867839395999908
0.09346140176057816
0.09062200039625168
0.06483085453510284
0.08407828956842422
0.08549479395151138
0.054329466074705124
0.07663529366254807
0.06258760392665863
0.07241086661815643
0.0868520513176918
0.08474107086658478
0.07573659718036652
0.07973892986774445
0.07563578337430954
0.05461965501308441
0.061122313141822815
0.06819181889295578
0.08336051553487778
0.09623891860246658
0.08617697656154633
0.08063368499279022
0.0632154569029808
0.08675222098827362
0.0736183300614357
0.07280515879392624
0.05606760084629059
0.08279255032539368
0.07960696518421173
0.07672220468521118
0.07235069572925568
0.07730214297771454
0.06827593594789505
0.09760025888681412
0.07994246482849121
0.07584095746278763
0.07988917827606201
0.06727501004934311
0.07467351853847504
0.06172977387905121
0.08153358846902847
0.08216042816638947
0.0537361241877079
0.06628233194351196
0.0867445096373558
0.0812208279967308
0.08045105636119843
0.06842412054538727
0.047267843037843704
0.07461299002170563
0.06823616474866867
0.08617788553237915
0.07888035476207733
0.09067516028881073
0.05318938568234444
0.06136176362633705
0.0762413889169693
0.07616932690143585
0.07163335382938385
0.070314921438694
0.043749354779720306
0.03964093327522278
0.028726622462272644
0.016969989985227585
0.07080597430467606
0.02746494486927986
0.03837147727608681
0.04931742697954178
0.006230306811630726
0.030966419726610184
0.041979219764471054
0.05178983509540558
0.045006100088357925
0.09048400074243546
0.03627970814704895
0.04674044996500015
0.044600266963243484
0.024583952501416206
0.06392857432365417
0.05222618579864502
0.032025691121816635
0.04779323190450668
0.03476216644048691
0.04053978621959686
0.02614753693342209
0.03334597870707512
0.013495144434273243
0.05885029956698418
0.03236273676156998
0.03261662274599075
0.04109819978475571
0.022830335423350334
0.025442421436309814
0.022985905408859253
0.021339640021324158
0.0371779128909111
0.04604462534189224
0.04842885583639145
0.005680921021848917
0.04902222380042076
0.04205648601055145
0.04618384689092636
0.032661065459251404
0.031011851504445076
0.012949200347065926
0.035607244819402695
0.01753077283501625
0.05027686059474945
0.042659033089876175
0.014996835961937904
0.007927237078547478
0.03497055172920227
0.03455887734889984
0.028768237680196762
0.031203974038362503
0.07323449850082397
0.020561572164297104
0.030431358143687248
0.017934083938598633
0.012626253999769688
0.05712379515171051
0.048779942095279694
0.035868965089321136
0.046078115701675415
0.012583652511239052
0.034894078969955444
0.018125444650650024
0.023405276238918304
0.05829198658466339
0.026105565950274467
0.05593240261077881
0.03729957342147827
0.02312052994966507
0.03298132121562958
0.02019231766462326
0.013404333963990211
0.044262707233428955
0.026252740994095802
0.029796428978443146
0.040525272488594055
0.0237021092325449
0.037821486592292786
0.005844557657837868
0.022402934730052948
0.04745097458362579
0.047674961388111115
0.0666206032037735
0.03796952962875366
0.03597576171159744
0.014526638202369213
0.030545443296432495
0.02813788503408432
0.07023273408412933
0.020586218684911728
0.02930404618382454
0.052052341401576996
0.027628524228930473
0.02523854188621044
0.0021497695706784725
0.01947380229830742
0.02842457965016365
0.04756598919630051
0.027960725128650665
0.022711418569087982
0.07069449126720428
0.013753579929471016
0.013606438413262367
0.025148684158921242
0.022663487121462822
0.034347470849752426
0.03397761657834053
