0.041748300194740295
0.032829463481903076
0.044171251356601715
0.04577330872416496
0.04654325544834137
0.02031427063047886
0.04193631932139397
0.030808866024017334
0.03709971159696579
0.032973840832710266
0.056673042476177216
0.04877205193042755
0.03230311721563339
0.02186672016978264
0.03922806680202484
0.009433619678020477
0.030433449894189835
0.03080875799059868
0.03830764442682266
0.04282163083553314
0.045963186770677567
0.029523786157369614
0.02210746333003044
0.0345538891851902
0.02126982994377613
0.04793322831392288
0.033542413264513016
0.028954116627573967
0.027675069868564606
0.022346166893839836
0.042366523295640945
0.03356397524476051
0.022828755900263786
0.06210843846201897
0.02256287820637226
0.047497957944869995
0.026995349675416946
0.020471252501010895
0.024001313373446465
0.05232836306095123
0.03242136538028717
0.01775740273296833
0.01719869114458561
0.019558805972337723
0.02336343377828598
0.02408617176115513
0.039200276136398315
0.011381770484149456
0.02582572028040886
0.041507087647914886
0.05271963030099869
0.046743981540203094
0.015248886309564114
0.0016050003468990326
0.0483592264354229
0.017774825915694237
0.03987691551446915
0.0147642120718956
0.053622275590896606
0.030463308095932007
0.030459029600024223
0.024454329162836075
0.03909578546881676
0.0067136250436306
0.04072596877813339
0.018944650888442993
0.029306357726454735
0.025708375498652458
0.03413582220673561
0.04248365759849548
0.047088250517845154
0.05030638724565506
0.04555513337254524
0.024668201804161072
0.029348373413085938
0.053725406527519226
0.030061818659305573
0.03742578253149986
0.02276282012462616
0.018858740106225014
0.04550163447856903
0.0481802299618721
0.003513174131512642
0.0414448045194149
0.03431938588619232
0.010972556658089161
0.03602009266614914
0.02129163220524788
0.0090556051582098
0.04284904524683952
0.03688591346144676
0.0337831974029541
0.02668273076415062
0.02850848063826561
-0.001336667686700821
0.014260158874094486
0.011281423270702362
0.6467067003250122
0.05572354048490524
0.04224294424057007
0.01989050954580307
0.009947729296982288
0.023954350501298904
0.03145115077495575
0.04143068194389343
0.011745532043278217
0.03917798399925232
0.029404394328594208
0.03961248695850372
0.022410687059164047
0.03474625572562218
0.032334499061107635
-0.008587343618273735
0.08440490812063217
0.01633605919778347
0.030923210084438324
0.0316694900393486
0.019187873229384422
0.044733401387929916
0.03927226737141609
0.0430324524641037
0.04715336859226227
0.06080312281847
0.05360601097345352
-0.004345035180449486
0.026380648836493492
0.2632056176662445
0.042677976191043854
0.0019522709771990776
0.045104868710041046
0.08122734725475311
0.0472383126616478
0.05629332363605499
0.02622624672949314
0.08421895653009415
-0.00444793701171875
0.039059292525053024
-0.0022416356950998306
0.16416242718696594
0.0354936420917511
0.0373222678899765
0.01674652099609375
0.054219357669353485
0.03592787683010101
0.08141618967056274
0.028189273551106453
0.16892695426940918
0.008405675180256367
0.012415628880262375
0.03599557280540466
0.06184212118387222
-0.005273006856441498
0.019182339310646057
0.15523217618465424
0.05377845838665962
0.04957627132534981
0.015383855439722538
0.052728764712810516
0.007508516777306795
-0.008323105052113533
0.010656986385583878
-0.0029868902638554573
0.03532275930047035
0.02218492701649666
0.0007840991020202637
0.08065701276063919
0.02779841423034668
0.03573302924633026
0.019953694194555283
0.1007017269730568
0.005745382979512215
0.0632292777299881
0.026638302952051163
0.017557978630065918
0.03018169477581978
-0.024030201137065887
0.05719609558582306
0.016215305775403976
0.038619257509708405
0.061328738927841187
0.0656927227973938
-0.0037647364661097527
0.020362194627523422
0.04787116125226021
0.0696154311299324
0.03924965858459473
0.01590520702302456
0.041368961334228516
0.0028306227177381516
0.026433803141117096
0.16393017768859863
0.04979987442493439
0.015080451034009457
-0.007642284967005253
-0.010566942393779755
0.04352651536464691
0.024094942957162857
0.12436533719301224
0.00848738756030798
0.04245986044406891
0.04945558309555054
0.038171231746673584
0.03573879599571228
0.02845076099038124
0.015577578917145729
0.01218024268746376
0.057951875030994415
-0.01362492237240076
0.03861211985349655
0.04026009142398834
0.04795420169830322
0.0740480050444603
0.057139914482831955
0.05338425561785698
0.032541435211896896
0.031936220824718475
0.03965934365987778
0.058387093245983124
0.030117042362689972
0.050183504819869995
0.035393789410591125
0.005016686394810677
0.015789523720741272
0.018371373414993286
0.16945478320121765
0.06761675328016281
0.03603695333003998
0.08118195086717606
0.07284773141145706
0.0355968214571476
0.057477016001939774
0.02710673213005066
0.03916548937559128
0.02735174633562565
0.0287935808300972
0.014279649592936039
0.029894215986132622
0.126527339220047
0.011617706157267094
0.008914288133382797
0.01614290662109852
0.04336895793676376
0.038903236389160156
-0.018415650352835655
0.03769240528345108
0.030028488487005234
0.016461415216326714
0.055102646350860596
-0.0017185267060995102
0.01181090623140335
