0.06346338242292404
0.05664484202861786
0.064053013920784
0.06746220588684082
0.06570059806108475
0.050965774804353714
0.062157344073057175
0.052520208060741425
0.0601251982152462
0.057891130447387695
0.07490255683660507
0.0657246857881546
0.05523531511425972
0.043032463639974594
0.06033427268266678
0.03513561934232712
0.052877526730298996
0.05233948677778244
0.05997972562909126
0.06160876899957657
0.06769053637981415
0.05177774280309677
0.04669941961765289
0.06193194165825844
0.048443809151649475
0.06799080222845078
0.05452191084623337
0.05328531563282013
0.05162502080202103
0.04707551375031471
0.06696750223636627
0.05404972657561302
0.05070122703909874
0.07775446772575378
0.04776555672287941
0.06661809980869293
0.04745837301015854
0.047015462070703506
0.04374589025974274
0.0745360478758812
0.05507757514715195
0.04220515117049217
0.042221203446388245
0.04517398029565811
0.0496058389544487
0.04979116469621658
0.062046393752098083
0.03659635782241821
0.05045780912041664
0.06486011296510696
0.07631588727235794
0.07096599042415619
0.040888138115406036
0.03138672932982445
0.0686512142419815
0.03715590760111809
0.05725514888763428
0.040125563740730286
0.06662516295909882
0.05466855689883232
0.05362481623888016
0.044335708022117615
0.06250253319740295
0.03769465163350105
0.06189030036330223
0.04199684411287308
0.051197540014982224
0.04799867421388626
0.05549361929297447
0.06484270095825195
0.07323099672794342
0.07084707915782928
0.06523735076189041
0.052438654005527496
0.057428304105997086
0.07178312540054321
0.05283327400684357
0.05727202072739601
0.04963688924908638
0.04266327992081642
0.06879206746816635
0.0701422244310379
0.03171969950199127
0.06067143380641937
0.05962806195020676
0.03959616646170616
0.05799911171197891
0.044278331100940704
0.04699882119894028
0.06289935111999512
0.05992165207862854
0.053542498499155045
0.05260247737169266
0.05106844753026962
0.027719005942344666
0.04068104177713394
0.039670612663030624
0.06543518602848053
0.07258768379688263
0.05863155052065849
0.04895898699760437
0.03524959832429886
0.27047088742256165
0.06538072228431702
0.06041106581687927
0.06126616895198822
0.06762903183698654
0.04746367037296295
0.06552354991436005
0.034279778599739075
0.05921736732125282
0.03653482720255852
0.046359915286302567
0.06596535444259644
0.025203971192240715
0.03418126329779625
0.049527496099472046
0.04281465336680412
0.013838725164532661
0.05836182087659836
0.06798972934484482
0.04824263975024223
0.054824911057949066
0.07093141227960587
0.047466181218624115
0.05153346806764603
0.0796203762292862
0.01884295418858528
0.07167789340019226
0.04602251574397087
0.06488478183746338
0.0707058310508728
0.0956166684627533
0.03219616785645485
0.10172431915998459
0.08470158278942108
0.07041820883750916
0.10194927453994751
0.08393453061580658
0.06869211047887802
0.07060369849205017
0.0799989253282547
0.09542833268642426
0.050015151500701904
0.07922051101922989
0.053239498287439346
0.08011673390865326
0.028712734580039978
0.04429296776652336
0.03504205867648125
0.05187085270881653
0.05706147477030754
0.03303593769669533
0.059462614357471466
0.06637810915708542
0.028306983411312103
0.03390681743621826
0.014062037691473961
0.04524341598153114
0.03711356222629547
0.09953747689723969
0.06309075653553009
0.050749462097883224
0.08325830847024918
0.047161273658275604
0.07434481382369995
0.1373882293701172
0.0697045624256134
0.06083286181092262
0.05080350115895271
0.0251714289188385
0.06144542619585991
0.050724662840366364
0.14906418323516846
0.03612946346402168
0.04959331452846527
0.05097940191626549
0.03805502504110336
0.0432550348341465
0.10165280103683472
0.08816057443618774
0.0375971645116806
0.05178714171051979
0.055811166763305664
0.032319627702236176
0.06242331117391586
0.08278822898864746
0.021806219592690468
0.03020305000245571
0.0337664857506752
0.023812245577573776
0.006312733516097069
0.02561713010072708
0.043325453996658325
0.07388291507959366
0.05457264557480812
0.04903420805931091
0.013614492490887642
0.0445224903523922
0.04126027226448059
0.0776253417134285
0.07840631902217865
0.025913715362548828
0.010510515421628952
0.04704706743359566
0.03437753766775131
0.06938944011926651
0.06228328496217728
0.02647310122847557
0.04738412797451019
0.04344429075717926
0.050366275012493134
0.055864714086055756
0.05081309378147125
0.03607499599456787
0.037889253348112106
0.032412588596343994
0.050589945167303085
0.03626861050724983
0.04619878530502319
0.03937659040093422
0.0016661528497934341
0.032126422971487045
0.037307631224393845
0.051292240619659424
0.04041765630245209
0.04125102609395981
0.05446638911962509
0.05303352326154709
0.05839523673057556
0.02977580577135086
0.036461178213357925
0.05102454870939255
0.0524161234498024
0.009421187452971935
0.05538759380578995
0.04299429431557655
0.028577351942658424
0.02645031362771988
0.06989236921072006
0.0511656329035759
0.017742831259965897
0.038527075201272964
0.059026651084423065
0.06129433214664459
0.09932292997837067
0.027890747413039207
0.03357193246483803
0.03749106824398041
0.05511769652366638
