0.020901815965771675
0.01106846984475851
0.0265249814838171
0.025932677090168
0.02780761942267418
-0.00833788700401783
0.024034123867750168
0.010181397199630737
0.016590988263487816
0.009379064664244652
0.04065496474504471
0.03194539621472359
0.011666152626276016
0.0013419948518276215
0.020460985600948334
-0.013279925100505352
0.008200783282518387
0.010941514745354652
0.016597505658864975
0.02655663713812828
0.026294372975826263
0.007052859291434288
-0.001136581297032535
0.009198320098221302
-0.004202132113277912
0.028756368905305862
0.012858937494456768
0.007903657853603363
0.005411030258983374
-0.0020312995184212923
0.021146392449736595
0.013405914418399334
-0.005690243095159531
0.04809068888425827
-0.0015332334442064166
0.02866998501121998
0.008208340965211391
-0.0033256537280976772
0.0026467558927834034
0.02997019700706005
0.012633620761334896
-0.00805123895406723
-0.0044541070237755775
-0.004999524913728237
-0.0008531180792488158
0.0012897615088149905
0.01722012273967266
-0.014705970883369446
0.0031920289620757103
0.019540272653102875
0.027445165440440178
0.021541312336921692
-0.009232387878000736
-0.026250507682561874
0.028571488335728645
-0.0034929097164422274
0.023942911997437477
-0.00940089114010334
0.042262740433216095
0.009320155717432499
0.008143618702888489
0.006450828164815903
0.01691783033311367
-0.02363399788737297
0.020934751257300377
-0.003827936016023159
0.0077174087055027485
0.002628025598824024
0.011684038676321507
0.021900197491049767
0.02316373400390148
0.030896373093128204
0.024128133431077003
-0.00015212385915219784
0.002280272077769041
0.037525907158851624
0.005365025717765093
0.018461313098669052
-0.0034896982833743095
-0.0034446162171661854
0.028285838663578033
0.02729855105280876
-0.023337842896580696
0.023353826254606247
0.009575631469488144
-0.017368245869874954
0.013727294281125069
-0.0007586884312331676
-0.03717319294810295
0.02620340697467327
0.014485236257314682
0.014917511492967606
0.0019853978883475065
0.007409878075122833
-0.01695333421230316
-0.008948491886258125
-0.01618272066116333
0.010146908462047577
0.046713121235370636
0.015242730267345905
0.0065536159090697765
-0.022218948230147362
0.015948349609971046
0.08016223460435867
0.004889312200248241
0.10223622620105743
0.010473540984094143
0.011927285231649876
0.016718486323952675
0.00920512992888689
0.015377291478216648
0.01753314770758152
-0.051788587123155594
-0.015815481543540955
0.00838799960911274
-0.0036356113851070404
0.02330421283841133
0.003026307327672839
0.02777668461203575
0.02027238719165325
0.019393639639019966
0.37129396200180054
0.047647833824157715
0.009051834233105183
0.02417551353573799
0.0031588426791131496
-0.002326387446373701
0.0061747292056679726
-0.010718660429120064
0.03781409561634064
0.0615767277777195
0.03400815278291702
0.02781185880303383
0.036868926137685776
-0.0019134919857606292
-0.002355063334107399
0.03955603018403053
-0.005543177947402
0.00756487250328064
-0.008531165309250355
0.016459276899695396
-0.0017328942194581032
-0.013128308579325676
-0.004311827942728996
0.1739005446434021
0.07213888317346573
0.0433148592710495
0.012592791579663754
-0.004379689693450928
0.02367587201297283
-0.0016554247122257948
0.16261619329452515
0.024565469473600388
0.010178499855101109
0.03707978129386902
0.13088750839233398
0.03261281177401543
0.02408350072801113
-0.0071381195448338985
0.022787170484662056
-0.015141582116484642
0.005731890443712473
0.31608250737190247
0.02799861505627632
0.03488926216959953
0.0640067309141159
0.03461606428027153
0.03993804752826691
-0.012396840378642082
0.18318653106689453
0.000322273641359061
-0.003121922956779599
0.03306858241558075
0.03184540197253227
-0.01660558581352234
0.05199214816093445
0.0814359113574028
0.021432500332593918
0.010054529644548893
0.04154055193066597
0.00885081384330988
-0.02021222934126854
0.017311254516243935
0.20230960845947266
0.06053665652871132
0.04542619362473488
0.03136840835213661
0.004176117479801178
0.03037462942302227
0.020712850615382195
0.5430474877357483
-0.017566505819559097
0.008325456641614437
0.0014319561887532473
0.04936930164694786
-0.011548320762813091
0.05534970015287399
0.2553999125957489
0.001150878961198032
0.002272564684972167
-0.004589461721479893
-0.017633231356739998
0.037733618170022964
0.043174974620342255
0.03741362318396568
-0.01886257901787758
0.01232055388391018
0.008980625309050083
0.10822723805904388
0.04544181749224663
0.028304118663072586
0.06286180764436722
0.0009130547405220568
0.010653093457221985
0.03653017431497574
0.04428255930542946
0.06019147112965584
0.061792273074388504
0.05432892218232155
-0.025827089324593544
0.03480450063943863
0.013911914080381393
0.03769370913505554
0.061504703015089035
0.018557358533143997
-0.0171700157225132
-0.009933492168784142
0.057198792695999146
0.03187479078769684
0.0158548504114151
0.03854614868760109
0.0026580500416457653
0.0015117876464501023
0.013142366893589497
0.06396836042404175
0.010530536994338036
0.005758785177022219
-0.02945263311266899
-0.03609825298190117
0.018617885187268257
0.15469199419021606
-0.0008819543290883303
0.011235504411160946
0.019098501652479172
0.00802187155932188
0.0031002280302345753
0.014203366823494434
0.03600059449672699
0.01077063474804163
-0.03857884556055069
