0.10602495074272156
0.10144060105085373
0.10619355738162994
0.10929175466299057
0.1070370152592659
0.10868969559669495
0.10429095476865768
0.09565611183643341
0.09854812920093536
0.09382649511098862
0.09861753135919571
0.09382404386997223
0.10498093068599701
0.08427833765745163
0.09427151829004288
0.08761685341596603
0.0924786776304245
0.0936187282204628
0.10150697827339172
0.0969044491648674
0.11254294216632843
0.09529824554920197
0.09095938503742218
0.1141171008348465
0.09845542162656784
0.10175187140703201
0.09891299158334732
0.09799126535654068
0.10174781829118729
0.10378780961036682
0.10716372728347778
0.08937221765518188
0.10112129896879196
0.10488384962081909
0.09336838126182556
0.10172147303819656
0.09192118793725967
0.1011386513710022
0.08184771984815598
0.11491268873214722
0.09761925786733627
0.09603967517614365
0.09574458003044128
0.09458450973033905
0.11689118295907974
0.09903372824192047
0.10532176494598389
0.09031889587640762
0.10298961400985718
0.10752415657043457
0.11677785217761993
0.11671929061412811
0.08808331191539764
0.10038769990205765
0.10304392874240875
0.08431866019964218
0.09593263268470764
0.08796125650405884
0.09937837719917297
0.102676160633564
0.10174889862537384
0.09512820094823837
0.1097777858376503
0.09700611978769302
0.10112494975328445
0.08786509931087494
0.09865858405828476
0.0986185371875763
0.09065011143684387
0.10509341210126877
0.11353453248739243
0.1118178591132164
0.10158291459083557
0.11060209572315216
0.11600885540246964
0.11079762130975723
0.09803694486618042
0.08652273565530777
0.09720229357481003
0.09384544938802719
0.062448542565107346
0.10734028369188309
0.09545706957578659
0.09921839833259583
0.10312164574861526
0.09169436991214752
0.09869447350502014
0.08780487626791
0.1030588150024414
0.0723414495587349
0.10701162368059158
0.09127364307641983
0.10639550536870956
0.10323503613471985
0.0650196373462677
0.0813438668847084
0.09130755811929703
0.10532765090465546
0.11484608799219131
0.11231356114149094
0.10364020615816116
0.08620375394821167
0.06147792190313339
0.08192194253206253
0.08517660945653915
0.0841108188033104
0.025742745026946068
0.09330014139413834
0.08101357519626617
0.09896095097064972
0.07866951823234558
0.06041735038161278
0.07794512063264847
0.0509478934109211
0.02192191407084465
0.10220757871866226
0.09352054446935654
0.08527828007936478
0.08574879914522171
0.025679897516965866
0.033345479518175125
0.0344955213367939
0.02485578879714012
0.08777375519275665
0.10063313692808151
0.08628831803798676
0.04692130163311958
0.024477355182170868
0.03847163915634155
0.02675989270210266
0.03362758830189705
0.08285883814096451
0.09062539041042328
0.07733694463968277
0.03258294239640236
0.04886572062969208
0.04813326522707939
0.01797189563512802
0.028096241876482964
0.04143289104104042
0.010754799470305443
0.011813987046480179
0.01741226203739643
0.03107772395014763
0.015455959364771843
0.04079262912273407
0.02497701346874237
0.06043392792344093
0.023626338690519333
0.020572233945131302
0.03890315070748329
0.017298823222517967
0.03655669838190079
0.012376122176647186
0.02459677867591381
0.016399895772337914
0.00827852077782154
0.03351516276597977
0.02270241267979145
0.0065223583951592445
0.002488167490810156
0.015226231887936592
0.016872068867087364
0.015374981798231602
0.028314871713519096
0.01101662963628769
0.006100178230553865
0.007727242074906826
0.004087473731487989
0.010855394415557384
0.00607471726834774
0.027252839878201485
0.01731954514980316
0.019545968621969223
0.018883634358644485
0.012624015100300312
0.011017147451639175
0.03639383241534233
0.032303184270858765
0.028193846344947815
0.011148544028401375
0.019207853823900223
0.015211943536996841
0.009332487359642982
0.003536729607731104
0.008639930747449398
0.009131720289587975
0.011759495362639427
0.004376569297164679
0.010363997891545296
0.017715321853756905
0.0031117626931518316
0.025643445551395416
0.02049912139773369
0.01704631745815277
0.023278385400772095
0.026293572038412094
0.013796364888548851
0.005227233283221722
0.011456352658569813
0.01933208480477333
0.01227637566626072
0.006182972341775894
0.010601227171719074
0.007568545173853636
0.01542788278311491
0.023037027567625046
0.02101234346628189
0.017244601622223854
0.02298862487077713
0.019180145114660263
0.004119796212762594
0.012195060029625893
0.011365527287125587
0.007770642638206482
0.007435186766088009
0.011581162922084332
0.007413546554744244
0.029791593551635742
0.007415139582008123
0.004499771166592836
0.013060349971055984
0.002729277592152357
0.005242898128926754
0.022089622914791107
0.01529932301491499
0.01127389445900917
0.01656467095017433
0.014585411176085472
0.002314699813723564
0.027361758053302765
0.010718580335378647
0.00730237178504467
0.012471402995288372
0.006041705142706633
0.0031694783829152584
0.005390338599681854
0.037269897758960724
0.002494008280336857
0.005108737852424383
0.017480824142694473
0.005158998072147369
0.026134489104151726
0.02872241660952568
0.010468204505741596
0.0044655464589595795
0.012480169534683228
0.02533171884715557
0.0037184692919254303
0.0029706782661378384
