0.09878981113433838
0.09875418245792389
0.0986829325556755
0.098575159907341
0.09842986613512039
0.09824547171592712
0.09802034497261047
0.0977516621351242
0.0974368005990982
0.0970713347196579
0.09665057063102722
0.09616828709840775
0.0956161841750145
0.09498420357704163
0.09425882995128632
0.0934218093752861
0.09244804084300995
0.09130298346281052
0.08993583172559738
0.08827177435159683
0.08630646020174026
0.08450555801391602
0.08305417746305466
0.08120288699865341
0.08001405745744705
0.08202321827411652
0.10436850041151047
0.18880699574947357
0.2084703892469406
0.09568159282207489
0.2025415301322937
0.05055144056677818
0.034875135868787766
0.041602302342653275
0.04796001687645912
0.05194569751620293
0.05330280959606171
0.052684128284454346
0.05000952631235123
0.0459182932972908
0.03904695063829422
0.03179755434393883
0.03585844859480858
0.051366906613111496
0.07397827506065369
0.09174226224422455
0.09035621583461761
0.07051540911197662
0.04963363707065582
0.03462712839245796
0.02479434385895729
0.020168805494904518
0.01910063438117504
0.018970884382724762
0.019127829000353813
0.01916857808828354
0.018898483365774155
0.01829427480697632
0.017444822937250137
0.01644350402057171
0.0153626324608922
0.014250245876610279
0.013169392943382263
0.012145498767495155
0.011163551360368729
0.01023141760379076
0.00939290039241314
0.008644213899970055
0.008000829257071018
0.007433661259710789
0.006958008278161287
0.0065538170747458935
0.006226088851690292
0.005944293923676014
0.005698875989764929
0.005497724283486605
0.0053171925246715546
0.005171655211597681
0.005047103855758905
0.004936810117214918
0.0048277550376951694
0.004719863645732403
0.004614311270415783
0.004510716535151005
0.004414415918290615
0.004317988641560078
0.00422294344753027
0.004127866122871637
0.004034793004393578
0.003943491727113724
0.0038518193177878857
0.003759766696020961
0.003667928045615554
0.0035778807941824198
0.0034930245019495487
0.0034085118677467108
0.003329610452055931
0.003255742136389017
0.0031829560175538063
0.003113205311819911
