0.0603598915040493
0.06007753312587738
0.05944046378135681
0.058261122554540634
0.056106872856616974
0.05190382897853851
0.04358969256281853
0.027509655803442
-0.012244902551174164
-0.06529819220304489
-0.03934051841497421
-0.0065346360206604
0.009939264506101608
0.018647726625204086
0.023458391427993774
0.02607051655650139
0.02742849662899971
0.028012095019221306
0.028083717450499535
0.027797646820545197
0.02724979817867279
0.02650310844182968
0.025600280612707138
0.02457212284207344
0.023441005498170853
0.02222418040037155
0.020935330539941788
0.01958545669913292
0.018183469772338867
0.01673731952905655
0.015254005789756775
0.013739801943302155
0.012199848890304565
0.010639555752277374
0.009063635021448135
0.0074766650795936584
0.005882583558559418
0.004285894334316254
0.0026900097727775574
0.0010983794927597046
-0.00048529356718063354
-0.0020579174160957336
-0.003616131842136383
-0.005157530307769775
-0.006678864359855652
-0.008178196847438812
-0.009652234613895416
-0.01109987497329712
-0.012518160045146942
-0.01390598714351654
-0.015261262655258179
-0.016582541167736053
-0.01786847412586212
-0.019118033349514008
-0.020330063998699188
-0.021503925323486328
-0.022638946771621704
-0.02373398095369339
-0.02478969097137451
-0.025804810225963593
-0.02677958458662033
-0.027714237570762634
-0.02860841155052185
-0.029462851583957672
-0.030277244746685028
-0.03105223923921585
-0.031788744032382965
-0.03248661756515503
-0.03314661979675293
-0.03376954048871994
-0.034356385469436646
-0.03490738570690155
-0.03542390465736389
-0.03590656816959381
-0.036355942487716675
-0.03677355498075485
-0.037159502506256104
-0.03751567751169205
-0.03784225136041641
-0.038140468299388885
-0.03841143101453781
-0.038655735552310944
-0.03887427598237991
-0.039069198071956635
-0.039239734411239624
-0.03938794136047363
-0.03951401263475418
-0.03961958736181259
-0.03970513492822647
-0.039771392941474915
-0.03981941193342209
-0.03985026478767395
-0.03986433893442154
-0.03986227512359619
-0.03984517604112625
-0.039813682436943054
-0.0397687628865242
-0.03971070796251297
-0.03964021056890488
-0.039558298885822296
