0.754967212677002
0.7548990845680237
0.7547582983970642
0.7545295357704163
0.7541877627372742
0.7536823749542236
0.7529122233390808
0.7516417503356934
0.7492257356643677
0.7436382174491882
0.7281063199043274
0.7160805463790894
0.6984462738037109
0.6795508861541748
0.6700676083564758
0.6729543209075928
0.6877133846282959
0.6983779668807983
0.7048768401145935
0.7088344693183899
0.7113267779350281
0.7129448652267456
0.7140188217163086
0.7147693037986755
0.7152743339538574
0.7155979871749878
0.7157855033874512
0.7158693671226501
0.7158750891685486
0.7158149480819702
0.7157033681869507
0.7155490517616272
0.715356707572937
0.7151356935501099
0.7148873209953308
0.7146157622337341
0.7143243551254272
0.71401447057724
0.7136905789375305
0.7133525609970093
0.7130011916160583
0.7126392722129822
0.7122663855552673
0.7118860483169556
0.7114975452423096
0.7111009955406189
0.710698127746582
0.7102891206741333
0.7098751664161682
0.709457278251648
0.7090359330177307
0.7086105346679688
0.7081813216209412
0.7077511548995972
0.7073178887367249
0.706883430480957
0.7064478993415833
0.7060123085975647
0.7055752873420715
0.7051379084587097
0.704701840877533
0.7042660713195801
0.7038302421569824
0.7033966183662415
0.7029645442962646
0.7025330662727356
0.7021049857139587
0.7016780376434326
0.7012540698051453
0.7008320689201355
0.7004138827323914
0.6999983191490173
0.6995859742164612
0.6991775631904602
0.6987727284431458
0.6983702182769775
0.697973370552063
0.6975801587104797
0.6971909403800964
0.6968050003051758
0.6964244842529297
0.6960484385490417
0.6956764459609985
0.6953094005584717
0.694948136806488
0.6945902705192566
0.6942373514175415
0.6938902139663696
0.6935467720031738
0.6932089328765869
0.6928763389587402
0.6925488710403442
0.6922252178192139
0.6919078826904297
0.6915955543518066
0.6912872791290283
0.6909854412078857
0.690696656703949
0.6904359459877014
0.6901949048042297
