0.3853599727153778
0.38507747650146484
0.3844406008720398
0.38326072692871094
0.38110727071762085
0.37690412998199463
0.36758413910865784
0.34328693151474
0.3027264177799225
0.2647659182548523
0.2806781530380249
0.3061426877975464
0.3215359151363373
0.33001473546028137
0.33477798104286194
0.33748382329940796
0.3389686048030853
0.3396786153316498
0.339866578578949
0.3396848738193512
0.3392307758331299
0.338569313287735
0.3377438187599182
0.33678698539733887
0.33572259545326233
0.33456850051879883
0.3333396911621094
0.33204761147499084
0.3307023346424103
0.32931166887283325
0.3278840482234955
0.3264251947402954
0.32494157552719116
0.32343772053718567
0.32191985845565796
0.3203928470611572
0.31886035203933716
0.31732720136642456
0.3157966434955597
0.31427326798439026
0.31276047229766846
0.3112613260746002
0.3097795248031616
0.3083173632621765
0.3068784475326538
0.3054650127887726
0.30407917499542236
0.3027230203151703
0.30139920115470886
0.30010902881622314
0.29885387420654297
0.29763588309288025
0.2964554727077484
0.2953140139579773
0.2942121624946594
0.29315057396888733
0.29213041067123413
0.2911513149738312
0.2902134656906128
0.2893170714378357
0.288462370634079
0.2876484990119934
0.28687578439712524
0.28614333271980286
0.28545084595680237
0.284797728061676
0.284183144569397
0.28360649943351746
0.283066987991333
0.28256332874298096
0.28209513425827026
0.28166136145591736
0.28126096725463867
0.2808924913406372
0.28055551648139954
0.28024888038635254
0.27997177839279175
0.27972283959388733
0.27950072288513184
0.2793046832084656
0.2791340947151184
0.2789869010448456
0.2788621783256531
0.2787603437900543
0.2786793112754822
0.27861833572387695
0.27857667207717896
0.2785531282424927
0.27854612469673157
0.2785567343235016
0.2785821259021759
0.2786220610141754
0.27867674827575684
0.2787436246871948
0.27882418036460876
0.27891528606414795
0.27901774644851685
0.2791312634944916
0.27925437688827515
0.2793862521648407
