0.1924668252468109
0.1923995316028595
0.19225871562957764
0.19203023612499237
0.19168820977210999
0.19118307530879974
0.19041301310062408
0.18914146721363068
0.186726376414299
0.18245276808738708
0.18069365620613098
0.18112540245056152
0.16275063157081604
0.03541019558906555
0.12305605411529541
0.15803922712802887
0.17053984105587006
0.17560037970542908
0.17811283469200134
0.17953169345855713
0.18040046095848083
0.18096071481704712
0.18133236467838287
0.18158160150051117
0.1817469298839569
0.1818528026342392
0.18191485106945038
0.18194365501403809
0.18194709718227386
0.181930273771286
0.18189728260040283
0.1818513125181198
0.18179446458816528
0.1817287802696228
0.18165525794029236
0.18157494068145752
0.1814897656440735
0.18139934539794922
0.1813051849603653
0.1812072992324829
0.18110615015029907
0.18100261688232422
0.1808965653181076
0.1807883083820343
0.18067815899848938
0.18056678771972656
0.18045347929000854
0.18033917248249054
0.1802232712507248
0.1801067590713501
0.17998948693275452
0.1798713356256485
0.1797524392604828
0.17963261902332306
0.17951269447803497
0.17939212918281555
0.17927131056785583
0.1791502833366394
0.17902889847755432
0.17890726029872894
0.17878557741641998
0.1786634624004364
0.17854154109954834
0.17841953039169312
0.17829744517803192
0.17817553877830505
0.17805352807044983
0.17793169617652893
0.17781002819538116
0.1776881217956543
0.17756696045398712
0.1774454265832901
0.17732438445091248
0.17720365524291992
0.17708292603492737
0.17696231603622437
0.17684242129325867
0.17672276496887207
0.17660319805145264
0.1764838844537735
0.17636536061763763
0.1762467324733734
0.17612862586975098
0.17601053416728973
0.17589305341243744
0.17577584087848663
0.17565932869911194
0.17554281651973724
0.1754271686077118
0.1753116101026535
0.17519646883010864
0.1750820130109787
0.17496749758720398
0.17485396564006805
0.17474043369293213
0.17462755739688873
0.17451532185077667
0.1744033545255661
0.17429178953170776
0.17418071627616882
