0.45173147320747375
0.45170319080352783
0.4516460597515106
0.4515601098537445
0.4514421224594116
0.45129135251045227
0.4511012136936188
0.4508667588233948
0.4505734443664551
0.45019519329071045
0.44967445731163025
0.4488762617111206
0.4474606215953827
0.4445129930973053
0.43952369689941406
0.4433787167072296
0.45598018169403076
0.5542115569114685
0.38888129591941833
0.35874781012535095
0.4107000231742859
0.42571520805358887
0.4310108721256256
0.4334860146045685
0.434801310300827
0.43553248047828674
0.43593263626098633
0.436126172542572
0.4361848831176758
0.4361492097377777
0.43604743480682373
0.43589645624160767
0.4357086718082428
0.43549150228500366
0.4352540373802185
0.4349976181983948
0.4347279965877533
0.4344470500946045
0.4341561496257782
0.43385782837867737
0.4335536062717438
0.4332443177700043
0.4329296946525574
0.4326115548610687
0.432289719581604
0.43196624517440796
0.4316389560699463
0.4313100278377533
0.4309791624546051
0.4306468069553375
0.43031248450279236
0.4299772083759308
0.42964085936546326
0.4293023943901062
0.42896366119384766
0.42862361669540405
0.4282824993133545
0.42794013023376465
0.42759713530540466
0.4272530674934387
0.4269084334373474
0.4265628159046173
0.42621684074401855
0.42586976289749146
0.4255216717720032
0.4251722991466522
0.4248221814632416
0.42447182536125183
0.42412033677101135
0.42376813292503357
0.4234147071838379
0.4230605661869049
0.4227059483528137
0.4223502278327942
0.4219932556152344
0.42163488268852234
0.4212764799594879
0.42091673612594604
0.4205562472343445
0.4201941192150116
0.4198313355445862
0.4194669723510742
0.4191027581691742
0.41873645782470703
0.41836926341056824
0.41800054907798767
0.41763150691986084
0.41725993156433105
0.41688796877861023
0.41651538014411926
0.4161415100097656
0.415765643119812
0.415388286113739
0.4150102734565735
0.41463056206703186
0.4142492413520813
0.41386678814888
0.4134834110736847
0.41309839487075806
0.4127117395401001
