0.37996718287467957
0.3798995018005371
0.37975814938545227
0.37952980399131775
0.37918832898139954
0.3786827027797699
0.3779129981994629
0.37664109468460083
0.37422674894332886
0.36863866448402405
0.36130139231681824
0.3544003665447235
0.3373047709465027
0.2828012704849243
0.27548348903656006
0.3179689049720764
0.3416098356246948
0.35116705298423767
0.3556990325450897
0.3581559658050537
0.3596203029155731
0.36055028438568115
0.3611656427383423
0.3615816831588745
0.3618652820587158
0.36205488443374634
0.3621770441532135
0.3622477948665619
0.36227962374687195
0.36227917671203613
0.3622541129589081
0.3622073531150818
0.36214378476142883
0.3620646595954895
0.3619724214076996
0.36186981201171875
0.3617570102214813
0.36163511872291565
0.36150550842285156
0.3613685667514801
0.3612254858016968
0.3610767424106598
0.3609226644039154
0.36076265573501587
0.36059942841529846
0.360431045293808
0.36025872826576233
0.3600832521915436
0.35990482568740845
0.35972270369529724
0.35953760147094727
0.35934972763061523
0.3591591715812683
0.35896605253219604
0.3587713837623596
0.3585742712020874
0.35837522149086
0.35817447304725647
0.3579721450805664
0.3577686846256256
0.35756269097328186
0.35735616087913513
0.35714784264564514
0.3569397032260895
0.3567296266555786
0.35651880502700806
0.3563069701194763
0.35609519481658936
0.35588210821151733
0.355668842792511
0.3554556369781494
0.3552410304546356
0.35502687096595764
0.3548119068145752
0.3545977771282196
0.3543825149536133
0.354167640209198
0.35395318269729614
0.35373854637145996
0.35352444648742676
0.3533097803592682
0.3530965745449066
0.35288336873054504
0.35267019271850586
0.3524576723575592
0.35224592685699463
0.35203471779823303
0.35182425379753113
0.35161420702934265
0.35140520334243774
0.3511964678764343
0.3509892225265503
0.35078227519989014
0.35057687759399414
0.35037195682525635
0.35016828775405884
0.3499659299850464
0.3497638702392578
0.3495631515979767
0.3493640124797821
