0.49479007720947266
0.4947541356086731
0.49468281865119934
0.4945750832557678
0.4944293200969696
0.49424511194229126
0.4940207302570343
0.4937516450881958
0.4934370815753937
0.4930712580680847
0.4926503002643585
0.49216800928115845
0.4916165769100189
0.4909837543964386
0.49025875329971313
0.48942187428474426
0.4884483516216278
0.48730337619781494
0.4859354496002197
0.4842717945575714
0.48219650983810425
0.4795313775539398
0.47599679231643677
0.47116199135780334
0.4644264876842499
0.46104997396469116
0.45784351229667664
0.44898033142089844
0.4376486837863922
0.4217533469200134
0.4189341962337494
0.3157252371311188
0.45462095737457275
0.4775792360305786
0.484506756067276
0.48740679025650024
0.4888569414615631
0.48966479301452637
0.49014750123023987
0.49044790863990784
0.4906408488750458
0.4907647967338562
0.4908437430858612
0.49089357256889343
0.4909209609031677
0.49093323945999146
0.4909346103668213
0.49092772603034973
0.49091532826423645
0.4908987879753113
0.49087825417518616
0.49085596203804016
0.4908314347267151
0.49080541729927063
0.4907782971858978
0.4907510578632355
0.49072274565696716
0.4906938672065735
0.49066537618637085
0.4906363785266876
0.4906078279018402
0.49057909846305847
0.49054989218711853
0.49052169919013977
0.4904940128326416
0.49046590924263
0.4904381334781647
0.49041077494621277
0.49038371443748474
0.4903567433357239
0.4903302788734436
0.49030396342277527
0.49027809500694275
0.4902525246143341
0.49022752046585083
0.4902026653289795
0.4901779294013977
0.49015313386917114
0.4901290535926819
0.4901057779788971
0.4900818169116974
0.490058571100235
0.49003541469573975
0.4900131821632385
0.48999032378196716
0.48996788263320923
0.48994606733322144
0.48992422223091125
0.48990297317504883
0.48988139629364014
0.48986074328422546
0.48983949422836304
0.4898192286491394
0.4897991716861725
0.48977896571159363
0.48975950479507446
0.4897393584251404
0.4897209107875824
0.4897008240222931
0.4896821081638336
