0.510360062122345
0.510077714920044
0.509440541267395
0.5082610249519348
0.5061071515083313
0.5019036531448364
0.4925846755504608
0.4682866632938385
0.4232829511165619
0.3852338194847107
0.40098950266838074
0.4263487458229065
0.4417177140712738
0.45019418001174927
0.4549594521522522
0.4576767086982727
0.4591715931892395
0.4598846435546875
0.46007153391838074
0.4598858952522278
0.45943424105644226
0.4587750732898712
0.45795297622680664
0.45699796080589294
0.45593512058258057
0.4547828733921051
0.45355531573295593
0.45226481556892395
0.45092111825942993
0.449532151222229
0.44810575246810913
0.446648508310318
0.4451667368412018
0.44366616010665894
0.4421502351760864
0.44062554836273193
0.43909549713134766
0.43756502866744995
0.43603765964508057
0.4345174729824066
0.4330081641674042
0.4315125644207001
0.43003368377685547
0.42857566475868225
0.4271390736103058
0.4257296323776245
0.42434805631637573
0.42299526929855347
0.4216746985912323
0.4203873574733734
0.4191359877586365
0.4179205298423767
0.41674357652664185
0.41560524702072144
0.41450685262680054
0.4134477376937866
0.4124296307563782
0.41145238280296326
0.41051700711250305
0.40962252020835876
0.4087696671485901
0.40795689821243286
0.407186359167099
0.40645402669906616
0.405762255191803
0.4051102101802826
0.4044955372810364
0.40391939878463745
0.40338048338890076
0.4028768539428711
0.4024079144001007
0.40197423100471497
0.4015722870826721
0.40120306611061096
0.40086519718170166
0.4005580246448517
0.4002785086631775
0.4000283181667328
0.3998042643070221
0.3996066451072693
0.3994327485561371
0.3992842137813568
0.3991584777832031
0.39905473589897156
0.3989708423614502
0.3989076316356659
0.3988633155822754
0.39883705973625183
0.3988288342952728
0.398836225271225
0.39885878562927246
0.3988965153694153
0.39894795417785645
0.3990134298801422
0.3990904986858368
0.39917999505996704
0.39927998185157776
0.39939016103744507
0.39951056241989136
0.3996398448944092
