0.5817830562591553
0.5740084648132324
0.5808611512184143
0.5538341403007507
0.5860031843185425
0.5866711139678955
0.5746442675590515
0.5854203104972839
0.5831261277198792
0.5884736776351929
0.5827081203460693
0.5835126638412476
0.5791515707969666
0.5871008634567261
0.5839079022407532
0.5887993574142456
0.5866457223892212
0.5869190096855164
0.574845552444458
0.5823630094528198
0.5558215379714966
0.5822129845619202
0.589415967464447
0.5698566436767578
0.5884795784950256
0.5877206325531006
0.5757226347923279
0.5862224698066711
0.5842642188072205
0.5830918550491333
0.573059618473053
0.5806599259376526
0.5878234505653381
0.5741898417472839
0.5803356170654297
0.5607989430427551
0.5851357579231262
0.5752164721488953
0.5923470854759216
0.5712761282920837
0.5840567946434021
0.5788750648498535
0.5874520540237427
0.5832141637802124
0.5812820792198181
0.5837476253509521
0.5806140899658203
0.5839855074882507
0.58491051197052
0.5845790505409241
0.5719283819198608
0.5809420347213745
0.5821360945701599
0.5905390977859497
0.5744855999946594
0.5922031998634338
0.5739396214485168
0.5782407522201538
0.5763677954673767
0.5734679698944092
0.5796005725860596
0.582185685634613
0.5745113492012024
0.5867167711257935
0.5783165097236633
0.5864898562431335
0.584103524684906
0.5867007970809937
0.5851559042930603
0.5701084136962891
0.564903736114502
0.5858410596847534
0.585567831993103
0.5828934907913208
0.5687201619148254
0.573591947555542
0.5814813375473022
0.5772982835769653
0.582219123840332
0.583596408367157
0.5883851051330566
0.5610165596008301
0.5885247588157654
0.5730270147323608
0.5765610933303833
0.5877960920333862
0.5846580266952515
0.583742618560791
0.5710461139678955
0.5612279176712036
0.5784288644790649
0.581737220287323
0.5780045986175537
0.5695629715919495
0.590625524520874
0.5770770907402039
0.5815581679344177
0.5627471208572388
0.5424495935440063
0.5733486413955688
0.5724695324897766
0.5761985778808594
0.5742393136024475
0.5784074068069458
0.5697228908538818
0.5648806095123291
0.581434428691864
0.581924319267273
0.5916668772697449
0.5852063298225403
0.5759180188179016
0.5715678930282593
0.5726432800292969
0.5729901790618896
0.5735102891921997
0.5756239295005798
0.5782924294471741
0.5863637924194336
0.5769747495651245
0.5680875182151794
0.5690405368804932
0.5744759440422058
0.5828722715377808
0.5803695321083069
0.5607628226280212
0.572859525680542
0.5846751928329468
0.581509530544281
0.5658063292503357
0.5654008388519287
0.5600922703742981
0.5598390698432922
0.5639526844024658
0.5770693421363831
0.5672478675842285
0.5830014944076538
0.585652232170105
0.5815200805664062
0.5759003758430481
0.5708107948303223
0.5685291886329651
0.5561752319335938
0.5845145583152771
0.5828454494476318
0.5566087961196899
0.5780004262924194
0.5582870244979858
0.5588135719299316
0.5679284930229187
0.5746550559997559
0.5605125427246094
0.5771998167037964
0.5685380101203918
0.5713570713996887
0.579967737197876
0.5643501877784729
0.5655995011329651
0.5767945051193237
0.5759376287460327
0.5814867615699768
0.5684516429901123
0.5743405818939209
0.5761460661888123
0.590073823928833
0.5691050887107849
0.5803113579750061
0.5684269070625305
0.5704995393753052
0.5769496560096741
0.5734722018241882
0.5686253309249878
0.5899412035942078
0.5780934691429138
0.5725875496864319
0.5780311822891235
0.5729170441627502
0.5576047301292419
0.5710073709487915
0.5731099247932434
0.5774060487747192
0.5794869661331177
0.5672975778579712
0.5766624212265015
0.578850269317627
0.5811284184455872
0.571060061454773
0.5422797203063965
0.5425445437431335
0.5733407735824585
0.576643168926239
0.5657685995101929
0.5679229497909546
0.5871425867080688
0.5706855654716492
0.5581029057502747
0.5769628286361694
0.5640105605125427
0.5908840894699097
0.5623334646224976
0.5662781000137329
0.5682516098022461
0.5712650418281555
0.5720434784889221
0.5833285450935364
0.5719524621963501
0.5774716734886169
0.5839656591415405
0.5708094239234924
0.5760225653648376
0.5791823267936707
0.575398862361908
0.5788195133209229
0.5762016773223877
0.5819069147109985
0.5689816474914551
0.5783923864364624
0.5737625956535339
0.5794965028762817
0.5680376291275024
0.5728666186332703
0.5713242292404175
0.5597588419914246
0.5687480568885803
0.5699824094772339
0.5787716507911682
0.5579657554626465
0.5643582344055176
0.5744945406913757
0.5909140706062317
0.5848515033721924
0.5779098272323608
0.5773962140083313
0.5700656771659851
0.576259970664978
0.574480414390564
0.5747501850128174
0.570564329624176
0.5738348960876465
0.5638464689254761
0.5731608867645264
0.5738740563392639
0.5589269399642944
0.5747018456459045
0.5733912587165833
0.5632476210594177
0.5770730376243591
0.5810208916664124
0.564954400062561
0.5578163266181946
0.5767608284950256
