0.9076896905899048
0.8993769884109497
0.9070138335227966
0.8838370442390442
0.9110833406448364
0.9115808606147766
0.9023529291152954
0.9117207527160645
0.9086306095123291
0.9132657647132874
0.9079814553260803
0.9091818928718567
0.9042359590530396
0.9116687774658203
0.9104616641998291
0.9130303263664246
0.9107248783111572
0.9123595952987671
0.900201141834259
0.9078627228736877
0.8831146359443665
0.9060825705528259
0.9121822714805603
0.8945411443710327
0.9104911088943481
0.9119505882263184
0.8999060392379761
0.909553050994873
0.9086165428161621
0.9063729047775269
0.8989452123641968
0.9049842357635498
0.9125428199768066
0.9009536504745483
0.9039741158485413
0.8853009939193726
0.9078845977783203
0.8999894261360168
0.9156595468521118
0.8943254351615906
0.9086562991142273
0.9026976823806763
0.9109684228897095
0.9057759642601013
0.9069385528564453
0.9049099087715149
0.9047766327857971
0.9070978164672852
0.9100765585899353
0.909142255783081
0.8953227400779724
0.9039082527160645
0.9065065979957581
0.9135051965713501
0.9010903239250183
0.9134343266487122
0.8990806341171265
0.9040601849555969
0.9046241641044617
0.8971036672592163
0.9014179706573486
0.9044840335845947
0.8970580697059631
0.9120851159095764
0.9009864926338196
0.908694326877594
0.9089755415916443
0.9097127914428711
0.9107528924942017
0.8937962651252747
0.8881563544273376
0.9100440740585327
0.9103400707244873
0.9062408208847046
0.8928032517433167
0.9004427194595337
0.905095636844635
0.9007375836372375
0.9041538834571838
0.9060309529304504
0.9104878902435303
0.8848075866699219
0.9122365713119507
0.8976560831069946
0.9016596078872681
0.9127245545387268
0.90812748670578
0.9072573781013489
0.8949867486953735
0.8883618116378784
0.9052941203117371
0.9056808352470398
0.9027382731437683
0.8951030373573303
0.914616584777832
0.9014348983764648
0.9064157605171204
0.8872745037078857
0.8701047897338867
0.897217869758606
0.8978503346443176
0.9019106030464172
0.9005508422851562
0.9052708148956299
0.8953487277030945
0.8894408941268921
0.905888020992279
0.9066833257675171
0.9138479232788086
0.9080687761306763
0.901951014995575
0.8975462913513184
0.8987065553665161
0.8978999257087708
0.9020040035247803
0.8972458243370056
0.9049492478370667
0.9125720262527466
0.9025949835777283
0.8939859867095947
0.8971500396728516
0.8961606621742249
0.9068443179130554
0.9052774906158447
0.8857660889625549
0.8985158801078796
0.9090468287467957
0.9090254902839661
0.8940138220787048
0.8900253176689148
0.8877606987953186
0.8843777179718018
0.889922022819519
0.9023537635803223
0.8942880630493164
0.9103873372077942
0.9115987420082092
0.9068415760993958
0.9004729390144348
0.8958318829536438
0.8954050540924072
0.8811063766479492
0.9088166952133179
0.9081403017044067
0.88407963514328
0.9045448303222656
0.8866804242134094
0.8855453133583069
0.8933969140052795
0.9027159810066223
0.8919185996055603
0.9026656150817871
0.8954896926879883
0.8980977535247803
0.9057672619819641
0.8906227350234985
0.8909006118774414
0.9042788743972778
0.900414764881134
0.9090286493301392
0.8946160078048706
0.8995085954666138
0.9049526453018188
0.9136379361152649
0.8959642052650452
0.9073479175567627
0.8965499997138977
0.8963903188705444
0.9031774401664734
0.9000653624534607
0.8931072354316711
0.9125867486000061
0.9034514427185059
0.8994402289390564
0.9065384864807129
0.8995261788368225
0.8874885439872742
0.8979463577270508
0.9008296728134155
0.9029229879379272
0.9042060971260071
0.8956308364868164
0.9054347276687622
0.9077871441841125
0.9046206474304199
0.89918452501297
0.8700937032699585
0.8704355955123901
0.9025859832763672
0.902228593826294
0.8958784937858582
0.8959060907363892
0.9137763977050781
0.8970948457717896
0.8847553730010986
0.9048685431480408
0.8935285210609436
0.916519045829773
0.8871612548828125
0.8925222158432007
0.897162914276123
0.8966220021247864
0.8987727165222168
0.9085983037948608
0.8992283344268799
0.9053702354431152
0.9088963270187378
0.8972238302230835
0.9022820591926575
0.9031995534896851
0.9033603668212891
0.9044722318649292
0.9014254808425903
0.9094733595848083
0.8942877650260925
0.9076821804046631
0.8988339900970459
0.9064080715179443
0.8973733186721802
0.899469792842865
0.8998198509216309
0.8885763883590698
0.896676778793335
0.8992996215820312
0.908073902130127
0.8849837779998779
0.8898892998695374
0.9000113606452942
0.9168794751167297
0.9122558236122131
0.9053537845611572
0.9079698324203491
0.8964539766311646
0.9024832844734192
0.9024431705474854
0.8996623158454895
0.898265540599823
0.8991765379905701
0.8949570059776306
0.8985497355461121
0.8992239832878113
0.8872981667518616
0.902657687664032
0.8999601602554321
0.8909109234809875
0.9037858843803406
0.9097558259963989
0.8916625380516052
0.8867666721343994
0.9038947224617004
