0.20678311586380005
0.19900870323181152
0.20586122572422028
0.17883436381816864
0.21100284159183502
0.21167102456092834
0.19964399933815002
0.2104201763868332
0.2081257849931717
0.21347308158874512
0.20770856738090515
0.2085132598876953
0.2041519284248352
0.21210144460201263
0.20890823006629944
0.21379950642585754
0.21164606511592865
0.21191933751106262
0.19984540343284607
0.20736297965049744
0.18082095682621002
0.2072126865386963
0.21441617608070374
0.19485650956630707
0.21347954869270325
0.21272078156471252
0.20072241127490997
0.21122244000434875
0.20926399528980255
0.2080921232700348
0.19806011021137238
0.2056598663330078
0.21282370388507843
0.19918976724147797
0.2053356021642685
0.18579894304275513
0.21013596653938293
0.20021644234657288
0.21734723448753357
0.19627612829208374
0.20905661582946777
0.20387499034404755
0.2124519646167755
0.20821385085582733
0.2062816470861435
0.20874708890914917
0.20561398565769196
0.20898529887199402
0.20991027355194092
0.20957964658737183
0.19692844152450562
0.20594272017478943
0.2071363776922226
0.2155390977859497
0.19948527216911316
0.21720300614833832
0.19893942773342133
0.20324021577835083
0.20136778056621552
0.19846759736537933
0.20460101962089539
0.20718616247177124
0.19951163232326508
0.21171680092811584
0.20331691205501556
0.211489737033844
0.2091035395860672
0.21170079708099365
0.21015572547912598
0.1951085925102234
0.18990381062030792
0.21084129810333252
0.21056777238845825
0.20789344608783722
0.19372065365314484
0.19859197735786438
0.20648178458213806
0.20229876041412354
0.2072192281484604
0.20859621465206146
0.21338503062725067
0.18601706624031067
0.21352416276931763
0.1980271190404892
0.20156095921993256
0.21279576420783997
0.20965789258480072
0.20874281227588654
0.1960465908050537
0.18622738122940063
0.2034289538860321
0.20673738420009613
0.20300514996051788
0.19456340372562408
0.21562543511390686
0.2020767778158188
0.20655807852745056
0.18774662911891937
0.16744983196258545
0.19834880530834198
