0.12042891979217529
0.11447162181138992
0.11885838210582733
0.07907353341579437
0.12765975296497345
0.12914058566093445
0.10744507610797882
0.12319132685661316
0.12301426380872726
0.13128036260604858
0.12357383966445923
0.12284676730632782
0.12001784890890121
0.12966465950012207
0.12130356580018997
0.13369087874889374
0.13128162920475006
0.12712135910987854
0.11447392404079437
0.12240500748157501
0.08738461881875992
0.12675365805625916
0.13779738545417786
0.11081193387508392
0.13839489221572876
0.13243554532527924
0.11848519742488861
0.1318507045507431
0.12420400232076645
0.12884768843650818
0.10905929654836655
0.12252387404441833
0.1302994191646576
0.10791538655757904
0.12427278608083725
0.10057604312896729
0.13229362666606903
0.1161833256483078
0.13853253424167633
0.11458619683980942
0.12643468379974365
0.12329306453466415
0.1334613412618637
0.13130243122577667
0.12117907404899597
0.13182386755943298
0.12352496385574341
0.13047003746032715
0.12487009167671204
0.12579840421676636
0.11417394131422043
0.12688493728637695
0.12444149702787399
0.13768893480300903
0.10899516940116882
0.1423802226781845
0.11095195263624191
0.11506488919258118
0.10830244421958923
0.11441349238157272
0.12411996722221375
0.1268271505832672
0.11872396618127823
0.12832215428352356
0.12034818530082703
0.1341240406036377
0.12459607422351837
0.1322048157453537
0.1246168464422226
0.11212202906608582
0.10669586807489395
0.1293020248413086
0.12622711062431335
0.13016927242279053
0.10848478972911835
0.10773783177137375
0.12455648183822632
0.1169406920671463
0.12972265481948853
0.12850421667099
0.13427622616291046
0.10185396671295166
0.13440346717834473
0.1097552478313446
0.11670918762683868
0.12956662476062775
0.12537893652915955
0.1273186355829239
0.11157368868589401
0.09115990996360779
0.11352948844432831
0.12275099009275436
0.1188201978802681
0.10827149450778961
0.1342191994190216
0.11958968639373779
0.12553724646568298
0.09970062226057053
0.07110395282506943
0.1157493144273758
0.1107850968837738
0.11621388792991638
0.1104392483830452
0.11276239156723022
0.10661446303129196
0.10441030561923981
0.12287834286689758
0.12442266941070557
0.1386624276638031
0.1298786699771881
0.11636646836996078
0.10629266500473022
0.10893739759922028
0.11054398119449615
0.10858078300952911
0.12279099225997925
0.11354350298643112
0.12251394242048264
0.1162286102771759
0.10513611137866974
0.09966263920068741
0.12346866726875305
0.12422417104244232
0.12309864163398743
0.0983087420463562
0.10898147523403168
0.12805932760238647
0.1159985363483429
0.09937714040279388
0.10485145449638367
0.0911240205168724
0.10073480010032654
0.10068152844905853
0.11496606469154358
0.10270462185144424
0.11829601228237152
0.12247853726148605
0.11940743774175644
0.11880128085613251
0.11218764632940292
0.10413511097431183
0.09233477711677551
0.12701812386512756
0.12183625251054764
0.08783937990665436
0.11191622167825699
0.08615022897720337
0.08898423612117767
0.1063561886548996
0.10934334993362427
0.08332213014364243
0.11449384689331055
0.10589909553527832
0.10536973178386688
0.11982420086860657
0.10025666654109955
0.10414404422044754
0.11251566559076309
0.11824478209018707
0.11650057137012482
0.10583500564098358
0.11407693475484848
0.10711776465177536
0.13526654243469238
0.10526303946971893
0.11497856676578522
0.10340845584869385
0.10922134667634964
0.11414014548063278
0.10834866017103195
0.11082568764686584
0.13437993824481964
0.11827894300222397
0.10821165144443512
0.10716448724269867
0.1092466190457344
0.08298361301422119
0.10473723709583282
0.10678565502166748
0.11621655523777008
0.12047787755727768
0.09616675972938538
0.11349599063396454
0.10961750149726868
0.12759625911712646
0.10432618856430054
0.07257010787725449
0.06766818463802338
0.10347317159175873
0.11392158269882202
0.09128245711326599
0.10074104368686676
0.12247338145971298
0.10704442858695984
0.09248910844326019
0.10892824828624725
0.09465914964675903
0.13020722568035126
0.10145337879657745
0.10194520652294159
0.09701913595199585
0.10995272547006607
0.10535004734992981
0.12521347403526306
0.10650718957185745
0.10845601558685303
0.12345398217439651
0.1091713160276413
0.11460041999816895
0.12242799252271652
0.10585255920886993
0.11739053577184677
0.11775139719247818
0.11398829519748688
0.10553234070539474
0.10647353529930115
0.11103447526693344
0.11582198739051819
0.0948905199766159
0.10649401694536209
0.10199644416570663
0.08785085380077362
0.09900940209627151
0.09751009941101074
0.10794906318187714
0.09113135188817978
0.10278625041246414
0.11378729343414307
0.12909087538719177
0.11652447283267975
0.11252764612436295
0.09801316261291504
0.10562524199485779
0.11569974571466446
0.1044762134552002
0.11188380420207977
0.10308113694190979
0.11320577561855316
0.0858863890171051
0.11252182722091675
0.11135950684547424
0.08591029047966003
0.10353966057300568
0.10797952115535736
0.09336656332015991
0.11175767332315445
0.1122170090675354
0.10044754296541214
0.08507780730724335
0.11174523830413818
