0.49573275446891785
0.48710694909095764
0.4952181875705719
0.47438859939575195
0.49865806102752686
0.4990866780281067
0.4915154278278351
0.5000934600830078
0.49641138315200806
0.5007017850875854
0.4956512451171875
0.49711874127388
0.49175894260406494
0.49880677461624146
0.49909693002700806
0.5002737641334534
0.4977903366088867
0.5001247525215149
0.48770928382873535
0.4958193004131317
0.4713717997074127
0.4925987124443054
0.49822351336479187
0.4812968373298645
0.49584394693374634
0.49930644035339355
0.4863821566104889
0.49578598141670227
0.4942028522491455
0.4921005964279175
0.4861277937889099
0.4913245439529419
0.49991291761398315
0.48904383182525635
0.48961037397384644
0.4715918004512787
0.49326109886169434
0.4864601790904999
0.5016353130340576
0.47854626178741455
0.4958053231239319
0.4891464412212372
0.4977925717830658
0.4914945960044861
0.49377185106277466
0.4878881871700287
0.4912702739238739
0.4926096796989441
0.49700790643692017
0.4959961473941803
0.4796951413154602
0.4893120527267456
0.4933251738548279
0.49961480498313904
0.4887067973613739
0.498196005821228
0.48434674739837646
0.4905903935432434
0.49426162242889404
0.47977936267852783
0.4819497764110565
0.4885258376598358
0.4804125130176544
0.5000414252281189
0.48373547196388245
0.4930456280708313
0.49604395031929016
0.49491074681282043
0.49902090430259705
0.4779437780380249
0.47245922684669495
0.49721187353134155
0.497659295797348
0.49310165643692017
0.4786228537559509
0.4891144633293152
0.49097973108291626
0.48537003993988037
0.48825109004974365
0.4893876314163208
0.49369436502456665
0.47008609771728516
0.49911999702453613
0.4828261137008667
0.4893381893634796
0.5001052021980286
0.4925859868526459
0.49307820200920105
0.48143717646598816
0.47554150223731995
0.49407440423965454
0.49115684628486633
0.49012285470962524
0.4827483892440796
0.5008024573326111
0.4885295331478119
0.4948376417160034
0.4722924828529358
0.4576790928840637
0.4828364849090576
0.4851977527141571
0.4898998737335205
0.4888514280319214
0.494050532579422
0.4823107123374939
0.47545886039733887
0.4926670491695404
0.49422687292099
0.4981191158294678
0.4931863844394684
0.49058347940444946
0.4847250282764435
0.48673954606056213
0.4842767119407654
0.4932015836238861
0.480501651763916
0.4932239353656769
0.5001808404922485
0.4903673529624939
0.4818006157875061
0.4863632023334503
0.48032107949256897
0.4924086332321167
0.49288707971572876
0.4728633165359497
0.48544588685035706
0.49584895372390747
0.49825167655944824
0.484232097864151
0.4764792025089264
0.4764091372489929
0.470806360244751
0.47775760293006897
0.48915228247642517
0.4831450879573822
0.49923011660575867
0.49840426445007324
0.4936360716819763
0.4876822531223297
0.4834040701389313
0.48419487476348877
0.4680342972278595
0.4953184723854065
0.4950685501098633
0.47262880206108093
0.4924013912677765
0.47566622495651245
0.47317445278167725
0.4809848666191101
0.49264639616012573
0.4834699034690857
0.4895370900630951
0.4846068322658539
0.48657724261283875
0.4935571253299713
0.47933799028396606
0.478132426738739
0.49338141083717346
0.48744916915893555
0.49818167090415955
0.4827268123626709
0.4868994355201721
0.495145708322525
0.49942031502723694
0.4850001931190491
0.4956657588481903
0.4861498475074768
0.4851260483264923
0.4911203682422638
0.4883233904838562
0.4804646968841553
0.498106449842453
0.4910917282104492
0.48849040269851685
0.49604058265686035
0.4879652261734009
0.47861552238464355
0.48664817214012146
0.49030548334121704
0.49039939045906067
0.4913693070411682
0.4853267967700958
0.4965193569660187
0.4978495240211487
0.49164170026779175
0.48935383558273315
0.4604099988937378
0.4604860544204712
0.4926067590713501
0.48951804637908936
0.4872364103794098
0.4854838252067566
0.5010048747062683
0.4855181574821472
0.4748203158378601
0.493898868560791
0.48552370071411133
0.5038988590240479
0.47455522418022156
0.48103225231170654
0.4878278970718384
0.4849056601524353
0.48683348298072815
0.4962109923362732
0.48862677812576294
0.49372437596321106
0.49610084295272827
0.4859945774078369
0.4905751943588257
0.4900810122489929
0.49168533086776733
0.49225643277168274
0.4894696772098541
0.49787235260009766
0.48247963190078735
0.4974125325679779
0.4860691428184509
0.4949469566345215
0.48730748891830444
0.48724564909935
0.4887818396091461
0.4788433313369751
0.48611974716186523
0.48892828822135925
0.49827489256858826
0.474540650844574
0.47870826721191406
0.4879099726676941
0.5044401288032532
0.5004733800888062
0.49432551860809326
0.4985325336456299
0.48463940620422363
0.4908425807952881
0.4915258288383484
0.4865293800830841
0.48721233010292053
0.4873387813568115
0.48613741993904114
0.4864482581615448
0.4865018129348755
0.4767642915248871
0.49110090732574463
0.48804745078086853
0.48091867566108704
0.4920126497745514
0.4995732307434082
0.4808940887451172
0.4769367277622223
0.49229592084884644
