0.6826892495155334
0.6743777990341187
0.6820142269134521
0.658837616443634
0.686083197593689
0.6865812540054321
0.6773529648780823
0.686720609664917
0.683631181716919
0.6882657408714294
0.6829814910888672
0.6841820478439331
0.6792355179786682
0.6866691708564758
0.6854618191719055
0.6880301833152771
0.6857249140739441
0.6873593926429749
0.6752015352249146
0.6828625798225403
0.6581145524978638
0.6810824871063232
0.6871820092201233
0.6695414185523987
0.685491144657135
0.6869513392448425
0.6749056577682495
0.6845530271530151
0.6836168169975281
0.6813727021217346
0.6739450693130493
0.6799843311309814
0.6875445246696472
0.6759531497955322
0.6789739727973938
0.6603010296821594
0.6828849911689758
0.6749889850616455
0.690658450126648
0.6693253517150879
0.6836554408073425
0.6776979565620422
0.6859681606292725
0.6807762384414673
0.6819383502006531
0.6799099445343018
0.6797763109207153
0.6820980310440063
0.6850761771202087
0.6841418147087097
0.6703223586082458
0.6789074540138245
0.6815060377120972
0.6885049343109131
0.6760905385017395
0.6884349584579468
0.6740800738334656
0.6790595650672913
0.6796244978904724
0.672103762626648
0.676418662071228
0.6794842481613159
0.6720587015151978
0.6870862245559692
0.6759872436523438
0.6836939454078674
0.6839756369590759
0.6847122311592102
0.6857530474662781
0.6687964200973511
0.6631565093994141
0.6850440502166748
0.6853401064872742
0.6812415719032288
0.6678035259246826
0.6754429936408997
0.6800954341888428
0.675737738609314
0.6791539788246155
0.6810311675071716
0.685487687587738
0.6598072648048401
0.6872361898422241
0.6726558208465576
0.6766595840454102
0.6877245306968689
0.6831268668174744
0.6822569370269775
0.6699869632720947
0.6633612513542175
0.6802940368652344
0.6806804537773132
0.6777394413948059
0.6701033115386963
0.6896160244941711
0.6764349937438965
0.6814153790473938
0.662274181842804
0.6451054215431213
0.6722185611724854
0.6728500127792358
0.6769107580184937
0.6755509376525879
0.6802704334259033
0.6703485250473022
0.6644403338432312
0.6808880567550659
0.6816835999488831
0.6888482570648193
0.6830688118934631
0.6769510507583618
0.6725456118583679
0.6737063527107239
0.6729000210762024
0.6770042181015015
0.6722455620765686
0.6799484491348267
0.6875720024108887
0.6775946021080017
0.6689861416816711
0.6721504926681519
0.6711605191230774
0.6818435192108154
0.6802778244018555
0.6607658863067627
0.6735152006149292
0.6840464472770691
0.6840268969535828
0.6690138578414917
0.6650254726409912
0.6627613306045532
0.6593773365020752
0.6649223566055298
0.6773542165756226
0.6692878007888794
0.685387372970581
0.6865991353988647
0.6818421483039856
0.6754726767539978
0.6708318591117859
0.6704049706459045
0.6561058759689331
0.6838171482086182
0.6831400394439697
0.6590792536735535
0.6795446276664734
0.6616804003715515
0.6605459451675415
0.668396532535553
0.6777160167694092
0.6669187545776367
0.6776655316352844
0.6704891324043274
0.6730988621711731
0.6807673573493958
0.6656224131584167
0.6659008264541626
0.6792802810668945
0.6754142642021179
0.6840289831161499
0.6696152091026306
0.6745085716247559
0.6799522638320923
0.6886377930641174
0.6709644794464111
0.682347297668457
0.6715487241744995
0.6713899970054626
0.6781772375106812
0.675065279006958
0.6681070923805237
0.6875870823860168
0.6784513592720032
0.6744397878646851
0.681538462638855
0.6745263338088989
0.6624889969825745
0.6729461550712585
0.6758301258087158
0.6779231429100037
0.6792058348655701
0.6706315279006958
0.6804342269897461
0.682787299156189
0.679620623588562
0.6741849780082703
0.6450941562652588
0.6454349160194397
0.6775853037834167
0.6772282719612122
0.6708791255950928
0.6709058880805969
0.6887765526771545
0.672094464302063
0.6597546935081482
0.6798680424690247
0.6685287356376648
0.6915188431739807
0.6621610522270203
0.6675225496292114
0.6721635460853577
0.6716218590736389
0.6737721562385559
0.6835975646972656
0.6742289066314697
0.6803704500198364
0.6838960647583008
0.6722239851951599
0.6772817969322205
0.6781994104385376
0.6783602833747864
0.6794722080230713
0.6764258146286011
0.6844720244407654
0.6692878603935242
0.68268221616745
0.6738334894180298
0.6814079284667969
0.6723730564117432
0.6744697690010071
0.6748192310333252
0.6635764241218567
0.6716773509979248
0.6742998957633972
0.6830736994743347
0.6599844098091125
0.6648897528648376
0.6750113368034363
0.6918796300888062
0.6872550249099731
0.6803544759750366
0.6829697489738464
0.6714538335800171
0.6774837374687195
0.6774433255195618
0.6746625304222107
0.6732655167579651
0.6741767525672913
0.6699573993682861
0.6735495924949646
0.6742245554924011
0.6622985601425171
0.6776576638221741
0.6749602556228638
0.6659099459648132
0.6787864565849304
0.6847559809684753
0.6666627526283264
0.6617670059204102
0.6788946986198425
