0.4576890468597412
0.44937753677368164
0.4570142924785614
0.4338373839855194
0.4610825479030609
0.4615810215473175
0.452352911233902
0.46172091364860535
0.4586312770843506
0.46326547861099243
0.4579808712005615
0.45918214321136475
0.4542357921600342
0.46166977286338806
0.4604615271091461
0.46303024888038635
0.46072497963905334
0.4623594284057617
0.4502013027667999
0.4578634798526764
0.43311449885368347
0.4560827612876892
0.4621821641921997
0.4445413649082184
0.46049124002456665
0.46195125579833984
0.4499061703681946
0.45955294370651245
0.4586164653301239
0.4563724994659424
0.44894519448280334
0.4549843370914459
0.4625445604324341
0.4509526491165161
0.4539739489555359
0.4353008568286896
0.45788487792015076
0.4499894380569458
0.4656583368778229
0.44432517886161804
0.4586554169654846
0.452697217464447
0.4609677195549011
0.45577627420425415
0.4569379687309265
0.4549110531806946
0.4547761380672455
0.4570977985858917
0.4600757658481598
0.4591418206691742
0.44532227516174316
0.45390740036964417
0.45650622248649597
0.4635055661201477
0.4510909616947174
0.4634345471858978
0.44907963275909424
0.4540599286556244
0.4546244144439697
0.44710326194763184
0.45141980051994324
0.45448407530784607
0.44705820083618164
0.46208593249320984
0.4509865939617157
0.4586939513683319
0.4589753746986389
0.4597127139568329
0.4607531428337097
0.4437963664531708
0.4381561875343323
0.4600446820259094
0.4603402018547058
0.45624151825904846
0.4428032636642456
0.4504433274269104
0.4550943076610565
0.45073795318603516
0.4541535973548889
0.4560316205024719
0.46048760414123535
0.4348068833351135
0.46223607659339905
0.44765564799308777
0.4516598880290985
0.46272438764572144
0.45812708139419556
0.4572569727897644
0.44498738646507263
0.43836063146591187
0.4552941918373108
0.4556807577610016
0.45273903012275696
0.44510361552238464
0.4646157920360565
0.4514349699020386
0.4564160704612732
0.4372742176055908
0.42010483145713806
0.4472183883190155
0.44784995913505554
0.45191046595573425
0.45055171847343445
0.4552697241306305
0.4453490674495697
0.43944016098976135
0.4558872580528259
0.45668330788612366
0.4638473391532898
0.45806893706321716
0.45195066928863525
0.44754546880722046
0.4487059414386749
0.4479001462459564
0.4520041048526764
0.4472454786300659
0.4549478590488434
0.4625721871852875
0.4525943100452423
0.44398564100265503
0.44715002179145813
0.4461606740951538
0.45684337615966797
0.45527762174606323
0.43576547503471375
0.44851505756378174
0.45904672145843506
0.4590267837047577
0.4440138041973114
0.440025269985199
0.43776121735572815
0.434377521276474
0.4399220049381256
0.45235398411750793
0.4442886412143707
0.46038711071014404
0.46159952878952026
0.4568421542644501
0.45047232508659363
0.44583237171173096
0.4454050660133362
0.43110528588294983
0.4588172137737274
0.4581400752067566
0.4340791404247284
0.4545440375804901
0.4366808533668518
0.435546338558197
0.44339683651924133
0.4527157247066498
0.4419194459915161
0.4526664912700653
0.44548940658569336
0.448099285364151
0.45576751232147217
0.4406220614910126
0.44090133905410767
0.45428064465522766
0.4504145681858063
0.45902881026268005
0.4446153938770294
0.44950857758522034
0.45495250821113586
0.4636377692222595
0.44596460461616516
0.457347571849823
0.4465484321117401
0.4463907480239868
0.4531770944595337
0.45006540417671204
0.4431065618991852
0.46258729696273804
0.4534505009651184
0.4494399130344391
0.45653900504112244
0.4495270848274231
0.4374893009662628
0.44794532656669617
0.4508301019668579
0.4529234766960144
0.4542056918144226
0.44563138484954834
0.4554349184036255
0.4577876329421997
0.454620361328125
0.4491846561431885
0.42009443044662476
0.4204351305961609
0.4525861442089081
0.4522286653518677
0.4458792507648468
0.4459057152271271
0.46377602219581604
0.4470946490764618
0.4347549378871918
0.4548673629760742
0.4435288906097412
0.4665185809135437
0.4371611177921295
0.4425223171710968
0.44716331362724304
0.4466223418712616
0.4487723708152771
0.4585965871810913
0.4492287039756775
0.4553702473640442
0.4588961601257324
0.44722411036491394
0.45228222012519836
0.45319920778274536
0.4533604383468628
0.45447203516960144
0.4514264762401581
0.45947158336639404
0.4442881941795349
0.45768222212791443
0.44883325695991516
0.45640793442726135
0.44737324118614197
0.4494701623916626
0.4498192369937897
0.4385765790939331
0.4466773271560669
0.44929933547973633
0.4580734670162201
0.4349842965602875
0.4398896098136902
0.45001164078712463
0.46688011288642883
0.46225425601005554
0.45535457134246826
0.45797011256217957
0.446452796459198
0.45248380303382874
0.4524429738521576
0.4496627748012543
0.44826576113700867
0.4491761326789856
0.4449577331542969
0.448549747467041
0.44922447204589844
0.43729808926582336
0.45265883207321167
0.44996047019958496
0.4409094452857971
0.4537860155105591
0.45975619554519653
0.4416624903678894
0.4367672801017761
0.45389455556869507
