0.23268936574459076
0.22437706589698792
0.23201437294483185
0.2088373303413391
0.23608291149139404
0.23658069968223572
0.2273525893688202
0.23672109842300415
0.2336311936378479
0.23826520144939423
0.23298096656799316
0.2341821938753128
0.2292356789112091
0.23666957020759583
0.23546166718006134
0.2380305677652359
0.23572488129138947
0.23735949397087097
0.2252011001110077
0.2328633815050125
0.20811451971530914
0.23108260333538055
0.23718270659446716
0.2195414900779724
0.23549136519432068
0.23695123195648193
0.2249060720205307
0.2345530390739441
0.23361623287200928
0.23137269914150238
0.22394557297229767
0.2299843579530716
0.23754437267780304
0.22595316171646118
0.2289741188287735
0.21030092239379883
0.23288492858409882
0.22498968243598938
0.24065890908241272
0.21932542324066162
0.23365576565265656
0.2276974469423294
0.23596753180027008
0.23077651858329773
0.23193810880184174
0.22991067171096802
0.2297765165567398
0.23209795355796814
0.23507574200630188
0.2341417372226715
0.22032266855239868
0.2289077490568161
0.2315066009759903
0.23850587010383606
0.2260909080505371
0.23843412101268768
0.22407984733581543
0.22906041145324707
0.2296244502067566
0.22210316359996796
0.2264195680618286
0.22948402166366577
0.2220579832792282
0.23708510398864746
0.22598664462566376
0.2336941957473755
0.23397524654865265
0.23471248149871826
0.23575305938720703
0.21879641711711884
0.21315647661685944
0.2350446730852127
0.23534007370471954
0.23124168813228607
0.217802956700325
0.22544322907924652
0.230094313621521
0.225738063454628
0.2291536182165146
0.23103192448616028
0.2354874312877655
0.2098073661327362
0.2372364103794098
0.22265559434890747
0.22665968537330627
0.2377246469259262
0.2331274300813675
0.23225730657577515
0.21998703479766846
0.21336078643798828
0.2302943915128708
0.23068052530288696
0.22773896157741547
0.22010360658168793
0.23961615562438965
0.22643499076366425
0.231416255235672
0.21227458119392395
0.19510498642921448
0.2222178727388382
0.22285035252571106
0.22691023349761963
0.22555145621299744
0.23027020692825317
0.2203490287065506
0.21444055438041687
0.23088720440864563
0.2316833883523941
0.23884722590446472
0.2330687940120697
0.22695088386535645
0.22254562377929688
0.22370614111423492
0.22290001809597015
0.22700415551662445
0.2222457379102707
0.22994858026504517
0.23757202923297882
0.22759440541267395
0.21898558735847473
0.2221500426530838
0.22116076946258545
0.23184382915496826
0.2302776277065277
0.21076582372188568
0.2235156148672104
0.2340470850467682
0.2340262532234192
0.21901382505893707
0.2150253802537918
0.21276119351387024
0.20937760174274445
0.21492202579975128
0.22735410928726196
0.21928825974464417
0.2353869080543518
0.23659910261631012
0.23184223473072052
0.2254728376865387
0.22083209455013275
0.22040513157844543
0.20610588788986206
0.23381689190864563
0.2331402599811554
0.20907925069332123
0.22954457998275757
0.21168085932731628
0.21054652333259583
0.21839696168899536
0.22771576046943665
0.21691899001598358
0.22766642272472382
0.2204892784357071
0.2230990082025528
0.23076729476451874
0.2156219482421875
0.21590153872966766
0.2292802631855011
0.22541460394859314
0.2340289056301117
0.21961557865142822
0.22450856864452362
0.2299528270959854
0.23863816261291504
0.22096428275108337
0.23234756290912628
0.22154907882213593
0.22139057517051697
0.22817721962928772
0.2250651717185974
0.2181069403886795
0.237587109208107
0.2284507006406784
0.22443978488445282
0.23153847455978394
0.22452674806118011
0.21248899400234222
0.2229456752538681
0.2258303165435791
0.2279232144355774
0.22920569777488708
0.22063113749027252
0.23043498396873474
0.23278743028640747
0.2296203076839447
0.22418467700481415
0.1950947791337967
0.19543500244617462
0.22758623957633972
0.22722852230072021
0.2208787500858307
0.22090578079223633
0.23877599835395813
0.22209417819976807
0.20975469052791595
0.2298673391342163
0.21852870285511017
0.24151864647865295
0.21216094493865967
0.21752198040485382
0.22216342389583588
0.22162210941314697
0.2237723022699356
0.23359723389148712
0.22422806918621063
0.23037055134773254
0.23389627039432526
0.22222407162189484
0.2272823601961136
0.22819925844669342
0.22836044430732727
0.2294720560312271
0.22642631828784943
0.2344719022512436
0.2192883938550949
0.23268239200115204
0.22383324801921844
0.23140747845172882
0.22237321734428406
0.22446998953819275
0.22481924295425415
0.2135767787694931
0.22167718410491943
0.224299356341362
0.23307354748249054
0.2099841982126236
0.2148895114660263
0.22501184046268463
0.24187994003295898
0.23725466430187225
0.2303544282913208
0.23297031223773956
0.22145316004753113
0.22748389840126038
0.22744275629520416
0.22466249763965607
0.22326579689979553
0.2241758555173874
0.21995778381824493
0.2235499769449234
0.22422413527965546
0.2122982144355774
0.2276584953069687
0.22496049106121063
0.21590963006019592
0.2287857085466385
0.23475629091262817
0.2166624367237091
0.21176689863204956
0.22889456152915955
