0.4136059284210205
0.4067343473434448
0.41233476996421814
0.37891194224357605
0.4193001687526703
0.42034706473350525
0.4035259783267975
0.4167727828025818
0.4155844748020172
0.4223247766494751
0.41563549637794495
0.41571909189224243
0.4121471643447876
0.42094072699546814
0.4150558114051819
0.42371293902397156
0.4214909076690674
0.41953936219215393
0.40725353360176086
0.4149181544780731
0.3842840790748596
0.4170638918876648
0.42618006467819214
0.40298449993133545
0.42607980966567993
0.42256587743759155
0.4097636342048645
0.42171069979667664
0.416971355676651
0.41856685280799866
0.403749942779541
0.41420605778694153
0.42159339785575867
0.40370485186576843
0.4149932861328125
0.39349812269210815
0.4213636815547943
0.4083217978477478
0.42800402641296387
0.40574172139167786
0.4178463816642761
0.4136878252029419
0.4229986071586609
0.4198914170265198
0.4136074185371399
0.42076411843299866
0.41468527913093567
0.41981494426727295
0.4174349009990692
0.4178301990032196
0.40588438510894775
0.41663336753845215
0.4159379005432129
0.42675602436065674
0.4043322205543518
0.43013864755630493
0.40521445870399475
0.4092685282230377
0.4047616422176361
0.4066624045372009
0.41476544737815857
0.41751959919929504
0.40948623418807983
0.4199407994747162
0.4123011827468872
0.42306679487228394
0.41700586676597595
0.4221460223197937
0.41741347312927246
0.40381234884262085
0.3986806571483612
0.4201907217502594
0.4186015725135803
0.41908466815948486
0.40150949358940125
0.40339019894599915
0.41576096415519714
0.4101491868495941
0.41876259446144104
0.4188232123851776
0.4241175353527069
0.39427950978279114
0.4239829480648041
0.4043639302253723
0.40925490856170654
0.42121821641921997
0.41794267296791077
0.41828614473342896
0.4042126536369324
0.389003723859787
0.4085255563259125
0.41510310769081116
0.41111114621162415
0.4015328288078308
0.4249992370605469
0.41097891330718994
0.4159715175628662
0.394167423248291
0.36957693099975586
0.4072152078151703
0.404316782951355
0.40859299898147583
0.40496626496315
0.40820106863975525
0.40083909034729004
0.3974016606807709
0.4148302674293518
0.4157182276248932
0.42794251441955566
0.4203910231590271
0.40848323702812195
0.40171992778778076
0.40343987941741943
0.4046488106250763
0.4031457304954529
0.412115216255188
0.40848079323768616
0.41704145073890686
0.40914708375930786
0.3993401825428009
0.39692777395248413
0.4117873013019562
0.4163237512111664
0.41416728496551514
0.3924330174922943
0.4037017226219177
0.4188651442527771
0.41107580065727234
0.394971638917923
0.3979872763156891
0.3883267343044281
0.3930070400238037
0.3949967622756958
0.40881237387657166
0.39741456508636475
0.4129963219165802
0.4166576862335205
0.4131620526313782
0.40988966822624207
0.40410667657852173
0.39883679151535034
0.3873675763607025
0.41840195655822754
0.4149647355079651
0.38497912883758545
0.40772801637649536
0.38501882553100586
0.38690608739852905
0.39979317784309387
0.40422824025154114
0.3842012882232666
0.4086146950721741
0.3995954394340515
0.4011436104774475
0.41231831908226013
0.3950865864753723
0.397635281085968
0.40693753957748413
0.4097641706466675
0.4113445281982422
0.39972588419914246
0.4068577289581299
0.40395236015319824
0.4252101182937622
0.39971691370010376
0.4101901650428772
0.3982377350330353
0.40255215764045715
0.408125638961792
0.4035327434539795
0.402374804019928
0.4251015782356262
0.4107736647129059
0.4030141532421112
0.4051809310913086
0.40361839532852173
0.3829415738582611
0.4005894660949707
0.402351975440979
0.40936678647994995
0.4127073884010315
0.3944624066352844
0.40697726607322693
0.40659528970718384
0.4170428216457367
0.40010523796081543
0.3703071177005768
0.36841750144958496
0.40077489614486694
0.40792620182037354
0.3910311162471771
0.3968322277069092
0.4173593521118164
0.4015074670314789
0.38816091418266296
0.4054802656173706
0.39163920283317566
0.4230228364467621
0.3946888744831085
0.3969188332557678
0.3952614367008209
0.40342068672180176
0.40139228105545044
0.41671836376190186
0.4017697870731354
0.4055274724960327
0.41641369462013245
0.40249887108802795
0.40774568915367126
0.4134409427642822
0.4031447768211365
0.4107179641723633
0.4094591736793518
0.410551518201828
0.4002331793308258
0.40483033657073975
0.4052566885948181
0.41006311774253845
0.39405557513237
0.40236133337020874
0.3991040587425232
0.3864684998989105
0.396664559841156
0.3962365388870239
0.40581902861595154
0.38731488585472107
0.39629927277565
0.40668946504592896
0.42251214385032654
0.4132755398750305
0.4076395630836487
0.4004281163215637
0.4005368947982788
0.40836000442504883
0.40216508507728577
0.406174898147583
0.39936813712120056
0.4061698615550995
0.3872910141944885
0.40549877285957336
0.405414879322052
0.3852139413356781
0.4018007218837738
0.4032498896121979
0.39112260937690735
0.40704089403152466
0.4090184271335602
0.39540332555770874
0.38405975699424744
0.40669673681259155
