0.07897890359163284
0.07389503717422485
0.07714001089334488
0.031259749084711075
0.08771864324808121
0.08965076506137848
0.06321603804826736
0.08139466494321823
0.08215564489364624
0.09188708662986755
0.08318760991096497
0.0816604420542717
0.07952411472797394
0.08999720215797424
0.07933606952428818
0.09527613967657089
0.09265021979808807
0.08635743707418442
0.07331801950931549
0.08156131953001022
0.0421801395714283
0.08797438442707062
0.10088461637496948
0.07018161565065384
0.10211807489395142
0.09391067922115326
0.07873134315013885
0.09345903992652893
0.08299345523118973
0.09065975248813629
0.0660080686211586
0.08242936432361603
0.09062986075878143
0.06386201828718185
0.08506611734628677
0.059126630425453186
0.09467945247888565
0.07565036416053772
0.10060205310583115
0.07489581406116486
0.08661777526140213
0.0844324454665184
0.09545642137527466
0.09416361153125763
0.08054476976394653
0.09412794560194016
0.08391818404197693
0.09267018735408783
0.0839984267950058
0.0853617861866951
0.0739353746175766
0.08856795728206635
0.08450384438037872
0.10010349750518799
0.06541134417057037
0.10589419305324554
0.06832299381494522
0.07258933782577515
0.0637139081954956
0.07378806173801422
0.08492238819599152
0.08746359497308731
0.07942324131727219
0.08842066675424576
0.07984081655740738
0.09657759964466095
0.0837985947728157
0.09377651661634445
0.08351819217205048
0.07200750708580017
0.06622259318828583
0.08998952805995941
0.08542224019765854
0.092767134308815
0.06695414334535599
0.06373237073421478
0.08487586677074432
0.0751587301492691
0.0921260267496109
0.08972220867872238
0.0959373414516449
0.060967735946178436
0.09641219675540924
0.06665398180484772
0.0757884532213211
0.08956576138734818
0.08433201909065247
0.08785971254110336
0.07052928954362869
0.04508200287818909
0.07035496085882187
0.08188366889953613
0.07815200090408325
0.06673770397901535
0.09505650401115417
0.07976219058036804
0.08677037060260773
0.0567985437810421
0.02438429743051529
0.07586971670389175
0.06894746422767639
0.07562217861413956
0.06762396544218063
0.06910116970539093
0.06405303627252579
0.06303530186414719
0.08245576918125153
0.08472851663827896
0.10079101473093033
0.09073305130004883
0.07610701024532318
0.0625530332326889
0.06612909585237503
0.06792815029621124
0.06602678447961807
0.08480194956064224
0.0703546553850174
0.07972986996173859
0.07497690618038177
0.0626220554113388
0.054202400147914886
0.08644770085811615
0.08364707231521606
0.0837060809135437
0.05559408292174339
0.0658440887928009
0.08888044953346252
0.0728304535150528
0.05566280335187912
0.06315289437770844
0.04566248506307602
0.05991346761584282
0.057975780218839645
0.07259510457515717
0.059807874262332916
0.07543934881687164
0.07996734976768494
0.07725396752357483
0.0792788714170456
0.07175783067941666
0.06112411618232727
0.04850316047668457
0.08721903711557388
0.08032668381929398
0.04227374121546745
0.06768342107534409
0.03892413154244423
0.042585596442222595
0.06444977223873138
0.06633536517620087
0.0345253050327301
0.07188373804092407
0.063838891685009
0.061091870069503784
0.07899562269449234
0.05676858872175217
0.06209985166788101
0.06996773928403854
0.07814808189868927
0.07347223907709122
0.06353113055229187
0.07278953492641449
0.062157709151506424
0.09687408804893494
0.062431756407022476
0.07142497599124908
0.06029357388615608
0.06736118346452713
0.07181136310100555
0.0648006945848465
0.07070238143205643
0.0949726477265358
0.07740302383899689
0.06504278630018234
0.06085493415594101
0.06649796664714813
0.03474866971373558
0.06052828207612038
0.06308114528656006
0.07468727976083755
0.07971473038196564
0.04954473674297333
0.07207725942134857
0.06456183642148972
0.08948511630296707
0.06033645197749138
0.02624744363129139
0.018128471449017525
0.058045320212841034
0.07155761122703552
0.04335237294435501
0.05642155557870865
0.0792989656329155
0.06410694867372513
0.04824165999889374
0.06414318084716797
0.04955827817320824
0.08910275995731354
0.05969046801328659
0.058510661125183105
0.05057874321937561
0.06794354319572449
0.06098612770438194
0.08531884104013443
0.06300635635852814
0.06315106153488159
0.08204842358827591
0.067510686814785
0.07320767641067505
0.08296685665845871
0.06039520725607872
0.07576137781143188
0.0777139812707901
0.06920067965984344
0.062274105846881866
0.060058824717998505
0.06833867728710175
0.07337040454149246
0.047592759132385254
0.0623897984623909
0.05674828961491585
0.04100248962640762
0.05309595167636871
0.0507020428776741
0.06202626973390579
0.04659995064139366
0.06083005666732788
0.07259000092744827
0.08740223944187164
0.07158584892749786
0.06923051178455353
0.047550417482852936
0.062347106635570526
0.07483937591314316
0.05857871472835541
0.06915489584207535
0.05860443785786629
0.07184671610593796
0.03653362765908241
0.07114327698945999
0.06885619461536407
0.038444798439741135
0.05715010315179825
0.06453093886375427
0.04746531322598457
0.0682545155286789
0.0673375129699707
0.05731254816055298
0.03804178908467293
0.06870781630277634
