0.08397889882326126
0.07889503985643387
0.0821400061249733
0.03625975549221039
0.09271864593029022
0.0946507677435875
0.06821604073047638
0.08639466762542725
0.08715564757585526
0.09688708186149597
0.08818760514259338
0.08666043728590012
0.08452410995960236
0.09499720484018326
0.08433607220649719
0.10027613490819931
0.09765021502971649
0.09135743975639343
0.0783180221915245
0.08656132221221924
0.04718013480305672
0.09297437965869904
0.1058846116065979
0.07518161088228226
0.10711808502674103
0.09891066700220108
0.08373133838176727
0.09845904260873795
0.08799345791339874
0.0956597551703453
0.07100807130336761
0.08742935955524445
0.09562986344099045
0.06886201351881027
0.09006611257791519
0.0641266256570816
0.09967945516109467
0.08065035939216614
0.10560204833745956
0.07989582419395447
0.09161777794361115
0.08943244069814682
0.10045643150806427
0.09916360676288605
0.08554477244615555
0.09912794828414917
0.08891818672418594
0.09767019003629684
0.08899842947721481
0.09036178886890411
0.07893537729978561
0.09356796741485596
0.08950383961200714
0.1051034927368164
0.07041133940219879
0.11089419573545456
0.07332300394773483
0.07758933305740356
0.06871390342712402
0.07878807187080383
0.08992239087820053
0.09246359020471573
0.0844232365489006
0.09342066943645477
0.0848408192396164
0.10157760977745056
0.08879859745502472
0.09877651929855347
0.08851819485425949
0.07700750976800919
0.07122258841991425
0.09498953074216843
0.09042224287986755
0.09776713699102402
0.071954146027565
0.0687323585152626
0.08987586945295334
0.08015872538089752
0.09712601453065872
0.0947222113609314
0.10093734413385391
0.06596773117780685
0.10141219943761826
0.07165398448705673
0.08078845590353012
0.09456575661897659
0.08933201432228088
0.09285972267389297
0.07552929222583771
0.0500820092856884
0.07535496354103088
0.08688367158174515
0.08315200358629227
0.07173769921064377
0.10005649924278259
0.08476219326257706
0.09177037328481674
0.06179853901267052
0.029384290799498558
0.08086971938610077
0.07394745945930481
0.08062218129634857
0.07262396812438965
0.07410117983818054
0.0690530389547348
0.06803528964519501
0.08745575696229935
0.08972852677106857
0.10579100996255875
0.09573305398225784
0.081106998026371
0.06755303591489792
0.07112909853458405
0.07292815297842026
0.07102678716182709
0.08980195224285126
0.07535465806722641
0.084729865193367
0.0799768939614296
0.06762205064296722
0.05920238792896271
0.09144770354032516
0.08864707499742508
0.08870608359575272
0.06059408187866211
0.07084408402442932
0.09388044476509094
0.07783045619726181
0.06066280975937843
0.06815288960933685
0.050662484019994736
0.06491345912218094
0.06297577917575836
0.07759510725736618
0.06480787694454193
0.08043935149908066
0.08496734499931335
0.08225397020578384
0.08427885919809341
0.07675783336162567
0.06612411141395569
0.05350315943360329
0.0922190323472023
0.08532668650150299
0.04727374389767647
0.0726834312081337
0.043924130499362946
0.04758559167385101
0.0694497749209404
0.07133536785840988
0.039525315165519714
0.07688374817371368
0.06883888691663742
0.0660918727517128
0.08399561792612076
0.061768583953380585
0.06709985435009003
0.07496774196624756
0.08314807713031769
0.07847222685813904
0.06853114068508148
0.07778953015804291
0.06715770810842514
0.10187409073114395
0.06743175536394119
0.0764249637722969
0.0652935728430748
0.07236118614673615
0.07681135833263397
0.06980069726705551
0.07570237666368484
0.09997264295816422
0.0824030190706253
0.07004278898239136
0.06585492938756943
0.07149796932935715
0.039748676121234894
0.06552828848361969
0.06808115541934967
0.07968727499246597
0.08471472561359406
0.054544735699892044
0.07707725465297699
0.06956183910369873
0.09448512643575668
0.0653364434838295
0.031247444450855255
0.02312847413122654
0.06304531544446945
0.07655761390924454
0.048352375626564026
0.06142154708504677
0.08429897576570511
0.06910694390535355
0.05324166268110275
0.06914318352937698
0.05455828085541725
0.09410275518894196
0.0646904706954956
0.06351065635681152
0.055578745901584625
0.0729435458779335
0.06598613411188126
0.09031884372234344
0.06800635904073715
0.0681510642170906
0.08704842627048492
0.07251068204641342
0.07820767164230347
0.08796686679124832
0.06539520621299744
0.0807613804936409
0.08271398395299911
0.07420068234205246
0.06727410107851028
0.06505882740020752
0.07333867251873016
0.07837040722370148
0.05259276553988457
0.06738979369401932
0.061748288571834564
0.04600248485803604
0.05809595435857773
0.05570203438401222
0.06702627241611481
0.05159994959831238
0.0658300518989563
0.0775899887084961
0.09240223467350006
0.07658585160970688
0.07423050701618195
0.05255041643977165
0.06734710931777954
0.07983937114477158
0.06357871741056442
0.07415489852428436
0.0636044293642044
0.07684670388698578
0.04153362661600113
0.07614327222108841
0.07385619729757309
0.04344479739665985
0.06215010583400726
0.06953094154596329
0.05246531218290329
0.07325451076030731
0.07233750820159912
0.06231255084276199
0.043041784316301346
0.07370781898498535
