0.08647890388965607
0.08139504492282867
0.0846400111913681
0.038759756833314896
0.09521864354610443
0.0971507653594017
0.07071603834629059
0.08889467269182205
0.08965564519166946
0.09938708692789078
0.09068761765956879
0.08916044235229492
0.08702410757541656
0.09749720245599747
0.0868360698223114
0.10277613997459412
0.1001502200961113
0.09385744482278824
0.08081801980733871
0.08906131982803345
0.04968012869358063
0.09547438472509384
0.10838460922241211
0.07768161594867706
0.10961807519197464
0.10141067206859589
0.08623134344816208
0.10095904022455215
0.09049346297979355
0.09815975278615952
0.07350806891918182
0.08992936462163925
0.09812986105680466
0.07136201858520508
0.09256611764431
0.06662662327289581
0.10217945277690887
0.08315036445856094
0.10810205340385437
0.08239582180976868
0.09411777555942535
0.09193243831396103
0.10295642912387848
0.10166359692811966
0.08804477751255035
0.10162795335054398
0.09141818434000015
0.10017018765211105
0.09149842709302902
0.09286177903413773
0.08143537491559982
0.09606796503067017
0.09200383722782135
0.10760349035263062
0.072911337018013
0.11339419335126877
0.07582299411296844
0.08008933812379837
0.07121390104293823
0.08128806948661804
0.09242238849401474
0.09496359527111053
0.08692323416471481
0.09592066705226898
0.0873408168554306
0.10407760739326477
0.09129859507083893
0.10127651691436768
0.0910181924700737
0.0795075073838234
0.07372259348630905
0.09748953580856323
0.09292224049568176
0.10026712715625763
0.07445414364337921
0.07123236358165741
0.09237587451934814
0.08265872299671173
0.09962601959705353
0.0972222089767456
0.10343734174966812
0.06846772879362106
0.10391220450401306
0.07415399700403214
0.08328845351934433
0.097065769135952
0.0918320044875145
0.09535972774028778
0.07802928239107132
0.05258201062679291
0.07785496115684509
0.08938366174697876
0.08565200120210648
0.07423768937587738
0.1025564968585968
0.08726219087839127
0.09427037090063095
0.06429854780435562
0.03188428282737732
0.08336970955133438
0.07644746452569962
0.08312217891216278
0.07512395828962326
0.07660117745399475
0.07155303657054901
0.07053529471158981
0.08995576202869415
0.09222851693630219
0.10829101502895355
0.09823305904865265
0.08360700309276581
0.07005302608013153
0.07362909615039825
0.07542815804481506
0.0735267922282219
0.09230194985866547
0.07785466313362122
0.08722986280918121
0.0824769139289856
0.07012205570936203
0.06170239299535751
0.09394770115613937
0.09114707261323929
0.09120607376098633
0.06309407949447632
0.07334408909082413
0.09638044238090515
0.08033046871423721
0.06316281110048294
0.07065289467573166
0.053162477910518646
0.06741346418857574
0.06547578424215317
0.08009511232376099
0.06730788201093674
0.08293934911489487
0.08746735006570816
0.08475397527217865
0.08677886426448822
0.07925783097743988
0.0686241164803505
0.0560031533241272
0.0947190374135971
0.0878266915678978
0.049773745238780975
0.07518342137336731
0.04642413184046745
0.05008558928966522
0.0719497799873352
0.07383536547422409
0.04202529788017273
0.0793837457895279
0.07133889198303223
0.06859186291694641
0.08649562299251556
0.06426859647035599
0.06959985196590424
0.07746773213148117
0.0856480821967125
0.08097223937511444
0.0710311308503151
0.08028953522443771
0.06965771317481995
0.10437408089637756
0.069931760430336
0.07892496883869171
0.0677935779094696
0.07486118376255035
0.07931135594844818
0.07230070233345032
0.07820238173007965
0.10247264802455902
0.08490301668643951
0.07254278659820557
0.06835493445396423
0.07399796694517136
0.0422486811876297
0.0680282860994339
0.07058115303516388
0.08218728005886078
0.08721473067998886
0.05704473704099655
0.0795772522687912
0.07206183671951294
0.09698512405157089
0.0678364485502243
0.033747442066669464
0.025628479197621346
0.06554532051086426
0.07905760407447815
0.050852373242378235
0.06392154842615128
0.08679896593093872
0.07160694897174835
0.05574166029691696
0.07164318114519119
0.057058271020650864
0.09660275280475616
0.06719046831130981
0.06601065397262573
0.058078743517398834
0.07544355094432831
0.06848612427711487
0.09281885623931885
0.07050635665655136
0.07065106183290482
0.08954842388629913
0.07501068711280823
0.08070766925811768
0.09046685695648193
0.06789521127939224
0.0832613855600357
0.08521398156881332
0.07670068740844727
0.06977410614490509
0.06755883246660233
0.07583868503570557
0.08087040483951569
0.055092766880989075
0.06988979130983353
0.06424829363822937
0.04850248992443085
0.06059595197439194
0.05820204317569733
0.06952627003192902
0.05409995838999748
0.06833004951477051
0.0800900012254715
0.09490223228931427
0.07908584922552109
0.07673050463199615
0.05505041778087616
0.06984710693359375
0.08233937621116638
0.06607871502637863
0.07665489614009857
0.06610442698001862
0.07934670895338058
0.04403362050652504
0.07864326983690262
0.0763561874628067
0.04594479501247406
0.06465010344982147
0.0720309466123581
0.0549653060734272
0.07575451582670212
0.07483750581741333
0.0648125559091568
0.045541778206825256
0.07620781660079956
