0.5386062264442444
0.5317342281341553
0.5373347997665405
0.5039116740226746
0.5443005561828613
0.5453467965126038
0.5285266041755676
0.5417727828025818
0.540584921836853
0.5473247766494751
0.540635347366333
0.5407189130783081
0.5371474623680115
0.5459406971931458
0.5400559306144714
0.548712968826294
0.5464909672737122
0.5445387959480286
0.5322533845901489
0.5399183034896851
0.5092841386795044
0.5420640110969543
0.5511804819107056
0.5279842615127563
0.5510799884796143
0.5475661754608154
0.534763514995575
0.5467106699943542
0.5419716238975525
0.5435669422149658
0.5287500023841858
0.5392059087753296
0.5465936064720154
0.528704822063446
0.5399932265281677
0.5184980034828186
0.5463634133338928
0.5333219766616821
0.553004264831543
0.5307415127754211
0.5428466796875
0.5386875867843628
0.5479981303215027
0.5448916554450989
0.5386073589324951
0.5457639098167419
0.5396853089332581
0.5448147654533386
0.5424349904060364
0.5428300499916077
0.5308840870857239
0.5416336059570312
0.5409379005432129
0.5517556667327881
0.5293318033218384
0.5551386475563049
0.5302149653434753
0.5342679023742676
0.5297616124153137
0.53166264295578
0.5397651195526123
0.5425195693969727
0.5344864130020142
0.5449405908584595
0.5373013019561768
0.5480667948722839
0.5420059561729431
0.5471460223197937
0.5424137115478516
0.5288124680519104
0.5236808657646179
0.5451908111572266
0.5436017513275146
0.5440851449966431
0.5265095829963684
0.5283904075622559
0.5407607555389404
0.5351492166519165
0.5437623858451843
0.5438233017921448
0.5491176843643188
0.5192797183990479
0.5489832758903503
0.5293639898300171
0.5342549085617065
0.5462183952331543
0.5429428815841675
0.5432859063148499
0.5292127728462219
0.5140036344528198
0.5335256457328796
0.5401034355163574
0.536111056804657
0.5265326499938965
0.5499992370605469
0.5359787344932556
0.5409713983535767
0.5191670060157776
0.4945767819881439
0.5322149395942688
0.5293165445327759
0.5335928797721863
0.5299664735794067
0.5332012176513672
0.5258389711380005
0.5224015712738037
0.5398303270339966
0.5407184362411499
0.5529424548149109
0.5453909039497375
0.5334834456443787
0.5267195701599121
0.528439998626709
0.5296486020088196
0.5281453132629395
0.5371149778366089
0.5334808826446533
0.5420414209365845
0.5341464281082153
0.524340033531189
0.5219278335571289
0.5367871522903442
0.5413239598274231
0.5391674637794495
0.517433226108551
0.5287015438079834
0.5438652038574219
0.5360764861106873
0.5199716687202454
0.5229870080947876
0.5133273005485535
0.5180067420005798
0.5199965834617615
0.5338128209114075
0.5224143862724304
0.5379958152770996
0.541657567024231
0.5381621718406677
0.5348899960517883
0.5291066765785217
0.523836612701416
0.512367844581604
0.5434022545814514
0.5399648547172546
0.5099791288375854
0.5327277779579163
0.5100191235542297
0.5119060277938843
0.5247933268547058
0.5292282700538635
0.5092008113861084
0.5336150527000427
0.5245951414108276
0.5261434316635132
0.5373180508613586
0.5200868844985962
0.5226352214813232
0.5319375991821289
0.5347644090652466
0.536344587802887
0.5247259140014648
0.5318575501441956
0.528952419757843
0.5502099990844727
0.5247176885604858
0.5351898670196533
0.5232378840446472
0.5275521278381348
0.5331257581710815
0.5285326838493347
0.5273746848106384
0.5501016974449158
0.5357735753059387
0.5280138850212097
0.5301806926727295
0.528618335723877
0.5079417824745178
0.5255897045135498
0.527351975440979
0.5343666076660156
0.5377076268196106
0.5194619297981262
0.5319774746894836
0.5315951704978943
0.5420427322387695
0.5251051783561707
0.4953071177005768
0.4934172034263611
0.5257748365402222
0.5329260230064392
0.5160315036773682
0.5218324065208435
0.542359471321106
0.5265071392059326
0.5131608843803406
0.5304802656173706
0.5166393518447876
0.5480230450630188
0.5196888446807861
0.5219189524650574
0.5202614068984985
0.5284208059310913
0.5263918042182922
0.5417183637619019
0.5267704129219055
0.530527651309967
0.5414134860038757
0.5274989008903503
0.5327456593513489
0.5384413003921509
0.5281446576118469
0.5357179045677185
0.5344591736793518
0.5355516076087952
0.5252330303192139
0.5298300981521606
0.5302567481994629
0.5350630283355713
0.5190553665161133
0.527361273765564
0.5241039991378784
0.511468231678009
0.5216645002365112
0.5212368369102478
0.5308188796043396
0.5123152136802673
0.5212993621826172
0.5316894054412842
0.547512412071228
0.5382756590843201
0.5326399207115173
0.525428295135498
0.5255371928215027
0.5333600640296936
0.5271648168563843
0.5311751961708069
0.5243679285049438
0.5311697721481323
0.5122913122177124
0.5304991602897644
0.5304148197174072
0.5102142095565796
0.5268008708953857
0.5282498598098755
0.5161229372024536
0.5320405960083008
0.5340185165405273
0.5204033851623535
0.5090599060058594
0.5316966772079468
