0.510360062122345
0.510077714920044
0.509440541267395
0.5082610249519348
0.5061071515083313
0.5029022097587585
0.5010343790054321
0.5001802444458008
0.5050225257873535
0.5081058144569397
0.49755486845970154
0.4973888397216797
0.49135109782218933
0.4879917502403259
0.48715758323669434
0.48588496446609497
0.48801127076148987
0.48811760544776917
0.4891657531261444
0.49175360798835754
0.49105843901634216
0.49106723070144653
0.4913528561592102
0.490888386964798
0.48978397250175476
0.48808085918426514
0.48578155040740967
0.4857882559299469
0.48398837447166443
0.48077166080474854
0.47694772481918335
0.47562527656555176
0.47412484884262085
0.4735555052757263
0.4698186218738556
0.4655153751373291
0.46185871958732605
0.46288394927978516
0.45921069383621216
0.4551715552806854
0.4536506235599518
0.45402443408966064
0.45106518268585205
0.4479062855243683
0.4458840489387512
0.4439159333705902
0.44073593616485596
0.43856126070022583
0.4347982704639435
0.43170827627182007
0.42675328254699707
0.4209926128387451
0.4145183563232422
0.4075393080711365
0.40035539865493774
0.39186879992485046
0.38558366894721985
0.380064457654953
0.3753476142883301
0.37039339542388916
0.3661733865737915
0.3619004189968109
0.35949304699897766
0.3566285967826843
0.3530695140361786
0.3487807512283325
0.34082213044166565
0.33157265186309814
0.325906902551651
0.31780746579170227
0.30664223432540894
0.29891377687454224
0.29251015186309814
0.28462427854537964
0.2800045311450958
0.27150091528892517
0.2700293958187103
0.2670324146747589
0.26300764083862305
0.26210862398147583
0.26017868518829346
0.26083531975746155
0.2592148780822754
0.2612784206867218
0.2607685923576355
0.2598320245742798
0.2585087716579437
0.25685426592826843
0.2549562454223633
0.25291329622268677
0.2508732080459595
0.24891914427280426
0.24839699268341064
0.24660798907279968
0.24428266286849976
0.2424970269203186
0.2387319803237915
0.2353321760892868
0.23436029255390167
0.23714575171470642
