0.6767314076423645
0.676702618598938
0.6766466498374939
0.6765596270561218
0.6764419674873352
0.6762909889221191
0.676101565361023
0.6758670210838318
0.6755732893943787
0.675195038318634
0.6746749877929688
0.6738762855529785
0.673737108707428
0.6718966960906982
0.6708575487136841
0.6725746989250183
0.6735554337501526
0.6714513897895813
0.6501283049583435
0.5977587699890137
0.5407578349113464
0.5317469835281372
0.522830069065094
0.4101516306400299
0.3092772364616394
0.3062223494052887
0.33178016543388367
0.3173801302909851
0.2773836851119995
0.2407011240720749
0.21530842781066895
0.18794062733650208
0.16940611600875854
0.17900604009628296
0.1924518197774887
0.20677688717842102
0.2115141749382019
0.20976118743419647
0.20566754043102264
0.1956605315208435
0.17967529594898224
0.17075417935848236
0.16283446550369263
0.155318483710289
0.14914721250534058
0.14209333062171936
0.13841818273067474
0.1353854537010193
0.13374990224838257
0.13025297224521637
0.1278952956199646
0.1268131583929062
0.1250949501991272
0.12362854182720184
0.12260773032903671
0.12193632870912552
0.12153808772563934
0.12311546504497528
0.12420839816331863
0.12646321952342987
0.12684133648872375
0.12712706625461578
0.12726984918117523
0.12717656791210175
0.12744654715061188
0.12685145437717438
0.12597820162773132
0.124828040599823
0.12340673059225082
0.12174566835165024
0.11988753080368042
0.11786282062530518
0.11380506306886673
0.11189030855894089
0.10993213951587677
0.10794702172279358
0.10595200210809708
0.10402227193117142
0.10218751430511475
0.10042743384838104
0.09876075387001038
0.09587490558624268
0.09459151327610016
0.09338495135307312
0.0922824963927269
0.09123970568180084
0.09026399999856949
0.08932174742221832
0.08842094242572784
0.08755207061767578
0.08673745393753052
0.0859580934047699
0.08520958572626114
0.08449804782867432
0.08381311595439911
0.08314730226993561
0.08249685913324356
0.08186055719852448
0.08124171197414398
0.08064529299736023
