0.37996718287467957
0.3798995018005371
0.37975814938545227
0.37952980399131775
0.37918832898139954
0.3786827027797699
0.3779129981994629
0.37664109468460083
0.3740307092666626
0.3730849027633667
0.37423667311668396
0.37821343541145325
0.3793303668498993
0.3687532842159271
0.3542554974555969
0.3321422040462494
0.28125664591789246
0.2787069082260132
0.2764156758785248
0.26380059123039246
0.24213841557502747
0.21096301078796387
0.18142962455749512
0.1664467453956604
0.15770377218723297
0.14947929978370667
0.14119583368301392
0.13575966656208038
0.1294543296098709
0.12233565002679825
0.12002544105052948
0.1168738603591919
0.1149720698595047
0.11172700673341751
0.10945546627044678
0.1087941899895668
0.10726923495531082
0.10522617399692535
0.10495737195014954
0.1021689772605896
0.10112319141626358
0.09867217391729355
0.09609999507665634
0.09355160593986511
0.09296128153800964
0.08970706164836884
0.08995241671800613
0.086893230676651
0.08369174599647522
0.08124842494726181
0.07811936736106873
0.07500611245632172
0.0720372274518013
0.06935492157936096
0.06697974354028702
0.06574930250644684
0.06327047199010849
0.06162828579545021
0.05856505408883095
0.054810866713523865
0.054228801280260086
0.053541626781225204
0.05274082347750664
0.051825735718011856
0.050795383751392365
0.04966926947236061
0.04845307394862175
0.04717583581805229
0.048905644565820694
0.04796352982521057
0.04707378149032593
0.04622771218419075
0.04541582614183426
0.04463958367705345
0.04309061914682388
0.042394526302814484
0.041773416101932526
0.04119620844721794
0.0406578965485096
0.040139198303222656
0.04134181886911392
0.04099627956748009
0.04064764827489853
0.040280744433403015
0.039892688393592834
0.039483603090047836
0.03905192017555237
0.03859597444534302
0.03812054544687271
0.037629906088113785
0.037119410932064056
0.03658955171704292
0.03605058416724205
0.03404460474848747
0.03360510990023613
0.03315352275967598
0.03269697725772858
0.03223368525505066
0.03176400810480118
0.0312860831618309
