0.3853599727153778
0.38507747650146484
0.3844406008720398
0.38326072692871094
0.38110727071762085
0.377902626991272
0.3760344088077545
0.3751799464225769
0.38002267479896545
0.3831058740615845
0.372554749250412
0.37238892912864685
0.36635124683380127
0.3629923164844513
0.36215731501579285
0.3608851134777069
0.3630114197731018
0.36311790347099304
0.3641650974750519
0.36675378680229187
0.36605823040008545
0.36606699228286743
0.3663528263568878
0.3658885657787323
0.3647845387458801
0.3630812466144562
0.3607814908027649
0.36078768968582153
0.3589877784252167
0.35577142238616943
0.3519478738307953
0.35062485933303833
0.34912487864494324
0.3485555648803711
0.34481826424598694
0.34051522612571716
0.3368588089942932
0.3378836512565613
0.33421075344085693
0.3301717936992645
0.3286501467227936
0.32902461290359497
0.3260652720928192
0.322905957698822
0.32088422775268555
0.3189164698123932
0.31573614478111267
0.3135615587234497
0.3097984194755554
0.3067086338996887
0.30175355076789856
0.2960001826286316
0.2895512878894806
0.28263407945632935
0.2755531370639801
0.26729393005371094
0.26128458976745605
0.25617310404777527
0.252019464969635
0.2478528469800949
0.2447425276041031
0.24228130280971527
0.24158740043640137
0.24083498120307922
0.23971489071846008
0.23811505734920502
0.2359577715396881
0.23319527506828308
0.2298954576253891
0.22602510452270508
0.2230992168188095
0.21866028010845184
0.213949516415596
0.2090112715959549
0.20521152019500732
0.20227110385894775
0.19975340366363525
0.19843082129955292
0.19651830196380615
0.19523611664772034
0.1945614069700241
0.19441735744476318
0.19466710090637207
0.19518588483333588
0.19583462178707123
0.19647927582263947
0.19700808823108673
0.1973564326763153
0.1974763125181198
0.19733083248138428
0.19691655039787292
0.1962493360042572
0.19534139335155487
0.1942300796508789
0.19295407831668854
0.19155898690223694
0.1900785267353058
0.18855594098567963
0.1870305836200714
0.18553054332733154
