0.901731550693512
0.901702344417572
0.9016475081443787
0.9015595316886902
0.9014422297477722
0.901291012763977
0.9011014103889465
0.9008666276931763
0.9005731344223022
0.9001954197883606
0.8996748328208923
0.8988772630691528
0.8987370729446411
0.8968966603279114
0.8958573341369629
0.8975745439529419
0.8985556960105896
0.8964505791664124
0.8751287460327148
0.8225523233413696
0.760842502117157
0.734300434589386
0.6618245244026184
0.5198585987091064
0.4906330406665802
0.4841561019420624
0.4424217939376831
0.3702235221862793
0.3458501398563385
0.3204798102378845
0.3150370717048645
0.3356444239616394
0.3481735587120056
0.3477199971675873
0.33239150047302246
0.3088182806968689
0.2814447283744812
0.2574324309825897
0.25137394666671753
0.24908305704593658
0.2513032555580139
0.256727933883667
0.2585085928440094
0.25844189524650574
0.2589423954486847
0.25708165764808655
0.2536340355873108
0.25106900930404663
0.24889840185642242
0.24822752177715302
0.24671496450901031
0.24437086284160614
0.24334324896335602
0.24079753458499908
0.23973479866981506
0.23758552968502045
0.23570601642131805
0.23472605645656586
0.23212598264217377
0.23185591399669647
0.22933197021484375
0.22657765448093414
0.2236100733280182
0.21955278515815735
0.2163625955581665
0.2116083949804306
0.20732387900352478
0.204789936542511
0.20088502764701843
0.19872814416885376
0.19672401249408722
0.19477759301662445
0.1915980875492096
0.19026556611061096
0.18814022839069366
0.18721339106559753
0.18650159239768982
0.18593698740005493
0.18546995520591736
0.18505311012268066
0.18468590080738068
0.18437469005584717
0.1840396374464035
0.18296518921852112
0.18250399827957153
0.18195359408855438
0.18197806179523468
0.18126052618026733
0.18044725060462952
0.17955373227596283
0.1785532534122467
0.1774342805147171
0.17621730268001556
0.17491862177848816
0.17352724075317383
0.17203925549983978
0.17173169553279877
0.17019149661064148
0.1685723215341568
0.16785897314548492
