0.5674670934677124
0.5673995614051819
0.5672584176063538
0.5670300126075745
0.566688060760498
0.5661827325820923
0.5654128193855286
0.5641412734985352
0.5615307092666626
0.5605846047401428
0.5617368221282959
0.5657134652137756
0.5668306946754456
0.5562533736228943
0.5417554378509521
0.5102629065513611
0.4424695670604706
0.436532586812973
0.426370769739151
0.4119928181171417
0.34969964623451233
0.3096812069416046
0.2845434248447418
0.2720293402671814
0.26106399297714233
0.24662715196609497
0.23536382615566254
0.22317034006118774
0.21643909811973572
0.21283869445323944
0.21259336173534393
0.21632474660873413
0.21844832599163055
0.22072528302669525
0.22176484763622284
0.22507843375205994
0.22299891710281372
0.22014600038528442
0.2172240912914276
0.2141760289669037
0.21087127923965454
0.20718339085578918
0.2031424343585968
0.19900400936603546
0.1948760598897934
0.19072958827018738
0.1866251826286316
0.18265537917613983
0.178802952170372
0.17511498928070068
0.17163589596748352
0.16846658289432526
0.16392222046852112
0.16131018102169037
0.15967467427253723
0.1576421856880188
0.155903160572052
0.15439483523368835
0.15203413367271423
0.15284311771392822
0.15227274596691132
0.15356092154979706
0.1515025794506073
0.15112249553203583
0.15067537128925323
0.1501387357711792
0.14949162304401398
0.1487334966659546
0.14785021543502808
0.1468498259782791
0.14573560655117035
0.14393116533756256
0.1440732628107071
0.1426776796579361
0.14119493961334229
0.13964414596557617
0.13804052770137787
0.13641777634620667
0.13477236032485962
0.13310454785823822
0.13067016005516052
0.12786000967025757
0.12631361186504364
0.12476607412099838
0.12322302162647247
0.12169791758060455
0.12018067389726639
0.11867769807577133
0.11720546334981918
0.11576078087091446
0.11433956772089005
0.11294625699520111
0.1115822121500969
0.1102524846792221
0.1089698001742363
0.1077481359243393
0.10657285153865814
0.10542604327201843
0.10430551320314407
0.10321978479623795
