0.45173147320747375
0.45170319080352783
0.4516460597515106
0.4515601098537445
0.4514421224594116
0.45129135251045227
0.4511012136936188
0.4508667588233948
0.4505734443664551
0.45019519329071045
0.44967445731163025
0.4488762617111206
0.44873684644699097
0.4468963146209717
0.4458582401275635
0.44757476449012756
0.44855549931526184
0.4464513063430786
0.42512863874435425
0.37764066457748413
0.3368940055370331
0.3395014703273773
0.34623828530311584
0.3166607618331909
0.25658050179481506
0.19852091372013092
0.16762836277484894
0.15363278985023499
0.13909579813480377
0.12927813827991486
0.120440274477005
0.11139915138483047
0.1020493134856224
0.09639570116996765
0.09123611450195312
0.08721758425235748
0.08435024321079254
0.08246370404958725
0.0828019380569458
0.08065818250179291
0.07924222946166992
0.07664034515619278
0.07407010346651077
0.07128668576478958
0.06869823485612869
0.06811916828155518
0.06679698079824448
0.06551314145326614
0.0641254261136055
0.06286496669054031
0.06160637363791466
0.06036636605858803
0.05902066081762314
0.0576736256480217
0.05635715276002884
0.055129483342170715
0.05398554727435112
0.05286029726266861
0.05178120732307434
0.05075309798121452
0.049809254705905914
0.04892050847411156
0.04802710562944412
0.047169942408800125
0.04635021463036537
0.04553786292672157
0.04473954811692238
0.04395712912082672
0.04320738464593887
0.04248610883951187
0.041811391711235046
0.04115835577249527
0.04052845761179924
0.03992792218923569
0.03934326767921448
0.038765616714954376
0.03819828853011131
0.03764965757727623
0.037115998566150665
0.03659147024154663
0.0360889732837677
0.035603199154138565
0.035123590379953384
0.03465008735656738
0.034196849912405014
0.03375942260026932
0.033323995769023895
0.03291410207748413
0.03252489119768143
0.03214648365974426
0.031771838665008545
0.0314108245074749
0.031060466542840004
0.030729826539754868
0.030925191938877106
0.030656520277261734
0.030395761132240295
0.030138371512293816
0.029886629432439804
0.02963426522910595
