0.1353597790002823
0.13507765531539917
0.13444049656391144
0.13326117396354675
0.13110679388046265
0.12790240347385406
0.1260344684123993
0.125180184841156
0.13002239167690277
0.13310600817203522
0.12255469709634781
0.12240315973758698
0.11639384180307388
0.11308285593986511
0.1122703030705452
0.11097865551710129
0.11309418082237244
0.11319331079721451
0.1142410859465599
0.1168379932641983
0.1161528006196022
0.11617805063724518
0.11648355424404144
0.1160425990819931
0.11496610194444656
0.11329720914363861
0.11103913933038712
0.10817118734121323
0.10940910130739212
0.10637837648391724
0.10277873277664185
0.10148922353982925
0.10007951408624649
0.09950228035449982
0.0959678664803505
0.0919036865234375
0.08728787302970886
0.08677367866039276
0.08598775416612625
0.08234110474586487
0.0784006342291832
0.08032134920358658
0.07875587791204453
0.07626202702522278
0.0737810879945755
0.07265923172235489
0.07193390280008316
0.0701369121670723
0.06961701810359955
0.0678483173251152
0.06714315712451935
0.06517216563224792
0.06305567175149918
0.06088552251458168
0.05878376215696335
0.05681239441037178
0.053891025483608246
0.05249558389186859
0.05140373483300209
0.05060139670968056
0.04789222776889801
0.04793492332100868
0.046935416758060455
0.047452040016651154
0.047981828451156616
0.048504285514354706
0.048990778625011444
0.04942411556839943
0.049783624708652496
0.05006272345781326
0.05025964975357056
0.05037318170070648
0.050402794033288956
0.050348732620477676
0.048967648297548294
0.04877374321222305
0.048490624874830246
0.04812333732843399
0.04767732322216034
0.04845060408115387
0.047904402017593384
0.047300785779953
0.04664312303066254
0.04593922570347786
0.04518963396549225
0.04439977556467056
0.04357200860977173
0.04271150752902031
0.041829172521829605
0.04092472791671753
0.04000455141067505
0.0390697680413723
0.038125671446323395
0.037181101739406586
0.037727341055870056
0.03833119571208954
0.03908227011561394
0.038627490401268005
0.03819826990365982
0.037795521318912506
