0.07996699959039688
0.07989951968193054
0.07975854724645615
0.07953014969825745
0.07918819785118103
0.07868298143148422
0.07791290432214737
0.07664147019386292
0.07433430850505829
0.07324383407831192
0.07432015985250473
0.07876214385032654
0.07763179391622543
0.06642196327447891
0.07023360580205917
0.061863213777542114
0.04644729569554329
0.046985357999801636
0.047814782708883286
0.05012262240052223
0.05210588872432709
0.049772828817367554
0.051236264407634735
0.051803119480609894
0.05041465535759926
0.049353815615177155
0.04771088436245918
0.04559329152107239
0.04312928020954132
0.04049241170287132
0.03779853135347366
0.03707752004265785
0.03422824293375015
0.03261210769414902
0.030082721263170242
0.027234859764575958
0.0244706179946661
0.024250619113445282
0.023874614387750626
0.022622782737016678
0.02275625243782997
0.022143911570310593
0.021903710439801216
0.022267719730734825
0.02253228798508644
0.022936716675758362
0.022868668660521507
0.022782620042562485
0.02199007198214531
0.020893719047307968
0.0196307972073555
0.017967848107218742
0.016795141622424126
0.015811609104275703
0.01504333596676588
0.014474772848188877
0.01386566087603569
0.01366283930838108
0.0133157167583704
0.013372721150517464
0.013476507738232613
0.013623742386698723
0.01378067210316658
0.013947403989732265
0.014103926718235016
0.014244474470615387
0.014366794377565384
0.014463289640843868
0.01452777162194252
0.014558803290128708
0.013425174169242382
0.013408890925347805
0.013368343003094196
0.013300081714987755
0.013204380869865417
0.013082215562462807
0.012933729216456413
0.012760462239384651
0.012566459365189075
0.012351115234196186
0.012117162346839905
0.011865070089697838
0.011593328788876534
0.010239142924547195
0.009950052946805954
0.009641766548156738
0.009318597614765167
0.00897921435534954
0.008627345785498619
0.008268749341368675
0.007902257144451141
0.008554285392165184
0.00817207433283329
0.007789091672748327
0.007404654752463102
0.008018369786441326
0.007629334926605225
0.00836181826889515
0.007970926351845264
0.007574230898171663
