0.7422899603843689
0.7422537207603455
0.7421830892562866
0.7420749068260193
0.7419291734695435
0.7417457699775696
0.7415204048156738
0.7412524223327637
0.7409371733665466
0.7405715584754944
0.7401500344276428
0.7396684288978577
0.7391161918640137
0.7384840250015259
0.7377588152885437
0.7369218468666077
0.7359476685523987
0.7348030805587769
0.7334359288215637
0.7317721247673035
0.7296960353851318
0.7292320728302002
0.7268835306167603
0.723658561706543
0.7207728028297424
0.7145960330963135
0.7027003169059753
0.6770895719528198
0.6225806474685669
0.6063694357872009
0.393238365650177
0.4572695791721344
0.477144330739975
0.45320430397987366
0.37581658363342285
0.2807358205318451
0.236474871635437
0.22281120717525482
0.2396896630525589
0.26360028982162476
0.28213226795196533
0.28580182790756226
0.27682244777679443
0.2596287429332733
0.24405674636363983
0.2240004688501358
0.2058231681585312
0.19287480413913727
0.18351028859615326
0.17695823311805725
0.17378802597522736
0.17309989035129547
0.1720467060804367
0.17045162618160248
0.17190693318843842
0.1741645783185959
0.17586377263069153
0.1780150681734085
0.17962919175624847
0.18073317408561707
0.18088749051094055
0.18049396574497223
0.18055643141269684
0.17850986123085022
0.1770947128534317
0.17532214522361755
0.17353220283985138
0.17167066037654877
0.16939058899879456
0.16715721786022186
0.16494841873645782
0.1627984344959259
0.16069696843624115
0.15871186554431915
0.15675538778305054
0.15484419465065002
0.15297283232212067
0.15116460621356964
0.14941884577274323
0.14775215089321136
0.14617040753364563
0.14465315639972687
0.14318294823169708
0.1417853683233261
0.14050355553627014
0.13933883607387543
0.13825958967208862
0.13724663853645325
0.13629816472530365
0.13626199960708618
0.1354914754629135
0.1348118782043457
0.1341986507177353
0.13366128504276276
0.13319151103496552
0.13277384638786316
0.1324027180671692
0.13207906484603882
0.13180464506149292
0.13157778978347778
