0.09173125773668289
0.09170310944318771
0.09164631366729736
0.0915599912405014
0.09144249558448792
0.09129107743501663
0.09110147505998611
0.09086664021015167
0.09057329595088959
0.09019500017166138
0.08967439830303192
0.08888274431228638
0.08874000608921051
0.08688928931951523
0.08589286357164383
0.08765217661857605
0.08880668878555298
0.08501818776130676
0.07103805243968964
0.06991679221391678
0.061600346118211746
0.05825087055563927
0.05459810793399811
0.055427007377147675
0.05505755543708801
0.05336984246969223
0.050613582134246826
0.047059834003448486
0.042803578078746796
0.03816118836402893
0.033214833587408066
0.027975577861070633
0.023156926035881042
0.018793513998389244
0.015179915353655815
0.012317243963479996
0.009892933070659637
0.010046420618891716
0.008491719141602516
0.009818597696721554
0.01110579539090395
0.011827094480395317
0.012877905741333961
0.012529783882200718
0.012373808771371841
0.012124340981245041
0.01137000136077404
0.00999690406024456
0.00877046026289463
0.007993579842150211
0.0093547273427248
0.00896745640784502
0.008501103147864342
0.008224214427173138
0.008254059590399265
0.0084854606539011
0.008761548437178135
0.00898931734263897
0.0093234246596694
0.009871098212897778
0.010013619437813759
0.010097750462591648
0.010140283964574337
0.010120593011379242
0.010034737177193165
0.009897420182824135
0.009841225109994411
0.009622377343475819
0.009360830299556255
0.00905198510736227
0.00871241558343172
0.008351724594831467
0.007961609400808811
0.007561524864286184
0.007071126252412796
0.006657344289124012
0.006236718501895666
0.0058173225261271
0.005396658089011908
0.004985203966498375
0.0045892284251749516
0.004198153968900442
0.0038130495231598616
0.003435778431594372
0.003061299677938223
0.002963088685646653
0.0026411088183522224
0.0025438617449253798
0.002455220092087984
0.002191684441640973
0.0019359017023816705
0.0016851421678438783
0.0014509953325614333
0.0014041027752682567
0.0011898900847882032
0.0009778421372175217
0.0007674092776142061
0.0008494352223351598
0.0009536782163195312
0.0008380122017115355
