0.9017844796180725
0.9014579057693481
0.9008480906486511
0.9000215530395508
0.8990324139595032
0.8979012370109558
0.8966019749641418
0.895050585269928
0.8931045532226562
0.8905428051948547
0.8870197534561157
0.8819602131843567
0.8743188381195068
0.861920177936554
0.8393654227256775
0.7891454696655273
0.6187174320220947
0.5568099021911621
0.6914077401161194
0.7697547674179077
0.7917324900627136
0.7982186079025269
0.7982047200202942
0.7945659160614014
0.7884023189544678
0.7801315188407898
0.7698397040367126
0.757424533367157
0.7426195740699768
0.7250101566314697
0.7040041089057922
0.6787916421890259
0.6482715010643005
0.6107268929481506
0.5670185685157776
0.5210422873497009
0.4773831367492676
0.43682751059532166
0.4014332890510559
0.3746458888053894
0.3562690317630768
0.3446674942970276
0.3407183885574341
0.3429357707500458
0.3454831838607788
0.34523627161979675
0.3483690023422241
0.35801640152931213
0.3703297972679138
0.3831057548522949
0.39577001333236694
0.40808504819869995
0.41771459579467773
0.42577382922172546
0.4321921467781067
0.43798205256462097
0.4410719871520996
0.44272586703300476
0.4429875612258911
0.4419599175453186
0.439746618270874
0.4364365339279175
0.432146281003952
0.4270027279853821
0.4211327135562897
0.41463184356689453
0.40634241700172424
0.39869850873947144
0.39069464802742004
0.38251793384552
0.37421661615371704
0.3645786643028259
0.355476975440979
0.3470291793346405
0.33893582224845886
0.3305690288543701
0.3238850235939026
0.31681954860687256
0.3112407326698303
0.30694571137428284
0.3026071786880493
0.2989165782928467
0.2958981394767761
0.29344889521598816
0.29161515831947327
0.2898522913455963
0.28863319754600525
0.288092702627182
0.28718864917755127
0.28599438071250916
0.28551843762397766
0.2852455973625183
0.28564703464508057
0.2856389880180359
0.2863832116127014
0.2866082489490509
0.28700876235961914
0.2875397503376007
0.28816601634025574
0.2888675034046173
