0.13324680924415588
0.13346931338310242
0.13392965495586395
0.13449637591838837
0.1350369155406952
0.1355019360780716
0.1358889937400818
0.13620944321155548
0.13647592067718506
0.1366984248161316
0.1368858516216278
0.1370439976453781
0.1371779590845108
0.13729161024093628
0.1373884528875351
0.13747049868106842
0.13754013180732727
0.13759909570217133
0.13764894008636475
0.13769035041332245
0.13772474229335785
0.13775286078453064
0.13777542114257812
0.13779310882091522
0.1378065049648285
0.13781584799289703
0.13782188296318054
0.1378246694803238
0.1378248780965805
0.13782215118408203
0.13781756162643433
0.1378105729818344
0.13780204951763153
0.13779158890247345
0.13777980208396912
0.13776662945747375
0.13775208592414856
0.13773657381534576
0.13771981000900269
0.13770216703414917
0.13768364489078522
0.13766442239284515
0.13764430582523346
0.1376236528158188
0.13760271668434143
0.1375807672739029
0.13755834102630615
0.13753563165664673
0.13751253485679626
0.1374889463186264
0.13746492564678192
0.13744081556797028
0.13741637766361237
0.1373916119337082
0.1373666226863861
0.13734135031700134
0.13731616735458374
0.1372905820608139
0.1372648924589157
0.13723915815353394
0.13721302151679993
0.1371868997812271
0.13716088235378265
0.13713465631008148
0.13710837066173553
0.13708209991455078
0.13705569505691528
0.13702921569347382
0.13700279593467712
0.13697609305381775
0.1369498372077942
0.13692323863506317
0.13689669966697693
0.1368703842163086
0.13684363663196564
0.13681714236736298
0.13679081201553345
0.13676436245441437
0.13673797249794006
0.13671165704727173
0.13668522238731384
0.13665898144245148
0.13663272559642792
0.13660651445388794
0.13658033311367035
0.1365542858839035
0.13652820885181427
0.13650235533714294
0.13647642731666565
0.13645048439502716
0.13642475008964539
0.13639914989471436
0.1363733559846878
0.1363479048013687
0.13632230460643768
0.13629668951034546
0.13627153635025024
0.13624617457389832
0.13622093200683594
0.13619579374790192
