0.37920844554901123
0.37907472252845764
0.3788642883300781
0.37864553928375244
0.37846383452415466
0.3783332407474518
0.378249853849411
0.3782046437263489
0.3781869113445282
0.37818798422813416
0.37820297479629517
0.3782253861427307
0.3782530725002289
0.37828293442726135
0.3783130645751953
0.3783423900604248
0.3783701956272125
0.37839528918266296
0.3784169852733612
0.3784361481666565
0.37845203280448914
0.37846502661705017
0.3784745931625366
0.3784814178943634
0.3784855902194977
0.37848618626594543
0.3784843385219574
0.3784807324409485
0.37847432494163513
0.378465861082077
0.3784552812576294
0.3784421384334564
0.3784279525279999
0.3784116804599762
0.3783935606479645
0.3783743977546692
0.37835389375686646
0.3783317506313324
0.3783080279827118
0.3782837688922882
0.37825807929039
0.37823158502578735
0.3782033920288086
0.37817487120628357
0.37814533710479736
0.37811514735221863
0.3780840337276459
0.3780516982078552
0.37801918387413025
0.3779858648777008
0.3779520094394684
0.37791702151298523
0.37788233160972595
0.37784650921821594
0.377810537815094
0.3777735233306885
0.37773627042770386
0.37769848108291626
0.37766024470329285
0.37762221693992615
0.3775829076766968
0.3775433301925659
0.37750327587127686
0.37746351957321167
0.37742236256599426
0.3773823082447052
0.3773401081562042
0.3772992193698883
0.3772571086883545
0.3772149384021759
0.37717297673225403
0.3771296441555023
0.3770866394042969
0.37704336643218994
0.37699976563453674
0.3769555985927582
0.37691181898117065
0.37686726450920105
0.37682273983955383
0.3767780065536499
0.37673312425613403
0.376687616109848
0.3766424059867859
0.37659701704978943
0.3765505254268646
0.37650424242019653
0.3764581084251404
0.3764112591743469
0.37636446952819824
0.3763177692890167
0.3762705326080322
0.37622323632240295
0.37617576122283936
0.37612780928611755
0.37607961893081665
0.3760318160057068
0.37598326802253723
0.3759347200393677
0.37588635087013245
0.3758370876312256
