0.2582472264766693
0.2584690749645233
0.2589297294616699
0.25949612259864807
0.26003706455230713
0.26050180196762085
0.2608889937400818
0.2612095773220062
0.2614758312702179
0.26169854402542114
0.2618859112262726
0.26204362511634827
0.2621779143810272
0.26229166984558105
0.26238831877708435
0.26247042417526245
0.2625400722026825
0.2625993490219116
0.2626490592956543
0.26269036531448364
0.2627246677875519
0.2627530097961426
0.2627754807472229
0.2627931535243988
0.262806236743927
0.2628158628940582
0.2628219723701477
0.26282453536987305
0.262824684381485
0.2628222405910492
0.2628176808357239
0.262810617685318
0.26280179619789124
0.2627916932106018
0.26277977228164673
0.2627663016319275
0.26275184750556946
0.26273638010025024
0.26271986961364746
0.26270201802253723
0.262683629989624
0.262664258480072
0.26264452934265137
0.2626238465309143
0.2626023292541504
0.26258087158203125
0.2625581920146942
0.2625356912612915
0.2625124454498291
0.26248887181282043
0.2624650001525879
0.262440949678421
0.2624160945415497
0.2623915374279022
0.26236692070961
0.26234158873558044
0.26231613755226135
0.2622905671596527
0.2622649073600769
0.2622390389442444
0.2622133195400238
0.2621869444847107
0.2621610760688782
0.2621343433856964
0.2621082663536072
0.26208212971687317
0.2620556056499481
0.2620293200016022
0.26200246810913086
0.26197630167007446
0.2619498074054718
0.26192349195480347
0.26189664006233215
0.26187020540237427
0.2618434727191925
0.2618173360824585
0.2617906928062439
0.2617644667625427
0.2617378532886505
0.26171159744262695
0.26168546080589294
0.26165902614593506
0.26163265109062195
0.26160678267478943
0.261580228805542
0.2615545094013214
0.2615283727645874
0.2615022659301758
0.2614762783050537
0.2614505887031555
0.2614248991012573
0.2613990902900696
0.2613731324672699
0.2613479197025299
0.2613220810890198
0.261296808719635
0.26127129793167114
0.2612462341785431
0.2612212896347046
0.26119598746299744
