0.38324713706970215
0.3834688067436218
0.3839295506477356
0.3844960629940033
0.3850369155406952
0.38550177216529846
0.385888934135437
0.38620951771736145
0.38647598028182983
0.38669878244400024
0.3868861794471741
0.38704371452331543
0.38717788457870483
0.3872916102409363
0.3873881995677948
0.3874706029891968
0.3875403106212616
0.3875994086265564
0.3876489996910095
0.38769012689590454
0.38772454857826233
0.3877530097961426
0.3877755105495453
0.3877934217453003
0.387806236743927
0.38781577348709106
0.3878220021724701
0.3878244459629059
0.38782447576522827
0.3878222703933716
0.38781750202178955
0.387810617685318
0.3878016769886017
0.3877917528152466
0.38777992129325867
0.38776636123657227
0.3877520263195038
0.38773655891418457
0.3877200484275818
0.3877022862434387
0.3876836895942688
0.3876643478870392
0.38764438033103943
0.3876238167285919
0.38760241866111755
0.3875808119773865
0.38755834102630615
0.38753578066825867
0.3875124752521515
0.38748905062675476
0.38746511936187744
0.3874407708644867
0.38741612434387207
0.38739171624183655
0.38736698031425476
0.38734158873558044
0.38731613755226135
0.387290358543396
0.38726475834846497
0.38723891973495483
0.38721323013305664
0.38718733191490173
0.38716068863868713
0.3871346116065979
0.3871082365512848
0.3870820999145508
0.38705530762672424
0.3870293200016022
0.3870025873184204
0.3869762718677521
0.386949747800827
0.3869234323501587
0.38689669966697693
0.38687026500701904
0.38684359192848206
0.3868170976638794
0.38679036498069763
0.3867645859718323
0.38673821091651917
0.3867114782333374
0.3866852819919586
0.38665905594825745
0.38663262128829956
0.3866066336631775
0.386580228805542
0.3865545094013214
0.38652798533439636
0.3865021765232086
0.3864760994911194
0.386450856924057
0.3864251971244812
0.38639920949935913
0.38637298345565796
0.3863479495048523
0.386322021484375
0.3862967789173126
0.386271208524704
0.38624605536460876
0.38622093200683594
0.3861958086490631
