0.018663208931684494
0.019737953320145607
0.02165805548429489
0.02344401367008686
0.024801135063171387
0.025795113295316696
0.02652589976787567
0.027067825198173523
0.027472294867038727
0.027774687856435776
0.027999725192785263
0.02816539816558361
0.028284773230552673
0.02836734987795353
0.02842066064476967
0.02845032513141632
0.028460625559091568
0.028455156832933426
0.028436550870537758
0.028407111763954163
0.028368458151817322
0.028322191908955574
0.028269533067941666
0.0282114390283823
0.028148729354143143
0.028082147240638733
0.028012191876769066
0.027939561754465103
0.027864502742886543
0.027787450700998306
0.027708720415830612
0.027628470212221146
0.027547121047973633
0.02746475115418434
0.02738165855407715
0.027297817170619965
0.027213478460907936
0.027128763496875763
0.027043750509619713
0.026958484202623367
0.026873169466853142
0.02678777277469635
0.0267024002969265
0.026617104187607765
0.02653178945183754
0.02644674852490425
0.026361897587776184
0.026277244091033936
0.026192810386419296
0.026108700782060623
0.026024900376796722
0.025941450148820877
0.025858255103230476
0.025775428861379623
0.02569304220378399
0.025611022487282753
0.02552933059632778
0.025448117405176163
0.02536722645163536
0.025286784395575523
0.025206811726093292
0.025127222761511803
0.025048114359378815
0.024969324469566345
0.0248909629881382
0.02481318637728691
0.024735737591981888
0.024658776819705963
0.024582253769040108
0.024506159126758575
0.024430477991700172
0.024355243891477585
0.024280447512865067
0.024206116795539856
0.02413216046988964
0.024058667942881584
0.023985527455806732
0.023912958800792694
0.0238407701253891
0.02376900613307953
0.023697583004832268
0.023626646026968956
0.02355610765516758
0.02348601259291172
0.023416301235556602
0.02334693819284439
0.02327808551490307
0.02320963889360428
0.023141557350754738
0.023073814809322357
0.023006483912467957
0.022939538583159447
0.022873034700751305
0.02280690334737301
0.022741088643670082
0.022675812244415283
0.022610701620578766
0.022546114400029182
0.02248176373541355
0.02241785079240799
