0.7428311109542847
0.742393434047699
0.7415276169776917
0.7402169704437256
0.7383376359939575
0.7354959845542908
0.7306240200996399
0.7206750512123108
0.6941025853157043
0.553053617477417
0.5150225758552551
0.5075536966323853
0.386526495218277
0.3264021575450897
0.31408706307411194
0.29457536339759827
0.3011561930179596
0.30370691418647766
0.29730427265167236
0.2846842110157013
0.2686571776866913
0.2521374225616455
0.23484182357788086
0.21755626797676086
0.2025255560874939
0.1923946887254715
0.18610095977783203
0.18391239643096924
0.18339484930038452
0.1849408894777298
0.18770836293697357
0.19079560041427612
0.19249169528484344
0.19416052103042603
0.19516630470752716
0.19476349651813507
0.1935500204563141
0.19162827730178833
0.1892951875925064
0.18646687269210815
0.18343810737133026
0.18037149310112
0.17756055295467377
0.17474959790706635
0.1722877025604248
0.17055007815361023
0.16859786212444305
0.16650594770908356
0.1654253453016281
0.164187490940094
0.16311487555503845
0.16256584227085114
0.16201727092266083
0.16131938993930817
0.16063369810581207
0.1600874960422516
0.15962478518486023
0.15920256078243256
0.15881133079528809
0.15827509760856628
0.15820421278476715
0.15776269137859344
0.1572987586259842
0.1568087488412857
0.15629842877388
0.15577688813209534
0.15524160861968994
0.154695525765419
0.15415261685848236
0.15363286435604095
0.1531355082988739
0.1526494324207306
0.1521749496459961
0.1518329232931137
0.15140989422798157
0.15102171897888184
0.1506533920764923
0.15031705796718597
0.14999233186244965
0.1496938318014145
0.14948968589305878
0.14920549094676971
0.1489359587430954
0.14884614944458008
0.148635134100914
0.1484614461660385
0.14829762279987335
0.14834906160831451
0.1482463926076889
0.14815786480903625
0.14823254942893982
0.14816662669181824
0.14815230667591095
0.14809247851371765
0.14802664518356323
0.1479579657316208
0.1478879749774933
0.14781251549720764
0.14772775769233704
0.14763541519641876
