0.9903305172920227
0.9898926615715027
0.9890272617340088
0.9877164363861084
0.9858375787734985
0.9829953908920288
0.9781238436698914
0.9681755304336548
0.941603422164917
0.7988861799240112
0.7861571907997131
0.812635064125061
0.7460044026374817
0.5906384587287903
0.4736316502094269
0.47329428791999817
0.46173787117004395
0.4916345775127411
0.5083914995193481
0.5017747282981873
0.4780711233615875
0.44633927941322327
0.4154065251350403
0.388800710439682
0.36893245577812195
0.3563529849052429
0.34757500886917114
0.3421975374221802
0.33953428268432617
0.34008464217185974
0.34186577796936035
0.344757616519928
0.34860724210739136
0.35185742378234863
0.3531605303287506
0.35289138555526733
0.3495103716850281
0.3455020487308502
0.34015002846717834
0.3336871564388275
0.32652994990348816
0.31814587116241455
0.31142371892929077
0.3053230941295624
0.2993202209472656
0.2947501540184021
0.2908269464969635
0.28760093450546265
0.2850170135498047
0.2830232083797455
0.28154170513153076
0.28089964389801025
0.28019240498542786
0.27981463074684143
0.2797063887119293
0.2798064053058624
0.2804546356201172
0.2807990610599518
0.2812463641166687
0.2823427617549896
0.2829139530658722
0.2833719551563263
0.2839975357055664
0.2845737040042877
0.286344438791275
0.28666505217552185
0.2869488298892975
0.2871747314929962
0.2873266041278839
0.28790706396102905
0.2878398001194
0.28814125061035156
0.2878529131412506
0.2874756455421448
0.28702229261398315
0.2864966094493866
0.2858927845954895
0.28522437810897827
0.2844884693622589
0.2837042808532715
0.2828686535358429
0.2819861173629761
0.28106293082237244
0.2801026701927185
0.2795650064945221
0.2785429358482361
0.2775209844112396
0.2765055000782013
0.2754918336868286
0.2744899392127991
0.2735026776790619
0.2725343108177185
0.27157163619995117
0.27062293887138367
0.2696998417377472
0.2687963843345642
0.26791900396347046
0.26638296246528625
0.26553061604499817
0.2647051215171814
