0.0211632177233696
0.022237952798604965
0.0241580568253994
0.02594401128590107
0.027301140129566193
0.028295118361711502
0.02902590110898018
0.02956782653927803
0.029972292482852936
0.03027469478547573
0.03049972653388977
0.030665403231978416
0.030784768983721733
0.030867353081703186
0.030920665711164474
0.03095032274723053
0.030960630625486374
0.030955156311392784
0.030936554074287415
0.030907107517123222
0.03086845390498638
0.030822189524769783
0.030769536271691322
0.03071143478155136
0.03064873442053795
0.03058214858174324
0.030512187629938126
0.030439570546150208
0.0303645022213459
0.030287452042102814
0.03020871989428997
0.030128467828035355
0.03004712238907814
0.0299647506326437
0.029881659895181656
0.029797814786434174
0.029713481664657593
0.029628772288560867
0.02954374998807907
0.029458478093147278
0.0293731689453125
0.029287777841091156
0.029202397912740707
0.029117099940776825
0.029031792655587196
0.02894674614071846
0.02886189892888069
0.028777237981557846
0.028692811727523804
0.02860870398581028
0.02852490171790123
0.02844145894050598
0.028358252719044685
0.028275420889258385
0.028193041682243347
0.028111029416322708
0.02802932821214199
0.02794811502099037
0.02786722220480442
0.027786780148744583
0.027706816792488098
0.027627218514680862
0.027548111975193024
0.02746932953596115
0.027390962466597557
0.02731318213045597
0.027235737070441246
0.02715877816081047
0.027082253247499466
0.027006160467863083
0.02693048305809498
0.026855243369936943
0.026780448853969574
0.026706118136644363
0.026632161810994148
0.026558663696050644
0.02648552507162094
0.026412956416606903
0.02634076587855816
0.026269007474184036
0.026197582483291626
0.026126649230718613
0.026056108996272087
0.025986015796661377
0.025916310027241707
0.0258469395339489
0.02577808126807213
0.025709640234708786
0.02564154751598835
0.025573814287781715
0.025506485253572464
0.025439538061618805
0.025373036041855812
0.025306902825832367
0.02524108998477459
0.02517581358551979
0.025110695511102676
0.02504611574113369
0.02498176135122776
0.02491784654557705
