0.023663215339183807
0.024737954139709473
0.02665805257856846
0.028444010764360428
0.029801134020090103
0.030795110389590263
0.03152589872479439
0.03206782415509224
0.03247229382395744
0.03277469053864479
0.03299972414970398
0.033165398985147476
0.03328476473689079
0.033367350697517395
0.03342066705226898
0.033450327813625336
0.033460624516010284
0.03345515578985214
0.033436551690101624
0.03340711072087288
0.03336844965815544
0.03332219645380974
0.03326953947544098
0.03321143239736557
0.033148735761642456
0.03308214619755745
0.033012185245752335
0.032939571887254715
0.03286449611186981
0.03278744965791702
0.03270871937274933
0.03262846916913986
0.03254712373018265
0.03246475011110306
0.032381653785705566
0.03229781240224838
0.0322134792804718
0.03212878108024597
0.03204375132918358
0.03195847570896149
0.03187316656112671
0.03178778290748596
0.031702395528554916
0.03161710128188133
0.03153179585933685
0.031446751207113266
0.0313619002699852
0.031277239322662354
0.031192805618047714
0.031108707189559937
0.03102489933371544
0.030941452831029892
0.030858255922794342
0.030775414779782295
0.030693037435412407
0.030611025169491768
0.030529329553246498
0.03044811263680458
0.030367229133844376
0.03028678521513939
0.03020680695772171
0.03012721799314022
0.030048109591007233
0.02996932715177536
0.029890967532992363
0.02981317974627018
0.029735738411545753
0.029658779501914978
0.029582254588603973
0.02950615994632244
0.02943047694861889
0.0293552465736866
0.02928045392036438
0.02920611761510372
0.029132165014743805
0.02905866876244545
0.02898552268743515
0.02891295775771141
0.028840769082307816
0.028769006952643394
0.028697580099105835
0.02862665057182312
0.028556106612086296
0.028486015275120735
0.028416311368346214
0.028346940875053406
0.028278080746531487
0.028209637850522995
0.028141546994447708
0.028073817491531372
0.02800649031996727
0.027939539402723312
0.02787303552031517
0.027806904166936874
0.027741093188524246
0.02767580933868885
0.02761070430278778
0.027546117082238197
0.027481764554977417
0.027417849749326706
