0.24783042073249817
0.24739326536655426
0.24652765691280365
0.24521657824516296
0.24333809316158295
0.2404964566230774
0.23562392592430115
0.22567503154277802
0.19912752509117126
0.11954844743013382
0.13565507531166077
0.0721578299999237
0.08242103457450867
0.07306356728076935
0.05728674307465553
0.04621683433651924
0.03875450789928436
0.03360989689826965
0.029746828600764275
0.026372157037258148
0.02380814403295517
0.0216541588306427
0.020207783207297325
0.01894906535744667
0.01777578890323639
0.016810506582260132
0.016104675829410553
0.015724267810583115
0.015495218336582184
0.015363137237727642
0.015330237336456776
0.015006182715296745
0.014986100606620312
0.014772359281778336
0.014738851226866245
0.014681710861623287
0.014661809429526329
0.014521068893373013
0.014372955076396465
0.014208201318979263
0.014016090892255306
0.01380100380629301
0.013564445078372955
0.013311718590557575
0.013045300729572773
0.012774144299328327
0.012497447431087494
0.012235142290592194
0.01197332888841629
0.011706380173563957
0.011435850523412228
0.011171636171638966
0.010915711522102356
0.0106633510440588
0.010415256023406982
0.010180688463151455
0.00995282270014286
0.009730174206197262
0.00951341912150383
0.009301514364778996
0.009067048318684101
0.008871261030435562
0.008681273087859154
0.008503332734107971
0.00849311612546444
0.008320692926645279
0.008156582713127136
0.007998235523700714
0.007849128916859627
0.00770456762984395
0.007563106715679169
0.007429118268191814
0.007302344311028719
0.007179660722613335
0.007063672877848148
0.006954957265406847
0.006850136909633875
0.006751869805157185
0.0066573345102369785
0.006547186523675919
0.006467919331043959
0.006391437724232674
0.006283531431108713
0.0062148356810212135
0.006313143763691187
0.006230068393051624
0.006148528307676315
0.006068812683224678
0.005992936436086893
0.00591927208006382
0.005960841663181782
0.005896234419196844
0.00582227623090148
0.0057513113133609295
0.00568367401137948
0.0056218840181827545
0.005564004648476839
0.005533869378268719
0.005478834733366966
0.005425409879535437
