0.5667083263397217
0.5665751099586487
0.566364049911499
0.566145658493042
0.5659639835357666
0.5658335089683533
0.5657497644424438
0.5657042264938354
0.5656871795654297
0.5656883716583252
0.5657029151916504
0.5657257437705994
0.5657527446746826
0.5657830238342285
0.5658132433891296
0.5658424496650696
0.5658698678016663
0.5658950209617615
0.565916895866394
0.565936267375946
0.5659523010253906
0.5659653544425964
0.5659746527671814
0.5659815073013306
0.5659849643707275
0.5659858584403992
0.5659846067428589
0.5659804940223694
0.5659744739532471
0.565966010093689
0.5659558773040771
0.5659424066543579
0.5659283995628357
0.5659114122390747
0.5658937692642212
0.5658743977546692
0.5658539533615112
0.5658318400382996
0.5658080577850342
0.5657838582992554
0.565758466720581
0.5657315254211426
0.5657036900520325
0.5656751394271851
0.5656455159187317
0.5656148195266724
0.5655840635299683
0.5655513405799866
0.5655191540718079
0.5654861330986023
0.5654520392417908
0.5654170513153076
0.5653824210166931
0.5653467178344727
0.5653109550476074
0.5652735829353333
0.5652367472648621
0.5651986598968506
0.5651602745056152
0.5651220083236694
0.565082848072052
0.5650433897972107
0.5650035738945007
0.5649639964103699
0.5649223923683167
0.5648826360702515
0.5648403763771057
0.5647996664047241
0.5647574067115784
0.5647149085998535
0.5646728277206421
0.5646296739578247
0.5645871758460999
0.5645432472229004
0.5644994974136353
0.5644556879997253
0.5644118189811707
0.5643673539161682
0.5643229484558105
0.5642784833908081
0.5642331838607788
0.5641876459121704
0.5641427040100098
0.5640966892242432
0.5640503168106079
0.5640042424201965
0.5639585852622986
0.5639117360115051
0.5638641119003296
0.5638179183006287
0.563770592212677
0.5637237429618835
0.5636757016181946
0.5636277794837952
0.5635800957679749
0.5635320544242859
0.5634834170341492
0.5634350776672363
0.5633859634399414
0.5633372068405151
