0.22678445279598236
0.2264580875635147
0.22584852576255798
0.2250208854675293
0.22403182089328766
0.2229015827178955
0.2216019183397293
0.2200508415699005
0.21810443699359894
0.21554219722747803
0.21201840043067932
0.20695975422859192
0.1993194967508316
0.18692055344581604
0.16552917659282684
0.1359413117170334
0.10600687563419342
0.08885827660560608
0.10320695489645004
0.07781760394573212
0.060736361891031265
0.05306447669863701
0.04867782071232796
0.045716822147369385
0.04263487458229065
0.04043828696012497
0.03746211156249046
0.03472297266125679
0.03339133784174919
0.031849030405282974
0.030594278126955032
0.029374562203884125
0.027608804404735565
0.026439392939209938
0.025066044181585312
0.02359333261847496
0.02274221181869507
0.022057391703128815
0.021491639316082
0.020817603915929794
0.020537802949547768
0.01995774172246456
0.019263528287410736
0.018500318750739098
0.017702899873256683
0.01734224148094654
0.016517406329512596
0.016014333814382553
0.01563246361911297
0.01492465939372778
0.014752264134585857
0.014021366834640503
0.013614749535918236
0.013422195799648762
0.013023139908909798
0.01275578048080206
0.012657543644309044
0.012468436732888222
0.012314015999436378
0.012182701379060745
0.012062766589224339
0.011943304911255836
0.01181124709546566
0.011664838530123234
0.01149965450167656
0.011315801180899143
0.011115203611552715
0.01089954562485218
0.010668804869055748
0.010425107553601265
0.010174097493290901
0.009917614981532097
0.00966650154441595
0.009418847039341927
0.009174480102956295
0.008940279483795166
0.0087283281609416
0.008385543711483479
0.008155735209584236
0.007945713587105274
0.007749576587229967
0.00757760601118207
0.007427524775266647
0.007307509891688824
0.007211478427052498
0.007128398399800062
0.007059766910970211
0.0070013804361224174
0.006946190260350704
0.006892808247357607
0.006845822092145681
0.006801055744290352
0.006487088277935982
0.006431310437619686
0.006378056947141886
0.00633156206458807
0.006286219693720341
0.006042663473635912
0.005997521802783012
0.005950502585619688
