0.4953312575817108
0.4948940575122833
0.4940274953842163
0.492716908454895
0.49083828926086426
0.48799607157707214
0.4831242263317108
0.4731749892234802
0.44660213589668274
0.3190312683582306
0.23371216654777527
0.307980477809906
0.2863340973854065
0.22750303149223328
0.17444555461406708
0.1381217986345291
0.1364738643169403
0.12613500654697418
0.12310107797384262
0.1262323558330536
0.12829327583312988
0.127785786986351
0.12466327100992203
0.12033841758966446
0.11561117321252823
0.11083491146564484
0.10728193074464798
0.10418053716421127
0.10074744373559952
0.0973077043890953
0.09435252845287323
0.09169843792915344
0.08992742002010345
0.08737209439277649
0.08520133793354034
0.08359791338443756
0.08251730352640152
0.08108208328485489
0.08001724630594254
0.07924431562423706
0.07871118932962418
0.07847669720649719
0.07830571383237839
0.07815346121788025
0.0780954509973526
0.0780271515250206
0.07791834324598312
0.07789226621389389
0.07782329618930817
0.07772371172904968
0.07756426185369492
0.0775085911154747
0.07723110914230347
0.076912060379982
0.07618794590234756
0.07576069235801697
0.07529569417238235
0.0747900977730751
0.07425674051046371
0.0736919492483139
0.07309258729219437
0.07246618717908859
0.07181619107723236
0.07116067409515381
0.07049492001533508
0.06981317698955536
0.06911978870630264
0.06842165440320969
0.06773090362548828
0.06703373044729233
0.06634006649255753
0.06564047187566757
0.06494593620300293
0.06427015364170074
0.06360357254743576
0.06295615434646606
0.062325619161129
0.06170516833662987
0.06109485402703285
0.060494229197502136
0.059899602085351944
0.05931771919131279
0.058757442981004715
0.05820738151669502
0.05767085775732994
0.057147931307554245
0.056639183312654495
0.056143976747989655
0.055662062019109726
0.05519697442650795
0.05474191904067993
0.054296690970659256
0.05386188626289368
0.05343713238835335
0.05302319675683975
0.05261700600385666
0.05222061648964882
0.0518404021859169
0.05148032680153847
0.051137298345565796
