0.1372860074043274
0.13791565597057343
0.13909724354743958
0.14032238721847534
0.1413300484418869
0.14210696518421173
0.142701655626297
0.14315950870513916
0.14351439476013184
0.14379124343395233
0.1440075933933258
0.1441766917705536
0.14430832862854004
0.1444096863269806
0.14448639750480652
0.14454308152198792
0.1445828229188919
0.14460892975330353
0.14462308585643768
0.1446274071931839
0.14462338387966156
0.144612118601799
0.14459475874900818
0.14457190036773682
0.14454464614391327
0.14451348781585693
0.1444789171218872
0.1444411724805832
0.14440089464187622
0.14435836672782898
0.144313782453537
0.1442674994468689
0.14421987533569336
0.14417074620723724
0.14412063360214233
0.14406940340995789
0.14401720464229584
0.1439645141363144
0.1439109593629837
0.1438571810722351
0.14380282163619995
0.14374804496765137
0.14369268715381622
0.14363718032836914
0.1435815393924713
0.14352580904960632
0.14346982538700104
0.14341385662555695
0.14335781335830688
0.14330169558525085
0.14324568212032318
0.14318975806236267
0.14313353598117828
0.14307793974876404
0.14302201569080353
0.14296641945838928
0.14291073381900787
0.14285555481910706
0.14280013740062714
0.1427449882030487
0.14269012212753296
0.14263540506362915
0.14258073270320892
0.14252643287181854
0.14247235655784607
0.1424185037612915
0.1423647254705429
0.1423112004995346
0.14225809276103973
0.14220492541790009
0.14215220510959625
0.14209960401058197
0.1420472115278244
0.14199520647525787
0.14194342494010925
0.14189176261425018
0.14184045791625977
0.1417895257472992
0.14173848927021027
0.14168789982795715
0.1416373997926712
0.1415872871875763
0.1415373533964157
0.14148789644241333
0.14143842458724976
0.1413893699645996
0.14134040474891663
0.1412917971611023
0.1412435919046402
0.14119532704353333
0.14114713668823242
0.14109957218170166
0.14105239510536194
0.14100506901741028
0.14095808565616608
0.1409115195274353
0.14086508750915527
0.14081871509552002
0.14077268540859222
0.14072708785533905
