0.7542079091072083
0.7540751099586487
0.7538630962371826
0.7536455392837524
0.753463864326477
0.7533332109451294
0.7532506585121155
0.7532044649124146
0.7531861662864685
0.7531882524490356
0.7532027959823608
0.7532266974449158
0.7532524466514587
0.7532833814620972
0.7533131241798401
0.7533426284790039
0.7533698678016663
0.7533950209617615
0.7534172534942627
0.753436267375946
0.7534526586532593
0.7534650564193726
0.7534751296043396
0.753481388092041
0.7534841299057007
0.753486156463623
0.7534847855567932
0.7534804940223694
0.7534739971160889
0.7534655332565308
0.7534555196762085
0.7534425854682922
0.7534278035163879
0.7534106373786926
0.7533941864967346
0.7533743977546692
0.7533538937568665
0.753332257270813
0.7533090114593506
0.7532845735549927
0.7532579898834229
0.7532318830490112
0.7532035112380981
0.7531755566596985
0.7531463503837585
0.7531148195266724
0.7530842423439026
0.7530512809753418
0.7530196309089661
0.7529863119125366
0.7529520392417908
0.7529177069664001
0.7528820633888245
0.7528473138809204
0.7528097629547119
0.7527735829353333
0.7527363896369934
0.752699077129364
0.7526605129241943
0.7526223063468933
0.7525832653045654
0.7525432109832764
0.7525026202201843
0.7524638175964355
0.7524223923683167
0.7523825168609619
0.7523408532142639
0.7522997856140137
0.7522577047348022
0.7522147297859192
0.75217205286026
0.7521297931671143
0.7520871162414551
0.7520437240600586
0.75199955701828
0.7519559264183044
0.751911461353302
0.7518670558929443
0.7518225908279419
0.751778244972229
0.7517327666282654
0.7516875863075256
0.7516427040100098
0.751596212387085
0.7515503764152527
0.7515047788619995
0.7514579892158508
0.7514117956161499
0.7513649463653564
0.7513176202774048
0.7512701153755188
0.751223623752594
0.7511759400367737
0.7511274218559265
0.7510805130004883
0.7510321140289307
0.7509838938713074
0.7509355545043945
0.7508862614631653
0.7508375644683838
