0.45178520679473877
0.4514581859111786
0.45084863901138306
0.45002102851867676
0.4490318298339844
0.4479016959667206
0.4466016888618469
0.4450506269931793
0.44310462474823
0.44054195284843445
0.43701791763305664
0.43195992708206177
0.42431992292404175
0.4119206666946411
0.3893639147281647
0.34014469385147095
0.2441505640745163
0.2582439184188843
0.18758101761341095
0.1766805350780487
0.16609078645706177
0.141140416264534
0.11494895815849304
0.09995812177658081
0.09238612651824951
0.0875970646739006
0.0887928307056427
0.09235270321369171
0.09500760585069656
0.0964740514755249
0.09650468826293945
0.09539865702390671
0.093231700360775
0.09046957641839981
0.0873965173959732
0.0843198373913765
0.0813390240073204
0.07861414551734924
0.07619623839855194
0.07345536351203918
0.0715063139796257
0.06984908133745193
0.0684487521648407
0.0673125684261322
0.06666067987680435
0.06586050242185593
0.0652201846241951
0.06441168487071991
0.06389976292848587
0.0634848102927208
0.0631154254078865
0.06261511892080307
0.062128517776727676
0.061510417610406876
0.0610443614423275
0.06089737266302109
0.06021666154265404
0.05960951745510101
0.0589730478823185
0.058302946388721466
0.0571763813495636
0.05647760629653931
0.05582502856850624
0.05521392822265625
0.0546543151140213
0.05380762740969658
0.05323246121406555
0.05252978205680847
0.05192399024963379
0.05114647373557091
0.05053556710481644
0.04992763698101044
0.048927824944257736
0.04829771816730499
0.04728017747402191
0.0466533862054348
0.04604595899581909
0.04544871672987938
0.04488368332386017
0.044353991746902466
0.04341365769505501
0.04287306219339371
0.04254937171936035
0.04206855222582817
0.04161383584141731
0.04118204116821289
0.04076225310564041
0.04035523533821106
0.03997303545475006
0.03961854428052902
0.03926870971918106
0.03892860934138298
0.03859355300664902
0.03826136887073517
0.03793352097272873
0.037612590938806534
0.0373055599629879
0.03700883314013481
0.03672216087579727
0.036444082856178284
