0.026163209229707718
0.02723795920610428
0.029158057644963264
0.030944015830755234
0.03230113536119461
0.03329511359333992
0.034025903791189194
0.03456781804561615
0.03497229516506195
0.0352746918797493
0.03549971431493759
0.035665396600961685
0.0357847660779953
0.035867348313331604
0.03592066466808319
0.035950325429439545
0.0359606109559536
0.03595514968037605
0.03593655675649643
0.03590711951255798
0.03586844727396965
0.03582218289375305
0.03576953709125519
0.035711437463760376
0.035648733377456665
0.03558214753866196
0.03551219031214714
0.03543956205248833
0.03536449745297432
0.03528744727373123
0.035208724439144135
0.035128481686115265
0.035047125071287155
0.034964751452207565
0.03488164395093918
0.03479781746864319
0.03471348434686661
0.03462877869606018
0.034543752670288086
0.03445848450064659
0.03437317535281181
0.03428777679800987
0.034202396869659424
0.03411711007356644
0.03403177857398987
0.03394675627350807
0.0338619090616703
0.03377724438905716
0.03369281068444252
0.033608704805374146
0.03352489322423935
0.0334414541721344
0.03335826098918915
0.03327542170882225
0.03319304436445236
0.03311102092266083
0.033029332756996155
0.03294811397790909
0.03286723047494888
0.032786786556243896
0.03270680457353592
0.03262722119688988
0.03254810720682144
0.03246932849287987
0.03239096328616142
0.032313182950019836
0.03223574906587601
0.03215877711772919
0.03208226338028908
0.03200617432594299
0.03193047270178795
0.03185524046421051
0.031780458986759186
0.03170610964298248
0.03163216635584831
0.03155867010354996
0.031485527753829956
0.03141294792294502
0.03134077414870262
0.03126900643110275
0.03119758889079094
0.03112664818763733
0.031056102365255356
0.030986005440354347
0.030916310846805573
0.030846936628222466
0.030778083950281143
0.0307096429169178
0.030641555786132812
0.03057381696999073
0.030506489798426628
0.030439550057053566
0.030373036861419678
0.030306901782751083
0.030241094529628754
0.03017580509185791
0.030110716819763184
0.030046116560697556
0.02998175472021103
0.029917847365140915
