0.7422899603843689
0.7407999634742737
0.7370801568031311
0.7292584776878357
0.6783238053321838
0.7242249846458435
0.726289689540863
0.7259639501571655
0.725419819355011
0.7248650789260864
0.7243391275405884
0.7238472700119019
0.7233873009681702
0.722956657409668
0.7225513458251953
0.7221680879592896
0.721804678440094
0.7214593887329102
0.7211278080940247
0.7208110094070435
0.7205076217651367
0.7202146649360657
0.7199329733848572
0.7196589708328247
0.7193954586982727
0.7191388607025146
0.7188903093338013
0.7186480760574341
0.7184118628501892
0.7181828618049622
0.7179579734802246
0.7177392244338989
0.7175254821777344
0.7173151969909668
0.7171107530593872
0.7169089913368225
0.7167121767997742
0.7165181636810303
0.7163280844688416
0.716141402721405
0.715958833694458
0.7157777547836304
0.7156003713607788
0.7154257297515869
0.7152523994445801
0.7150838375091553
0.7149163484573364
0.7147514224052429
0.7145889401435852
0.7144291400909424
0.7142704725265503
0.7141135931015015
0.7139594554901123
0.7138066291809082
0.7136560678482056
0.7135070562362671
0.7133592963218689
0.7132130861282349
0.7130692005157471
0.7129256725311279
0.7127848267555237
0.7126453518867493
0.7125074863433838
0.7123700976371765
0.7122350335121155
0.7120998501777649
0.7119664549827576
0.7118350267410278
0.7117041349411011
0.7115740180015564
0.7114448547363281
0.7113171219825745
0.7111910581588745
0.7110664248466492
0.7109420895576477
0.7108179330825806
0.7106952667236328
0.7105738520622253
0.7104529738426208
0.7103332877159119
0.7102143168449402
0.7100958228111267
0.7099783420562744
0.7098624110221863
0.7097464203834534
0.7096315622329712
0.7095174193382263
0.7094033360481262
0.7092912197113037
0.709179162979126
0.7090681195259094
0.7089574933052063
0.7088478803634644
0.7087379693984985
0.7086294889450073
0.7085214853286743
0.7084143757820129
0.7083073854446411
0.7082005739212036
0.708095908164978
