0.5674670934677124
0.56242835521698
0.6014557480812073
0.5678004026412964
0.5678381323814392
0.5678395628929138
0.5678373575210571
0.567834734916687
0.56783127784729
0.5678288340568542
0.5678268671035767
0.5678243041038513
0.5678219199180603
0.5678200125694275
0.5678183436393738
0.5678168535232544
0.5678147673606873
0.5678136348724365
0.5678119659423828
0.5678113102912903
0.5678098797798157
0.5678089261054993
0.5678075551986694
0.5678064227104187
0.5678057074546814
0.5678048133850098
0.5678037405014038
0.5678027868270874
0.5678016543388367
0.5678008794784546
0.5678002238273621
0.5677993893623352
0.5677981972694397
0.5677974820137024
0.5677966475486755
0.5677962303161621
0.5677955746650696
0.5677951574325562
0.5677947402000427
0.567794144153595
0.5677937865257263
0.5677932500839233
0.5677926540374756
0.5677920579910278
0.5677915215492249
0.5677910447120667
0.5677907466888428
0.5677900910377502
0.5677895545959473
0.5677891969680786
0.5677885413169861
0.5677881240844727
0.567787766456604
0.5677872896194458
0.5677870512008667
0.567786455154419
0.5677860975265503
0.5677855014801025
0.5677850842475891
0.5677845478057861
0.5677843689918518
0.5677839517593384
0.5677838325500488
0.5677834749221802
0.5677828788757324
0.5677825808525085
0.5677821040153503
0.5677819848060608
0.567781388759613
0.5677810311317444
0.5677804946899414
0.567780077457428
0.5677797198295593
0.5677794814109802
0.5677790641784668
0.5677787065505981
0.5677782893180847
0.5677779316902161
0.5677775740623474
0.5677775144577026
0.5677773952484131
0.5677770972251892
0.5677769780158997
0.5677767992019653
0.5677763223648071
0.5677763223648071
0.5677759647369385
0.5677757263183594
0.567775547504425
0.5677751898765564
0.5677750110626221
0.5677745342254639
0.56777423620224
0.5677740573883057
0.567773699760437
0.5677734017372131
0.567773163318634
0.5677729845046997
0.5677727460861206
0.5677723288536072
