0.07825273275375366
0.4850238859653473
0.07851359248161316
0.0790107324719429
0.07915128022432327
0.07920828461647034
0.0792345404624939
0.07924645394086838
0.0792509987950325
0.07925144582986832
0.0792495459318161
0.07924602925777435
0.0792415663599968
0.07923664152622223
0.07923135161399841
0.07922578603029251
0.079220250248909
0.07921461760997772
0.07920894026756287
0.07920356094837189
0.07919801771640778
0.07919246703386307
0.07918719947338104
0.07918206602334976
0.07917691767215729
0.0791720524430275
0.07916704565286636
0.07916221022605896
0.07915759086608887
0.07915287464857101
0.07914838939905167
0.07914408296346664
0.07913978397846222
0.07913551479578018
0.07913133502006531
0.0791272521018982
0.07912331819534302
0.079119473695755
0.07911562919616699
0.07911182194948196
0.07910807430744171
0.07910454273223877
0.07910088449716568
0.0790974497795105
0.07909397780895233
0.0790906697511673
0.07908730208873749
0.07908397912979126
0.07908079773187637
0.07907760143280029
0.07907462120056152
0.07907139509916306
0.07906851172447205
0.0790654793381691
0.07906265556812286
0.07905980199575424
0.0790569856762886
0.07905422151088715
0.0790514126420021
0.07904861122369766
0.07904615253210068
0.07904347032308578
0.07904092222452164
0.07903824746608734
0.07903565466403961
0.0790332779288292
0.07903065532445908
0.07902822643518448
0.07902582734823227
0.07902345061302185
0.07902110368013382
0.07901880145072937
0.07901647686958313
0.07901428639888763
0.0790119618177414
0.07900971174240112
0.07900754362344742
0.07900533825159073
0.07900329679250717
0.07900112122297287
0.07899904251098633
0.07899701595306396
0.07899492979049683
0.07899289578199387
0.07899083197116852
0.07898885011672974
0.07898698002099991
0.07898502051830292
0.0789831131696701
0.07898113131523132
0.07897926867008209
0.07897739857435226
0.07897552102804184
0.07897378504276276
0.07897194474935532
0.0789700299501419
0.07896832376718521
0.07896645367145538
0.07896481454372406
0.07896304130554199
