0.24728958308696747
0.24579934775829315
0.24208050966262817
0.23425796627998352
0.19248367846012115
0.2176329493522644
0.2171463817358017
0.21364501118659973
0.20981328189373016
0.2059064656496048
0.20200727880001068
0.1981147974729538
0.19417138397693634
0.19015157222747803
0.1860211342573166
0.18183071911334991
0.1776423156261444
0.17363783717155457
0.16983184218406677
0.16609406471252441
0.162497416138649
0.15898428857326508
0.15556980669498444
0.15224863588809967
0.14899618923664093
0.14583128690719604
0.1428198218345642
0.13992080092430115
0.13714779913425446
0.13451191782951355
0.13198435306549072
0.12952323257923126
0.12714466452598572
0.12492135167121887
0.12284804880619049
0.12088537216186523
0.11901436001062393
0.11727765947580338
0.11564160883426666
0.1141112819314003
0.11261436343193054
0.11115119606256485
0.10971083492040634
0.10831329971551895
0.10695201903581619
0.10563323646783829
0.10434739291667938
0.10311444848775864
0.10189846903085709
0.10071104019880295
0.09956619143486023
0.09849617630243301
0.0974670946598053
0.09648576378822327
0.09555337578058243
0.09400895982980728
0.09310571104288101
0.09226084500551224
0.09101555496454239
0.0902293473482132
0.08950299769639969
0.08882614225149155
0.08818624913692474
0.08618588745594025
0.08552978187799454
0.08490078151226044
0.08430059254169464
0.08374016731977463
0.08321168273687363
0.08220817148685455
0.08172576129436493
0.08128973096609116
0.08089353144168854
0.08054880052804947
0.08022277057170868
0.07992838323116302
0.08038030564785004
0.08018165081739426
0.0800054743885994
0.07984158396720886
0.07970080524682999
0.07956930994987488
0.07943613827228546
0.07932442426681519
0.07922282069921494
0.07913091033697128
0.07904375344514847
0.07894772291183472
0.07883340865373611
0.07870611548423767
0.07857067883014679
0.07716023176908493
0.07692299038171768
0.07666462659835815
0.07664836943149567
0.07761700451374054
0.07723493874073029
0.07684297114610672
0.0764346644282341
0.07668279856443405
