0.1407528519630432
0.5255193114280701
0.14070625603199005
0.14120571315288544
0.1413479447364807
0.1414065808057785
0.1414344161748886
0.1414479911327362
0.1414540708065033
0.1414557844400406
0.14145512878894806
0.14145275950431824
0.14144934713840485
0.14144554734230042
0.14144101738929749
0.14143651723861694
0.1414317488670349
0.14142677187919617
0.14142204821109772
0.14141717553138733
0.1414124071598053
0.14140762388706207
0.1414029449224472
0.14139848947525024
0.14139404892921448
0.14138954877853394
0.14138519763946533
0.14138101041316986
0.14137664437294006
0.14137275516986847
0.14136885106563568
0.14136509597301483
0.1413610279560089
0.14135728776454926
0.1413535177707672
0.14134986698627472
0.1413462907075882
0.14134275913238525
0.14133942127227783
0.14133602380752563
0.1413327306509018
0.14132963120937347
0.14132638275623322
0.14132337272167206
0.14132021367549896
0.14131714403629303
0.1413140892982483
0.14131134748458862
0.14130838215351105
0.14130555093288422
0.14130273461341858
0.14130011200904846
0.1412973701953888
0.1412947028875351
0.14129215478897095
0.14128953218460083
0.14128704369068146
0.14128445088863373
0.1412818878889084
0.14127928018569946
0.14127689599990845
0.14127451181411743
0.14127235114574432
0.14127026498317719
0.14126794040203094
0.14126558601856232
0.1412634253501892
0.14126121997833252
0.14125895500183105
0.1412568837404251
0.14125482738018036
0.14125265181064606
0.14125069975852966
0.1412486433982849
0.1412467360496521
0.14124460518360138
0.14124265313148499
0.14124071598052979
0.14123888313770294
0.14123693108558655
0.14123505353927612
0.1412331610918045
0.14123140275478363
0.1412295699119568
0.14122773706912994
0.14122575521469116
0.14122404158115387
0.14122231304645538
0.14122065901756287
0.1412188559770584
0.1412171870470047
0.1412154883146286
0.1412138044834137
0.14121216535568237
0.14121060073375702
0.14120879769325256
0.14120718836784363
0.14120566844940186
0.1412040740251541
0.14120256900787354
