0.025929976254701614
0.4256720244884491
0.03229741379618645
0.031922467052936554
0.031732622534036636
0.03160795196890831
0.03151548281311989
0.031442057341337204
0.031381040811538696
0.03132878988981247
0.031283099204301834
0.03124241717159748
0.03120565600693226
0.03117220662534237
0.03114146552979946
0.03111281991004944
0.031086323782801628
0.031061343848705292
0.031037963926792145
0.03101598471403122
0.030994847416877747
0.0309749785810709
0.03095611371099949
0.03093786910176277
0.030920276418328285
0.03090381994843483
0.030887730419635773
0.030872266739606857
0.030857469886541367
0.030842777341604233
0.030828991904854774
0.03081548400223255
0.030802473425865173
0.030789587646722794
0.030777383595705032
0.030765337869524956
0.03075375035405159
0.030742282047867775
0.03073124587535858
0.03072032891213894
0.03070976585149765
0.030699418857693672
0.03068939410150051
0.030679425224661827
0.030669892206788063
0.03066037967801094
0.03065117634832859
0.030642185360193253
0.03063308075070381
0.03062436915934086
0.030615881085395813
0.03060738742351532
0.030599094927310944
0.030590999871492386
0.03058304451406002
0.030575208365917206
0.030567416921257973
0.030559901148080826
0.030552508309483528
0.030544860288500786
0.03053770586848259
0.030530642718076706
0.030523722991347313
0.030516626313328743
0.030509822070598602
0.03050307370722294
0.03049648366868496
0.030489983037114143
0.03048333339393139
0.030477061867713928
0.030470721423625946
0.030464498326182365
0.030458303168416023
0.030452419072389603
0.030446240678429604
0.030440423637628555
0.030434608459472656
0.03042885847389698
0.03042321279644966
0.030417466536164284
0.030411917716264725
0.03040647879242897
0.03040120005607605
0.03039572946727276
0.03039020672440529
0.030384935438632965
0.030379679054021835
0.0303745549172163
0.030369509011507034
0.03036462515592575
0.030359480530023575
0.030354410409927368
0.0303494893014431
0.030344780534505844
0.030339783057570457
0.03033507615327835
0.030330369248986244
0.03032563626766205
0.030321065336465836
0.03031637705862522
