0.1924668252468109
0.1874280422925949
0.3244158923625946
0.19289973378181458
0.19295211136341095
0.1929505616426468
0.1929444521665573
0.19293855130672455
0.19293279945850372
0.19292810559272766
0.19292351603507996
0.19291947782039642
0.19291603565216064
0.19291265308856964
0.19290989637374878
0.19290710985660553
0.19290466606616974
0.192902073264122
0.19289976358413696
0.19289785623550415
0.1928955316543579
0.1928938627243042
0.1928921341896057
0.1928901970386505
0.1928887963294983
0.19288741052150726
0.19288575649261475
0.19288432598114014
0.19288304448127747
0.19288164377212524
0.1928802728652954
0.19287902116775513
0.19287793338298798
0.1928766518831253
0.192875474691391
0.1928744614124298
0.19287355244159698
0.192872554063797
0.19287143647670746
0.19287055730819702
0.1928696632385254
0.19286857545375824
0.1928679347038269
0.19286707043647766
0.19286604225635529
0.19286522269248962
0.19286449253559113
0.19286368787288666
0.19286300241947174
0.19286221265792847
0.19286148250102997
0.1928607076406479
0.19285999238491058
0.1928592473268509
0.19285865128040314
0.19285783171653748
0.19285723567008972
0.19285652041435242
0.19285599887371063
0.1928553730249405
0.19285497069358826
0.19285446405410767
0.1928536593914032
0.1928531527519226
0.19285249710083008
0.1928519755601883
0.19285139441490173
0.19285081326961517
0.192850261926651
0.1928497850894928
0.19284935295581818
0.19284887611865997
0.1928483098745346
0.1928478181362152
0.19284729659557343
0.19284671545028687
0.19284634292125702
0.1928456723690033
0.1928452104330063
0.19284474849700928
0.1928441971540451
0.19284386932849884
0.1928434669971466
0.19284303486347198
0.19284263253211975
0.19284221529960632
0.1928417682647705
0.19284144043922424
0.19284099340438843
0.192840576171875
0.1928400844335556
0.19283965229988098
0.1928393542766571
0.19283902645111084
0.19283871352672577
0.19283823668956757
0.1928379237651825
0.19283756613731384
0.1928371638059616
0.19283680617809296
