0.37996718287467957
0.3749278783798218
0.45843520760536194
0.3802282214164734
0.38028407096862793
0.3802865445613861
0.3802831768989563
0.3802792429924011
0.38027524948120117
0.3802717924118042
0.3802682161331177
0.380265474319458
0.380262553691864
0.3802598714828491
0.380257785320282
0.3802548050880432
0.380252867937088
0.38025110960006714
0.3802495002746582
0.38024744391441345
0.3802458643913269
0.3802444040775299
0.3802427053451538
0.3802413046360016
0.38023999333381653
0.38023877143859863
0.3802376389503479
0.38023635745048523
0.38023507595062256
0.38023436069488525
0.38023313879966736
0.3802317976951599
0.38023072481155396
0.3802294433116913
0.38022851943969727
0.38022729754447937
0.3802264630794525
0.3802259564399719
0.3802252411842346
0.3802241384983063
0.3802231550216675
0.3802225887775421
0.38022226095199585
0.38022154569625854
0.38022086024284363
0.38022005558013916
0.38021910190582275
0.3802182972431183
0.3802175223827362
0.3802168667316437
0.38021624088287354
0.38021567463874817
0.38021495938301086
0.38021424412727356
0.3802136480808258
0.38021326065063477
0.3802129030227661
0.38021230697631836
0.38021180033683777
0.38021108508110046
0.3802105784416199
0.3802100718021393
0.3802095949649811
0.38020896911621094
0.3802086114883423
0.38020819425582886
0.38020747900009155
0.3802068829536438
0.3802063763141632
0.3802061378955841
0.3802056908607483
0.38020527362823486
0.3802047669887543
0.38020437955856323
0.38020387291908264
0.38020339608192444
0.3802030682563782
0.3802025616168976
0.3802022933959961
0.38020193576812744
0.3802013099193573
0.3802010416984558
0.3802005350589752
0.38020002841949463
0.3801998496055603
0.3801993131637573
0.380199134349823
0.3801988959312439
0.38019856810569763
0.38019806146621704
0.3801977038383484
0.3801972270011902
0.3801969885826111
0.3801964223384857
0.380196213722229
0.3801957666873932
0.3801954984664917
0.3801953196525574
0.38019517064094543
0.38019469380378723
