0.028429973870515823
0.4277520775794983
0.03479740768671036
0.03442257642745972
0.03423270210623741
0.034107841551303864
0.0340154729783535
0.03394210711121559
0.03388090804219246
0.033828817307949066
0.033782996237277985
0.033742260187864304
0.0337054505944252
0.03367215394973755
0.03364139422774315
0.03361281752586365
0.033586129546165466
0.033561449497938156
0.033537887036800385
0.0335158035159111
0.03349490091204643
0.033474937081336975
0.033455852419137955
0.03343770653009415
0.0334203764796257
0.03340377286076546
0.033387668430805206
0.03337205946445465
0.03335714340209961
0.033342890441417694
0.03332903981208801
0.03331538662314415
0.03330225497484207
0.03328957408666611
0.03327719494700432
0.03326524794101715
0.033253539353609085
0.033242225646972656
0.03323105722665787
0.033220160752534866
0.03320956230163574
0.033199239522218704
0.03318911790847778
0.03317932039499283
0.033169541507959366
0.033159974962472916
0.033150814473629
0.033141881227493286
0.033132798969745636
0.03312418609857559
0.03311562538146973
0.03310727700591087
0.03309882804751396
0.03309081494808197
0.03308285027742386
0.033074963837862015
0.03306709602475166
0.03305957838892937
0.03305220231413841
0.033044833689928055
0.033037588000297546
0.033030327409505844
0.03302336484193802
0.03301648423075676
0.03300964832305908
0.03300289437174797
0.03299640119075775
0.0329897366464138
0.03298313170671463
0.03297694772481918
0.03297055885195732
0.0329643189907074
0.03295808658003807
0.03295224905014038
0.032946113497018814
0.03294038027524948
0.03293441981077194
0.03292851522564888
0.032922957092523575
0.03291736915707588
0.03291185945272446
0.03290623426437378
0.032900698482990265
0.03289518132805824
0.03289010003209114
0.032884664833545685
0.03287942707538605
0.03287435322999954
0.03286921977996826
0.032864272594451904
0.032859157770872116
0.032854244112968445
0.032849282026290894
0.03284440562129021
0.032839637249708176
0.03283492103219032
0.03283010795712471
0.03282535448670387
0.032820798456668854
0.03281617909669876
