0.1353597790002823
0.13250619173049927
0.1200561448931694
0.10407644510269165
0.08274433016777039
0.10722815990447998
0.10357609391212463
0.07761439681053162
0.0514649823307991
0.0654764249920845
0.07383248955011368
0.05909579247236252
0.06620024889707565
0.07169482856988907
0.0743144229054451
0.07855726033449173
0.08019962906837463
0.07778369635343552
0.07666324079036713
0.07454821467399597
0.07415834069252014
0.07077249139547348
0.0668456107378006
0.06252560764551163
0.05796688050031662
0.056187741458415985
0.051632851362228394
0.04954460635781288
0.046540092676877975
0.04380222409963608
0.04238948971033096
0.03889743238687515
0.03537316620349884
0.034486401826143265
0.033798351883888245
0.032167159020900726
0.030828174203634262
0.02977827750146389
0.03167848289012909
0.03167474642395973
0.03183113411068916
0.033556126058101654
0.034043584018945694
0.03444094955921173
0.03469938039779663
0.034803248941898346
0.03471417725086212
0.03443365916609764
0.03398280218243599
0.03339839726686478
0.032715681940317154
0.03197532519698143
0.031212273985147476
0.030444275587797165
0.029701296240091324
0.028993986546993256
0.028321899473667145
0.026427216827869415
0.02594144642353058
0.025486283004283905
0.025061655789613724
0.0246676504611969
0.02430346980690956
0.02396683394908905
0.023660702630877495
0.02338050678372383
0.023123914375901222
0.02288968674838543
0.02267245389521122
0.022475408390164375
0.02229178138077259
0.022120386362075806
0.0219618808478117
0.021808648481965065
0.02166024222970009
0.021513648331165314
0.021367603912949562
0.02122141420841217
0.021074295043945312
0.02092537097632885
0.020774275064468384
0.020622018724679947
0.021905507892370224
0.021817732602357864
0.021726731210947037
0.021631337702274323
0.021530823782086372
0.021425511687994003
0.021315231919288635
0.021199962124228477
0.022456975653767586
0.022388624027371407
0.022314399480819702
0.02223382145166397
0.022146757692098618
0.022053280845284462
0.02195347100496292
0.021847499534487724
0.021735752001404762
0.021618569269776344
