0.45173147320747375
0.45054492354393005
0.4490302801132202
0.3892436921596527
0.35441944003105164
0.1498197466135025
0.12301480770111084
0.1432173103094101
0.14397308230400085
0.12651225924491882
0.1026170626282692
0.0837814062833786
0.06812533736228943
0.05995256453752518
0.056670814752578735
0.05435177683830261
0.05384774133563042
0.05320106819272041
0.05213533714413643
0.051390521228313446
0.05046755447983742
0.04942603409290314
0.04975651949644089
0.04837482050061226
0.046228136867284775
0.045011840760707855
0.04384307563304901
0.043634723871946335
0.04250951111316681
0.041431110352277756
0.04038257524371147
0.03863980621099472
0.0373847559094429
0.03654901310801506
0.03573386371135712
0.03496666997671127
0.03425566852092743
0.03357426077127457
0.03291947767138481
0.03229399397969246
0.03169447183609009
0.031124845147132874
0.031352512538433075
0.03088720142841339
0.03045523725450039
0.030046062543988228
0.02965569868683815
0.029281552881002426
0.02892429381608963
0.028586678206920624
0.028270309790968895
0.027964279055595398
0.02767789736390114
0.027404798194766045
0.027137892320752144
0.026628628373146057
0.026400744915008545
0.02618122659623623
0.02596963196992874
0.02576613798737526
0.02556876465678215
0.02538098208606243
0.025199610739946365
0.025019722059369087
0.024845566600561142
0.024675631895661354
0.02451227977871895
0.024353038519620895
0.024496344849467278
0.024347899481654167
0.024200547486543655
0.02405446022748947
0.023909084498882294
0.023764559999108315
0.023622805252671242
0.023481950163841248
0.023341868072748184
0.023203574120998383
0.023066822439432144
0.022930510342121124
0.022796327248215675
0.022663887590169907
0.022534377872943878
0.02240676060318947
0.022280408069491386
0.02215576358139515
0.022032203152775764
0.02191137708723545
0.0217929445207119
0.02167656272649765
0.021560780704021454
0.021445633843541145
0.0213310606777668
0.02121751755475998
0.021105216816067696
0.02099357172846794
0.020882582291960716
0.020772401243448257
0.020663229748606682
0.020554685965180397
