0.03092997521162033
0.42984259128570557
0.03729645907878876
0.03692060336470604
0.03673010692000389
0.0366051122546196
0.03651225194334984
0.03643854707479477
0.03637733682990074
0.03632493317127228
0.036278996616601944
0.036238137632608414
0.036201320588588715
0.036167535930871964
0.03613676875829697
0.03610808029770851
0.03608141839504242
0.03605635464191437
0.036032892763614655
0.036010682582855225
0.03598974645137787
0.03596962243318558
0.035950493067502975
0.035932376980781555
0.035914741456508636
0.03589801862835884
0.03588186204433441
0.035866446793079376
0.03585148602724075
0.03583695366978645
0.035822972655296326
0.03580942004919052
0.03579624369740486
0.03578348085284233
0.035770997405052185
0.035759083926677704
0.03574720025062561
0.035735905170440674
0.03572468459606171
0.03571391478180885
0.035703159868717194
0.03569284826517105
0.03568265587091446
0.035672664642333984
0.03566315770149231
0.03565365821123123
0.035644277930259705
0.035635121166706085
0.035626120865345
0.03561721742153168
0.03560870140790939
0.03560037165880203
0.035591911524534225
0.035583823919296265
0.035575736314058304
0.03556782379746437
0.03556013107299805
0.035552412271499634
0.03554485738277435
0.0355377160012722
0.0355302095413208
0.035523004829883575
0.035515934228897095
0.03550909832119942
0.03550221025943756
0.035495489835739136
0.035488877445459366
0.03548234701156616
0.03547573462128639
0.03546929731965065
0.03546301648020744
0.035456784069538116
0.03545067831873894
0.03544456511735916
0.03543839231133461
0.03543256223201752
0.03542657569050789
0.035420939326286316
0.035415276885032654
0.03540942072868347
0.03540387004613876
0.03539834916591644
0.035392820835113525
0.03538734093308449
0.03538210317492485
0.035376787185668945
0.03537153825163841
0.03536618873476982
0.035361144691705704
0.03535611927509308
0.03535108268260956
0.035345952957868576
0.03534093499183655
0.035336270928382874
0.035331275314092636
0.035326652228832245
0.03532182797789574
0.03531713783740997
0.03531249240040779
0.0353078693151474
