0.989790141582489
0.988300621509552
0.9845807552337646
0.9767582416534424
0.9258232116699219
0.9717240333557129
0.9737899899482727
0.973464846611023
0.9729194641113281
0.9723654985427856
0.971839964389801
0.9713470339775085
0.9708868861198425
0.9704572558403015
0.9700511693954468
0.9696676135063171
0.9693049788475037
0.9689590930938721
0.9686288237571716
0.968311607837677
0.968007504940033
0.967714250087738
0.9674320220947266
0.9671596884727478
0.9668954610824585
0.9666380882263184
0.9663903713226318
0.9661481380462646
0.9659125208854675
0.965682864189148
0.9654574990272522
0.9652393460273743
0.965025007724762
0.9648156762123108
0.9646102786064148
0.9644090533256531
0.9642117619514465
0.9640190601348877
0.9638296365737915
0.9636409282684326
0.9634592533111572
0.9632763862609863
0.9631003141403198
0.9629261493682861
0.9627525210380554
0.9625841379165649
0.9624163508415222
0.962251603603363
0.9620890021324158
0.9619283080101013
0.9617696404457092
0.9616125226020813
0.9614601135253906
0.9613065123558044
0.9611570835113525
0.961006760597229
0.960858941078186
0.9607139825820923
0.960570216178894
0.9604259729385376
0.9602847099304199
0.960145890712738
0.9600070118904114
0.9598699808120728
0.9597357511520386
0.9595995545387268
0.9594670534133911
0.9593350291252136
0.9592044353485107
0.9590730667114258
0.9589440822601318
0.9588174819946289
0.9586921334266663
0.9585661292076111
0.9584418535232544
0.9583186507225037
0.9581949710845947
0.9580735564231873
0.9579524993896484
0.9578331112861633
0.9577142000198364
0.9575968980789185
0.957478940486908
0.9573621153831482
0.9572467803955078
0.9571325182914734
0.9570168256759644
0.9569037556648254
0.9567916393280029
0.9566797018051147
0.9565675854682922
0.9564576745033264
0.956348180770874
0.9562384486198425
0.9561294913291931
0.9560214877128601
0.9559146761894226
0.9558067917823792
0.9557011127471924
0.9555965662002563
