0.3853599727153778
0.3825056850910187
0.3700561225414276
0.35407641530036926
0.33076417446136475
0.3561220169067383
0.34388434886932373
0.28157564997673035
0.19936077296733856
0.22527584433555603
0.2172216773033142
0.2284448891878128
0.23138026893138885
0.24117226898670197
0.23553907871246338
0.22084149718284607
0.2026216685771942
0.19360299408435822
0.18485412001609802
0.17242124676704407
0.15716642141342163
0.15522851049900055
0.15948188304901123
0.16206341981887817
0.16408945620059967
0.1664142906665802
0.17127566039562225
0.17635521292686462
0.17727741599082947
0.183007150888443
0.18938931822776794
0.19254054129123688
0.1945686936378479
0.1953054964542389
0.1948234587907791
0.1932210773229599
0.19061069190502167
0.18713927268981934
0.18299148976802826
0.17831391096115112
0.1733497828245163
0.16820137202739716
0.16292616724967957
0.15768864750862122
0.15260502696037292
0.14770740270614624
0.14308235049247742
0.13867305219173431
0.13718624413013458
0.13384079933166504
0.13074612617492676
0.12772952020168304
0.12752042710781097
0.1253894567489624
0.12343000620603561
0.12325551360845566
0.12182291597127914
0.12047787755727768
0.11920909583568573
0.11653215438127518
0.11538836359977722
0.11437680572271347
0.1149166151881218
0.11566406488418579
0.11521495878696442
0.11491210013628006
0.11475329846143723
0.1147235631942749
0.1148136556148529
0.11500736325979233
0.11528384685516357
0.11561120301485062
0.11595900356769562
0.1163172721862793
0.11668208986520767
0.11703833937644958
0.1173870787024498
0.11771680414676666
0.11802169680595398
0.11829585582017899
0.11853983253240585
0.11876721680164337
0.11898382008075714
0.11918298155069351
0.11937206238508224
0.1195431798696518
0.11970149725675583
0.1198442280292511
0.11996155232191086
0.12005096673965454
0.12011413276195526
0.11889298260211945
0.11899353563785553
0.11906944960355759
0.11912235617637634
0.11770562827587128
0.11777105927467346
0.11780457198619843
0.11780718713998795
0.11777844280004501
