0.20325282216072083
0.5683380961418152
0.20312348008155823
0.20362520217895508
0.20376801490783691
0.2038271278142929
0.20385527610778809
0.20386886596679688
0.20387516915798187
0.2038767784833908
0.20387624204158783
0.20387397706508636
0.2038707733154297
0.20386704802513123
0.20386257767677307
0.20385821163654327
0.20385350286960602
0.20384860038757324
0.20384369790554047
0.20383909344673157
0.20383435487747192
0.20382975041866302
0.2038252353668213
0.20382069051265717
0.20381616055965424
0.20381179451942444
0.20380736887454987
0.2038031816482544
0.2037990540266037
0.20379489660263062
0.2037910521030426
0.203787162899971
0.20378351211547852
0.20377953350543976
0.20377591252326965
0.2037721425294876
0.20376862585544586
0.20376524329185486
0.2037617713212967
0.2037585824728012
0.20375525951385498
0.20375201106071472
0.20374900102615356
0.20374590158462524
0.20374298095703125
0.20373989641666412
0.20373700559139252
0.2037341594696045
0.20373108983039856
0.2037283182144165
0.20372560620307922
0.20372308790683746
0.20372028648853302
0.20371761918067932
0.2037150263786316
0.20371244847774506
0.20370995998382568
0.20370735228061676
0.20370489358901978
0.20370244979858398
0.20370009541511536
0.20369762182235718
0.20369520783424377
0.2036929577589035
0.20369064807891846
0.2036885917186737
0.20368646085262299
0.20368434488773346
0.2036823332309723
0.2036800980567932
0.20367804169654846
0.2036759853363037
0.203673854470253
0.20367184281349182
0.20366989076137543
0.20366784930229187
0.20366577804088593
0.20366396009922028
0.20366209745407104
0.20366016030311584
0.20365826785564423
0.20365643501281738
0.20365482568740845
0.20365287363529205
0.2036510854959488
0.2036491483449936
0.20364737510681152
0.20364558696746826
0.20364394783973694
0.20364229381084442
0.20364060997962952
0.20363900065422058
0.20363737642765045
0.20363563299179077
0.20363400876522064
0.2036323994398117
0.20363080501556396
0.2036292850971222
0.20362775027751923
0.20362620055675507
