0.6767314076423645
0.6755449175834656
0.6740306615829468
0.5789563059806824
0.642074704170227
0.6431785225868225
0.6405249238014221
0.6371678113937378
0.6335668563842773
0.6298328638076782
0.6259918808937073
0.6215994358062744
0.6175628900527954
0.6157073378562927
0.611777126789093
0.6076743006706238
0.6033869385719299
0.5988982915878296
0.5941905975341797
0.5892437100410461
0.5840349793434143
0.5785396695137024
0.5727312564849854
0.5665783286094666
0.56004798412323
0.5531030297279358
0.5457013845443726
0.5377986431121826
0.5293403267860413
0.5202731490135193
0.510529637336731
0.5000730752944946
0.4888063073158264
0.47672829031944275
0.4637673795223236
0.4498661160469055
0.43502628803253174
0.4193660318851471
0.4028652608394623
0.38572272658348083
0.36831554770469666
0.3510475754737854
0.33728015422821045
0.321672648191452
0.3072471618652344
0.2947327494621277
0.2830418646335602
0.27255821228027344
0.2636374235153198
0.256009966135025
0.24973739683628082
0.2446279078722
0.2382781207561493
0.23476456105709076
0.23314890265464783
0.23084649443626404
0.22889907658100128
0.22725877165794373
0.2256721705198288
0.22492548823356628
0.22310905158519745
0.22137194871902466
0.21986612677574158
0.21850819885730743
0.21508872509002686
0.21417339146137238
0.21328288316726685
0.21263939142227173
0.2122303545475006
0.2121298909187317
0.2118675261735916
0.21241603791713715
0.2131916582584381
0.21420496702194214
0.2165791541337967
0.2178955078125
0.219395712018013
0.22094765305519104
0.22259120643138885
0.22431746125221252
0.22608694434165955
0.22733721137046814
0.22932353615760803
0.23129256069660187
0.23321613669395447
0.23508794605731964
0.23644770681858063
0.23822079598903656
0.24024084210395813
0.24183332920074463
0.2433518022298813
0.24478565156459808
0.2461281716823578
0.24738895893096924
0.24856162071228027
0.24965022504329681
0.2506539821624756
0.25157955288887024
0.2524253726005554
0.2531990110874176
