0.0629262775182724
0.06289923191070557
0.06284796446561813
0.06277813762426376
0.06269672513008118
0.06261197477579117
0.06253114342689514
0.06246001645922661
0.062402527779340744
0.06235971674323082
0.062329936772584915
0.06230880692601204
0.06228949874639511
0.06226379796862602
0.06222204491496086
0.06215358152985573
0.062047168612480164
0.0618908666074276
0.06167130172252655
0.061372749507427216
0.060975123196840286
0.06045159325003624
0.05976457893848419
0.05886063352227211
0.05766180157661438
0.05605205520987511
0.053854022175073624
0.05079984664916992
0.04678257927298546
0.04237775504589081
0.038183387368917465
0.03434329479932785
0.030945520848035812
0.027685338631272316
0.024752022698521614
0.022738825529813766
0.021236520260572433
0.01910649612545967
0.017343195155262947
0.017919830977916718
0.020270254462957382
0.022375749424099922
0.022280216217041016
0.020266419276595116
0.018587004393339157
0.018012497574090958
0.017368538305163383
0.01597967930138111
0.014831667765974998
0.014691882766783237
0.014744673855602741
0.014426672831177711
0.013871381990611553
0.013334356248378754
0.012960212305188179
0.012757755815982819
0.012667935341596603
0.012624410912394524
0.012587628327310085
0.012523973360657692
0.012417135760188103
0.0122638288885355
0.012067871168255806
0.01184060238301754
0.011595862917602062
0.011346220970153809
0.011100218631327152
0.010865309275686741
0.010643931105732918
0.01043980848044157
0.010256398469209671
0.010095160454511642
0.009954050183296204
0.009832102805376053
0.009727689437568188
0.00963984802365303
0.009565592743456364
0.009502992033958435
0.009450078010559082
0.009405492804944515
0.009367605671286583
0.009335008449852467
0.009306291118264198
0.009279243648052216
0.009252563118934631
0.00922521110624075
0.009196074679493904
0.009164702147245407
0.009131226688623428
0.00909496657550335
0.009054873138666153
0.009010672569274902
0.008962136693298817
0.008909303694963455
0.008853393606841564
0.00879394169896841
0.008730698376893997
0.008664191700518131
0.008595453575253487
0.008524947799742222
0.008452330715954304
0.008378264494240284
0.008302786387503147
0.00822571199387312
0.00814802572131157
0.008069774135947227
0.007990975864231586
0.00791156105697155
0.007832166738808155
0.007752816192805767
0.007673884741961956
0.007596107199788094
0.007518861908465624
0.0074429502710700035
0.0073685175739228725
0.007295813411474228
0.007224388420581818
0.007154333870857954
0.007085652090609074
0.007018978241831064
0.006954855751246214
0.006892599165439606
0.006832442246377468
0.006773840170353651
0.0067166052758693695
0.006661067251116037
0.006607171148061752
0.006554733961820602
0.0065048569813370705
0.006456850562244654
0.00641080504283309
0.006366337183862925
0.006323498673737049
0.00628338847309351
0.006244737654924393
0.006207532249391079
0.006171956192702055
0.006138562690466642
0.006106488406658173
0.006075102370232344
0.006044386886060238
0.006014498416334391
0.005984962452203035
0.005956376902759075
0.00592798599973321
0.00590010080486536
0.005872662179172039
0.005845705047249794
0.005818855483084917
0.005792068783193827
0.005765413865447044
0.005738887004554272
0.00571247935295105
0.005686237942427397
0.0056605092249810696
0.005634588189423084
0.005608596373349428
0.005582699552178383
0.005556819960474968
0.005531121976673603
0.005506196059286594
0.005481370259076357
0.005456379149109125
0.0054313186556100845
0.005406276788562536
0.00538151990622282
0.005356979090720415
0.005332617554813623
0.005308547522872686
0.005284639075398445
0.005260764621198177
0.005236811935901642
0.005213168915361166
0.00518950168043375
0.00516603933647275
0.005142854526638985
0.0051199328154325485
0.0050973971374332905
0.005074786487966776
0.005051956512033939
0.005029070191085339
0.005006353370845318
0.004983846098184586
0.00496118376031518
0.004938858095556498
0.004916326608508825
0.004893763456493616
0.0048711784183979034
0.0048485929146409035
0.004826092626899481
0.004803662654012442
0.0047812373377382755
0.004758794791996479
0.004736416973173618
0.004713956266641617
0.004691584967076778
0.004669432528316975
0.004647291265428066
0.004625387955456972
0.004603824112564325
