0.12153290212154388
0.12137814611196518
0.1211271807551384
0.12082865089178085
0.12047132104635239
0.12000562995672226
0.11940538883209229
0.11872047185897827
0.1180649846792221
0.11750037968158722
0.11692909896373749
0.116244837641716
0.11555599421262741
0.11504296213388443
0.11469095200300217
0.11435946077108383
0.11401879787445068
0.11379306763410568
0.11373602598905563
0.11367089301347733
0.11344074457883835
0.11314518004655838
0.11291365325450897
0.1126655712723732
0.11223755776882172
0.11158619821071625
0.11079820990562439
0.10992385447025299
0.10885041952133179
0.10742515325546265
0.10565458238124847
0.10365274548530579
0.10144814103841782
0.09895415604114532
0.09610779583454132
0.09314822405576706
0.0904536023736
0.08801285922527313
0.08566558361053467
0.08330236375331879
0.08107311278581619
0.07912461459636688
0.0775313526391983
0.07618257403373718
0.07499772310256958
0.07391393184661865
0.07289475947618484
0.07194822281599045
0.0711330845952034
0.0704244077205658
0.06976288557052612
0.06912025809288025
0.06846282631158829
0.06779640913009644
0.06711696833372116
0.06645354628562927
0.06582952290773392
0.06525222957134247
0.0647173747420311
0.0642148107290268
0.06373252719640732
0.06326278299093246
0.06280425190925598
0.062354978173971176
0.061917684972286224
0.06149791553616524
0.061101462692022324
0.06073659658432007
0.06040816754102707
0.06010875105857849
0.059834446758031845
0.05958160012960434
0.059343673288822174
0.0591169036924839
0.058894358575344086
0.05867538973689079
0.0584617555141449
0.058254338800907135
0.05805877968668938
0.057878103107213974
0.05771034210920334
0.05755482614040375
0.0574117973446846
0.057280898094177246
0.057161733508110046
0.05705355852842331
0.056952446699142456
0.05685848742723465
0.0567689947783947
0.056681908667087555
0.056596651673316956
0.056512463837862015
0.056430667638778687
0.05635040998458862
0.05627159774303436
0.056195564568042755
0.05612185224890709
0.05605087801814079
0.05598345398902893
0.05591984838247299
0.05585971847176552
0.055803339928388596
0.05575014650821686
0.05570092052221298
0.055655110627412796
0.055611416697502136
0.055569153279066086
0.055528149008750916
0.05548800900578499
0.05544791743159294
0.055408742278814316
0.05536961555480957
0.05532944202423096
0.05528848618268967
0.05524653196334839
0.055204007774591446
0.055160269141197205
0.055116135627031326
0.05507148057222366
0.05502638220787048
0.05498224496841431
0.05493764951825142
0.05489375814795494
0.05485037714242935
0.05480731278657913
0.05476507917046547
0.054724279791116714
0.05468464270234108
0.054645657539367676
0.05460730195045471
0.05456976592540741
0.0545329675078392
0.05449651926755905
0.05446065217256546
0.05442529171705246
0.05439033731818199
0.05435551702976227
0.05432111769914627
0.054287489503622055
0.054253950715065
0.05422094091773033
0.05418812111020088
0.05415505915880203
0.0541219487786293
0.054088838398456573
0.0540558323264122
0.05402233451604843
0.05398891121149063
0.0539553165435791
0.05392169579863548
0.053888123482465744
0.053854748606681824
0.0538213774561882
0.05378834530711174
0.053755298256874084
0.053722791373729706
0.053690724074840546
0.053659021854400635
0.05362794175744057
0.0535973496735096
0.053567104041576385
0.053537704050540924
0.05350876972079277
0.0534805990755558
0.053452860563993454
0.05342581123113632
0.053399793803691864
0.05337458476424217
0.05334996432065964
0.05332609638571739
0.053302958607673645
0.05328027904033661
0.053257934749126434
0.053236253559589386
0.05321487784385681
0.05319390073418617
0.0531732439994812
0.053153056651353836
0.05313332751393318
0.05311402305960655
0.053095076233148575
0.053076520562171936
0.05305832624435425
0.05304044485092163
0.0530230812728405
0.05300610139966011
0.052989136427640915
0.05297224223613739
0.05295580253005028
0.05293969064950943
0.05292341485619545
0.052907545119524
0.052891701459884644
0.05287653207778931
0.05286135524511337
0.05284617468714714
0.05283139646053314
0.05281684547662735
0.05280221626162529
0.052787572145462036
