0.18668004870414734
0.18638022243976593
0.18596389889717102
0.18563784658908844
0.18549588322639465
0.18550898134708405
0.1855902522802353
0.1856457144021988
0.18559664487838745
0.1853800117969513
0.18495222926139832
0.1843084692955017
0.183528870344162
0.1828273981809616
0.1824931651353836
0.18258631229400635
0.18262572586536407
0.1819237917661667
0.18040619790554047
0.17869871854782104
0.17731952667236328
0.17617282271385193
0.17476990818977356
0.17259091138839722
0.1692417562007904
0.16452006995677948
0.15847620368003845
0.15147961676120758
0.14541840553283691
0.1416121870279312
0.13728967308998108
0.13108178973197937
0.12461818754673004
0.11983907967805862
0.11695639044046402
0.1149970218539238
0.11307062953710556
0.11074826866388321
0.10800741612911224
0.10521673411130905
0.102769635617733
0.10119928419589996
0.10039374232292175
0.10010425746440887
0.09997723996639252
0.09966349601745605
0.09893757849931717
0.09780102968215942
0.09639021754264832
0.09491285681724548
0.0935530886054039
0.09242723137140274
0.09157658368349075
0.09094879776239395
0.09048685431480408
0.09013614803552628
0.0898456946015358
0.08956070244312286
0.08923748880624771
0.08885572105646133
0.08840657025575638
0.08789721876382828
0.08734507113695145
0.08676841109991074
0.08618953824043274
0.08563180267810822
0.08511663228273392
0.08466006815433502
0.08427438884973526
0.08397116512060165
0.08374448865652084
0.08359310775995255
0.08350925892591476
0.0834704339504242
0.0834629088640213
0.08346930146217346
0.08348195254802704
0.08348549902439117
0.08347614109516144
0.08344799280166626
0.08339076489210129
0.08330415189266205
0.08318877220153809
0.08304806798696518
0.08288411051034927
0.08270381391048431
0.08251004666090012
0.08231055736541748
0.0821109414100647
0.08191456645727158
0.0817233994603157
0.0815478190779686
0.08139243721961975
0.08125029504299164
0.08112020790576935
0.08100668340921402
0.08090948313474655
0.08082865923643112
0.08076166361570358
0.08071693778038025
0.08068728446960449
0.08067077398300171
0.08066380023956299
0.08066297322511673
0.08066456019878387
0.08067000657320023
0.08067668229341507
0.08068228513002396
0.08068610727787018
0.08068593591451645
0.08068157732486725
0.08067221194505692
0.08065645396709442
0.08063465356826782
0.08060450851917267
0.08056709915399551
0.08052243292331696
0.08047226816415787
0.08041606843471527
0.08035487681627274
0.08029036968946457
0.08022258430719376
0.08015176653862
0.0800795704126358
0.08000575006008148
0.07993252575397491
0.07986008375883102
0.07978729903697968
0.07971703261137009
0.07964978367090225
0.07958610355854034
0.07952524721622467
0.07946643978357315
0.07941068708896637
0.07935918122529984
0.0793110579252243
0.07926726341247559
0.0792263001203537
0.0791887417435646
0.07915440201759338
0.07912344485521317
0.07909572124481201
0.07907084375619888
0.07904952764511108
0.07903140038251877
0.07901611924171448
0.07900184392929077
0.07899170368909836
0.07898323237895966
0.0789760872721672
0.0789700299501419
0.07896384596824646
0.07895796746015549
0.07895178347826004
0.07894442975521088
0.07893691211938858
0.07892939448356628
0.07892070710659027
0.07891180366277695
0.07890187948942184
0.07889079302549362
0.07887805998325348
0.07886330038309097
0.07884714752435684
0.07882889360189438
0.07880936563014984
0.07878725975751877
0.07876330614089966
0.07873740792274475
0.07871003448963165
0.07867990434169769
0.07864853739738464
0.07861551642417908
0.07858067005872726
0.07854411751031876
0.07850605994462967
0.07846693694591522
0.07842660695314407
0.07838502526283264
0.07834251970052719
0.07829928398132324
0.07825575023889542
0.07821109145879745
0.07816620171070099
0.07812066376209259
0.07807596027851105
0.07803092151880264
0.07798641175031662
0.07794233411550522
0.07789845764636993
0.07785562425851822
0.07781367748975754
0.07777172327041626
0.07773032039403915
0.07768955826759338
0.07764971256256104
0.0776108130812645
0.07757298648357391
0.07753534615039825
0.07749911397695541
