0.5625067353248596
0.5624770522117615
0.5624111890792847
0.5622965693473816
0.5620977282524109
0.5617428421974182
0.5610584616661072
0.5596217513084412
0.5562828183174133
0.5473899841308594
0.5174162983894348
0.35266169905662537
0.4511856734752655
0.4977468252182007
0.5047087669372559
0.5043168067932129
0.5011067986488342
0.4962860941886902
0.490245521068573
0.48308804631233215
0.47477781772613525
0.4651915431022644
0.45412856340408325
0.4413081705570221
0.42635929584503174
0.4087933897972107
0.38855376839637756
0.36685946583747864
0.3452831208705902
0.3244711458683014
0.30450156331062317
0.286830335855484
0.2717580795288086
0.260733038187027
0.25274088978767395
0.24828551709651947
0.2470647692680359
0.24860428273677826
0.25097811222076416
0.25152596831321716
0.24765098094940186
0.2397974282503128
0.23057352006435394
0.22225026786327362
0.2157583087682724
0.2113158106803894
0.20856264233589172
0.20696237683296204
0.2065822035074234
0.20673854649066925
0.20756976306438446
0.20876267552375793
0.21023336052894592
0.2116893082857132
0.2130943238735199
0.21446067094802856
0.21562796831130981
0.21652786433696747
0.21717260777950287
0.21759198606014252
0.2177150994539261
0.21754564344882965
0.2170681655406952
0.21629633009433746
0.2152465581893921
0.21390987932682037
0.21230283379554749
0.2104523479938507
0.2083764672279358
0.2060861885547638
0.20352889597415924
0.2008611559867859
0.19804489612579346
0.1951190084218979
0.19202964007854462
0.18891990184783936
0.18576423823833466
0.18256817758083344
0.17946766316890717
0.17651040852069855
0.1737367957830429
0.17108368873596191
0.168519988656044
0.16620875895023346
0.16410018503665924
0.16221176087856293
0.16040126979351044
0.15877492725849152
0.15729565918445587
0.15597490966320038
0.15476566553115845
0.1536262184381485
0.15255266427993774
0.15160974860191345
0.15066909790039062
0.14979805052280426
0.14904628694057465
0.14832647144794464
0.14769990742206573
0.14719408750534058
0.14680764079093933
0.1465197652578354
0.14630284905433655
0.14617203176021576
0.14611157774925232
0.1461005061864853
0.14609479904174805
0.1461586207151413
0.14625117182731628
0.14639565348625183
0.14660772681236267
0.14679312705993652
0.14700016379356384
0.14722390472888947
0.14745402336120605
0.14775501191616058
0.1479918360710144
0.148228257894516
0.14846579730510712
0.14870160818099976
0.1489446610212326
0.14923425018787384
0.14948222041130066
0.1497081071138382
0.14992837607860565
0.15014396607875824
0.1503545194864273
0.15055683255195618
0.15075337886810303
0.15094494819641113
0.15113146603107452
0.1513158082962036
0.1514967679977417
0.15166974067687988
0.15183401107788086
0.1519925743341446
0.15214118361473083
0.15228064358234406
0.15241317451000214
0.1525387167930603
0.15265706181526184
0.15276572108268738
0.15286538004875183
0.1530022770166397
0.15307876467704773
0.15314888954162598
0.15321099758148193
0.1532634049654007
0.15330694615840912
0.153341144323349
0.15336647629737854
0.15338270366191864
0.15343263745307922
0.15342900156974792
0.15342210233211517
0.15340808033943176
0.15338599681854248
0.15335559844970703
0.15331754088401794
0.15327158570289612
0.15321862697601318
0.15315842628479004
0.1530912071466446
0.1530173271894455
0.15293645858764648
0.1528489887714386
0.15275488793849945
0.15265409648418427
0.1525471955537796
0.15243402123451233
0.15231478214263916
0.15219026803970337
0.15206022560596466
0.151924267411232
0.1517828106880188
0.15163610875606537
0.15148396790027618
0.1513277143239975
0.1511663794517517
0.15100166201591492
0.15083442628383636
0.15066304802894592
0.15048719942569733
0.15030957758426666
0.15013015270233154
0.14994941651821136
0.14980117976665497
0.14961104094982147
0.14941732585430145
0.14922216534614563
0.14902615547180176
0.1488303244113922
0.1486358344554901
0.1484423577785492
0.14824819564819336
0.14805476367473602
0.1478612869977951
0.14766590297222137
0.14747299253940582
0.1472792625427246
