0.08472004532814026
0.0673733651638031
0.18360736966133118
0.1437242329120636
0.4976460337638855
-748.7106323242188
0.09208326786756516
0.09130407124757767
0.09104935824871063
0.09092245995998383
0.09084650874137878
0.09079594910144806
0.09076021611690521
0.0907333567738533
0.09071241319179535
0.09069563448429108
0.09068170934915543
0.09067058563232422
0.09066076576709747
0.09065257012844086
0.09064503759145737
0.09063932299613953
0.09063355624675751
0.0906287282705307
0.09062425792217255
0.0906202495098114
0.09061682224273682
0.09061320126056671
0.09061050415039062
0.09060803055763245
0.09060529619455338
0.09060288965702057
0.09060052037239075
0.0905989408493042
0.09059678763151169
0.09059515595436096
0.09059377014636993
0.09059251844882965
0.0905907154083252
0.09058961272239685
0.09058856964111328
0.09058715403079987
0.09058608114719391
0.09058476239442825
0.09058371931314468
0.09058283269405365
0.09058163315057755
0.09058123826980591
0.09058017283678055
0.09057918190956116
0.09057845175266266
0.09057789295911789
0.09057703614234924
0.09057677537202835
0.09057582914829254
0.09057538211345673
0.09057445824146271
0.09057388454675674
0.09057363867759705
0.09057280421257019
0.0905725508928299
0.0905720442533493
0.09057172387838364
0.09057088196277618
0.09057070314884186
0.09057013690471649
0.09056960046291351
0.09056951105594635
0.09056906402111053
0.09056904911994934
0.09056819975376129
0.09056791663169861
0.09056791663169861
0.09056738764047623
0.09056692570447922
0.09056711196899414
0.09056626260280609
0.09056621789932251
0.09056597203016281
0.09056570380926132
0.09056530892848969
0.09056531637907028
0.09056445956230164
0.09056457877159119
0.09056444466114044
0.09056415408849716
0.0905638337135315
0.09056343883275986
0.09056340157985687
0.09056347608566284
0.09056287258863449
0.0905628502368927
0.090562604367733
0.09056200832128525
0.09056201577186584
0.09056180715560913
0.09056167304515839
0.09056158363819122
0.09056159853935242
0.09056113660335541
0.09056141972541809
0.0905609279870987
0.09056098759174347
0.0905606746673584
0.0905608981847763
0.0905604138970375
0.09056061506271362
0.09055966138839722
0.09055999666452408
0.09055949002504349
0.09055957198143005
0.0905594527721405
0.09055943042039871
0.09055902808904648
0.09055909514427185
0.0905589610338211
0.0905589610338211
0.09055880457162857
0.09055863320827484
0.09055860340595245
0.09055823087692261
0.09055809676647186
0.09055797755718231
0.0905580148100853
0.09055756032466888
0.09055759012699127
0.0905575305223465
0.09055712074041367
0.09055750072002411
0.09055730700492859
0.09055723994970322
0.09055700898170471
0.09055685251951218
0.09055717289447784
0.09055687487125397
0.09055660665035248
0.09055637568235397
0.09055653214454651
0.09055659919977188
0.09055666625499725
0.09055651724338531
0.09055639803409576
0.09055659919977188
0.0905560851097107
0.0905560553073883
0.09055637568235397
0.09055604785680771
0.09055568277835846
0.09055573493242264
0.09055598080158234
0.09055548161268234
0.09055575728416443
0.09055539965629578
0.09055551141500473
0.09055547416210175
0.09055536985397339
0.09055548906326294
0.09055531769990921
0.0905551016330719
0.09055472910404205
0.09055505692958832
0.09055489301681519
0.09055520594120026
0.09055491536855698
0.09055478125810623
0.09055481851100922
0.09055453538894653
0.09055456519126892
0.090554378926754
0.09055423736572266
0.09055458009243011
0.09055431187152863
0.09055453538894653
0.09055434167385101
0.09055428206920624
0.09055405110120773
0.09055415540933609
0.0905541479587555
0.0905539020895958
0.09055395424365997
0.09055393934249878
0.09055350720882416
0.0905536562204361
0.09055358171463013
0.09055376797914505
0.09055332094430923
0.0905538946390152
0.09055334329605103
0.09055355191230774
0.09055337309837341
0.09055313467979431
0.09055343270301819
0.09055311232805252
0.09055295586585999
0.0905533879995346
0.09055336564779282
0.09055303037166595
0.09055304527282715
0.09055305272340775
0.09055330604314804
