0.24748797714710236
0.2474445253610611
0.24734431505203247
0.24715115129947662
0.24678176641464233
0.24604405462741852
0.2444765418767929
0.24089832603931427
0.23189803957939148
0.20504826307296753
0.12659408152103424
0.08099130541086197
0.07132531702518463
0.07770460098981857
0.07028688490390778
0.05779826641082764
0.04705110192298889
0.0381103940308094
0.031210342422127724
0.025788472965359688
0.0212093535810709
0.017812581732869148
0.015882547944784164
0.015296544879674911
0.015263480134308338
0.015492805279791355
0.01582890935242176
0.016108645126223564
0.016269473358988762
0.016266709193587303
0.01609937660396099
0.015800876542925835
0.015386872924864292
0.014866852201521397
0.014276798814535141
0.013619870878756046
0.012948361225426197
0.01226969063282013
0.011603490449488163
0.010977924801409245
0.010388344526290894
0.009836757555603981
0.00932418555021286
0.008856666274368763
0.008430082350969315
0.008042708039283752
0.007696973159909248
0.007393363397568464
0.0071168020367622375
0.006863691844046116
0.006637407932430506
0.006435987539589405
0.006249253638088703
0.006077083759009838
0.005924698431044817
0.005776021163910627
0.005654360167682171
0.005530687980353832
0.005418769549578428
0.005311551038175821
0.005210334435105324
0.005111163016408682
0.0050198230892419815
0.004935876931995153
0.004861787892878056
0.004797109868377447
0.004739002790302038
0.004688357934355736
0.004640170373022556
0.00459639634937048
0.004554968327283859
0.004517486318945885
0.004480014555156231
0.0044472711160779
0.004416435491293669
0.00438588997349143
0.004357786383479834
0.0043309456668794155
0.004306267946958542
0.004280323162674904
0.004255263600498438
0.004231862258166075
0.004209674894809723
0.004188681486994028
0.004168910905718803
0.004150914493948221
0.004133221693336964
0.004116366617381573
0.004100039601325989
0.0040832930244505405
0.004067538306117058
0.004061845596879721
0.004046317655593157
0.004031679593026638
0.004018400330096483
0.004007278475910425
0.003993930295109749
0.003980679903179407
0.003967517986893654
0.003954446874558926
0.003941450268030167
0.003928534220904112
0.003915687557309866
0.003902912139892578
0.0038902016822248697
0.003877549432218075
0.0038657630793750286
0.003854749258607626
0.0038437468465417624
0.0038327595684677362
0.003821781137958169
0.0038108162116259336
0.0037998626939952374
0.0037889163941144943
0.0037779801059514284
0.003767049638554454
0.0037561270873993635
0.003745216876268387
0.0037343085277825594
0.0037234118208289146
0.003712521633133292
0.0037016391288489103
0.003690758254379034
0.0036801097448915243
0.0036694505251944065
0.003660148475319147
0.0036494170781224966
0.0036386738065630198
0.003627925645560026
0.0036183723714202642
0.0036075760144740343
0.0035967750009149313
0.0035859618801623583
0.003575144801288843
0.0035643272567540407
0.0035535001661628485
0.003542670514434576
0.0035318350419402122
0.003521000500768423
0.0035101568792015314
0.003499316517263651
0.0034884701017290354
0.003477622289210558
0.0034667709842324257
0.0034559164196252823
0.0034450662788003683
0.0034342119470238686
0.0034233618061989546
0.0034125051461160183
0.003401651280000806
0.003390795784071088
0.0033799447119235992
0.003369092009961605
0.0033582402393221855
0.0033473889343440533
0.0033365413546562195
0.003325695637613535
0.0033148503862321377
0.003304009325802326
0.0032931684982031584
0.003282331395894289
0.0032714977860450745
0.0032608311157673597
0.003250405192375183
0.0032399825286120176
0.003229571506381035
0.003219165839254856
0.003208770416676998
0.003198385937139392
0.0031880054157227278
0.0031776356045156717
0.0031672741752117872
0.003156921360641718
0.003146577160805464
0.0031362390145659447
0.003125913208350539
0.0031155962496995926
0.0031054140999913216
0.0030952636152505875
0.0030851273331791162
0.0030750108417123556
0.0030650426633656025
0.0030553305987268686
0.0030456334352493286
0.0030359565280377865
0.0030264519155025482
0.0030171587131917477
0.003007881809026003
0.002998620504513383
0.0029895566403865814
0.002980658784508705
0.002971780952066183
0.0029629250057041645
0.002954082330688834
0.0029455104377120733
0.0029370111878961325
0.002928534522652626
0.0029200746212154627
0.0029116389341652393
0.002903221407905221
0.002894819714128971
0.00288643897511065
0.00287808058783412
0.0028699724934995174
0.00286195520311594
0.0028539542108774185
0.002845972776412964
0.002838010899722576
0.002830068115144968
0.0028221411630511284
0.00281423213891685
0.00280634593218565
0.002798478351905942
0.0027906240429729223
0.0027827895246446133
0.0027749722357839346
0.0027671719435602427
0.002759390277788043
0.002751624211668968
0.0027438767720013857
0.0027363961562514305
0.0027289879508316517
0.002721594413742423
0.002714218106120825
0.002706856233999133
0.0026995139196515083
0.0026921876706182957
0.002684878185391426
0.0026775847654789686
0.0026703074108809233
0.002663044724613428
0.0026557999663054943
0.0026485701091587543
0.0026413556188344955
0.0026341553311794996
0.0026269741356372833
0.002619807841256261
0.002612653886899352
0.0026055157650262117
0.0025983958039432764
0.0025915270671248436
0.0025846841745078564
0.0025778573472052813
0.0025710396002978086
0.0025642395485192537
0.002557452768087387
0.002550931414589286
0.002544430550187826
0.0025379429571330547
0.002531469101086259
0.0025250068865716457
0.0025185553822666407
0.0025121152866631746
0.0025056872982531786
0.0024992728140205145
0.002492868807166815
0.002486475743353367
0.002480096183717251
0.0024737254716455936
0.0024673687294125557
0.0024610210675746202
0.002454688772559166
0.0024483646266162395
0.002442050725221634
0.002435751724988222
0.002429458312690258
0.00242318375967443
0.0024169180542230606
0.0024106584023684263
0.0024044127203524113
0.0023981775157153606
0.0023919541854411364
0.002385741099715233
0.002379538957029581
0.0023733465932309628
0.002367166569456458
0.0023610314819961786
0.0023549781180918217
0.0023489331360906363
0.002343051601201296
0.002337269950658083
0.0023315020371228456
0.002325743203982711
0.002319997875019908
0.0023142616264522076
0.0023085407447069883
0.0023014426697045565
0.0022957283072173595
0.002290019067004323
0.002284328918904066
0.0022786473855376244
0.0022729819174855947
0.0022676249500364065
0.0022622777614742517
0.0022569592110812664
0.0022519349586218596
0.002246998017653823
0.002242183079943061
0.0022373797837644815
0.0022325932513922453
