0.44990602135658264
0.4498646855354309
0.44977548718452454
0.4496210217475891
0.44936907291412354
0.44895800948143005
0.4482748508453369
0.4471100866794586
0.44507384300231934
0.4414243996143341
0.4347156286239624
0.421989381313324
0.3967060446739197
0.34289032220840454
0.2617059350013733
0.20604252815246582
0.21564093232154846
0.192478746175766
0.18804892897605896
0.18362222611904144
0.1769065260887146
0.16758854687213898
0.15706640481948853
0.14538933336734772
0.134286567568779
0.1242363378405571
0.11461855471134186
0.107203409075737
0.10198500752449036
0.09806153923273087
0.09498847275972366
0.09277046471834183
0.0911853164434433
0.08983637392520905
0.08864817768335342
0.08760234713554382
0.08673837780952454
0.08602795749902725
0.08550230413675308
0.08515848964452744
0.08506454527378082
0.08515259623527527
0.08530692011117935
0.08542574942111969
0.08553960174322128
0.08561909943819046
0.08565117418766022
0.08559931069612503
0.0854385644197464
0.08519584685564041
0.08486530929803848
0.08444004505872726
0.08392976224422455
0.0833454430103302
0.08271215856075287
0.08204210549592972
0.0813477635383606
0.08064313977956772
0.07992906123399734
0.07922684401273727
0.07852261513471603
0.07782122492790222
0.07712346315383911
0.07645424455404282
0.07582484185695648
0.07522191107273102
0.07464189827442169
0.07407514750957489
0.07352723181247711
0.07300630211830139
0.07249253988265991
0.071987085044384
0.07149524986743927
0.07101753354072571
0.0705486312508583
0.07009458541870117
0.0696481317281723
0.0692119151353836
0.06877924501895905
0.06835303455591202
0.06794678419828415
0.06755581498146057
0.0671687200665474
0.06678568571805954
0.06640937924385071
0.06604078412055969
0.0656772032380104
0.06531739979982376
0.06496836990118027
0.06462617218494415
0.06428857147693634
0.06395963579416275
0.06363747268915176
0.06332073360681534
0.06300712376832962
0.06269815564155579
0.062393758445978165
0.062094658613204956
0.06180180236697197
0.06151093915104866
0.06122441962361336
0.06094551831483841
0.06067555770277977
0.06040980666875839
0.060148995369672775
0.059891294687986374
0.05963532254099846
0.059380825608968735
0.059130288660526276
0.058884769678115845
0.05864180251955986
0.05840013176202774
0.05815962702035904
0.05792447552084923
0.05769643932580948
0.057469286024570465
0.05724363774061203
0.05702449753880501
0.05680539086461067
0.0565900057554245
0.05637693405151367
0.05616847425699234
0.05596408247947693
0.05575965344905853
0.05555694177746773
0.05535902455449104
0.05516111105680466
0.05496631935238838
0.05477060377597809
0.05457396060228348
0.05437812954187393
0.05418713763356209
0.05400184169411659
0.05381861701607704
0.053638897836208344
0.05346234142780304
0.05328847095370293
0.05311727151274681
0.052945416420698166
0.05277290940284729
0.052600253373384476
0.05243029445409775
0.05226433649659157
0.0521024651825428
0.05194082856178284
0.05177845433354378
0.0516166016459465
0.051453303545713425
0.051291581243276596
0.051130056381225586
0.05096829682588577
0.050804995000362396
0.050645776093006134
0.05048740282654762
0.050329696387052536
0.05017686262726784
0.050023529678583145
0.049868497997522354
0.04971189424395561
0.049555689096450806
0.049399424344301224
0.049245286732912064
0.04909457638859749
0.048944853246212006
0.04879768565297127
0.04865563288331032
0.0485176257789135
0.04838690534234047
0.04825642332434654
0.04812449589371681
0.047991473227739334
0.04785783216357231
0.04772275686264038
0.04758917912840843
0.047461774200201035
0.047334589064121246
0.04720686748623848
0.04707912355661392
0.04695742577314377
0.04684305191040039
0.046728793531656265
0.04661320894956589
0.046498242765665054
0.04638637974858284
0.046275150030851364
0.046165741980075836
0.046059321612119675
0.04595809057354927
0.04585810750722885
0.04576050117611885
0.04566303640604019
0.04556489735841751
0.045465681701898575
0.04536587372422218
0.04526499658823013
0.045163050293922424
0.04506043717265129
0.04495726153254509
0.04485302418470383
0.044747818261384964
