0.18750695884227753
0.1874769628047943
0.18741169571876526
0.18729610741138458
0.18709790706634521
0.18674245476722717
0.18605855107307434
0.18462160229682922
0.18128222227096558
0.17239005863666534
0.1427305042743683
0.07878122478723526
0.0903090387582779
0.10320967435836792
0.13060705363750458
0.13988587260246277
0.1424054056406021
0.14213326573371887
0.14035581052303314
0.13757917284965515
0.13406504690647125
0.12993773818016052
0.12529684603214264
0.1203560084104538
0.11514441668987274
0.1097608134150505
0.10430044680833817
0.09871486574411392
0.09316965937614441
0.08773475885391235
0.08247648179531097
0.07760731130838394
0.07304144650697708
0.06886730343103409
0.06497351825237274
0.0613069161772728
0.05792365223169327
0.05479133501648903
0.0519290566444397
0.04931892827153206
0.047014251351356506
0.04499111324548721
0.04326709359884262
0.04175812378525734
0.04058034345507622
0.03953614830970764
0.03863469511270523
0.03784628584980965
0.037173401564359665
0.03660472854971886
0.0361064076423645
0.03570694848895073
0.035323213785886765
0.03502761572599411
0.034743860363960266
0.034464992582798004
0.03424151986837387
0.03405601158738136
0.03390631079673767
0.033748749643564224
0.03364881873130798
0.033531736582517624
0.03344915807247162
0.03335865959525108
0.03329366818070412
0.03316120058298111
0.03308751434087753
0.03299479931592941
0.03285675495862961
0.03280280902981758
0.03271114081144333
0.03261429816484451
0.032512374222278595
0.03240535408258438
0.03231104463338852
0.032186031341552734
0.03205721452832222
0.0319257527589798
0.03180989623069763
0.03166772425174713
0.03152504190802574
0.03138291463255882
0.03124126046895981
0.031100567430257797
0.030960634350776672
0.03082110546529293
0.030683225020766258
0.030547326430678368
0.03041348233819008
0.030281303450465202
0.030167078599333763
0.03003561496734619
0.029933037236332893
0.029800433665513992
0.02967035211622715
0.02963235229253769
0.02949354238808155
0.029358554631471634
0.02922784350812435
0.02909937873482704
0.028973029926419258
0.02884918823838234
0.02875462733209133
0.02863108366727829
0.0285106860101223
0.028394289314746857
0.028298664838075638
0.028185831382870674
0.02807443030178547
0.02796432003378868
0.027855413034558296
0.027747463434934616
0.027640588581562042
0.027503710240125656
0.02739955112338066
0.027296029031276703
0.027194537222385406
0.027094440534710884
0.02694731391966343
0.026845762506127357
0.026746656745672226
0.026648972183465958
0.02655297890305519
0.02647710219025612
0.02639925852417946
0.026301976293325424
0.02620609663426876
0.026110736653208733
0.026016613468527794
0.025923484936356544
0.025830809026956558
0.025738809257745743
0.025648081675171852
0.02555868774652481
0.025470469146966934
0.025383582338690758
0.025298956781625748
0.02521638199687004
0.025134261697530746
0.02505289390683174
0.024973301216959953
0.02489514835178852
0.02481777034699917
0.024741416797041893
0.02466563507914543
0.02459084428846836
0.02451694943010807
0.0244432520121336
0.02437104471027851
0.02429991029202938
0.024230005219578743
0.024160852655768394
0.024092810228466988
0.02402619458734989
0.023959629237651825
0.02389410510659218
0.023829523473978043
0.023765884339809418
0.02370350994169712
0.023641640320420265
0.023580916225910187
0.023521536961197853
0.02346290647983551
0.023406129330396652
0.023349884897470474
0.023265577852725983
0.023207463324069977
0.02314959093928337
0.023092275485396385
0.023034976795315742
0.022977789863944054
0.022920675575733185
0.022863570600748062
0.02280663140118122
0.022749703377485275
0.02269287034869194
0.02258731797337532
0.02252919413149357
0.022471731528639793
0.022414863109588623
0.02236058935523033
0.02230674773454666
0.022253211587667465
0.022199906408786774
0.022146891802549362
0.02209407463669777
0.0220413226634264
0.021989114582538605
0.02193739265203476
0.021856045350432396
0.021802835166454315
0.02174968644976616
0.021696988493204117
0.021644756197929382
0.021593116223812103
0.02154185250401497
0.021490612998604774
0.021439408883452415
0.021388370543718338
0.021338222548365593
