0.05641072615981102
0.05618634447455406
0.05574536323547363
0.05510317534208298
0.05428217723965645
0.0533142127096653
0.052244655787944794
0.051132239401340485
0.05004279315471649
0.04904111102223396
0.048183515667915344
0.047509074211120605
0.04703295975923538
0.04675077646970749
0.04664357379078865
0.046677716076374054
0.046808771789073944
0.046991489827632904
0.04718450456857681
0.0473521463572979
0.04746812954545021
0.04751738905906677
0.04749215394258499
0.04738908261060715
0.04721042886376381
0.04696360602974892
0.04665898531675339
0.04630814865231514
0.045925579965114594
0.04552889242768288
0.0451352596282959
0.04476062208414078
0.04441891983151436
0.044122107326984406
0.04387824237346649
0.04369088262319565
0.043560486286878586
0.043485239148139954
0.043460652232170105
0.04347982257604599
0.04353298991918564
0.04360923916101456
0.043697815388441086
0.04378806799650192
0.04386966675519943
0.04393337294459343
0.04397178441286087
0.0439792275428772
0.043951794505119324
0.04388689249753952
0.04378298670053482
0.04363968223333359
0.04345814883708954
0.04324041306972504
0.04299015551805496
0.042711060494184494
0.04240760952234268
0.04208416864275932
0.04174557328224182
0.04139664024114609
0.04104181379079819
0.04068505018949509
0.0403297133743763
0.039978135377168655
0.039631977677345276
0.039291538298130035
0.03895699605345726
0.03862690180540085
0.03829977661371231
0.037973251193761826
0.03764442354440689
0.03731011599302292
0.03696729615330696
0.036614082753658295
0.036251697689294815
0.03587619215250015
0.03548654913902283
0.035087741911411285
0.03468240052461624
0.03427078574895859
0.033852167427539825
0.03343327343463898
0.033015958964824677
0.03260310739278793
0.03219667822122574
0.03179571032524109
0.03140506148338318
0.031027695164084435
0.030664078891277313
0.03031393140554428
0.02998182363808155
0.029670126736164093
0.02937919832766056
0.029107147827744484
0.028854452073574066
0.028618507087230682
0.028396185487508774
0.02818676270544529
0.027986643835902214
0.027793115004897118
0.027608759701251984
0.02743113599717617
0.027257854118943214
0.027087466791272163
0.026920875534415245
0.026758376508951187
0.026597507297992706
0.026437189429998398
0.026279563084244728
0.026123857125639915
0.025968056172132492
0.025811990723013878
0.025655468925833702
0.025500306859612465
0.02534637600183487
0.025194525718688965
0.025043973699212074
0.02489449642598629
0.024745449423789978
0.02459843084216118
0.024454060941934586
0.02431279979646206
0.024173449724912643
0.02403710037469864
0.0239039808511734
0.023773720487952232
0.023648232221603394
0.02352801337838173
0.023412613198161125
0.023301463574171066
0.02319406531751156
0.023091144859790802
0.022993016988039017
0.02289840392768383
0.02280726097524166
0.022719357162714005
0.022634923458099365
0.022554537281394005
0.02247716672718525
0.02240312471985817
0.022332657128572464
0.022264938801527023
0.022199567407369614
0.02213660255074501
0.0220755934715271
0.022016849368810654
0.021959947422146797
0.021904874593019485
0.021850643679499626
0.021797625347971916
0.02174556814134121
0.021694352850317955
0.021643634885549545
0.021593602374196053
0.02154412306845188
0.021494610235095024
0.021445488557219505
0.021396588534116745
0.02134782448410988
0.021298622712492943
0.021249400451779366
0.021200012415647507
0.021150736138224602
0.02110157161951065
0.021052425727248192
0.021003738045692444
0.02095508761703968
0.020906910300254822
0.02085878700017929
0.0208110474050045
0.020763838663697243
0.020717203617095947
0.020671069622039795
0.0206255204975605
0.020580817013978958
0.020537041127681732
0.02049403451383114
0.02045186050236225
0.020410705357789993
0.02037065662443638
0.020331423729658127
0.020293304696679115
0.02025633305311203
0.020220518112182617
0.02018585614860058
0.020152337849140167
0.020120181143283844
0.020089128986001015
0.020059458911418915
0.020031027495861053
0.020003704354166985
0.019977645948529243
0.019952725619077682
0.019929124042391777
0.01990683376789093
0.019885485991835594
0.019865289330482483
0.019846158102154732
0.019827978685498238
0.01981077343225479
