0.8999946117401123
0.8999572992324829
0.899872362613678
0.8997143507003784
0.8994208574295044
0.8988531827926636
0.8976865410804749
0.8950799107551575
0.8886796832084656
0.8703436851501465
0.7970523238182068
0.4807160496711731
0.6826331615447998
0.6109192371368408
0.34368470311164856
0.35779672861099243
0.4440319836139679
0.4280446767807007
0.3545871675014496
0.28571760654449463
0.2639293372631073
0.27783071994781494
0.2969509959220886
0.31251949071884155
0.3191620111465454
0.31787264347076416
0.31089726090431213
0.2995801568031311
0.28576555848121643
0.2721434533596039
0.2608351409435272
0.2520257234573364
0.2464522272348404
0.24363240599632263
0.24290485680103302
0.24314655363559723
0.2439696043729782
0.24506054818630219
0.24636545777320862
0.24753539264202118
0.24867947399616241
0.24971939623355865
0.2505400478839874
0.25091293454170227
0.25079479813575745
0.250127375125885
0.24898061156272888
0.24753738939762115
0.24585430324077606
0.2439481019973755
0.24196937680244446
0.23984608054161072
0.23773828148841858
0.23571300506591797
0.23373490571975708
0.23185114562511444
0.23013365268707275
0.22859874367713928
0.22717711329460144
0.2258896678686142
0.22470714151859283
0.22365541756153107
0.2227070927619934
0.2218131124973297
0.22102518379688263
0.22036907076835632
0.21980369091033936
0.2193242609500885
0.2189224362373352
0.21864230930805206
0.21834851801395416
0.21807999908924103
0.21788570284843445
0.21773311495780945
0.21759673953056335
0.21747536957263947
0.2173576056957245
0.21725457906723022
0.2172163426876068
0.21720056235790253
0.21716077625751495
0.21711888909339905
0.21705906093120575
0.21697865426540375
0.21688628196716309
0.21676984429359436
0.21662414073944092
0.2164498120546341
0.21625424921512604
0.21603144705295563
0.21577593684196472
0.2155022919178009
0.2152184396982193
0.21491357684135437
0.21459178626537323
0.21424707770347595
0.2138085663318634
0.2133844941854477
0.212931826710701
0.21252533793449402
0.21208509802818298
0.21164293587207794
0.2111884355545044
0.21072430908679962
0.21025186777114868
0.20977869629859924
0.20930874347686768
0.20884115993976593
0.2083747237920761
0.2079089730978012
0.20745480060577393
0.20700503885746002
0.2065618634223938
0.20612284541130066
0.2056906819343567
0.20526275038719177
0.20483803749084473
0.2044185847043991
0.20400717854499817
0.20360752940177917
0.20321783423423767
0.20283663272857666
0.20246511697769165
0.20210520923137665
0.20175407826900482
0.2014109194278717
0.20107419788837433
0.20074422657489777
0.20042286813259125
0.20011374354362488
0.19981735944747925
0.19952741265296936
0.19924749433994293
0.19901873171329498
0.19875256717205048
0.1984928399324417
0.19824029505252838
0.19799943268299103
0.19776380062103271
0.197539284825325
0.19731967151165009
0.197104811668396
0.19689705967903137
0.19669640064239502
0.1965595781803131
0.19637227058410645
0.19619101285934448
0.1960146129131317
0.19590269029140472
0.19573016464710236
0.19556237757205963
0.1953999102115631
0.19524265825748444
0.19509178400039673
0.19494609534740448
0.19480150938034058
0.19465836882591248
0.19451913237571716
0.19438159465789795
0.19424887001514435
0.19412295520305634
0.19400176405906677
0.19388447701931
0.19377434253692627
0.19366630911827087
0.19356176257133484
0.19346091151237488
0.19336652755737305
0.19328035414218903
0.19319893419742584
0.1931203007698059
0.19304433465003967
0.19297093152999878
0.19289688766002655
0.19282494485378265
0.19276130199432373
0.19269980490207672
0.1926380842924118
0.1925753653049469
0.19251251220703125
0.1924489289522171
0.1923828423023224
0.19231478869915009
0.1922456920146942
0.19217544794082642
0.19210204482078552
0.19202521443367004
0.19194884598255157
0.19186976552009583
0.19178636372089386
0.19170065224170685
0.1916130781173706
0.191524937748909
0.19143643975257874
0.19134822487831116
0.19125722348690033
0.19116272032260895
0.1910669505596161
0.1909690946340561
0.19086933135986328
