0.07498244196176529
0.07495151460170746
0.07488357275724411
0.07476237416267395
0.07455246895551682
0.07417401671409607
0.07344182580709457
0.07189730554819107
0.06828153133392334
0.058502428233623505
0.039090413600206375
0.026030924171209335
0.09768106043338776
0.0701477974653244
0.07268159836530685
0.07329825311899185
0.07356573641300201
0.07371283322572708
0.07380522787570953
0.07386836409568787
0.07391396909952164
0.07394830137491226
0.07397522032260895
0.07399669289588928
0.07401420176029205
0.07402867823839188
0.07404101639986038
0.0740514025092125
0.07406038045883179
0.07406824827194214
0.0740751400589943
0.07408111542463303
0.07408645004034042
0.074091337621212
0.07409562170505524
0.07409945130348206
0.0741029754281044
0.07410603761672974
0.0741090402007103
0.07411175966262817
0.0741141140460968
0.07411638647317886
0.0741184651851654
0.07412037253379822
0.07412216812372208
0.0741237923502922
0.0741252675652504
0.07412675768136978
0.07412809878587723
0.07412930577993393
0.07413045316934586
0.07413148880004883
0.07413259148597717
0.07413347065448761
0.07413443177938461
0.07413528859615326
0.07413602620363235
0.07413679361343384
0.07413742691278458
0.07413817197084427
0.07413877546787262
0.07413937896490097
0.07413987070322037
0.07414045184850693
0.0741410106420517
0.07414145022630692
0.07414188981056213
0.07414236664772034
0.07414272427558899
0.07414305210113525
0.07414349168539047
0.07414379715919495
0.07414419203996658
0.07414455711841583
0.07414492964744568
0.07414516806602478
0.07414533942937851
0.07414564490318298
0.07414592057466507
0.07414623349905014
0.07414640486240387
0.07414664328098297
0.0741468220949173
0.07414696365594864
0.07414720952510834
0.07414741814136505
0.0741475522518158
0.07414774596691132
0.07414785027503967
0.0741480216383934
0.07414811849594116
0.07414828985929489
0.07414844632148743
0.07414848357439041
0.07414861768484116
0.07414872944355011
0.07414887100458145
0.07414894551038742
0.07414897531270981
0.07414912432432175
