0.500026524066925
0.5000028014183044
0.4999535083770752
0.4998748302459717
0.4997597634792328
0.499593585729599
0.49933871626853943
0.4989166855812073
0.4981180429458618
0.4961978793144226
0.4900021255016327
0.4636583924293518
0.37440600991249084
0.48984047770500183
0.49557527899742126
0.4968108832836151
0.4973243176937103
0.497600257396698
0.4977700412273407
0.4978838562965393
0.49796566367149353
0.4980253279209137
0.4980711340904236
0.498106986284256
0.49813616275787354
0.4981592297554016
0.4981788992881775
0.4981943368911743
0.4982075095176697
0.49821874499320984
0.49822819232940674
0.49823617935180664
0.49824395775794983
0.4982495903968811
0.4982542097568512
0.4982587397098541
0.49826258420944214
0.4982663691043854
0.49826890230178833
0.49827155470848083
0.4982735812664032
0.49827539920806885
0.49827712774276733
0.4982781708240509
0.4982793629169464
0.49828049540519714
0.49828094244003296
0.4982815384864807
0.498281866312027
0.4982820451259613
0.4982821047306061
0.49828216433525085
0.49828240275382996
0.498282253742218
0.49828222393989563
0.49828198552131653
0.4982817471027374
0.49828144907951355
0.4982808828353882
0.4982805848121643
0.49828019738197327
0.4982796013355255
0.4982791543006897
0.4982786774635315
0.49827829003334045
0.49827754497528076
0.4982766807079315
0.49827608466148376
0.4982755184173584
0.49827447533607483
0.49827390909194946
0.4982733428478241
0.49827268719673157
0.49827203154563904
0.4982713460922241
0.4982706308364868
0.49826979637145996
0.4982689917087555
0.49826839566230774
0.49826759099960327
0.49826687574386597
0.49826616048812866
0.4982656240463257
0.4982646405696869
0.49826374650001526
0.498262882232666
0.49826207756996155
0.4982612431049347
0.4982602894306183
0.4982595145702362
0.4982583522796631
0.49825775623321533
0.49825721979141235
0.49825626611709595
0.49825528264045715
0.4982546269893646
0.49825382232666016
0.49825310707092285
0.4982523024082184
0.49825164675712585
0.4982506334781647
0.49824953079223633
0.49824875593185425
0.49824801087379456
0.4982472360134125
0.4982466995716095
0.49824580550193787
0.4982452988624573
0.49824437499046326
0.498243510723114
0.49824258685112
0.4982419013977051
0.4982411861419678
0.4982403814792633
0.49823954701423645
0.49823883175849915
0.49823808670043945
0.4982374608516693
0.49823665618896484
0.498235821723938
0.49823492765426636
0.4982340335845947
0.498233437538147
0.49823272228240967
0.49823200702667236
0.49823105335235596
0.49823030829429626
0.49822959303855896
0.49822884798049927
0.4982281029224396
0.4982272684574127
0.4982263147830963
0.4982258081436157
0.4982251226902008
0.4982243776321411
0.4982234835624695
0.49822282791137695
0.4982219934463501
0.498221218585968
0.4982203543186188
0.4982199966907501
0.49821937084198
0.498218834400177
0.4982180595397949
0.4982171952724457
0.49821650981903076
0.4982157051563263
0.4982151389122009
0.4982144236564636
0.4982134699821472
0.49821314215660095
0.49821266531944275
0.4982120394706726
0.49821117520332336
0.4982105493545532
0.49820980429649353
0.498209148645401
0.49820852279663086
0.4982077479362488
0.49820712208747864
0.4982065260410309
0.49820592999458313
0.49820518493652344
0.49820423126220703
0.4982036352157593
0.4982028603553772
0.49820220470428467
0.49820151925086975
0.4982009530067444
0.4982004165649414
0.4981996417045593
0.4981991648674011
0.49819841980934143
0.4981977939605713
0.49819689989089966
0.49819645285606384
0.49819573760032654
0.4981953203678131
0.4981946051120758
0.49819424748420715
0.49819353222846985
0.4981929063796997
0.4981924593448639
0.49819180369377136
0.49819135665893555
0.49819105863571167
0.4981905519962311
0.49818992614746094
0.49818962812423706
0.49818918108940125
0.49818849563598633
0.4981878697872162
0.49818703532218933
0.4981866776943207
0.49818605184555054
0.49818554520606995
0.49818485975265503
0.49818435311317444
0.49818387627601624
0.49818310141563416
