0.7500066161155701
0.7499768733978271
0.7499114871025085
0.7497960329055786
0.7495979070663452
0.7492429614067078
0.7485586404800415
0.7471217513084412
0.7437824010848999
0.7348900437355042
0.7049170136451721
0.5231422781944275
0.68317049741745
0.718474268913269
0.7261186242103577
0.7291542291641235
0.7306774258613586
0.7315391302108765
0.7320569157600403
0.732379138469696
0.7325772047042847
0.7326968312263489
0.7327604293823242
0.7327884435653687
0.7327877879142761
0.7327672243118286
0.7327316999435425
0.7326850295066833
0.7326306700706482
0.732569694519043
0.7325037121772766
0.7324327826499939
0.7323598265647888
0.7322841882705688
0.7322079539299011
0.7321307063102722
0.7320516109466553
0.7319725155830383
0.7318941354751587
0.7318145036697388
0.7317344546318054
0.7316554188728333
0.7315764427185059
0.7314974665641785
0.7314198017120361
0.7313418984413147
0.7312636375427246
0.7311877608299255
0.7311113476753235
0.7310358881950378
0.7309603095054626
0.7308862209320068
0.7308115363121033
0.7307400703430176
0.7306662201881409
0.7305941581726074
0.7305230498313904
0.7304525971412659
0.7303825616836548
0.730312705039978
0.7302431464195251
0.7301751971244812
0.7301072478294373
0.7300394773483276
0.7299737334251404
0.7299073338508606
0.7298415899276733
0.7297763228416443
0.7297112941741943
0.7296476364135742
0.7295833230018616
0.7295206785202026
0.7294589281082153
0.7293961048126221
0.7293348908424377
0.7292736172676086
0.7292127013206482
0.729153037071228
0.7290928959846497
0.7290334105491638
0.7289746999740601
0.7289171814918518
0.7288582921028137
0.7288011312484741
0.7287441492080688
0.7286860942840576
0.7286301851272583
0.728574275970459
0.728518545627594
0.7284636497497559
0.7284087538719177
0.728352963924408
0.728299617767334
0.7282459139823914
0.7281914949417114
0.728138267993927
0.7280861139297485
0.7280340194702148
0.7279813289642334
0.7279292941093445
0.7278777956962585
0.7278271913528442
0.7277755737304688
0.7277244329452515
0.7276743650436401
0.7276247143745422
0.7275744080543518
0.7275254726409912
0.7274757027626038
0.7274267673492432
0.7273784875869751
0.7273305654525757
0.7272818088531494
0.7272331118583679
0.7271866202354431
0.727138876914978
0.7270917892456055
0.7270445823669434
0.7269979119300842
0.7269508242607117
0.7269046902656555
0.7268580794334412
0.7268131971359253
0.7267674207687378
0.7267230749130249
0.7266769409179688
0.726632297039032
0.7265881299972534
0.726543664932251
0.7264980673789978
0.7264543771743774
0.7264107465744019
0.7263676524162292
0.7263236045837402
0.7262803316116333
0.7262369990348816
0.7261942028999329
0.7261518836021423
0.7261099219322205
0.726067066192627
0.7260242700576782
0.7259829640388489
0.72594153881073
0.7258987426757812
0.725857675075531
0.7258160710334778
0.7257750630378723
0.7257351279258728
0.72569340467453
0.7256526350975037
0.7256126999855042
0.7255721092224121
0.7255316972732544
0.725492000579834
0.7254523038864136
0.7254123687744141
0.7253730893135071
0.7253329157829285
0.725294291973114
0.7252560257911682
0.7252163290977478
0.7251781821250916
0.7251384258270264
0.725100576877594
0.7250628471374512
0.7250238656997681
0.7249851226806641
0.7249476909637451
0.7249098420143127
0.7248719930648804
0.7248345017433167
0.7247973084449768
0.7247598171234131
0.7247227430343628
0.7246861457824707
0.7246485352516174
0.7246113419532776
0.7245755791664124
0.7245385050773621
0.7245018482208252
0.7244657874107361
0.7244296073913574
0.7243937253952026
0.7243566513061523
0.7243211269378662
0.7242857813835144
0.7242501974105835
0.7242145538330078
0.7241793274879456
0.7241441011428833
0.7241081595420837
0.7240731120109558
0.7240379452705383
0.7240031361579895
0.7239691019058228
0.7239341139793396
0.723899245262146
0.7238650321960449
0.7238304018974304
0.7237963080406189
