0.005749550648033619
0.0027841452974826097
0.002363525563850999
0.005322068929672241
0.005081180948764086
0.0008483845740556717
0.0025864264462143183
0.005221809260547161
0.0020267965737730265
-0.0004185047000646591
0.003968328703194857
0.0014700593892484903
-0.0011096834205091
0.003123925533145666
0.002565240953117609
-0.001225354615598917
0.0009027682244777679
0.0031434802804142237
0.0010046553798019886
-0.0012157335877418518
0.0010083913803100586
0.0026165687013417482
0.0012791585177183151
-0.0011220485903322697
-0.0007446822710335255
0.0013312455266714096
0.0015755759086459875
-0.00026150234043598175
-0.001666090451180935
-0.0008015744388103485
0.0007148748263716698
0.0011341313365846872
0.00021067773923277855
-0.0012170160189270973
-0.0017747054807841778
-0.0009619602933526039
0.00020033540204167366
0.0005761450156569481
-8.096545934677124e-05
-0.0012019388377666473
-0.0018785572610795498
-0.0016576452180743217
-0.0008759391494095325
-0.00016162730753421783
7.687602192163467e-05
-0.0002456866204738617
-0.0009557302109897137
-0.0016991929151117802
-0.0020913896150887012
-0.0019458243623375893
-0.001402959693223238
-0.0008091796189546585
-0.00047929398715496063
-0.0005504018627107143
-0.0009677368216216564
-0.0015341313555836678
-0.002002941444516182
-0.0021893936209380627
-0.002051650546491146
-0.001686037052422762
-0.0012538009323179722
-0.0009042881429195404
-0.0007325429469347
-0.0007698987610638142
-0.000991910696029663
-0.001330886036157608
-0.0016923854127526283
-0.0019783577881753445
-0.002113691531121731
-0.002069755457341671
-0.001870540902018547
-0.0015814700163900852
-0.0012844796292483807
-0.0010533020831644535
-0.0009375782683491707
-0.0009551220573484898
-0.001095450483262539
-0.0013232980854809284
-0.0015890118665993214
-0.0018381979316473007
-0.0020241588354110718
-0.002116454765200615
-0.00210663303732872
-0.0020068222656846046
-0.001844707876443863
-0.0016549737192690372
-0.0014726570807397366
-0.0013267970643937588
-0.001237700693309307
-0.0012162202037870884
-0.001262832898646593
-0.0013703308068215847
-0.0015238123014569283
-0.0017037717625498772
-0.0018877754919230938
-0.0020539704710245132
-0.002183049451559782
-0.002261325716972351
-0.00228255707770586
-0.002248079050332308
-0.0021664821542799473
-0.0020519807003438473
-0.00192169938236475
-0.0017934860661625862
-0.0016835960559546947
-0.0016045840457081795
-0.0015648622065782547
-0.001567985862493515
-0.0016125300899147987
-0.0016928832046687603
-0.0018006190657615662
-0.0019242833368480206
-0.0020518777891993523
-0.002171552274376154
-0.002272822894155979
-0.0023475689813494682
-0.0023907162249088287
-0.002400579396635294
-0.0023784772492945194
-0.0023285523056983948
-0.0022568446584045887
-0.002170789521187544
-0.0020781131461262703
-0.0019865576177835464
-0.0019028717651963234
-0.0018328335136175156
-0.001780560240149498
-0.0017489949241280556
-0.0017392807640135288
-0.0017512710765004158
-0.0017832890152931213
-0.001832732930779457
-0.001896037720143795
-0.00196885596960783
-0.0020465385168790817
-0.002124339807778597
-0.0021973131224513054
-0.0022615944035351276
-0.002313266508281231
-0.00234974455088377
-0.002369305584579706
-0.0023713293485343456
-0.0023562232963740826
-0.0023254146799445152
-0.0022810613736510277
-0.0022263070568442345
-0.0021644695661962032
-0.002099213656038046
-0.0020340168848633766
-0.001972550991922617
-0.00191773334518075
-0.0018720286898314953
-0.0018375306390225887
-0.0018154107965528965
-0.0018062135204672813
-0.0018102405592799187
-0.001826486550271511
-0.0018540332093834877
-0.001891138032078743
-0.001935638953000307
-0.0019855834543704987
-0.0020384322851896286
-0.002091705333441496
-0.002143225632607937
-0.0021909670904278755
-0.0022328472696244717
-0.002267514355480671
-0.002293698024004698
-0.002310753334313631
-0.0023183543235063553
-0.002316600177437067
-0.002305869944393635
-0.0022870884276926517
-0.00226112874224782
-0.002229458186775446
-0.0021932637318968773
-0.0021542483009397984
-0.002113714814186096
-0.0020731701515614986
-0.002034165430814028
-0.001997829880565405
-0.0019652601331472397
-0.001937513705343008
-0.0019152848981320858
-0.0018990426324307919
-0.0018893550150096416
-0.0018860823474824429
-0.001889444887638092
-0.0018991506658494473
-0.0019146422855556011
-0.0019355765543878078
-0.0019612926989793777
-0.0019909515976905823
-0.0020237420685589314
-0.0020586615428328514
-0.0020949426107108593
-0.0021314392797648907
-0.0021673524752259254
-0.002201702445745468
-0.002233794890344143
