0.2502308785915375
0.2502036392688751
0.2501499056816101
0.25007161498069763
0.24996896088123322
0.24984246492385864
0.24968713521957397
0.24949558079242706
0.24924974143505096
0.24892039597034454
0.24845954775810242
0.2477910965681076
0.2467947006225586
0.24528005719184875
0.24294039607048035
0.23926331102848053
0.23335786163806915
0.22356852889060974
0.20650839805603027
0.1775921732187271
0.14729245007038116
0.1295739710330963
0.13437700271606445
0.11725056171417236
0.09425657987594604
0.0846642404794693
0.08437241613864899
0.08636306971311569
0.08690503239631653
0.08630578219890594
0.08519602566957474
0.08340100944042206
0.08124691247940063
0.07898875325918198
0.07650752365589142
0.0743076354265213
0.07264534384012222
0.07105063647031784
0.06930173188447952
0.06737873703241348
0.06537912786006927
0.06341885030269623
0.06153712421655655
0.059813812375068665
0.05825822427868843
0.056905657052993774
0.05574406310915947
0.05477694422006607
0.05393921211361885
0.05317557603120804
0.052413515746593475
0.05161275714635849
0.05077099800109863
0.04989337921142578
0.049015313386917114
0.04817338287830353
0.047360725700855255
0.04657736048102379
0.04584158957004547
0.04515931382775307
0.044533420354127884
0.043956536799669266
0.04343484342098236
0.04296424984931946
0.04254020005464554
0.04214949160814285
0.041804492473602295
0.041493579745292664
0.04120602086186409
0.04093575105071068
0.04067985340952873
0.040440768003463745
0.04021312668919563
0.03999488055706024
0.03978407755494118
0.03957744315266609
0.03937588259577751
0.03917994350194931
0.03898708522319794
0.03879586607217789
0.03860275819897652
0.03840956091880798
0.038215458393096924
0.03802144154906273
0.03782616928219795
0.037628740072250366
0.03742915019392967
0.03722751513123512
0.03702441602945328
0.036820150911808014
0.0366147980093956
0.03640810772776604
0.03620021790266037
0.03599046915769577
0.035779185593128204
0.03556619584560394
0.035351648926734924
0.03513585031032562
0.03491983935236931
0.03470427915453911
0.03449082374572754
0.03427790105342865
0.0340641625225544
0.033849574625492096
0.033634331077337265
0.03341756761074066
0.03319931775331497
0.032979462295770645
0.03275921940803528
0.032537709921598434
0.03231760859489441
0.032097022980451584
0.03187553584575653
0.03165234252810478
0.031428344547748566
0.031206928193569183
0.03098568692803383
0.03076688013970852
0.03054899163544178
0.030335387215018272
0.030124012380838394
0.02991274558007717
0.02970384806394577
0.029497036710381508
0.029288634657859802
0.029078984633088112
0.02887217327952385
0.02866789512336254
0.02846573293209076
0.028267877176404
0.02807086706161499
0.027873294427990913
0.027679739519953728
0.027486206963658333
0.02729177474975586
0.027097146958112717
0.02690943516790867
0.026723846793174744
0.02653942070901394
0.026360737159848213
0.02618333511054516
0.02600945346057415
0.025837890803813934
0.025667347013950348
0.025496330112218857
0.025326350703835487
0.02515905722975731
0.02499523013830185
0.024832934141159058
0.02467707172036171
0.024525512009859085
0.024374578148126602
0.024226006120443344
0.02407696656882763
0.023927392438054085
0.023782802745699883
0.023643869906663895
0.023506829515099525
0.023380104452371597
0.023256048560142517
0.02313982881605625
0.023028461262583733
0.022922635078430176
0.022817108780145645
0.022713614627718925
0.022611964493989944
0.022510020062327385
0.022407282143831253
0.02230938896536827
0.022214574739336967
0.022119855508208275
0.022028431296348572
0.021939612925052643
0.021853506565093994
0.0217688400298357
0.021683726459741592
0.021598251536488533
0.02151693031191826
0.021436162292957306
0.02135605178773403
0.021275807172060013
0.021198522299528122
0.021122578531503677
0.02104884758591652
0.020977776497602463
0.020907077938318253
0.020836401730775833
0.02076583355665207
0.02069445699453354
0.020623397082090378
0.020552435889840126
0.02048223838210106
0.020414838567376137
0.020347384735941887
0.02027921937406063
0.02021033503115177
0.02014101669192314
0.020072899758815765
0.02000444196164608
0.01993539370596409
