0.005637000780552626
0.005599177908152342
0.00552911264821887
0.005437084939330816
0.005336357746273279
0.005240223836153746
0.005160785745829344
0.005106247495859861
0.005080822855234146
0.005084075033664703
0.0051113818772137165
0.005155614111572504
0.005208197981119156
0.005260327830910683
0.005305267870426178
0.0053380336612463
0.005357049871236086
0.005363012198358774
0.005358563270419836
0.005348038859665394
0.005335555877536535
0.005324897821992636
0.005318291950970888
0.0053167520090937614
0.005319531541317701
0.005324970930814743
0.005330606363713741
0.005333940964192152
0.005332854110747576
0.005326068494468927
0.005313405767083168
0.005295342765748501
0.005273821763694286
0.0052507296204566956
0.0052285450510680676
0.005209522787481546
0.005195655394345522
0.0051879738457500935
0.005186968017369509
0.0051921457052230835
0.005202664528042078
0.005216954741626978
0.00523297069594264
0.005248882807791233
0.005262963939458132
0.00527373980730772
0.0052800849080085754
0.0052814786322414875
0.005278000608086586
0.005270080640912056
0.005258664488792419
0.00524483248591423
0.005229830276221037
0.005214886739850044
0.005201233550906181
0.005189837887883186
0.005181309767067432
0.005176028236746788
0.005174244288355112
0.0051754857413470745
0.005179435480386019
0.005185568239539862
0.005193021614104509
0.005200852174311876
0.00520856399089098
0.005215213168412447
0.005220403894782066
0.005223493091762066
0.005224358290433884
0.005222771782428026
0.005218921694904566
0.005212831310927868
0.005205015651881695
0.005195820704102516
0.005185807589441538
0.005175397265702486
0.005165020003914833
0.005155274178832769
0.005146577022969723
0.005139179993420839
0.005133314058184624
0.005129271652549505
0.00512697035446763
0.005126532167196274
0.005127475131303072
0.005130057223141193
0.005133756902068853
0.005138556472957134
0.005143922753632069
0.005149530246853828
0.005155195482075214
0.005160651169717312
0.005165598355233669
0.00516984099522233
0.005173053126782179
0.005175342317670584
0.005176551174372435
0.005176537204533815
0.005175438709557056
0.005173260811716318
0.005170116201043129
0.005166135262697935
0.005161374807357788
0.005156101193279028
0.00515041034668684
0.005144528113305569
0.0051385206170380116
0.005132712423801422
0.0051270644180476665
0.005121701862663031
0.005117034539580345
0.00511272344738245
0.005109092686325312
0.005106155760586262
0.005103835370391607
0.00510220555588603
0.005101256538182497
0.0051008728332817554
0.0051009999588131905
0.005101609043776989
0.005102705676108599
0.005104059353470802
0.005105666816234589
0.00510750338435173
0.005109265446662903
0.0051111760549247265
0.005112924613058567
0.005114467814564705
0.00511590763926506
0.005117037799209356
0.005117898341268301
0.005118442699313164
0.005118547938764095
0.005118308588862419
0.005117753520607948
0.005116925574839115
0.0051156459376215935
0.005114095285534859
0.005112207029014826
0.005110122729092836
0.005107863340526819
0.005105402320623398
0.005102812312543392
0.005100186914205551
0.005097455810755491
0.005094834137707949
0.00509220827370882
0.005089702550321817
0.005087216850370169
0.0050850217230618
0.0050828405655920506
0.00508098304271698
0.00507940212264657
0.005077969748526812
0.005076723173260689
0.0050758435390889645
0.005075112450867891
0.005074634682387114
0.005074427463114262
0.005074518267065287
0.005074684042483568
0.005075070075690746
0.00507568521425128
0.005076408386230469
0.005077268462628126
0.0050781238824129105
0.005079149734228849
0.00508027384057641
0.005081360228359699
0.0050824289210140705
0.0050836121663451195
0.005084631033241749
0.005085649434477091
0.005086597986519337
0.005087313707917929
0.005088038742542267
0.005088632460683584
0.00508915027603507
0.0050894650630652905
0.005089556332677603
0.005089621525257826
0.005089441314339638
0.0050892215222120285
0.005088730249553919
0.00508810393512249
0.005087435245513916
0.005086543038487434
0.005085514858365059
0.005084465257823467
0.005083187483251095
0.0050819031894207
0.0050804708153009415
0.005079059861600399
0.005077500827610493
0.005075832828879356
0.0050743138417601585
0.005072696600109339
0.005070984363555908
0.005069343373179436
0.00506776524707675
