-0.00612051784992218
-0.006921571213752031
-0.00826545525342226
-0.010314492508769035
-0.012553269974887371
-0.014798685908317566
-0.01650570146739483
-0.01775520108640194
-0.01830046996474266
-0.018297720700502396
-0.017868712544441223
-0.017479469999670982
-0.017172817140817642
-0.017061322927474976
-0.017238717526197433
-0.01761365868151188
-0.018364060670137405
-0.01912841573357582
-0.02005208097398281
-0.02082349732518196
-0.021508771926164627
-0.02206147275865078
-0.022251849994063377
-0.022266121581196785
-0.022000957280397415
-0.02157185785472393
-0.021175812929868698
-0.020715974271297455
-0.020315641537308693
-0.020092470571398735
-0.019958361983299255
-0.019934572279453278
-0.02008807472884655
-0.020325547084212303
-0.020570479333400726
-0.020857054740190506
-0.02118222415447235
-0.021472811698913574
-0.021700043231248856
-0.021905874833464622
-0.022106779739260674
-0.022263405844569206
-0.022351332008838654
-0.02239559404551983
-0.022427726536989212
-0.022446688264608383
-0.022433729842305183
-0.022388696670532227
-0.022336672991514206
-0.022301075980067253
-0.022280793637037277
-0.02225925400853157
-0.02222832292318344
-0.022197328507900238
-0.022181585431098938
-0.022187497466802597
-0.02220897190272808
-0.022234106436371803
-0.022257491946220398
-0.022283857688307762
-0.022322367876768112
-0.02237829752266407
-0.02244887873530388
-0.02252522110939026
-0.022600224241614342
-0.02267194539308548
-0.022744491696357727
-0.022823333740234375
-0.0229110699146986
-0.023006319999694824
-0.02310384437441826
-0.02319846674799919
-0.023287633433938026
-0.023372258991003036
-0.023455660790205002
-0.02354150451719761
-0.02363075688481331
-0.023721542209386826
-0.023810194805264473
-0.023892633616924286
-0.02396673709154129
-0.02403251826763153
-0.02409213036298752
-0.024147991091012955
-0.02420215494930744
-0.02425486221909523
-0.024304822087287903
-0.02435009926557541
-0.02438851073384285
-0.024419108405709267
-0.02444232627749443
-0.024460216984152794
-0.02447529509663582
-0.02448982186615467
-0.02450519986450672
-0.024521786719560623
-0.02453860267996788
-0.02455461397767067
-0.024568766355514526
-0.024580739438533783
-0.024591196328401566
-0.024601353332400322
-0.024612747132778168
-0.02462676912546158
-0.024644413962960243
-0.02466571144759655
-0.02469014935195446
-0.02471662499010563
-0.024744147434830666
-0.02477160654962063
-0.024798475205898285
-0.024824919179081917
-0.024850988760590553
-0.024877768009901047
-0.024905620142817497
-0.02493494376540184
-0.0249659214168787
-0.024998024106025696
-0.025030668824911118
-0.02506280317902565
-0.025093602016568184
-0.02512248046696186
-0.025148609653115273
-0.025171956047415733
-0.02519305981695652
-0.02521173283457756
-0.02522875741124153
-0.0252446960657835
-0.02525975927710533
-0.02527414634823799
-0.025287870317697525
-0.025300899520516396
-0.02531292848289013
-0.025323498994112015
-0.02533252350986004
-0.025339769199490547
-0.025345098227262497
-0.025348618626594543
-0.02535058557987213
-0.02535148896276951
-0.025351479649543762
-0.025351032614707947
-0.02535061165690422
-0.025350408628582954
-0.0253507811576128
-0.025351770222187042
-0.025353122502565384
-0.025355104357004166
-0.025357330217957497
-0.025359628722071648
-0.02536199241876602
-0.025364121422171593
-0.02536611072719097
-0.02536802925169468
-0.025369785726070404
-0.025371523573994637
-0.025373512879014015
-0.025375980883836746
-0.025379035621881485
-0.025382842868566513
-0.025387540459632874
-0.02539319172501564
-0.02539968676865101
-0.02540719322860241
-0.0254154484719038
-0.02542446181178093
-0.025434015318751335
-0.025443900376558304
-0.025454001501202583
-0.025464264675974846
-0.025474470108747482
-0.02548450604081154
-0.02549459971487522
-0.025504548102617264
-0.025514384731650352
-0.025524282827973366
-0.025534309446811676
-0.02554440312087536
-0.02555478736758232
-0.02556546963751316
-0.025576531887054443
-0.025587650015950203
-0.02559923380613327
-0.025611205026507378
-0.025623230263590813
-0.02563536912202835
-0.025647573173046112
-0.025659559294581413
-0.025671418756246567
-0.02568293735384941
-0.02569401077926159
-0.025704683735966682
-0.025714891031384468
-0.025724563747644424
-0.025733700022101402
-0.025742318481206894
-0.025750555098056793
-0.025758234784007072
-0.025765689089894295
-0.02577276900410652
