0.3750005066394806
0.3749666213989258
0.37489476799964905
0.3747769892215729
0.37459617853164673
0.3743232190608978
0.373902291059494
0.3732389509677887
0.3721645772457123
0.3703807592391968
0.3673529624938965
0.3620932698249817
0.3526999354362488
0.33525174856185913
0.30071938037872314
0.24170739948749542
0.19174015522003174
0.18689119815826416
0.18026979267597198
0.1579156219959259
0.1433354914188385
0.13501860201358795
0.12850655615329742
0.12348833680152893
0.11913043260574341
0.1140681728720665
0.10896474868059158
0.10461433976888657
0.10049884766340256
0.09681645780801773
0.09401902556419373
0.09167437255382538
0.08900971710681915
0.08636976778507233
0.08376865088939667
0.08145608752965927
0.07962717115879059
0.07836320996284485
0.07751800119876862
0.07687398791313171
0.07629165798425674
0.07572182267904282
0.07520177215337753
0.07470304518938065
0.0742148756980896
0.0737580880522728
0.07331612706184387
0.07287033647298813
0.0724107101559639
0.07196386158466339
0.07150635868310928
0.07103189080953598
0.07054943591356277
0.07006333023309708
0.069565050303936
0.06905972957611084
0.06855787336826324
0.06805736571550369
0.06755751371383667
0.06705528497695923
0.06655263900756836
0.06605122238397598
0.06554920226335526
0.06506496667861938
0.0645996630191803
0.06414368748664856
0.0636945590376854
0.06325213611125946
0.06281694024801254
0.06238687038421631
0.0619596429169178
0.06154150888323784
0.061133988201618195
0.060734592378139496
0.060340095311403275
0.0599498376250267
0.05956345424056053
0.05918138101696968
0.05880136415362358
0.05842943117022514
0.05806592479348183
0.0577094629406929
0.05736272782087326
0.057022251188755035
0.05668802931904793
0.056359753012657166
0.056035060435533524
0.055717673152685165
0.05540831387042999
0.05510350316762924
0.054808590561151505
0.054519589990377426
0.05423790588974953
0.05396406352519989
0.05369851738214493
0.053437795490026474
0.05318550765514374
0.05293448269367218
0.0526852011680603
0.05243946984410286
0.05219545215368271
0.051951922476291656
0.051709700375795364
0.05146760120987892
0.05122947692871094
0.050991274416446686
0.050754256546497345
0.050521120429039
0.05028899013996124
0.05005714297294617
0.04982474073767662
0.049591679126024246
0.04935941845178604
0.04912915453314781
0.04890342801809311
0.04868233576416969
0.04846532270312309
0.048247601836919785
0.04802906513214111
0.04780963435769081
0.047589611262083054
0.047371696680784225
0.04715438559651375
0.04693597927689552
0.046722277998924255
0.046514175832271576
0.04630565270781517
0.04609894007444382
0.04589110240340233
0.04568351060152054
0.04547522962093353
0.04526621103286743
0.04505585879087448
0.04484708979725838
0.044638827443122864
0.04443207010626793
0.044227562844753265
0.044029440730810165
0.043831609189510345
0.043634578585624695
0.04344005137681961
0.04324671998620033
0.043053384870290756
0.04286094382405281
0.042671188712120056
0.042485348880290985
0.04230186715722084
0.042118243873119354
0.04193391278386116
0.04175026714801788
0.041569117456674576
0.041388411074876785
0.04120763763785362
0.04103589057922363
0.040867313742637634
0.040701158344745636
0.040535930544137955
0.04037000983953476
0.04020368307828903
0.04003853350877762
0.03987232595682144
0.0397050566971302
0.03953871130943298
0.03937618061900139
0.03921470418572426
0.039054714143276215
0.038897886872291565
0.03874035179615021
0.03858359158039093
0.038430966436862946
0.03828283026814461
0.03813742846250534
0.037994951009750366
0.03785545006394386
0.037721604108810425
0.03759048879146576
0.03746042028069496
0.037330448627471924
0.037200335413217545
0.037074267864227295
0.03694790229201317
0.03682151064276695
0.03669456019997597
0.03656992316246033
0.036449551582336426
0.03633024916052818
0.03621501475572586
0.03609918802976608
0.03598406910896301
0.035873591899871826
0.035763539373874664
0.035653382539749146
0.03554340824484825
0.035434380173683167
0.035324759781360626
0.03521456941962242
0.03510575741529465
0.03499684855341911
0.034891773015260696
0.03479227423667908
