0.12542784214019775
0.1254008412361145
0.12534993886947632
0.1252804547548294
0.1251997947692871
0.12511591613292694
0.12503626942634583
0.12496693432331085
0.12491189688444138
0.12487202882766724
0.12484618276357651
0.12483040243387222
0.12481825798749924
0.12480174005031586
0.12477213144302368
0.12471933662891388
0.1246338039636612
0.1245049238204956
0.12432166934013367
0.12407159805297852
0.12373866140842438
0.12330221384763718
0.12273338437080383
0.12199106067419052
0.12101581692695618
0.119719959795475
0.1179729625582695
0.11557317525148392
0.1121961697936058
0.10729224979877472
0.09990467131137848
0.08956795930862427
0.07774634659290314
0.0675375834107399
0.061959635466337204
0.06219964474439621
0.05120610445737839
0.03982389718294144
0.04470477253198624
0.04895942285656929
0.05015363544225693
0.04951810836791992
0.04768945276737213
0.045527856796979904
0.04361933469772339
0.04195442050695419
0.04053236544132233
0.039289847016334534
0.03818226233124733
0.03714877367019653
0.036146216094493866
0.03514626622200012
0.03416759520769119
0.033235374838113785
0.03236056864261627
0.031521279364824295
0.030699387192726135
0.02991941198706627
0.029188916087150574
0.028532303869724274
0.027959883213043213
0.0274554044008255
0.02701331116259098
0.026627816259860992
0.02631503716111183
0.026057861745357513
0.025828350335359573
0.02561607025563717
0.025414377450942993
0.025211717933416367
0.025008846074342728
0.024801209568977356
0.024592459201812744
0.024385172873735428
0.02417617104947567
0.02396564744412899
0.023753203451633453
0.02354273572564125
0.02333713322877884
0.023138199001550674
0.022945819422602654
0.022761719301342964
0.022585373371839523
0.02241872251033783
0.02226095460355282
0.022111572325229645
0.021970044821500778
0.021835997700691223
0.02170965075492859
0.021591482684016228
0.021480131894350052
0.021374225616455078
0.02127172239124775
0.021171819418668747
0.021074650809168816
0.020979326218366623
0.020884932950139046
0.020791195333003998
0.02069777436554432
0.02060532197356224
0.020512819290161133
0.02042021043598652
0.020327487960457802
0.02023410052061081
0.020140377804636955
0.020045842975378036
0.01995084621012211
0.019854867830872536
0.019758056849241257
0.019660789519548416
0.01956276223063469
0.019464192911982536
0.019365588203072548
0.01926650106906891
0.019167259335517883
0.01906760223209858
0.01896778680384159
0.01886807195842266
0.018769394606351852
0.018671249970793724
0.01857384294271469
0.018477939069271088
0.018383242189884186
0.018289824947714806
0.01819729059934616
0.018105648458003998
0.01801503449678421
0.017925512045621872
0.017837245017290115
0.017751282081007957
0.017666514962911606
0.017583152279257774
0.01750127226114273
0.01742130145430565
0.017343275249004364
0.01726660691201687
0.017191318795084953
0.017117377370595932
0.01704474724829197
0.016973458230495453
0.016903359442949295
0.01683458499610424
0.01676691323518753
0.016700636595487595
0.016636483371257782
0.01657538115978241
0.016517145559191704
0.0164598748087883
0.01640363410115242
0.016348080709576607
0.01629343070089817
0.016239354386925697
0.016185924410820007
0.016133835539221764
0.0160827599465847
0.016032325103878975
0.015982281416654587
0.01593252643942833
0.015883013606071472
0.015833768993616104
0.01578466035425663
0.0157371386885643
0.01569140888750553
0.01564805582165718
0.015605328604578972
0.015563087537884712
0.01552080363035202
0.015478504821658134
0.015435926616191864
0.015394398011267185
0.015353510156273842
0.015312554314732552
0.015272008255124092
0.01523114275187254
0.015190021134912968
0.01514833327382803
0.015106221660971642
0.015064513310790062
0.015023810788989067
0.01498550083488226
0.014947382733225822
0.014908857643604279
0.014869792386889458
0.014830227941274643
0.014791090041399002
0.014752811752259731
0.014715112745761871
0.014677559025585651
0.014640258625149727
0.014602180570363998
0.014563717879354954
0.014524722471833229
0.01448519341647625
0.01444800291210413
0.014411548152565956
0.01437508873641491
0.014338383451104164
0.014301421120762825
0.0142638785764575
0.01422592718154192
