0.1215478852391243
0.1212473064661026
0.12083473801612854
0.12030132114887238
0.1195003017783165
0.11851385980844498
0.11767395585775375
0.11686928570270538
0.1158309206366539
0.11506645381450653
0.11459610611200333
0.11408184468746185
0.11382748186588287
0.11380301415920258
0.11345015466213226
0.11312352120876312
0.1128535121679306
0.1121811792254448
0.11121562868356705
0.11011344194412231
0.10842811316251755
0.1060996949672699
0.10342660546302795
0.1002001166343689
0.09625408053398132
0.09218500554561615
0.08865050226449966
0.0850590392947197
0.08157891780138016
0.07882856577634811
0.07669941335916519
0.07487678527832031
0.07326605916023254
0.07190941274166107
0.07081404328346252
0.06982431560754776
0.06883261352777481
0.06780793517827988
0.06681284308433533
0.06590387970209122
0.06508646160364151
0.0643356665968895
0.06361361593008041
0.06290354579687119
0.062215406447649
0.06157660856842995
0.060999080538749695
0.06049215793609619
0.0600457638502121
0.05964197590947151
0.05926544964313507
0.05890975892543793
0.05856708064675331
0.05824069678783417
0.057937704026699066
0.057668011635541916
0.057431284338235855
0.05722731724381447
0.05704723671078682
0.05688609182834625
0.05674125254154205
0.056604959070682526
0.05647427961230278
0.05634693056344986
0.056222885847091675
0.05610344186425209
0.055990029126405716
0.05588441714644432
0.0557866133749485
0.05569814145565033
0.05561864376068115
0.05554752051830292
0.055482737720012665
0.05542360618710518
0.055367328226566315
0.05531158298254013
0.05525492876768112
0.05519610270857811
0.055136505514383316
0.05507488176226616
0.05501030758023262
0.05494365841150284
0.0548761747777462
0.05481038987636566
0.054747216403484344
0.05468612164258957
0.05462835729122162
0.054573673754930496
0.05452046915888786
0.054468732327222824
0.05441833660006523
0.05436849594116211
0.054319363087415695
0.05427110940217972
0.05422351136803627
0.054176218807697296
0.054128244519233704
0.054079435765743256
0.05402971804141998
0.053979262709617615
0.05392930284142494
0.05387882888317108
0.053827859461307526
0.05377667024731636
0.05372558906674385
0.05367512255907059
0.053625334054231644
0.05357668176293373
0.05352916568517685
0.05348271504044533
0.0534377321600914
0.05339440330862999
0.0533524788916111
0.05331232398748398
0.05327431857585907
0.05323793739080429
0.05320309102535248
0.05316980928182602
0.05313749611377716
0.053106632083654404
0.05307656154036522
0.05304745212197304
0.05301931872963905
0.05299201235175133
0.052965421229600906
0.05293916165828705
0.05291333794593811
0.052887964993715286
0.05286289379000664
0.05283814296126366
0.05281422287225723
0.052790358662605286
0.052766960114240646
0.052743956446647644
0.052720680832862854
0.05269841477274895
0.05267668887972832
0.052655138075351715
0.05263382941484451
0.05261334031820297
0.05259302258491516
0.05257328599691391
0.05255383253097534
0.05253465473651886
0.05251602828502655
0.05249775946140289
0.0524798221886158
0.05246240645647049
0.052445799112319946
0.05242930352687836
0.052413374185562134
0.05239769071340561
0.052382491528987885
0.05236728861927986
0.05235253646969795
0.052338607609272
0.052325084805488586
0.05231178179383278
0.052298516035079956
0.05228583514690399
0.05227293074131012
0.052260275930166245
0.05224756523966789
0.05223480612039566
0.05222214013338089
0.052209340035915375
0.05219671502709389
0.05218371003866196
0.052170589566230774
0.05215761438012123
0.052144039422273636
0.05213060975074768
0.05211697891354561
0.05210302025079727
0.052088990807533264
0.05207503214478493
0.052061133086681366
0.05204729735851288
0.05203305184841156
0.052018940448760986
0.052004992961883545
0.05199039727449417
0.05197631195187569
0.05196194723248482
0.05194761976599693
0.05193330720067024
0.05191904306411743
0.051904648542404175
0.051890574395656586
0.051876250654459
0.05186263844370842
0.05184898152947426
0.051835644990205765
0.051821961998939514
0.051808904856443405
0.05179585516452789
0.05178292840719223
0.051769889891147614
0.0517570935189724
0.051744088530540466
