0.11884905397891998
0.11840680241584778
0.11754804104566574
0.11633415520191193
0.11487355828285217
0.11331365257501602
0.11182762682437897
0.11058919131755829
0.10971985757350922
0.10925377905368805
0.10913562774658203
0.10925865173339844
0.10950502008199692
0.10975995659828186
0.10993645340204239
0.10997895151376724
0.10986445099115372
0.1095988005399704
0.10920172929763794
0.10870706290006638
0.10815686732530594
0.10759344696998596
0.10706444084644318
0.10660982877016068
0.10625752806663513
0.10602140426635742
0.10589814186096191
0.10587228834629059
0.10592098534107208
0.10601677745580673
0.10612820088863373
0.10622568428516388
0.10628332197666168
0.10628119111061096
0.10620568692684174
0.10605000704526901
0.10581430047750473
0.10550256818532944
0.10512242466211319
0.10468612611293793
0.10420723259449005
0.10370034724473953
0.10317876935005188
0.10265405476093292
0.10213464498519897
0.10162617266178131
0.1011292040348053
0.10064008831977844
0.10015345364809036
0.09966032207012177
0.09915188699960709
0.09861928969621658
0.09805513918399811
0.09745438396930695
0.09681627154350281
0.09614261239767075
0.09543919563293457
0.09471404552459717
0.09397666156291962
0.0932372584939003
0.09250518679618835
0.09178899228572845
0.09109470248222351
0.09042569249868393
0.0897831916809082
0.08917025476694107
0.08858078718185425
0.08801819384098053
0.08747361600399017
0.08693552017211914
0.0864032730460167
0.08587714284658432
0.08535965532064438
0.08485379815101624
0.08435121923685074
0.08384864032268524
0.08335631340742111
0.08286692202091217
0.0823809877038002
0.08190895617008209
0.08145076036453247
0.08100520074367523
0.08057645708322525
0.08016975224018097
0.07978573441505432
0.07942657172679901
0.07909056544303894
0.07878012210130692
0.07849869877099991
0.07823896408081055
0.07800109684467316
0.07778625935316086
0.07758559286594391
0.07739504426717758
0.07721566408872604
0.07704651355743408
0.07688488066196442
0.07673007994890213
0.07657808810472488
0.0764283761382103
0.0762818306684494
0.07613800466060638
0.07599501311779022
0.07585359364748001
0.07571327686309814
0.07557488232851028
0.07544009387493134
0.07530700415372849
0.07517623901367188
0.07504867017269135
0.07492518424987793
0.07480596750974655
0.07469145953655243
0.07458201050758362
0.07447729259729385
0.07437748461961746
0.07428326457738876
0.07419447600841522
0.0741112008690834
0.07403253018856049
0.07395900785923004
0.07388992607593536
0.07382600009441376
0.07376661151647568
0.07371115684509277
0.07365959137678146
0.0736117735505104
0.07356727868318558
0.07352586090564728
0.07348696142435074
0.07345074415206909
0.07341648638248444
0.07338390499353409
0.07335257530212402
0.07332247495651245
0.07329303026199341
0.07326395064592361
0.07323509454727173
0.07320651412010193
0.07317768037319183
0.07314856350421906
0.07311893254518509
0.07308870553970337
0.0730578675866127
0.07302649319171906
0.07299459725618362
0.07296209037303925
0.07292870432138443
0.07289453595876694
0.07286005467176437
0.07282495498657227
0.07278922200202942
0.07275291532278061
0.07271609455347061
0.07267915457487106
0.07264216244220734
0.0726049467921257
0.07256753742694855
0.07253040373325348
0.07249360531568527
0.07245699316263199
0.07242072373628616
0.07238470762968063
0.07234902679920197
0.07231394946575165
0.07227912545204163
0.07224507629871368
0.07221169769763947
0.07217895239591599
0.07214700430631638
0.07211580127477646
0.07208564877510071
0.07205630838871002
0.0720280185341835
0.07200045883655548
0.07197403162717819
0.07194868475198746
0.07192442566156387
0.07190105319023132
0.0718785896897316
0.07185718417167664
0.0718366727232933
0.07181710004806519
0.07179822772741318
0.07178017497062683
0.07176289707422256
0.07174645364284515
0.07173071056604385
0.07171536237001419
0.07170078903436661
0.07168667018413544
0.07167300581932068
0.0716596469283104
0.0716468021273613
0.0716341957449913
0.07162163406610489
0.07160957157611847
0.07159767299890518
0.07158561795949936
0.07157377153635025
