0.3750266134738922
0.37500274181365967
0.3749530017375946
0.3748747408390045
0.3747600317001343
0.37459343671798706
0.37433913350105286
0.373916894197464
0.3731181025505066
0.37119755148887634
0.36500194668769836
0.33865857124328613
0.28407803177833557
0.3612126111984253
0.3689485788345337
0.37068459391593933
0.37140586972236633
0.37179112434387207
0.37202703952789307
0.372184157371521
0.3722950518131256
0.3723765015602112
0.37243887782096863
0.3724866211414337
0.37252479791641235
0.3725557327270508
0.37258079648017883
0.3726010024547577
0.3726179003715515
0.37263214588165283
0.3726443350315094
0.3726543188095093
0.3726624548435211
0.3726697862148285
0.37267568707466125
0.37268078327178955
0.37268495559692383
0.37268877029418945
0.37269216775894165
0.37269484996795654
0.37269657850265503
0.37269827723503113
0.37269970774650574
0.3727007508277893
0.37270134687423706
0.37270206212997437
0.37270209193229675
0.3727022409439087
0.3727019727230072
0.3727019727230072
0.37270137667655945
0.372700959444046
0.37270060181617737
0.37269967794418335
0.3726987838745117
0.3726980984210968
0.3726971745491028
0.3726958930492401
0.37269487977027893
0.37269365787506104
0.37269270420074463
0.37269148230552673
0.372690349817276
0.3726893365383148
0.3726881742477417
0.3726867437362671
0.37268561124801636
0.37268394231796265
0.3726826608181
0.37268126010894775
0.3726797103881836
0.3726784586906433
0.3726770281791687
0.3726758360862732
0.37267449498176575
0.37267303466796875
0.3726716637611389
0.3726702034473419
0.3726685047149658
0.3726670444011688
0.37266576290130615
0.3726642429828644
0.3726626932621002
0.37266114354133606
0.37265950441360474
0.3726578652858734
0.3726564347743988
0.3726547062397003
0.37265312671661377
0.37265193462371826
0.3726503551006317
0.37264904379844666
0.3726474642753601
0.37264612317085266
0.37264469265937805
0.37264299392700195
0.37264159321784973
0.3726402521133423
0.37263867259025574
0.3726373314857483
0.3726361393928528
0.372634619474411
0.37263327836990356
0.37263163924217224
0.3726302981376648
0.3726288974285126
0.372627317905426
0.37262609601020813
0.372624933719635
0.372623473405838
0.37262243032455444
0.37262094020843506
0.3726191222667694
0.3726176917552948
0.37261638045310974
0.37261518836021423
0.37261390686035156
0.3726122975349426
0.37261077761650085
0.37260958552360535
0.37260839343070984
0.37260717153549194
0.37260574102401733
0.3726041316986084
0.3726028501987457
0.3726016879081726
0.3726003170013428
0.3725990951061249
0.37259766459465027
0.37259653210639954
0.37259525060653687
0.37259405851364136
0.3725927770137787
0.3725915551185608
0.37259048223495483
0.3725892901420593
0.37258777022361755
0.37258633971214294
0.3725852966308594
0.37258410453796387
0.37258291244506836
0.3725815713405609
0.37258049845695496
0.3725792467594147
0.37257811427116394
0.37257713079452515
0.37257617712020874
0.3725748658180237
0.37257370352745056
0.37257248163223267
0.37257125973701477
0.3725700378417969
0.37256887555122375
0.3725680410861969
0.37256690859794617
0.37256568670272827
0.372564435005188
0.37256306409835815
0.3725619912147522
0.37256094813346863
0.3725598156452179
0.37255868315696716
0.3725576102733612
0.37255650758743286
0.37255555391311646
0.372554212808609
0.37255337834358215
0.37255221605300903
0.37255123257637024
0.37255024909973145
0.37254926562309265
0.37254834175109863
0.3725472092628479
0.3725462257862091
0.3725450336933136
0.3725438117980957
0.37254244089126587
0.37254148721694946
0.3725406229496002
0.3725396394729614
0.3725387156009674
0.3725374937057495
0.3725365996360779
0.372535765171051
0.37253478169441223
0.3725337088108063
0.3725327253341675
0.37253156304359436
0.3725307285785675
0.3725298047065735
0.37252846360206604
0.3725275993347168
0.372526615858078
0.37252581119537354
0.37252479791641235
0.3725239634513855
0.37252292037010193
0.3725220561027527
0.37252089381217957
0.3725200295448303
