0.1252240240573883
0.12519711256027222
0.12514394521713257
0.12506592273712158
0.12496428191661835
0.12483814358711243
0.12468435615301132
0.12449382245540619
0.1242494285106659
0.12392262369394302
0.1234646588563919
0.1228005588054657
0.12181051075458527
0.12030579149723053
0.11798056215047836
0.11432601511478424
0.108455128967762
0.09884568303823471
0.0859808474779129
0.0744081363081932
0.06509051471948624
0.05857717990875244
0.05433446913957596
0.051346324384212494
0.046314630657434464
0.04015471041202545
0.0353650227189064
0.03421002998948097
0.03515450656414032
0.0368734747171402
0.037633076310157776
0.036867693066596985
0.035232026129961014
0.0333358496427536
0.03172990307211876
0.030453715473413467
0.02937520295381546
0.0284753255546093
0.02771783620119095
0.027127843350172043
0.02671315148472786
0.02639273926615715
0.026066824793815613
0.02572670578956604
0.025354929268360138
0.024940619245171547
0.02448941394686699
0.02400137297809124
0.02348324842751026
0.022942598909139633
0.022389719262719154
0.021836966276168823
0.021283062174916267
0.020733363926410675
0.02019304409623146
0.01965627819299698
0.019126635044813156
0.01862042397260666
0.018129665404558182
0.01764877699315548
0.017197098582983017
0.01677090674638748
0.01637611910700798
0.01600273884832859
0.0156472846865654
0.015325658023357391
0.015033927746117115
0.014758511446416378
0.014501772820949554
0.014268094673752785
0.014052868820726871
0.013853822834789753
0.013679705560207367
0.013516834005713463
0.013357900083065033
0.013201036490499973
0.0130488071590662
0.012901457026600838
0.01275579258799553
0.012608618475496769
0.012465449050068855
0.012323392555117607
0.012181442230939865
0.012039871886372566
0.01189678255468607
0.011751115322113037
0.011602969840168953
0.011452151462435722
0.011300711892545223
0.011149871163070202
0.01099841296672821
0.010846796445548534
0.010695457458496094
0.010545706376433372
0.01039820909500122
0.01025080494582653
0.010104012675583363
0.00995946116745472
0.009816110134124756
0.009675911627709866
0.009538532234728336
0.009403230622410774
0.009271101094782352
0.009146413765847683
0.00902564637362957
0.008908809162676334
0.008795393630862236
0.008686009794473648
0.008580519817769527
0.008478248491883278
0.008379771374166012
0.008287813514471054
0.008199283853173256
0.008114284835755825
0.00803356058895588
0.007955880835652351
0.007880453951656818
0.007807611487805843
0.007736473344266415
0.007667497731745243
0.007600264623761177
0.007534955628216267
0.007471058052033186
0.007409241050481796
0.007349621504545212
0.0072914655320346355
0.0072340089827775955
0.007177211344242096
0.007120977621525526
0.007066433317959309
0.007012960501015186
0.006960593163967133
0.006909654475748539
0.00686182314530015
0.006816514767706394
0.006774319335818291
0.006732294801622629
0.006690300069749355
0.0066483174450695515
0.00660624448210001
0.006564109120517969
0.00652184896171093
0.006479294970631599
0.006437713745981455
0.006396986078470945
0.006356521509587765
0.0063172210939228535
0.006278448272496462
0.006240534596145153
0.006204591132700443
0.0061685931868851185
0.006133252754807472
0.006098343059420586
0.006063802633434534
0.006029506213963032
0.005995030049234629
0.005960519425570965
0.0059260157868266106
0.0058916425332427025
0.00585728045552969
0.0058228676207363605
0.005788206588476896
0.005754007957875729
0.005719888489693403
0.005685550160706043
0.005651040002703667
0.005616436712443829
0.005581719800829887
0.00554692605510354
0.005512274336069822
0.005478504579514265
0.005444664042443037
0.005410852376371622
0.0053772712126374245
0.0053437030874192715
0.005311569198966026
0.00527999410405755
0.0052491845563054085
0.005218911916017532
0.005188825074583292
0.005159950349479914
0.005131901241838932
0.005104865413159132
0.0050779771991074085
0.005052023567259312
0.005026531405746937
0.005001243203878403
0.00497604301199317
0.0049509322270751
0.004925963003188372
0.0049014766700565815
0.004877448547631502
0.004853551276028156
0.004829821642488241
0.004806175362318754
0.0047826990485191345
0.004759343806654215
0.004736235365271568
0.004713224712759256
0.004690439905971289
