-0.0035984311252832413
-0.0044557154178619385
-0.00569401029497385
-0.007837502285838127
-0.010007121600210667
-0.01231062225997448
-0.013921992853283882
-0.015254102647304535
-0.01576872542500496
-0.015826210379600525
-0.015333164483308792
-0.015017995610833168
-0.014701418578624725
-0.014601434580981731
-0.014803115278482437
-0.015123128890991211
-0.015965625643730164
-0.016652138903737068
-0.01763942465186119
-0.018330419436097145
-0.01898089423775673
-0.01952725276350975
-0.01957543194293976
-0.019570035859942436
-0.01920333504676819
-0.018708601593971252
-0.018397381529211998
-0.01795702427625656
-0.01765107922255993
-0.01760343462228775
-0.017556462436914444
-0.017607517540454865
-0.017874158918857574
-0.01813725382089615
-0.018327396363019943
-0.01857614517211914
-0.018871434032917023
-0.019078368321061134
-0.019190743565559387
-0.019320879131555557
-0.019484136253595352
-0.019587939605116844
-0.019601672887802124
-0.019590765237808228
-0.01960676908493042
-0.019625505432486534
-0.019597496837377548
-0.01952327787876129
-0.019454840570688248
-0.019430011510849
-0.019431179389357567
-0.019417719915509224
-0.019376130774617195
-0.019329968839883804
-0.019310344010591507
-0.019325274974107742
-0.019356969743967056
-0.019380539655685425
-0.019387613981962204
-0.019391773268580437
-0.019414614886045456
-0.019466422498226166
-0.019538626074790955
-0.019612837582826614
-0.01967555657029152
-0.019727159291505814
-0.01977853663265705
-0.0198424831032753
-0.019924405962228775
-0.020020103082060814
-0.020119300112128258
-0.0202120840549469
-0.020294077694416046
-0.02036958560347557
-0.020447127521038055
-0.02053476870059967
-0.020635366439819336
-0.020745201036334038
-0.020856697112321854
-0.02096230536699295
-0.021058160811662674
-0.021145114675164223
-0.021227631717920303
-0.021311122924089432
-0.021399162709712982
-0.021492283791303635
-0.021587684750556946
-0.021680649369955063
-0.021766478195786476
-0.021842006593942642
-0.021906759589910507
-0.021963253617286682
-0.022014960646629333
-0.022065775468945503
-0.02211793139576912
-0.0221713799983263
-0.02222401462495327
-0.022272605448961258
-0.022314107045531273
-0.02234650030732155
-0.022369354963302612
-0.022384364157915115
-0.022393982857465744
-0.022400954738259315
-0.02240760251879692
-0.022415531799197197
-0.022424528375267982
-0.022433709353208542
-0.022441316395998
-0.02244548499584198
-0.022445211187005043
-0.022440031170845032
-0.022430548444390297
-0.02241833135485649
-0.022405672818422318
-0.022394370287656784
-0.022386137396097183
-0.022381791844964027
-0.0223812498152256
-0.022383684292435646
-0.022387951612472534
-0.022392481565475464
-0.022396348416805267
-0.022398468106985092
-0.022399093955755234
-0.022398561239242554
-0.022397750988602638
-0.02239769883453846
-0.022399622946977615
-0.022404009476304054
-0.022411523386836052
-0.022422123700380325
-0.022435378283262253
-0.02245037630200386
-0.022466424852609634
-0.02248254418373108
-0.022497963160276413
-0.022512108087539673
-0.022524934262037277
-0.022536445409059525
-0.022546986117959023
-0.022557280957698822
-0.02256801165640354
-0.022579580545425415
-0.022592581808567047
-0.022607196122407913
-0.022623449563980103
-0.022641323506832123
-0.02266000211238861
-0.022679205983877182
-0.022698290646076202
-0.022716917097568512
-0.02273438312113285
-0.022750621661543846
-0.022765420377254486
-0.02277890220284462
-0.022791367024183273
-0.022802995517849922
-0.022814389318227768
-0.02282581850886345
-0.022837720811367035
-0.022850221022963524
-0.02286355011165142
-0.022877734154462814
-0.022892843931913376
-0.022908607497811317
-0.022924797609448433
-0.022941160947084427
-0.022957434877753258
-0.022973202168941498
-0.022988364100456238
-0.023002557456493378
-0.023015793412923813
-0.0230281800031662
-0.02303963713347912
-0.023050453513860703
-0.023060712963342667
-0.023070644587278366
-0.02308049239218235
-0.02309047058224678
-0.02310095727443695
-0.023111920803785324
-0.023123297840356827
-0.023135460913181305
-0.02314808964729309
-0.02316104993224144
-0.023174386471509933
-0.023187685757875443
-0.02320096828043461
-0.023213809356093407
-0.023226335644721985
-0.023238124325871468
-0.023249268531799316
-0.023259568959474564
-0.023269083350896835
-0.023277923464775085
-0.02328607067465782
-0.023293452337384224
-0.02330055646598339
-0.02330721914768219
