0.12502676248550415
0.12500247359275818
0.12495306134223938
0.12487474828958511
0.12476027011871338
0.12459328770637512
0.12433911859989166
0.12391690164804459
0.12311813980340958
0.12119779735803604
0.11500222980976105
0.08986055105924606
0.09301629662513733
0.07854332774877548
0.09621918201446533
0.10046891123056412
0.10091917216777802
0.09968703985214233
0.0976509302854538
0.09508489817380905
0.09204313158988953
0.08882667869329453
0.08534013479948044
0.08183673024177551
0.07830600440502167
0.07481777667999268
0.07133530080318451
0.06788820028305054
0.06454691290855408
0.06145705655217171
0.058634087443351746
0.0559690035879612
0.05355480685830116
0.05136304348707199
0.04933924227952957
0.04749082401394844
0.04579237475991249
0.04430720582604408
0.04305436834692955
0.04200166091322899
0.04114203155040741
0.04044489935040474
0.03992228955030441
0.03953622281551361
0.03922317549586296
0.03902178257703781
0.03892911970615387
0.03888802230358124
0.038857683539390564
0.03884344547986984
0.03873763233423233
0.03865112364292145
0.038467518985271454
0.03819534182548523
0.03795439004898071
0.037682369351387024
0.03729526698589325
0.0369378924369812
0.03647908568382263
0.03596098721027374
0.035474419593811035
0.03496856242418289
0.034453101456165314
0.03393004089593887
0.033401936292648315
0.03287399560213089
0.03235233202576637
0.03183499351143837
0.03139505162835121
0.03088415414094925
0.03038591891527176
0.029899470508098602
0.02942945621907711
0.028976302593946457
0.028540022671222687
0.028122618794441223
0.027722250670194626
0.02733592689037323
0.0269639752805233
0.026608195155858994
0.026268944144248962
0.025943607091903687
0.0256340391933918
0.025336680933833122
0.025051936507225037
0.02477857656776905
0.024515507742762566
0.02433430217206478
0.02408197708427906
0.023839233443140984
0.023605741560459137
0.02338089421391487
0.023165129125118256
0.02295771613717079
0.022758159786462784
0.02256588079035282
0.02238115854561329
0.02220292016863823
0.02203238382935524
0.021868973970413208
0.021711932495236397
0.021560337394475937
0.02141537331044674
0.021275140345096588
0.02113984152674675
0.021010011434555054
0.02088562399148941
0.0207669660449028
0.020654527470469475
0.020547570660710335
0.02044549584388733
0.020347487181425095
0.02025333046913147
0.020162278786301613
0.020074158906936646
0.019990725442767143
0.019910408183932304
0.019908655434846878
0.019826605916023254
0.019746536388993263
0.01966896466910839
0.01959369145333767
0.019520575180649757
0.019449908286333084
0.019381454214453697
0.0193148385733366
0.019249767065048218
0.019186388701200485
0.019124342128634453
0.019063614308834076
0.019064556807279587
0.019001534208655357
0.018940279260277748
0.01887998916208744
0.018820568919181824
0.01882755756378174
0.018767954781651497
0.01870928704738617
0.01865125447511673
0.018594466149806976
0.018538665026426315
0.01848357915878296
0.01842915266752243
0.018375545740127563
0.018322842195630074
0.01827145367860794
0.018220743164420128
0.018170498311519623
0.01812102645635605
0.01807231456041336
0.01810615509748459
0.018056023865938187
0.018006693571805954
0.017957843840122223
0.017910178750753403
0.017863113433122635
0.01781647466123104
0.017770521342754364
0.017725029960274696
0.017680272459983826
0.017636600881814957
0.01759372092783451
0.017551753669977188
0.017510009929537773
0.017468469217419624
0.01742713153362274
0.01738676428794861
0.0173466969281435
0.017306698486208916
0.017267165705561638
0.01722760498523712
0.017188485711812973
0.017150063067674637
0.017112597823143005
0.01707521453499794
0.017038246616721153
0.017001740634441376
0.01696561649441719
0.016929656267166138
0.016894172877073288
0.016859175637364388
0.01682436652481556
0.016789639368653297
0.016754793003201485
0.016720222309231758
0.016686145216226578
0.016652479767799377
0.01661905273795128
0.016585808247327805
0.01655280776321888
0.016520624980330467
0.016488535329699516
0.01645667850971222
0.016424980014562607
0.016393592581152916
0.01636267639696598
0.016331683844327927
0.016301274299621582
0.016271864995360374
0.01624237187206745
