0.22333593666553497
0.2938154339790344
0.5801977515220642
0.23665806651115417
0.26784926652908325
0.24234892427921295
0.2081824690103531
0.21968033909797668
0.23218566179275513
0.2215392291545868
0.20707440376281738
0.19980382919311523
0.1987619549036026
0.20064249634742737
0.20324179530143738
0.20552317798137665
0.2071227729320526
0.20799602568149567
0.20822671055793762
0.20794403553009033
0.20727546513080597
0.20634135603904724
0.2052408903837204
0.20406143367290497
0.20286552608013153
0.2017044723033905
0.2006126344203949
0.19961661100387573
0.19872832298278809
0.19795359671115875
0.19729599356651306
0.1967499703168869
0.19630783796310425
0.19596059620380402
0.19569836556911469
0.1955101191997528
0.19538530707359314
0.1953125298023224
0.19528111815452576
0.19528080523014069
0.19530369341373444
0.1953403651714325
0.19538450241088867
0.19542887806892395
0.19546791911125183
0.19549758732318878
0.19551262259483337
0.19551172852516174
0.19549143314361572
0.1954505294561386
0.19538836181163788
0.19530433416366577
0.19519835710525513
0.1950714886188507
0.19492457807064056
0.19475850462913513
0.1945752054452896
0.1943766474723816
0.19416366517543793
0.19393935799598694
0.193704292178154
0.1934613585472107
0.19321250915527344
0.19295921921730042
0.1927034705877304
0.19244661927223206
0.19219037890434265
0.19193674623966217
0.19168679416179657
0.19144095480442047
0.19120125472545624
0.19096843898296356
0.19074317812919617
0.19052599370479584
0.1903182566165924
0.1901194304227829
0.1899305135011673
0.18975120782852173
0.18958218395709991
0.18942396342754364
0.18927529454231262
0.1891370415687561
0.18900913000106812
0.1888904869556427
0.18878173828125
0.1886827051639557
0.18859148025512695
0.18851011991500854
0.1884366273880005
0.18837139010429382
0.1883130818605423
0.1882622092962265
0.18821778893470764
0.18817999958992004
0.18814727663993835
0.1881207823753357
0.1880982220172882
0.18808190524578094
0.18806810677051544
0.18805885314941406
0.1880524903535843
0.1880493313074112
0.1880490928888321
0.18805044889450073
0.18805460631847382
0.18805968761444092
0.188065767288208
0.1880733072757721
0.1880832314491272
0.18809208273887634
0.18810167908668518
0.1881113499403
0.18811987340450287
0.1881301999092102
0.18813841044902802
0.18814726173877716
0.1881551742553711
0.18816184997558594
0.18816782534122467
0.18817251920700073
0.18817643821239471
0.18817861378192902
0.1881800889968872
0.18817880749702454
0.18817760050296783
0.18817435204982758
0.1881696581840515
0.18816447257995605
0.1881566345691681
0.18814748525619507
0.1881369948387146
0.18812496960163116
0.18811194598674774
0.1880965232849121
0.18807964026927948
0.1880614310503006
0.1880420744419098
0.18802107870578766
0.1880001723766327
0.18797647953033447
0.18795111775398254
0.18792569637298584
0.18789829313755035
0.187870055437088
0.18784062564373016
0.18781030178070068
0.18777862191200256
0.1877463459968567
0.18771439790725708
0.1876797080039978
0.18764522671699524
0.1876099705696106
0.18757374584674835
0.1875363141298294
0.18750008940696716
0.18746177852153778
0.18742361664772034
0.18738529086112976
0.18734613060951233
0.18730714917182922
0.18726783990859985
0.18722759187221527
0.1871878206729889
0.1871471405029297
0.1871068775653839
0.18706738948822021
0.18702727556228638
0.18698754906654358
0.18694739043712616
0.1869073510169983
0.1868676394224167
0.18682873249053955
0.18678900599479675
0.18675021827220917
0.18671151995658875
0.1866736114025116
0.1866355836391449
0.18659791350364685
0.18656055629253387
0.18652409315109253
0.18648788332939148
0.18645226955413818
0.18641696870326996
0.18638251721858978
0.18634843826293945
0.1863146871328354
0.1862815022468567
0.18624918162822723
0.18621763586997986
0.18618643283843994
0.18615546822547913
0.18612517416477203
0.18609566986560822
0.18606752157211304
0.18603938817977905
0.18601173162460327
0.1859847456216812
0.18595871329307556
0.18593327701091766
0.1859084665775299
