0.7424876689910889
0.742444634437561
0.7423439621925354
0.74215167760849
0.7417818903923035
0.741044282913208
0.7394766211509705
0.7358982563018799
0.7268978357315063
0.7000486850738525
0.5774925947189331
0.4497014284133911
0.4606661796569824
0.3473319113254547
0.29839521646499634
0.29486289620399475
0.3105107545852661
0.3027626574039459
0.28160661458969116
0.2543147802352905
0.22335079312324524
0.1958756148815155
0.1825915426015854
0.18082989752292633
0.1856631636619568
0.1918267458677292
0.19612005352973938
0.19758625328540802
0.19559507071971893
0.1907602697610855
0.1844550371170044
0.1785874366760254
0.1736844927072525
0.16989630460739136
0.16707026958465576
0.16468699276447296
0.16257032752037048
0.16076232492923737
0.15915948152542114
0.15777242183685303
0.1565496176481247
0.15549227595329285
0.15460902452468872
0.1538827121257782
0.15330247581005096
0.15277127921581268
0.15233850479125977
0.15199530124664307
0.15170173346996307
0.15144126117229462
0.15121300518512726
0.1509886234998703
0.15077468752861023
0.15055188536643982
0.1503160148859024
0.1500876247882843
0.14984004199504852
0.14959047734737396
0.1493416279554367
0.14909349381923676
0.14881804585456848
0.14852558076381683
0.14822746813297272
0.14792591333389282
0.1476188451051712
0.14726515114307404
0.1469327211380005
0.1465878188610077
0.1462404876947403
0.1458844542503357
0.14551767706871033
0.1451432704925537
0.14476585388183594
0.14437608420848846
0.14397749304771423
0.14357171952724457
0.14316564798355103
0.14271694421768188
0.14230197668075562
0.14188358187675476
0.14146937429904938
0.14105191826820374
0.14062930643558502
0.14020556211471558
0.13977840542793274
0.13935287296772003
0.13892610371112823
0.13850262761116028
0.13808134198188782
0.13766007125377655
0.1372823566198349
0.13687513768672943
0.1364780068397522
0.136098712682724
0.13572828471660614
0.1353684365749359
0.1350492238998413
0.13470321893692017
0.13436725735664368
0.13403856754302979
0.13372212648391724
0.1334206908941269
0.13312342762947083
0.132832869887352
0.1325552761554718
0.13228312134742737
0.1320147067308426
0.13175342977046967
0.13149923086166382
0.1312396228313446
0.1310005933046341
0.13075394928455353
0.13052891194820404
0.13031038641929626
0.13009637594223022
0.129887655377388
0.12968367338180542
0.12948235869407654
0.12927715480327606
0.12908494472503662
0.12889966368675232
0.1287163645029068
0.12853440642356873
0.128353551030159
0.12818452715873718
0.1280059516429901
0.12782953679561615
0.12766005098819733
0.1274944692850113
0.12733297049999237
0.12715771794319153
0.12700128555297852
0.12684530019760132
0.12669043242931366
0.12653547525405884
0.12638038396835327
0.1262291520833969
0.1260536015033722
0.12591058015823364
0.12576688826084137
0.12562480568885803
0.12548546493053436
0.1253494918346405
0.12521244585514069
0.12507426738739014
0.12493503838777542
0.12479478865861893
0.12465600669384003
0.12451919168233871
0.1243816614151001
0.1242433488368988
0.12410702556371689
0.12397004663944244
0.12383171916007996
0.12369206547737122
0.12355171889066696
0.12341335415840149
0.1232738271355629
0.1231335923075676
0.12299346178770065
0.12285293638706207
0.12271351367235184
0.12257545441389084
0.12243779003620148
0.1223001629114151
0.12216278165578842
0.1220245212316513
0.1218881905078888
0.12175342440605164
0.12161875516176224
0.12148343771696091
0.12134842574596405
0.12121307104825974
0.1210799589753151
0.12094628065824509
0.12081333994865417
0.12068174034357071
0.12055085599422455
0.12041975557804108
0.1202898919582367
0.12015924602746964
0.12002698332071304
0.11989359557628632
0.11975870281457901
0.11962207406759262
0.11948613077402115
0.11934959143400192
0.11921129375696182
0.11907162517309189
0.1189303919672966
0.11878776550292969
0.11864371597766876
0.11849816143512726
0.11835284531116486
0.11820735037326813
0.11806127429008484
0.11791514605283737
0.11776847392320633
0.11762093752622604
0.11747339367866516
