0.18669085204601288
0.1861589252948761
0.18566101789474487
0.18552027642726898
0.18561597168445587
0.1856897920370102
0.18552540242671967
0.1849692463874817
0.1839909553527832
0.1829093098640442
0.18248137831687927
0.1826976239681244
0.18178418278694153
0.17937414348125458
0.17723365128040314
0.17552879452705383
0.17285117506980896
0.16790573298931122
0.16012676060199738
0.15022465586662292
0.14318348467350006
0.13785213232040405
0.12855400145053864
0.12070354074239731
0.11686468124389648
0.11434796452522278
0.11119329184293747
0.10720798373222351
0.10351499170064926
0.10139442980289459
0.10074004530906677
0.10065414011478424
0.10009848326444626
0.09862180799245834
0.09656314551830292
0.09451887756586075
0.09291929006576538
0.09188157320022583
0.09125532954931259
0.09084530919790268
0.09048184752464294
0.09004201740026474
0.08946549892425537
0.08874419331550598
0.08792191743850708
0.08707351982593536
0.08626758307218552
0.08554019778966904
0.08493881672620773
0.08449175208806992
0.08420257270336151
0.08406133949756622
0.08402253687381744
0.0840415209531784
0.08406449854373932
0.08405520766973495
0.08399775624275208
0.0838795080780983
0.08370502293109894
0.08347290754318237
0.08319875597953796
0.08289378881454468
0.08257434517145157
0.08226660639047623
0.08198060095310211
0.0817272886633873
0.08151212334632874
0.08133669197559357
0.08119857311248779
0.08109378069639206
0.0810171440243721
0.08096539229154587
0.08093921840190887
0.0809304490685463
0.0809316337108612
0.08094074577093124
0.08094692975282669
0.08094200491905212
0.08093120157718658
0.08090928941965103
0.0808725357055664
0.0808216854929924
0.08075915277004242
0.080683134496212
0.08059506863355637
0.08049910515546799
0.0803968608379364
0.08028870075941086
0.08017543703317642
0.08006087690591812
0.0799463540315628
0.07983390241861343
0.07972695678472519
0.07962432503700256
0.079530730843544
0.07944618165493011
0.0793694481253624
0.07930202782154083
0.07924363762140274
0.07919441908597946
0.07915292680263519
0.07911830395460129
0.0790889784693718
0.07906656712293625
0.07905066758394241
0.0790412575006485
0.07903384417295456
0.07902910560369492
0.07902474701404572
0.07902026176452637
0.07901444286108017
0.07900746166706085
0.07899798452854156
0.07898624241352081
0.07897164672613144
0.07895307242870331
0.07893171906471252
0.0789065882563591
0.0788775235414505
0.07884374260902405
0.07880601286888123
0.0787641778588295
0.07871866226196289
0.07866936922073364
0.07861616462469101
0.0785602405667305
0.07850074023008347
0.07843948900699615
0.0783768743276596
0.07831241190433502
0.0782465785741806
0.07818030565977097
0.07811324298381805
0.07804563641548157
0.0779784619808197
0.07791153341531754
0.0778454840183258
0.07778075337409973
0.07771803438663483
0.07765708118677139
0.07759876549243927
0.0775429978966713
0.0774892047047615
0.07743730396032333
0.0773884728550911
0.07734184712171555
0.07729781419038773
0.07725628465414047
0.0772189050912857
0.07718424499034882
0.07715108245611191
0.07711967825889587
0.07708997279405594
0.07706248760223389
0.07703649997711182
0.07701202481985092
0.07698960602283478
0.07696841657161713
0.07694777101278305
0.0769282877445221
0.07690943032503128
0.07689181715250015
0.07687511295080185
0.07685916870832443
0.07684352993965149
0.07682817429304123
0.0768122747540474
0.07679636776447296
0.07678014785051346
0.07676412910223007
0.07674802839756012
0.07673133909702301
0.07671403884887695
0.0766962394118309
0.07667798548936844
0.0766591802239418
0.07663994282484055
0.07661990821361542
0.07659932971000671
0.07657819241285324
0.07655627280473709
0.0765332281589508
0.07650983333587646
0.07648549973964691
0.07646045088768005
0.07643479853868484
0.07640819251537323
0.0763811394572258
0.07635333389043808
0.07632490992546082
0.07629595696926117
0.07626642286777496
0.07623639702796936
0.07620607316493988
0.076175257563591
0.07614452391862869
0.07611317187547684
0.07608155161142349
0.07605006545782089
0.07601867616176605
