0.056453339755535126
0.056005142629146576
0.05513805150985718
0.05390721932053566
0.05243096873164177
0.050865404307842255
0.049356915056705475
0.048098400235176086
0.047222837805747986
0.04676517844200134
0.04666925221681595
0.04679688811302185
0.04705788195133209
0.04732911288738251
0.04752189293503761
0.04758123308420181
0.04746636375784874
0.04720086604356766
0.04680107161402702
0.04629746824502945
0.04574303328990936
0.04516511410474777
0.044610798358917236
0.04413571208715439
0.04376181960105896
0.04350724071264267
0.043374963104724884
0.04333816468715668
0.04337465018033981
0.043466631323099136
0.04358083754777908
0.04368137568235397
0.04374431446194649
0.04374966025352478
0.04367759823799133
0.0435187853872776
0.04327651113271713
0.042957305908203125
0.042566366493701935
0.04211321100592613
0.04161373898386955
0.041085876524448395
0.04054364562034607
0.03999748080968857
0.03945562243461609
0.0389254167675972
0.03840963542461395
0.037905253469944
0.037404756993055344
0.036898959428071976
0.03638587146997452
0.035856880247592926
0.03531213849782944
0.03475543111562729
0.03417521342635155
0.03358125686645508
0.03297874331474304
0.0323757641017437
0.0317767858505249
0.031194107607007027
0.03063683584332466
0.030109066516160965
0.029623564332723618
0.029180806130170822
0.028785182163119316
0.028429804369807243
0.028107590973377228
0.027813619002699852
0.02754373289644718
0.02729218453168869
0.02705588936805725
0.026832792907953262
0.026617616415023804
0.026408497244119644
0.026204442605376244
0.026001710444688797
0.025798087939620018
0.025591591373085976
0.025383835658431053
0.025176802650094032
0.024967949837446213
0.024760602042078972
0.024556322023272514
0.024354426190257072
0.024156907573342323
0.02396414242684841
0.023777451366186142
0.02359759621322155
0.02342398092150688
0.02325805090367794
0.023099593818187714
0.02294948324561119
0.022808315232396126
0.02267540618777275
0.022550851106643677
0.022434191778302193
0.02232508361339569
0.022223398089408875
0.022129269316792488
0.022040732204914093
0.021956976503133774
0.02187773585319519
0.021802393719553947
0.02173045463860035
0.02166067063808441
0.021592970937490463
0.021526390686631203
0.02146017737686634
0.021393854171037674
0.021327117457985878
0.021260356530547142
0.021193213760852814
0.021125268191099167
0.021056627854704857
0.020987484604120255
0.020917976275086403
0.020848361775279045
0.020778946578502655
0.020709846168756485
0.020641470327973366
0.020574038848280907
0.020507724955677986
0.020442839711904526
0.020379595458507538
0.020318126305937767
0.020258747041225433
0.020201632753014565
0.020146800205111504
0.020094487816095352
0.020044982433319092
0.019998159259557724
0.019954176619648933
0.01991284266114235
0.019874239340424538
0.019838443025946617
0.01980552449822426
0.019774990156292915
0.019746646285057068
0.019720418378710747
0.019696179777383804
0.019673656672239304
0.019652986899018288
0.019633851945400238
0.019616182893514633
0.01959993690252304
0.01958486996591091
0.0195704847574234
0.019557032734155655
0.01954403705894947
0.019531719386577606
0.019519757479429245
0.01950814388692379
0.019496720284223557
0.01948542147874832
0.019474023953080177
0.019462699070572853
0.019451042637228966
0.019439395517110825
0.01942731812596321
0.01941494829952717
0.019402172416448593
0.019389024004340172
0.019375432282686234
0.01936160959303379
0.01934736967086792
0.019332803785800934
0.019317710772156715
0.01930241659283638
0.019286569207906723
0.019270623102784157
0.019254202023148537
0.019237469881772995
0.019220614805817604
0.019203467294573784
0.019186245277523994
0.019168710336089134
0.019151121377944946
0.01913345232605934
0.01911570504307747
0.01909795217216015
0.019080258905887604
0.019062556326389313
0.019045071676373482
0.019027555361390114
0.01901034452021122
0.018993210047483444
0.018976310268044472
0.018959632143378258
0.018943192437291145
0.018927063792943954
0.01891130581498146
0.018895745277404785
0.018880721181631088
0.018865935504436493
0.01885155588388443
0.018837571144104004
0.018823828548192978
0.018810702487826347
0.018797921016812325
0.018785398453474045
