0.9899874925613403
0.9899442791938782
0.9898444414138794
0.9896508455276489
0.9892820715904236
0.9885441064834595
0.9869763851165771
0.9833984375
0.9743978977203369
0.947548508644104
0.8249372243881226
0.6770800948143005
0.5501939058303833
0.45077210664749146
0.483066201210022
0.455756813287735
0.3941202461719513
0.340596467256546
0.3241705298423767
0.34243836998939514
0.3465827405452728
0.32300835847854614
0.29424598813056946
0.2839207351207733
0.2815782427787781
0.2821457087993622
0.28429919481277466
0.2870248258113861
0.289817214012146
0.2909478545188904
0.28912949562072754
0.2848942279815674
0.2791491150856018
0.27301526069641113
0.26726245880126953
0.26279425621032715
0.2596879005432129
0.25779008865356445
0.25669535994529724
0.2561696767807007
0.2560943365097046
0.25634244084358215
0.25670120120048523
0.25712987780570984
0.25754883885383606
0.25786063075065613
0.2580548822879791
0.25801143050193787
0.25778383016586304
0.2572612762451172
0.2565169930458069
0.2555869221687317
0.2544827461242676
0.2532685101032257
0.25198644399642944
0.2505452036857605
0.24906112253665924
0.247573584318161
0.24610084295272827
0.24466992914676666
0.24330030381679535
0.2420077621936798
0.2408035695552826
0.23968830704689026
0.23868022859096527
0.23776952922344208
0.23694467544555664
0.23620425164699554
0.235544353723526
0.23497463762760162
0.23452335596084595
0.23410235345363617
0.2337309718132019
0.23340252041816711
0.23311279714107513
0.23286251723766327
0.23264579474925995
0.2324623316526413
0.23230889439582825
0.23222006857395172
0.23209331929683685
0.23196884989738464
0.23185457289218903
0.23173768818378448
0.23165364563465118
0.23150742053985596
0.23135069012641907
0.2311849743127823
0.2310061752796173
0.23082423210144043
0.23063147068023682
0.23042131960391998
0.2301960289478302
0.22995468974113464
0.22970792651176453
0.2294492870569229
0.22917479276657104
0.2288866937160492
0.22858604788780212
0.2282751053571701
0.2279563546180725
0.22763396799564362
0.2273043394088745
0.22696414589881897
0.22661709785461426
0.22626996040344238
0.22592002153396606
0.22556734085083008
0.22521235048770905
0.2248549610376358
0.22449275851249695
0.22413626313209534
0.22377829253673553
0.2234240025281906
0.22307534515857697
0.22272992134094238
0.22239568829536438
0.22206996381282806
0.2217511087656021
0.22143957018852234
0.22113406658172607
0.22083590924739838
0.22054320573806763
0.22025667130947113
0.2199786901473999
0.2197107970714569
0.21944987773895264
0.2191947102546692
0.21894629299640656
0.21870887279510498
0.21847890317440033
0.2182549089193344
0.21803583204746246
0.21782135963439941
0.21761289238929749
0.21741220355033875
0.21722005307674408
0.21703451871871948
0.21685577929019928
0.21668453514575958
0.21652080118656158
0.21636363863945007
0.21621167659759521
0.2160651683807373
0.21592305600643158
0.21578583121299744
0.2156517654657364
0.21552489697933197
0.21540364623069763
0.2152893990278244
0.21517997980117798
0.21507428586483002
0.21497106552124023
0.2148691564798355
0.21476894617080688
0.21466988325119019
0.2145732343196869
0.21447701752185822
0.21438129246234894
0.21428698301315308
0.21419371664524078
0.21410103142261505
0.21400968730449677
0.2139195203781128
0.21382933855056763
0.21373887360095978
0.21364815533161163
0.21355733275413513
0.21346640586853027
0.213375523686409
0.21328477561473846
0.21319425106048584
0.21310433745384216
0.213014155626297
0.21292302012443542
0.21283133327960968
0.21274001896381378
0.2126486897468567
0.21255894005298615
0.21246838569641113
0.2123771756887436
0.21228593587875366
0.2121950387954712
0.2121063619852066
0.21201787889003754
0.21192900836467743
0.2118399739265442
0.2117515653371811
0.2116653025150299
0.21158041059970856
0.21149541437625885
0.211410790681839
0.21132564544677734
0.211240753531456
0.2111562192440033
0.21107086539268494
0.21097822487354279
0.21089303493499756
0.21080784499645233
0.21072402596473694
