0.2478656768798828
0.24742412567138672
0.24654865264892578
0.24521762132644653
0.24329331517219543
0.24036121368408203
0.23535501956939697
0.22539770603179932
0.20045576989650726
0.1337214708328247
0.40181753039360046
0.24608176946640015
0.24650909006595612
0.24665848910808563
0.24673473834991455
0.24678055942058563
0.24681158363819122
0.24683377146720886
0.2468504011631012
0.24686340987682343
0.2468739151954651
0.24688230454921722
0.24688932299613953
0.24689523875713348
0.2469005435705185
0.2469048798084259
0.24690869450569153
0.2469121366739273
0.24691501259803772
0.24691759049892426
0.2469201683998108
0.24692225456237793
0.2469242513179779
0.24692609906196594
0.24692784249782562
0.24692928791046143
0.24693062901496887
0.24693188071250916
0.24693292379379272
0.24693432450294495
0.24693532288074493
0.24693626165390015
0.24693739414215088
0.24693813920021057
0.24693885445594788
0.24693956971168518
0.24694032967090607
0.24694137275218964
0.24694198369979858
0.24694260954856873
0.2469429224729538
0.24694351851940155
0.2469438910484314
0.24694448709487915
0.2469450682401657
0.24694541096687317
0.24694587290287018
0.2469463348388672
0.24694663286209106
0.24694673717021942
0.24694718420505524
0.24694770574569702
0.24694804847240448
0.2469485104084015
0.2469487190246582
0.2469490021467209
0.24694937467575073
0.2469494789838791
0.24694983661174774
0.24695001542568207
0.24695028364658356
0.24695052206516266
0.24695076048374176
0.24695099890232086
0.24695104360580444
0.24695134162902832
0.24695150554180145
0.24695181846618652
0.24695192277431488
0.2469521164894104
0.24695225059986115
0.2469523847103119
0.2469523698091507
0.24695253372192383
0.24695269763469696
0.2469528466463089
0.24695301055908203
0.24695318937301636
0.2469533085823059
0.2469533085823059
0.2469535917043686
0.2469538003206253
0.24695399403572083
0.24695415794849396
0.24695435166358948
0.24695445597171783
0.24695436656475067
0.2469542771577835
0.2469545155763626
0.24695459008216858
