0.23007804155349731
0.22526942193508148
0.22104497253894806
0.20950709283351898
0.2040707916021347
0.16873684525489807
0.16938941180706024
0.1642732322216034
0.1570073515176773
0.14914695918560028
0.14128150045871735
0.13379143178462982
0.12692873179912567
0.12072774022817612
0.11520347744226456
0.11056233942508698
0.10724122077226639
0.1047796905040741
0.10347473621368408
0.09807955473661423
0.09520452469587326
0.09277805685997009
0.09134292602539062
0.08951655775308609
0.08720606565475464
0.08407752215862274
0.08006882667541504
0.07639330625534058
0.07391003519296646
0.07265594601631165
0.07267583906650543
0.0692204013466835
0.06726836413145065
0.06540101766586304
0.06422781199216843
0.0628095269203186
0.06137556582689285
0.06112518534064293
0.05901651829481125
0.05712241679430008
0.055325306951999664
0.05361330881714821
0.051615722477436066
0.05018280819058418
0.048867516219615936
0.047662392258644104
0.04656499624252319
0.04553966596722603
0.04459594562649727
0.04372890666127205
