0.2889322340488434
0.3216858208179474
0.3016432225704193
0.33147719502449036
0.2686772644519806
0.2960190176963806
0.23905357718467712
0.19448016583919525
0.10880251228809357
0.10102920234203339
0.12126918137073517
0.10951557755470276
0.07185940444469452
0.0393972247838974
0.01986415684223175
0.00737348198890686
-0.003601711243391037
0.0058317482471466064
-0.00602756068110466
-0.01217544823884964
-0.015735656023025513
-0.01851159706711769
-0.020524371415376663
-0.021861080080270767
-0.02298472449183464
-0.02478613704442978
-0.027618486434221268
-0.039024148136377335
-0.04357217252254486
-0.0468633659183979
-0.048350974917411804
-0.04829587787389755
-0.039403803646564484
-0.04088771715760231
-0.04321283474564552
-0.04531053453683853
-0.04636949673295021
-0.046255581080913544
-0.045505911111831665
-0.044584721326828
-0.04416023939847946
-0.04438900202512741
-0.045062024146318436
-0.04580024629831314
-0.04635775089263916
-0.046491920948028564
-0.046470530331134796
-0.0465337410569191
-0.04679952561855316
-0.047372136265039444
-0.048266492784023285
-0.04944785684347153
-0.05079701542854309
-0.05223913863301277
-0.053736962378025055
-0.05522123724222183
-0.05667426437139511
-0.058031778782606125
-0.059215471148490906
-0.06013479083776474
-0.06075207516551018
-0.06102730706334114
-0.060974687337875366
-0.060660384595394135
-0.06018778681755066
-0.05965859442949295
-0.059192948043346405
-0.05886301398277283
-0.05870562791824341
-0.058746516704559326
-0.058991193771362305
-0.05940808728337288
-0.05997256562113762
-0.06062307953834534
-0.06127007305622101
-0.061855897307395935
-0.062345147132873535
-0.06267755478620529
-0.06287943571805954
-0.06295028328895569
-0.06292015314102173
-0.0628286749124527
-0.06271179020404816
-0.06260916590690613
-0.06254319846630096
-0.06254664063453674
-0.06262848526239395
-0.06279392540454865
-0.06303832679986954
-0.06334967911243439
-0.06372607499361038
-0.06415137648582458
-0.06462590396404266
-0.06513578444719315
-0.06566713750362396
-0.0662170946598053
-0.06675572693347931
-0.06728395074605942
-0.067801333963871
-0.06829731166362762
