0.5668089985847473
0.5666735768318176
0.5664609670639038
0.5662413835525513
0.566059410572052
0.5659278035163879
0.5658419728279114
0.5657925009727478
0.5657689571380615
0.5657631158828735
0.5657703280448914
0.565784215927124
0.5658026933670044
0.5658227205276489
0.5658435225486755
0.5658630132675171
0.5658808350563049
0.5658953785896301
0.5659084916114807
0.5659189224243164
0.565926194190979
0.5659303069114685
0.565932035446167
0.5659308433532715
0.565926730632782
0.5659202933311462
0.5659112930297852
0.5659002661705017
0.5658876895904541
0.5658719539642334
0.5658544898033142
0.5658357739448547
0.5658153891563416
0.5657926797866821
0.5657692551612854
0.5657444000244141
0.5657181739807129
0.5656906366348267
0.5656620264053345
0.5656324028968811
0.5656008124351501
0.5655697584152222
0.5655375123023987
0.565503716468811
0.5654687881469727
0.5654338002204895
0.5653977990150452
0.5653611421585083
0.5653243660926819
0.5652861595153809
0.5652474164962769
0.565208375453949
0.565169095993042
0.5651289224624634
0.56508868932724
0.5650472640991211
0.5650057196617126
0.5649635195732117
0.5649208426475525
0.5648778080940247
0.5648351907730103
0.5647916793823242
0.5647477507591248
0.564703106880188
0.564658522605896
0.5646131634712219
0.5645681023597717
0.5645228028297424
0.5644761323928833
0.5644298791885376
0.5643833875656128
0.5643361806869507
0.5642893314361572
0.5642416477203369
0.5641942620277405
0.5641464591026306
0.564098060131073
0.5640499591827393
0.5640004277229309
0.5639519095420837
0.5639019012451172
0.5638531446456909
0.5638037323951721
0.5637531876564026
0.563703715801239
0.5636528134346008
0.5636026263237
0.5635515451431274
0.5635006427764893
0.5634496808052063
0.5633980631828308
0.5633466243743896
0.5632948875427246
0.5632426142692566
0.5631905198097229
0.5631378889083862
0.5630857348442078
0.5630325078964233
0.5629794001579285
0.5629265904426575
