0.45173147320747375
0.45054495334625244
0.4463346004486084
0.4213349521160126
0.44422510266304016
0.4442085325717926
0.4440673589706421
0.44393661618232727
0.4438237249851227
0.4437238574028015
0.4436357915401459
0.4435575306415558
0.4434858560562134
0.4434201419353485
0.4433598518371582
0.4433036744594574
0.44325190782546997
0.4432029128074646
0.44315701723098755
0.44311344623565674
0.44307219982147217
0.4430326223373413
0.44299572706222534
0.4429593086242676
0.44292494654655457
0.4428921937942505
0.44286006689071655
0.44282957911491394
0.44279980659484863
0.4427720308303833
0.4427441656589508
0.442717581987381
0.4426919221878052
0.44266682863235474
0.44264206290245056
0.4426185190677643
0.4425952732563019
0.44257277250289917
0.44255098700523376
0.4425296485424042
0.4425084590911865
0.4424886703491211
0.44246864318847656
0.4424489438533783
0.4424299895763397
0.4424111545085907
0.442393034696579
0.4423750340938568
0.4423576295375824
0.4423399567604065
