0.22684432566165924
0.22651457786560059
0.22590017318725586
0.2250676304101944
0.2240716964006424
0.2229299545288086
0.22161173820495605
0.22003225982189178
0.2180514633655548
0.2154572755098343
0.2119259387254715
0.20692934095859528
0.19952630996704102
0.18783317506313324
0.1681785136461258
0.14105743169784546
0.1131843701004982
0.09435922652482986
0.09716826677322388
0.09032135456800461
0.06658197939395905
0.055030763149261475
0.05107451230287552
0.04820398613810539
0.04530183598399162
0.0419144481420517
0.03850400820374489
0.03569377213716507
0.033521272242069244
0.03199939802289009
0.030916964635252953
0.030417002737522125
0.030309312045574188
0.029814142733812332
0.029291771352291107
0.028857145458459854
0.02830898016691208
0.027729205787181854
0.02713586576282978
0.026470394805073738
0.025781864300370216
0.025024818256497383
0.024246565997600555
0.02346169576048851
0.02268313243985176
0.02191072888672352
0.02115284837782383
0.020428678020834923
0.019642535597085953
0.01899845339357853
