0.2425564080476761
0.23826994001865387
0.23335257172584534
0.23129823803901672
0.23169857263565063
0.23297610878944397
0.23430781066417694
0.23543840646743774
0.2363375425338745
0.23703764379024506
0.23758091032505035
0.23800544440746307
0.23833996057510376
0.23860572278499603
0.23881909251213074
0.23899130523204803
0.23913133144378662
0.23924559354782104
0.23933850228786469
0.23941481113433838
0.23947705328464508
0.239527627825737
0.23956814408302307
0.2396005392074585
0.23962581157684326
0.2396453619003296
0.23965969681739807
0.23966942727565765
0.2396753877401352
0.23967799544334412
0.23967814445495605
0.23967525362968445
0.239670529961586
0.23966358602046967
0.23965495824813843
0.23964503407478333
0.23963378369808197
0.23962120711803436
0.2396077960729599
0.2395934760570526
0.23957836627960205
0.23956279456615448
0.2395462989807129
0.23952949047088623
0.23951227962970734
0.23949463665485382
0.23947641253471375
0.23945800960063934
0.23943954706192017
0.2394208163022995
0.23940181732177734
0.2393827885389328
0.2393636554479599
0.23934416472911835
0.2393249124288559
0.23930522799491882
0.23928581178188324
0.23926624655723572
0.2392469197511673
0.23922760784626007
0.23920826613903046
0.23918859660625458
0.239169180393219
0.23914991319179535
0.23913085460662842
0.23911195993423462
0.23909267783164978
0.23907360434532166
0.23905466496944427
0.23903577029705048
0.23901718854904175
0.2389984428882599
0.23898003995418549
0.23896178603172302
0.2389436811208725
0.238925039768219
0.23890693485736847
0.2388891726732254
0.23887109756469727
0.23885369300842285
0.23883605003356934
0.23881830275058746
0.23880107700824738
0.23878373205661774
0.23876675963401794
0.23874928057193756
0.2387329339981079
0.2387157678604126
0.23869925737380981
0.23868246376514435
0.23866604268550873
0.23864956200122833
0.23863370716571808
0.23861752450466156
0.2386014759540558
0.23858565092086792
0.23856988549232483
0.23855403065681458
0.2385384887456894
0.2385232299566269
