0.021466653794050217
0.022536752745509148
0.024418402463197708
0.026153890416026115
0.02746773324906826
0.028427869081497192
0.02913205698132515
0.029652900993824005
0.030040135607123375
0.030328119173645973
0.030541151762008667
0.030696483328938484
0.030806919559836388
0.03088189661502838
0.030928369611501694
0.030952034518122673
0.03095700778067112
0.03094673901796341
0.03092389926314354
0.030890556052327156
0.030848506838083267
0.030799169093370438
0.030743587762117386
0.030682943761348724
0.03061784990131855
0.03054916486144066
0.03047727420926094
0.030402768403291702
0.030325990170240402
0.030247483402490616
0.030167261138558388
0.030085798352956772
0.030003247782588005
0.029919836670160294
0.029835715889930725
0.029750946909189224
0.029665853828191757
0.029580313712358475
0.029494600370526314
0.029408762231469154
0.029322883114218712
0.029236946254968643
0.029151076450943947
0.029065318405628204
0.028979690745472908
0.028894273564219475
0.028809133917093277
0.02872416190803051
0.028639614582061768
0.0285552516579628
0.028471216559410095
0.028387585654854774
0.02830437757074833
0.0282214917242527
0.028139013797044754
0.02805684134364128
0.027975209057331085
0.02789388783276081
0.027813125401735306
0.02773265168070793
0.027652690187096596
0.027573145925998688
0.027494097128510475
0.027415450662374496
0.02733730897307396
0.027259573340415955
0.027182282879948616
0.027105439454317093
0.027029046788811684
0.026953136548399925
0.02687765657901764
0.02680262364447117
0.02672804519534111
0.026653826236724854
0.026580164209008217
0.02650688961148262
0.026434047147631645
0.02636171318590641
0.026289720088243484
0.026218220591545105
0.026147086173295975
0.0260764192789793
0.02600613236427307
0.02593631111085415
0.02586696855723858
0.025797901675105095
0.025729352608323097
0.02566111832857132
0.02559325471520424
0.02552599087357521
0.025458935648202896
0.025392333045601845
0.02532615140080452
0.025260308757424355
0.025194883346557617
0.02512986958026886
0.025065144523978233
0.02500084601342678
0.024936888366937637
0.024873260408639908
