0.37930887937545776
0.37917378544807434
0.3789606988430023
0.37874138355255127
0.37855932116508484
0.37842798233032227
0.3783417344093323
0.3782922625541687
0.37826886773109436
0.37826329469680786
0.37827005982398987
0.3782840967178345
0.3783022463321686
0.37832269072532654
0.37834325432777405
0.3783629238605499
0.378380686044693
0.3783961236476898
0.3784087002277374
0.37841883301734924
0.3784262537956238
0.37843072414398193
0.3784315884113312
0.37843063473701477
0.3784264326095581
0.37842032313346863
0.3784114420413971
0.37840038537979126
0.3783875107765198
0.37837183475494385
0.3783545196056366
0.37833577394485474
0.3783157169818878
0.3782931864261627
0.37826964259147644
0.37824440002441406
0.3782180845737457
0.3781902492046356
0.37816187739372253
0.37813204526901245
0.3781013488769531
0.3780694901943207
0.3780372440814972
0.37800320982933044
0.3779687285423279
0.37793415784835815
0.3778979778289795
0.3778614103794098
0.3778243064880371
0.37778595089912415
