0.676844596862793
0.676514744758606
0.6759005188941956
0.6750683188438416
0.674071729183197
0.6729302406311035
0.6716116666793823
0.6700325608253479
0.6680508852005005
0.6654570698738098
0.6619259715080261
0.6569288969039917
0.6495264768600464
0.6378331780433655
0.6174230575561523
0.5751861929893494
0.460221529006958
0.3679261803627014
0.33507126569747925
0.3377818763256073
0.33798712491989136
0.2885313332080841
0.22367030382156372
0.18587826192378998
0.1864445060491562
0.20424599945545197
0.2188943326473236
0.22558417916297913
0.21826453506946564
0.20384687185287476
0.18793097138404846
0.17255918681621552
0.16416755318641663
0.158426433801651
0.15468785166740417
0.1544358730316162
0.1560009866952896
0.15852266550064087
0.16160687804222107
0.16415522992610931
0.16492220759391785
0.16503480076789856
0.16406801342964172
0.16241957247257233
0.16023221611976624
0.15763208270072937
0.15486928820610046
0.15206678211688995
0.1494355946779251
0.1471824049949646
