0.901731550693512
0.9005451202392578
0.8963341116905212
0.8114509582519531
0.8679097890853882
0.869374692440033
0.868208110332489
0.8666843771934509
0.8651239275932312
0.8635963201522827
0.8621197938919067
0.8606932163238525
0.859313428401947
0.8579757213592529
0.8566735982894897
0.8554056286811829
0.8541669249534607
0.8529527187347412
0.8517624139785767
0.8505910038948059
0.8494378924369812
0.8483008146286011
0.8470363020896912
0.8459673523902893
0.8449116945266724
0.8438660502433777
0.8428312540054321
0.8418048620223999
0.8407889008522034
0.8397785425186157
0.8387734293937683
0.8373365998268127
0.8363420963287354
0.8353561162948608
0.8343767523765564
0.8334044814109802
0.83243727684021
0.8314759135246277
0.8305168151855469
0.829563558101654
0.8286131620407104
0.8276677131652832
0.8267236948013306
0.8257821202278137
0.8248425722122192
0.8239049911499023
0.8229696750640869
0.8220340609550476
0.8211001753807068
0.8201668858528137
0.8192325234413147
0.8183003664016724
0.8173679709434509
0.8164332509040833
0.815499484539032
0.8145649433135986
0.8136290907859802
0.8126912117004395
0.811753511428833
0.8108131885528564
0.809873104095459
0.808928906917572
0.8079843521118164
0.8070365786552429
0.806086540222168
0.8051345348358154
0.8041801452636719
0.8032225370407104
0.8022619485855103
0.8012982606887817
0.800331175327301
0.7993610501289368
0.7983871698379517
0.7974116802215576
0.796430230140686
0.7954452037811279
0.8020666837692261
0.8011817336082458
0.8002925515174866
0.7993984818458557
0.7985008955001831
0.7975977659225464
0.7966902256011963
0.7957784533500671
0.7948611378669739
0.7939383387565613
0.7930124402046204
0.7967180013656616
0.7957797646522522
0.7948366403579712
0.793887734413147
0.7929355502128601
0.791976809501648
0.7910139560699463
0.7900453209877014
0.7890716791152954
0.7880935668945312
0.7871088981628418
0.7861188054084778
0.7851226925849915
