0.09254351258277893
0.09251950681209564
0.09247133880853653
0.09239795058965683
0.0922974944114685
0.09216780960559845
0.09200537949800491
0.09181150048971176
0.091573067009449
0.09127835184335709
0.09090851247310638
0.09049225598573685
0.08996904641389847
0.0892477035522461
0.08852462470531464
0.08782259374856949
0.08685136586427689
0.0845283716917038
0.08157655596733093
0.08085892349481583
0.0760524794459343
0.06809015572071075
0.05740484595298767
0.052418407052755356
0.05083354189991951
0.05162156745791435
0.048295918852090836
0.04472305625677109
0.03928889334201813
0.03247489035129547
0.02553967386484146
0.01931869611144066
0.01425753440707922
0.009826600551605225
0.00984951201826334
0.01115530077368021
0.013635312207043171
0.01187121868133545
0.011975527741014957
0.009375798515975475
0.013168430887162685
0.010329141281545162
0.009041523560881615
0.008406301960349083
0.00833890214562416
0.008000553585588932
0.008151129819452763
0.008521484211087227
0.008714718744158745
0.008925414644181728
0.009113017469644547
0.009294267743825912
0.009419746696949005
0.00946714822202921
0.009450097568333149
0.009381227195262909
0.009262464940547943
0.009100942872464657
0.008909434080123901
0.008691824972629547
0.008451264351606369
0.0081966957077384
0.007926646620035172
0.007659069262444973
0.007374457083642483
0.007075995672494173
0.0068125007674098015
0.0065432339906692505
0.006267008371651173
0.005992803256958723
0.0054467166773974895
0.005178930703550577
0.0049167824909091
0.004663997329771519
0.004421205259859562
0.0041914088651537895
0.003968967590481043
0.0037645671982318163
0.0036616483703255653
0.0032720458693802357
0.0031486167572438717
0.0031458772718906403
0.003031727857887745
0.002923645544797182
0.002825832460075617
0.002727324841544032
0.0026352116838097572
0.0025395837146788836
0.002445448189973831
0.002365052467212081
0.0023373644798994064
0.002341821324080229
0.0023524954449385405
0.002362240571528673
0.0023642005398869514
0.0023842076770961285
0.002389554399996996
0.002401391975581646
0.0024126539938151836
0.0024207285605371
0.0022712983191013336
0.0022689122706651688
0.002262985333800316
0.0021802419796586037
0.002183811739087105
0.0021841854322701693
0.0021882790606468916
0.002191348699852824
0.0021909468341618776
0.00218707206659019
0.0021797160152345896
0.0021725345868617296
0.002165442332625389
0.002154500922188163
0.002139740390703082
0.0021224759984761477
0.002102210884913802
0.0020783322397619486
0.002050927607342601
0.002020093612372875
0.0019910100381821394
0.001979506341740489
0.001967452932149172
0.0019525280222296715
0.001934804255142808
0.0019143135286867619
0.001891133259050548
0.0018653415609151125
0.0018370242323726416
0.0018062712624669075
0.0017731841653585434
0.0017378616612404585
0.0017004155088216066
0.0016609642188996077
0.0016196145443245769
0.0015784306451678276
0.0015360331162810326
0.001494219177402556
0.0014558191178366542
0.0014176133554428816
0.0013798269210383296
0.0013413226697593927
0.0013021708000451326
0.0012624323135241866
0.001226120046339929
0.0011899140663444996
0.001153373159468174
0.0011180887231603265
0.0010891768615692854
0.0010601553367450833
0.0010310420766472816
0.0010018539614975452
0.0009726113057695329
0.0009433192317374051
0.0009161040070466697
0.0008892847108654678
0.000871308904606849
0.0008561782306060195
0.000841103435959667
0.0008260891772806644
0.0008111260249279439
0.0007963526877574623
0.0007817135192453861
0.0007671306957490742
0.0007526003173552454
0.0007381272152997553
0.0007237118552438915
0.0007122949464246631
0.0007030449341982603
0.0006937665748409927
0.0006844631861895323
0.0006751340697519481
0.0006657788180746138
0.0006563962670043111
0.0006469785002991557
0.0006375348893925548
0.0006280571105889976
0.0006185392267070711
0.0006089845555834472
0.0005994016537442803
0.0005897687515243888
0.0005801051156595349
0.0005706289084628224
0.0005612772656604648
0.0005518250982277095
0.0005422750837169588
0.0005326283280737698
0.0005228807567618787
0.000513044185936451
0.0005045997095294297
0.0004964144318364561
0.00048820546362549067
0.0004799720481969416
0.00047170851030386984
0.0004635359800886363
0.00045541388681158423
0.0004472765140235424
0.0004391157126519829
0.00043093611020594835
0.0004227419849485159
