0.023966655135154724
0.025036746636033058
0.026918398216366768
0.028653893619775772
0.029967736452817917
0.03092786855995655
0.031632065773010254
0.032152898609638214
0.03254013881087303
0.03282811865210533
0.033041149377822876
0.033196479082107544
0.033306919038295746
0.03338189423084259
0.033428363502025604
0.03345203772187233
0.03345700353384018
0.03344673663377762
0.033423904329538345
0.033390555530786514
0.033348508179187775
0.033299170434474945
0.03324359282851219
0.03318294137716293
0.03311784937977791
0.033049166202545166
0.03297727555036545
0.03290276229381561
0.03282599151134491
0.03274748846888542
0.032667264342308044
0.03258579596877098
0.03250324726104736
0.032419830560684204
0.03233571723103523
0.03225094825029373
0.032165851444005966
0.03208032250404358
0.03199460357427597
0.031908757984638214
0.03182288259267807
0.03173694387078285
0.031651079654693604
0.03156531974673271
0.031479693949222565
0.03139427304267883
0.03130913898348808
0.03122415952384472
0.031139619648456573
0.03105524554848671
0.030971214175224304
0.03088759258389473
0.030804377049207687
0.03072148747742176
0.030639011412858963
0.030556844547390938
0.030475208535790443
0.03039388544857502
0.030313124880194664
0.030232645571231842
0.030152689665555954
0.030073147267103195
0.029994096606969833
0.029915452003479004
0.029837310314178467
0.029759574681520462
0.029682286083698273
0.0296054445207119
0.02952904812991619
0.029453137889504433
0.029377657920122147
0.029302623122930527
0.029228046536445618
0.02915382757782936
0.029080158099532127
0.029006890952587128
0.028934048488736153
0.02886171266436577
0.02878972329199314
0.028718216344714165
0.02864708937704563
0.02857642062008381
0.02850613370537758
0.02843630313873291
0.028366971760988235
0.028297901153564453
0.028229359537363052
0.02816111594438553
0.028093257918953896
0.028025992214679718
0.027958929538726807
0.0278923362493515
0.02782614529132843
0.027760308235883713
0.027694879099726677
0.02762986719608307
0.027565142139792442
0.027500851079821587
0.027436887845396996
0.027373261749744415
