0.4139319360256195
0.4662114083766937
0.40619754791259766
0.4121536612510681
0.41861605644226074
0.42523065209388733
0.4324011206626892
0.440524160861969
0.4500602185726166
0.4616102874279022
0.475965291261673
0.4940105974674225
0.5161297917366028
0.5370820164680481
0.5124735236167908
0.4777781069278717
0.7345110177993774
0.6562596559524536
0.5485711097717285
0.4876435697078705
0.45429518818855286
0.43471282720565796
0.4224250614643097
0.4143449664115906
0.4088761806488037
0.4051300287246704
0.4025782346725464
0.4008926749229431
0.39985886216163635
0.3993338942527771
0.3992197513580322
0.399445116519928
0.3999634087085724
0.40073853731155396
0.4017462730407715
0.402968168258667
0.4043927788734436
0.40601304173469543
0.4078230857849121
0.4098218083381653
0.4120078682899475
0.4143805205821991
0.4169405400753021
0.4196862280368805
0.4226144552230835
0.42571699619293213
0.4289794862270355
0.43237724900245667
0.43587058782577515
0.4393996596336365
0.4428896903991699
0.4464145600795746
0.4499644637107849
0.4533538222312927
0.4561197757720947
0.45763012766838074
0.45733535289764404
0.4547346234321594
0.4544236361980438
0.4523783028125763
0.4464753270149231
0.43543848395347595
0.41807037591934204
0.3936097323894501
0.36188820004463196
0.323574036359787
0.2800666391849518
0.23341265320777893
0.18594540655612946
0.14031806588172913
0.10029126703739166
0.07042092084884644
0.05527260899543762
0.057396918535232544
0.07521376013755798
0.10417231917381287
0.138503298163414
0.17330877482891083
0.20549079775810242
0.23367057740688324
0.2575533986091614
0.27742433547973633
0.2938053607940674
0.30726417899131775
0.3183279037475586
0.3274502158164978
0.3350038230419159
0.3412930369377136
0.3465592861175537
0.3509935140609741
0.3547510504722595
0.35795241594314575
0.36069631576538086
0.3630598783493042
0.36510708928108215
0.3668878972530365
0.3684448003768921
0.36981308460235596
0.37101903557777405
0.3720860481262207
