0.0603598915040493
0.05838336795568466
0.057434652000665665
0.05631677061319351
0.04905186966061592
0.043471790850162506
0.03291396424174309
0.029454827308654785
0.0337771512567997
0.03322973847389221
0.0364801287651062
0.03640977293252945
0.0367705263197422
0.03635965287685394
0.035433221608400345
0.03417954966425896
0.03421851992607117
0.032697539776563644
0.030951354652643204
0.029061421751976013
0.02850281447172165
0.026671480387449265
0.02571217343211174
0.023779410868883133
0.021715132519602776
0.019537022337317467
0.018432218581438065
0.016384167596697807
0.014376189559698105
0.012283919379115105
0.010111447423696518
0.007881730794906616
0.004516048356890678
0.002502068877220154
0.0005066674202680588
0.0038182493299245834
0.003142310306429863
0.0025088489055633545
0.0019326228648424149
0.0014331992715597153
0.0010371655225753784
0.0007481910288333893
-5.974806845188141e-05
-0.00025786273181438446
-0.00034577958285808563
-0.00033508799970149994
-0.00023912452161312103
-3.006868064403534e-05
0.0002451986074447632
0.0005335640162229538
0.0007787831127643585
0.0009414553642272949
0.000979747623205185
0.0008843429386615753
0.0006611309945583344
0.00029275380074977875
-0.00022046640515327454
-0.0008541811257600784
-0.0015857815742492676
-0.0023937150835990906
-0.0032526757568120956
-0.004128480330109596
-0.004999132826924324
-0.005841352045536041
-0.0066412147134542465
-0.007387012243270874
-0.008070508018136024
-0.008686119690537453
-0.009232759475708008
-0.009712962433695793
-0.010131651535630226
-0.010494088754057884
-0.010805746540427208
-0.011070560663938522
-0.011293992400169373
-0.011483343318104744
-0.01164308749139309
-0.011538246646523476
-0.011682486161589622
-0.011807769536972046
-0.011917894706130028
-0.012014942243695259
-0.012102335691452026
-0.012185811996459961
-0.012266784906387329
-0.012347983196377754
-0.01243053749203682
-0.012516245245933533
-0.012606458738446236
-0.012702599167823792
-0.012805677950382233
-0.012916425243020058
-0.01303541287779808
-0.013162432238459587
-0.013295231387019157
-0.013436513021588326
-0.013585476204752922
-0.013740167021751404
-0.013901365920901299
-0.014070142060518265
