0.09184414893388748
0.09151444584131241
0.09090010821819305
0.0900675505399704
0.08907172083854675
0.08793023228645325
0.08661173284053802
0.08503212779760361
0.08305149525403976
0.08045745640993118
0.07692589610815048
0.07193955779075623
0.06521138548851013
0.05753203481435776
0.05051324516534805
0.044291429221630096
0.039342526346445084
0.03538123518228531
0.03156052157282829
0.028805028647184372
0.026589931920170784
0.023926248773932457
0.021479381248354912
0.018906816840171814
0.016510099172592163
0.014582837000489235
0.012966727837920189
0.011574352160096169
0.010376361198723316
0.009262468665838242
0.008342928253114223
0.007828124798834324
0.007396460976451635
0.0073609258979558945
0.007080552168190479
0.0068780104629695415
0.00675179623067379
0.006685587111860514
0.0066644116304814816
0.0066708754748106
0.006693067494779825
0.0067183454521000385
0.006745235063135624
0.006770476698875427
0.00678934995085001
0.0068068429827690125
0.006817902438342571
0.006820792332291603
0.006812657695263624
0.006797104608267546
