0.4900565445423126
0.4857696294784546
0.4808526635169983
0.4787982106208801
0.47919854521751404
0.4804760813713074
0.4818073511123657
0.4829387366771698
0.48383766412734985
0.48453691601753235
0.48508092761039734
0.48550528287887573
0.4858398139476776
0.48610585927963257
0.48631900548934937
0.48649147152900696
0.4866314232349396
0.4867451786994934
0.4868389964103699
0.4869149923324585
0.4869777262210846
0.48702704906463623
0.48706817626953125
0.4871004819869995
0.4871256947517395
0.4871450364589691
0.48715946078300476
0.4871695637702942
0.487175315618515
0.48717793822288513
0.4871778190135956
0.48717519640922546
0.48717036843299866
0.48716339468955994
0.48715439438819885
0.48714542388916016
0.48713430762290955
0.4871211349964142
0.48710814118385315
0.487093448638916
0.48707816004753113
0.48706287145614624
0.48704591393470764
0.48702964186668396
0.48701199889183044
0.48699429631233215
0.4869767129421234
0.48695844411849976
0.4869394898414612
0.48692047595977783
0.4869018495082855
0.48688212037086487
0.48686328530311584
0.4868442714214325
0.48682448267936707
0.48680579662323
0.48678600788116455
0.4867667853832245
0.4867468476295471
0.4867277145385742
0.4867081046104431
0.4866887331008911
0.4866693317890167
0.4866502285003662
0.48663130402565
0.4866115152835846
0.48659273982048035
0.4865739643573761
0.4865545332431793
0.4865361154079437
0.4865168333053589
0.48649856448173523
0.4864802062511444
0.48646166920661926
0.48644357919692993
0.48642486333847046
0.48640748858451843
0.48638907074928284
0.486371785402298
0.4863533675670624
0.4863356947898865
0.4863179624080658
0.4863002598285675
0.4862830340862274
0.48626622557640076
0.4862495958805084
0.48623260855674744
0.4862159192562103
0.48619940876960754
0.48618313670158386
0.4861660897731781
0.48614999651908875
0.4861334562301636
0.48611700534820557
0.48610132932662964
0.48608511686325073
0.4860697388648987
0.4860546886920929
0.48603829741477966
0.4860231876373291
