0.4139319360256195
0.44668564200401306
0.4266432225704193
0.45647725462913513
0.393677294254303
0.4205103814601898
0.354464590549469
0.3046048879623413
0.20606863498687744
0.22845064103603363
0.1848083883523941
0.14039048552513123
0.12248989939689636
0.07288038730621338
0.04594213142991066
0.05254996195435524
0.04617646336555481
0.04542485624551773
0.031675636768341064
0.02596191316843033
0.03781214728951454
0.04444538801908493
0.035456493496894836
0.013466998934745789
-0.0017694905400276184
-0.004217162728309631
-0.0018080845475196838
-0.0020729899406433105
-0.005801036953926086
-0.009771853685379028
-0.011415824294090271
-0.0024012476205825806
-0.002235919237136841
-0.0030651167035102844
-0.003806956112384796
-0.003744855523109436
-0.0034668296575546265
-0.0038173645734786987
-0.004915349185466766
-0.006434526294469833
-0.0079476498067379
-0.00894150510430336
-0.009228058159351349
-0.009063512086868286
-0.009014226496219635
-0.009445883333683014
-0.01066843792796135
-0.012766212224960327
-0.015145078301429749
-0.017240487039089203
-0.018428217619657516
-0.018593497574329376
-0.01823844015598297
-0.017857450991868973
-0.01785815879702568
-0.018478751182556152
-0.019767343997955322
-0.021632827818393707
-0.023854978382587433
-0.02594059705734253
-0.0275891050696373
-0.028613470494747162
-0.028967656195163727
-0.028748568147420883
-0.02801407501101494
-0.027034632861614227
-0.026049267500638962
-0.025265734642744064
-0.02486260235309601
-0.02489447221159935
-0.025408685207366943
-0.02638264372944832
-0.02772204577922821
-0.029312364757061005
-0.03108515590429306
-0.03289761394262314
-0.03462699055671692
-0.03623512014746666
-0.03761177882552147
-0.038777921348810196
-0.03968917205929756
-0.040310196578502655
-0.04069880023598671
-0.040936265140771866
-0.041103776544332504
-0.04125175252556801
-0.04141741991043091
-0.04162373021245003
-0.04187936708331108
-0.042190149426460266
-0.042547836899757385
-0.04295671358704567
-0.043384358286857605
-0.04383057728409767
-0.04425673559308052
-0.04460453987121582
-0.044904209673404694
-0.04515495523810387
-0.045366689562797546
-0.04555019363760948
