0.49649935960769653
0.4918491244316101
0.4821493923664093
0.4711967706680298
0.4692712426185608
0.46564099192619324
0.2605416774749756
0.4030395448207855
0.42855557799339294
0.42738085985183716
0.41960883140563965
0.4079606831073761
0.39262643456459045
0.37290528416633606
0.3431689441204071
0.3091910779476166
0.2757618725299835
0.2458062767982483
0.21938642859458923
0.1954953819513321
0.17484956979751587
0.15844784677028656
0.1450444459915161
0.13761568069458008
0.13391581177711487
0.1330619752407074
0.1324063539505005
0.13167870044708252
0.1314648687839508
0.12980586290359497
0.12922829389572144
0.12868502736091614
0.1295856088399887
0.13078585267066956
0.1321008801460266
0.13348092138767242
0.13476289808750153
0.1358858048915863
0.1367984116077423
0.13754644989967346
0.13808512687683105
0.13840927183628082
0.1385306566953659
0.13846001029014587
0.13826671242713928
0.13792331516742706
0.13742057979106903
0.13679376244544983
0.1360933631658554
0.1363687813282013
