0.3860422968864441
0.3776819705963135
0.36454513669013977
0.3796082139015198
0.37864258885383606
0.37759819626808167
0.3767356276512146
0.37600570917129517
0.37536829710006714
0.37479928135871887
0.374280720949173
0.3738022744655609
0.37335532903671265
0.37293505668640137
0.37253618240356445
0.3721557557582855
0.3717912435531616
0.3714403212070465
0.3711020350456238
0.370774507522583
0.370456337928772
0.370146781206131
0.36984550952911377
0.3695511519908905
0.36926358938217163
0.36898133158683777
0.3687058389186859
0.36843550205230713
0.3681695759296417
0.36790838837623596
0.3676512837409973
0.3673992156982422
0.36714985966682434
0.3669045567512512
0.36666339635849
0.36642512679100037
0.3661898970603943
0.36595815420150757
0.3657294511795044
0.3655032813549042
0.3652799725532532
0.36505916714668274
0.36484095454216003
0.36462512612342834
0.36441218852996826
0.3642008602619171
0.363992840051651
0.3637861907482147
0.36358168721199036
0.3633793592453003
