0.33032214641571045
0.3299700915813446
0.37752780318260193
0.32136964797973633
0.6848288178443909
0.3361859619617462
0.3299068510532379
0.32850804924964905
0.32792600989341736
0.32761240005493164
0.3274165391921997
0.32728320360183716
0.3271868824958801
0.32711368799209595
0.32705584168434143
0.32700905203819275
0.32697078585624695
0.32693785429000854
0.3269106149673462
0.32688647508621216
0.3268655836582184
0.32684725522994995
0.32683065533638
0.32681581377983093
0.32680222392082214
0.3267902135848999
0.32677894830703735
0.3267691731452942
0.326759397983551
0.32675039768218994
0.3267422914505005
0.3267347514629364
0.3267282545566559
0.3267214894294739
0.3267151415348053
0.3267097771167755
0.32670408487319946
0.32669901847839355
0.3266940414905548
0.326689213514328
0.32668453454971313
0.32668066024780273
0.3266763687133789
0.32667264342308044
0.32666921615600586
0.32666563987731934
0.32666194438934326
0.32665878534317017
0.3266552686691284
0.32665228843688965
0.32664939761161804
0.3266468644142151
0.3266438841819763
0.3266414403915405
0.32663851976394653
0.32663604617118835
0.326633483171463
0.3266313076019287
0.3266294598579407
0.3266265392303467
0.3266250491142273
0.32662278413772583
0.3266211450099945
0.32661882042884827
0.3266172409057617
0.32661551237106323
0.32661330699920654
0.32661202549934387
0.32661017775535583
0.32660818099975586
0.3266068696975708
0.3266051411628723
0.32660380005836487
0.32660233974456787
0.32660046219825745
0.32659900188446045
0.3265979588031769
0.3265964686870575
0.32659509778022766
0.3265932500362396
0.3265922963619232
0.3265911340713501
0.3265896141529083
0.32658863067626953
0.32658761739730835
0.32658615708351135
0.32658499479293823
0.32658401131629944
0.32658296823501587
0.3265814483165741
0.3265802562236786
0.3265789747238159
0.32657837867736816
0.32657739520072937
0.3265763819217682
0.3265753388404846
0.3265742063522339
0.3265732228755951
0.3265722095966339
0.32657134532928467
