0.20515601336956024
0.20061612129211426
0.19196318089962006
0.18583711981773376
0.18022842705249786
0.17580071091651917
0.17662128806114197
0.17879363894462585
0.18019278347492218
0.1808057725429535
0.18084172904491425
0.18044936656951904
0.17971618473529816
0.17869339883327484
0.17741110920906067
0.17588505148887634
0.17412161827087402
0.17211906611919403
0.1698729544878006
0.16737830638885498
0.1646130532026291
0.16156253218650818
0.15822818875312805
0.1545666754245758
0.15056546032428741
0.146266907453537
0.14183126389980316
0.13724085688591003
0.1326785683631897
0.12825094163417816
0.12389481067657471
0.11952832341194153
0.11521467566490173
0.11111414432525635
0.1072888970375061
0.10375665873289108
0.10049117356538773
0.09757838398218155
0.09495828300714493
0.09258744865655899
0.09047427773475647
0.08858392387628555
0.08690178394317627
0.08534704148769379
0.0839511901140213
0.08267948031425476
0.08151969313621521
0.08057155460119247
0.07980389893054962
0.07919157296419144
0.07868873327970505
0.07830463349819183
0.07802101224660873
0.07783738523721695
0.07774662971496582
0.07767936587333679
0.07761605829000473
0.07755491137504578
0.07747408747673035
0.07735395431518555
0.07718322426080704
0.07698521018028259
0.07673609256744385
0.07644976675510406
0.07610976696014404
0.07573739439249039
0.07532505691051483
0.07485103607177734
0.07432650029659271
0.07378648221492767
0.07323586195707321
0.07264947891235352
0.07199200987815857
0.07123555988073349
0.07038451731204987
0.06945420056581497
0.06845682859420776
0.06738787144422531
0.06625401228666306
0.06507726013660431
0.06385038048028946
0.06258121877908707
0.06129918619990349
0.060015968978405
0.05874837934970856
0.05748492479324341
0.05627309903502464
0.05509581044316292
0.05396470054984093
0.05286826193332672
0.05179460346698761
0.05075765401124954
0.04975681006908417
0.048794347792863846
0.04786093533039093
0.046944305300712585
0.046043381094932556
0.04516388848423958
0.04429641738533974
0.043441809713840485
0.04260314628481865
0.041789185255765915
0.04099401459097862
0.04022703692317009
0.0394698865711689
0.038735609501600266
0.03802594915032387
0.037334274500608444
0.03666296973824501
0.0360112302005291
0.03537512198090553
0.03476375341415405
0.03417721763253212
0.0336148627102375
0.033073291182518005
0.03255077823996544
0.032047778367996216
0.031565889716148376
0.03110615722835064
0.030670007690787315
0.0302564799785614
0.02986438199877739
0.029495367780327797
0.029145248234272003
0.02881011553108692
0.02849077247083187
0.02818303182721138
0.02788759022951126
0.02760392427444458
0.027336014434695244
0.027076367288827896
0.026820560917258263
0.026568561792373657
0.0263222549110651
0.026083866134285927
0.02585006132721901
0.025622477754950523
0.025394262745976448
0.02517055906355381
0.02494671940803528
0.02472134493291378
0.02449507638812065
0.02426907792687416
0.024043181911110878
0.02381628379225731
0.023589923977851868
0.023366395384073257
0.02314615622162819
0.022927261888980865
0.022713620215654373
0.02250600978732109
0.022305550053715706
0.022110261023044586
0.021922588348388672
0.021737951785326004
0.021556513383984566
0.021381739526987076
0.021211696788668633
0.021047087386250496
0.02089371718466282
0.020749231800436974
0.02061348222196102
0.020482566207647324
0.020360399037599564
0.020242799073457718
0.020129526033997536
0.020023489370942116
0.019924532622098923
0.019828688353300095
0.019735271111130714
0.019643722102046013
0.019556235522031784
0.019474893808364868
0.01939711533486843
0.019320674240589142
0.01924983784556389
0.019182175397872925
0.01912185177206993
0.01906478963792324
0.01900654472410679
0.01894703507423401
0.01888732612133026
0.01882600598037243
0.018765393644571304
0.018704872578382492
0.01864440366625786
0.018582718446850777
0.018519658595323563
0.018454262986779213
0.01838650181889534
0.01831677369773388
0.018245218321681023
0.018172843381762505
0.01809956505894661
0.01802537962794304
0.01795043982565403
0.01787499338388443
0.017797712236642838
0.017719829455018044
0.017642470076680183
0.017566079273819923
0.017490528523921967
0.0174153633415699
0.01734076254069805
0.017268000170588493
0.017194941639900208
0.017122477293014526
0.017050545662641525
0.016978586092591286
0.016907550394535065
0.01683777943253517
0.016769547015428543
0.01670323684811592
0.016637753695249557
0.016572702676057816
0.016511578112840652
0.016453580930829048
0.016396665945649147
0.016340918838977814
0.01628812775015831
0.016237232834100723
0.01618776097893715
0.016139328479766846
0.01609276980161667
0.016048025339841843
0.01600528135895729
0.015965085476636887
0.015926234424114227
0.015887387096881866
0.015849459916353226
0.015812259167432785
0.015776146203279495
0.015739940106868744
0.01570332981646061
0.015666257590055466
0.01562872901558876
0.015590665861964226
0.015552016906440258
0.015512716956436634
0.01547287404537201
0.015432776883244514
0.015391952358186245
0.015350627712905407
0.015308797359466553
0.015267728827893734
0.015225665643811226
0.015182663686573505
0.015138665214180946
0.01509364414960146
0.015047838911414146
0.015001312829554081
0.014955020509660244
0.014907781966030598
0.01485962513834238
0.014810522086918354
0.01476053986698389
0.014709623530507088
0.014657865278422832
0.01460557896643877
0.014552843756973743
0.014499317854642868
0.014445029199123383
0.014389977790415287
0.014334476552903652
0.01427835039794445
0.014221570454537868
0.014164460822939873
0.014106769114732742
0.014048952609300613
0.013991030864417553
0.013932660222053528
0.01387454941868782
0.013816049322485924
0.013757266104221344
0.013698171824216843
0.0136388735845685
0.013579479418694973
0.013521102257072926
0.013463572598993778
0.013406384736299515
0.013349498622119427
0.01329459436237812
0.013241306878626347
0.013188192620873451
0.013135702349245548
0.013083531521260738
0.013032328337430954
0.012981646694242954
0.012931205332279205
0.012881048023700714
0.012831192463636398
0.012781624682247639
0.012732633389532566
0.01268478948622942
0.012637344188988209
0.012591051869094372
0.012545340694487095
0.012500332668423653
0.012456594035029411
0.012413490563631058
0.012370752170681953
0.012328467331826687
0.012286829762160778
0.0122455433011055
0.01220459584146738
0.012164011597633362
0.01212376356124878
0.012083830311894417
0.012044246308505535
0.012004982680082321
0.01196602825075388
0.011927682906389236
0.011889906600117683
0.011853082105517387
0.011816960759460926
0.011781073175370693
0.011745420284569263
0.011710027232766151
0.011675486341118813
0.0116415498778224
0.011607823893427849
0.011574254371225834
0.011541117914021015
0.011508557945489883
0.01147615909576416
0.01144437026232481
0.011412897147238255
0.011381500400602818
0.0113501762971282
0.011318894103169441
0.011287937872111797
0.011257114820182323
0.011227265931665897
0.011197877116501331
0.01116842683404684
0.011138916946947575
0.011109338141977787
0.011079690419137478
0.011049926280975342
0.011020067147910595
0.010990208946168423
0.010960406623780727
0.010930480435490608
0.010900412686169147
0.010870191268622875
0.010840033181011677
0.010809913277626038
0.010779629461467266
0.010749178938567638
0.010718549601733685
0.010687729343771935
0.010656737722456455
0.010625525377690792
0.010594136081635952
0.01056255865842104
0.010530860163271427
0.010499145835638046
0.010467229411005974
0.010435108095407486
0.010402822867035866
0.010370790958404541
0.010338553227484226
0.010306120850145817
0.010273716412484646
0.010241338051855564
0.010208765044808388
0.010175994597375393
0.010143417865037918
0.010110818780958652
0.010078026913106441
0.010045062750577927
0.010012127459049225
0.009979300200939178
0.009946317411959171
0.00991317443549633
0.00987986195832491
0.009846409782767296
0.009812794625759125
0.009779023006558418
0.00974512379616499
0.009711384773254395
0.009677482768893242
0.009643499739468098
0.009609553962945938
0.009575513191521168
0.00954136997461319
0.009507141076028347
0.009472807869315147
0.009438392706215382
0.009404339827597141
0.009370479732751846
0.009336561895906925
0.009302918799221516
0.00926943402737379
0.009236117824912071
0.009202715940773487
0.009169449098408222
0.009136558510363102
0.00910381879657507
0.009071162901818752
0.009038494899868965
0.009006008505821228
0.008973782882094383
0.008941561914980412
0.008909349329769611
0.008877167478203773
0.00884498842060566
0.008812863379716873
0.00878076907247305
0.008748740889132023
0.008716887794435024
0.0086850980296731
0.008653342723846436
0.008621652610599995
0.008590326644480228
0.008559424430131912
0.008528703823685646
0.008498233743011951
0.00846806913614273
0.008437995798885822
0.008407993242144585
0.008378122933208942
0.008348407223820686
0.008319195359945297
0.008290311321616173
0.008261540904641151
0.008232899010181427
0.008204808458685875
0.008176877163350582
0.008149076253175735
0.008121405728161335
0.008093868382275105
0.008066471666097641
0.008039183914661407
0.008012163452804089
0.007985365577042103
0.00795868318527937
0.007932140491902828
0.00790575984865427
0.007879574783146381
0.007853832095861435
0.00782827939838171
0.007802859880030155
0.007777620106935501
0.007752451114356518
0.007727921940386295
0.007703558541834354
0.007679334841668606
0.007655556313693523
0.007632332853972912
0.007609939202666283
0.0075882673263549805
0.007566819898784161
0.007545508444309235
0.007524293847382069
0.007503191940486431
0.007482172921299934
0.007461238652467728
0.00744039099663496
0.0074196429923176765
0.00739896297454834
0.00737837515771389
0.007357846014201641
0.007337599992752075
0.007317598909139633
0.007297673262655735
0.007278308272361755
0.007259165868163109
0.007240090519189835
0.0072210561484098434
0.007202246226370335
0.007183583453297615
0.007165192626416683
0.007146824151277542
0.007128478027880192
0.007110126316547394
0.00709180161356926
0.007073475979268551
0.007055232301354408
0.0070372167974710464
0.00701918825507164
0.007001143880188465
0.006983107887208462
0.0069652823731303215
0.006947541609406471
0.00692977849394083
0.006911979056894779
0.006894334219396114
0.0068768905475735664
0.006859554909169674
0.006842327304184437
0.0068250661715865135
0.006807748228311539
0.0067903948947787285
0.006773371249437332
0.006756452843546867
0.006739478558301926
0.006722496822476387
0.00670541450381279
0.006688306108117104
0.006671137176454067
0.006654077209532261
0.006637454032897949
0.006620787084102631
0.006604223512113094
0.006587653420865536
0.006570990197360516
0.006554287858307362
0.006537511944770813
0.0065206559374928474
0.006503761745989323
0.006486773490905762
0.0064697181805968285
0.006452606990933418
0.006435421295464039
0.006418144330382347
0.006400824524462223
0.0063835931941866875
0.006366332992911339
0.006348998285830021
0.006331604905426502
0.006314135156571865
0.006296574138104916
0.0062789591029286385
0.006261271424591541
0.006243523210287094
0.006225782446563244
0.006207975558936596
0.006190074607729912
0.006172101013362408
0.006154404953122139
0.006136688403785229
0.006118984892964363
0.006101229228079319
0.0060834260657429695
0.006065543740987778
0.006047624163329601
0.0060296328738331795
0.006011588498950005
0.005993500351905823
0.005975348874926567
0.005957149900496006
0.005938904359936714
0.005920594558119774
0.005902244709432125
0.005883856676518917
0.005865398794412613
0.005846899934113026
0.005828377790749073
0.005809773690998554
0.005791161209344864
0.005772766657173634
0.005754412151873112
0.005736015737056732
0.0057176826521754265
0.005699392408132553
0.005681131966412067
0.005663116462528706
0.005645084194839001
0.005627205595374107
0.0056093065068125725
0.005591371096670628
0.005573420785367489
0.005555425770580769
0.005537404678761959
0.005519398488104343
0.005501493811607361
0.005483620800077915
0.005465730093419552
0.005447813309729099
0.005429888144135475
0.005411931313574314
0.005393947474658489
0.005376054905354977
0.005358150228857994
0.005340284667909145
0.005322464741766453
0.005304621532559395
0.005286776460707188
0.005268906243145466
0.005251079797744751
0.0052332086488604546
0.005215355195105076
0.005197503603994846
0.005179648287594318
0.005161779932677746
0.005143914371728897
0.00512606929987669
0.005108201876282692
0.005090372636914253
0.005072874017059803
0.00505547970533371
0.005038316361606121
0.005021168850362301
0.005004010163247585
0.004986855201423168
0.004969708621501923
0.004952545277774334
0.0049354033544659615
0.004918244667351246
