0.676844596862793
0.676514744758606
0.6759005188941956
0.6750683188438416
0.674071729183197
0.6729302406311035
0.6716116666793823
0.6700325608253479
0.6680508852005005
0.6654570698738098
0.6619259715080261
0.6569288969039917
0.6495264768600464
0.6378331780433655
0.6174230575561523
0.5751861929893494
0.46466851234436035
0.7991776466369629
0.6758655905723572
0.6764857172966003
0.6766012907028198
0.6766484379768372
0.676675021648407
0.6766912341117859
0.6767032146453857
0.6767114400863647
0.6767178177833557
0.6767231822013855
0.6767270565032959
0.6767301559448242
0.6767332553863525
0.676735520362854
0.676737904548645
0.6767397522926331
0.6767414808273315
0.6767422556877136
0.6767432689666748
0.6767446994781494
0.6767456531524658
0.676746666431427
0.6767473816871643
0.6767480373382568
0.6767488121986389
0.6767492890357971
0.6767498254776001
0.6767506003379822
0.676751434803009
0.676751434803009
0.6767520308494568
0.6767526865005493
0.6767531037330627
0.676753044128418
0.676753044128418
0.6767534613609314
0.6767547130584717
0.6767550110816956
0.6767547130584717
0.6767547726631165
0.6767548322677612
0.6767552495002747
0.6767555475234985
0.676755964756012
0.6767560839653015
0.676755964756012
0.6767562627792358
0.6767565608024597
0.6767568588256836
0.6767567992210388
0.676757276058197
0.6767568588256836
0.6767566800117493
0.6767566800117493
0.6767565011978149
0.6767566204071045
0.6767570972442627
0.6767571568489075
0.6767572164535522
0.6767574548721313
0.6767576932907104
0.6767581105232239
0.6767582893371582
0.6767582297325134
0.6767584085464478
0.6767582893371582
0.676758348941803
0.6767578721046448
0.6767581701278687
0.6767584681510925
0.6767585277557373
0.6767585277557373
0.6767582297325134
0.676758348941803
0.6767585277557373
0.6767589449882507
0.6767589449882507
0.6767591834068298
0.6767591238021851
0.6767591834068298
0.6767594218254089
0.6767593622207642
