0.20515601336956024
0.20061612129211426
0.19400006532669067
0.18961504101753235
0.1834155023097992
0.17700687050819397
0.17831315100193024
0.18088136613368988
0.1824074685573578
0.18314263224601746
0.18335306644439697
0.18319804966449738
0.18277013301849365
0.1821245402097702
0.1812966912984848
0.18030749261379242
0.17917156219482422
0.17789676785469055
0.17648731172084808
0.17494526505470276
0.17327146232128143
0.17146743834018707
0.1695249080657959
0.16743767261505127
0.16520288586616516
0.16281434893608093
0.16025587916374207
0.1575126200914383
0.15457145869731903
0.15144874155521393
0.1481691151857376
0.14475873112678528
0.14128826558589935
0.13776683807373047
0.13428173959255219
0.1308099776506424
0.12751176953315735
0.12422262877225876
0.12096971273422241
0.11772093921899796
0.11452147364616394
0.11150003969669342
0.10863924771547318
0.10595984756946564
0.10342386364936829
0.10102672874927521
0.09882961958646774
0.09678250551223755
0.09490416198968887
0.09318108856678009
