0.4900565445423126
0.48576968908309937
0.48085257411003113
0.4787982106208801
0.4791986346244812
0.4804759621620178
0.4818073511123657
0.4829387962818146
0.48383772373199463
0.48453691601753235
0.48508110642433167
0.4855053424835205
0.4858398139476776
0.48610585927963257
0.48631903529167175
0.48649147152900696
0.4866313636302948
0.4867452085018158
0.48683905601501465
0.4869149327278137
0.48697763681411743
0.48702701926231384
0.487068235874176
0.48710039258003235
0.4871256649494171
0.4871450662612915
0.48715946078300476
0.487169474363327
0.4871753752231598
0.4871780276298523
0.48717784881591797
0.48717519640922546
0.48717042803764343
0.4871634542942047
0.4871543347835541
0.48714542388916016
0.4871342182159424
0.4871211349964142
0.48710811138153076
0.48709356784820557
0.48707816004753113
0.4870627820491791
0.4870460033416748
0.4870295822620392
0.48701202869415283
0.48699435591697693
0.4869767725467682
0.4869583249092102
0.4869394898414612
0.4869203269481659
