0.07996699959039688
0.0721370056271553
0.031706735491752625
0.07872644811868668
0.07889382541179657
0.0789426788687706
0.0789639949798584
0.0789751261472702
0.07898134738206863
0.07898509502410889
0.07898715883493423
0.07898835092782974
0.07898899912834167
0.07898928225040436
0.07898901402950287
0.07898871600627899
0.07898835092782974
0.07898771017789841
0.07898717373609543
0.07898657023906708
0.0789857730269432
0.07898515462875366
0.0789843425154686
0.07898364961147308
0.07898270338773727
0.07898212224245071
0.07898125052452087
0.07898052781820297
0.07897984236478806
0.07897910475730896
0.07897841185331345
0.07897759974002838
0.07897701114416122
0.07897626608610153
0.07897549122571945
0.07897485047578812
0.07897423952817917
0.07897363603115082
0.07897291332483292
0.078972227871418
0.07897163182497025
0.07897108793258667
0.07897041738033295
0.07896982133388519
0.07896924018859863
0.07896867394447327
0.07896807044744492
0.07896753400564194
0.07896697521209717
0.07896631956100464
0.07896587997674942
0.07896532863378525
0.07896476984024048
0.0789642482995987
0.0789637640118599
0.07896320521831512
0.07896272838115692
0.07896226644515991
0.0789617970585823
0.07896136492490768
0.0789608582854271
0.07896049320697784
0.07895998656749725
0.07895953953266144
0.07895905524492264
0.07895857840776443
0.07895811647176743
0.07895763218402863
0.07895717024803162
0.07895684987306595
0.0789564773440361
0.07895602285861969
0.07895565032958984
0.0789552852511406
0.07895487546920776
0.07895451039075851
0.07895409315824509
0.07895372807979584
0.07895336300134659
0.07895288616418839
0.07895245403051376
0.0789521262049675
0.07895176112651825
0.07895146310329437
0.07895110547542572
0.07895079255104065
0.07895040512084961
0.07895012944936752
0.07894979417324066
0.07894940674304962
0.07894902676343918
0.07894870638847351
0.07894846796989441
0.07894806563854218
0.07894778996706009
0.07894743978977203
0.07894710451364517
0.0789467915892601
0.07894644886255264
0.07894619554281235
