0.038932107388973236
0.07445603609085083
0.035903021693229675
0.04842575639486313
0.06503097712993622
0.09337647259235382
0.10337065905332565
0.12838706374168396
0.09782460331916809
0.07133355736732483
0.053927429020404816
0.044096603989601135
0.03766271471977234
0.03307624161243439
0.029634743928909302
0.02698499709367752
0.02494792640209198
0.023450493812561035
0.022503085434436798
0.02240072190761566
0.0238962322473526
0.017618723213672638
0.015185818076133728
0.016679838299751282
0.028830915689468384
0.05143223702907562
0.09142973273992538
0.0865628719329834
0.049043476581573486
0.0199049711227417
0.009191619232296944
-0.009759802371263504
-0.024807296693325043
-0.03263789415359497
-0.03370196372270584
-0.03871193155646324
-0.031267259269952774
-0.027590617537498474
-0.020982544869184494
-0.023506581783294678
-0.02810985967516899
-0.029327280819416046
-0.039253223687410355
-0.041108254343271255
-0.04392204061150551
-0.04696092754602432
-0.048845186829566956
-0.05045890435576439
-0.05206561088562012
-0.045695189386606216
