0.060042232275009155
0.6183785200119019
0.05866013467311859
0.05885970592498779
0.05893835425376892
0.058983057737350464
0.05901256203651428
0.059034183621406555
0.05905108153820038
0.05906444787979126
0.059075936675071716
0.059085503220558167
0.05909380316734314
0.05910114943981171
0.059107810258865356
0.05911380052566528
0.059119224548339844
0.05912394821643829
0.05912865698337555
0.059132978320121765
0.059136778116226196
0.0591403990983963
0.05914393067359924
0.05914731323719025
0.059150293469429016
0.059153392910957336
0.059156179428100586
0.05915875732898712
0.05916137993335724
0.05916360020637512
0.059166014194488525
0.0591682493686676
0.059170350432395935
0.059172406792640686
0.059174373745918274
0.059176281094551086
0.05917820334434509
0.059180036187171936
0.05918164551258087
0.05918337404727936
0.05918499827384949
0.05918671190738678
0.05918815732002258
0.05918984115123749
0.05919131636619568
0.05919262766838074
0.05919395387172699
0.05919542908668518
0.0591968297958374
0.05919802188873291
0.059199243783950806
0.0592004656791687
0.0592016875743866
0.05920277535915375
0.059204116463661194
0.059205129742622375
0.05920650064945221
0.05920739471912384
0.059208422899246216
0.059209465980529785
0.05921041965484619
0.0592113733291626
0.059212565422058105
0.059213459491729736
0.05921429395675659
0.059215277433395386
0.0592162162065506
0.05921703577041626
0.059217944741249084
0.05921892821788788
0.059219762682914734
0.05922047793865204
0.05922137200832367
0.059222206473350525
0.059222981333732605
0.05922392010688782
0.05922475457191467
0.05922532081604004
0.05922621488571167
0.059226974844932556
0.05922761559486389
0.05922837555408478
0.05922919511795044
0.05922998487949371
0.05923056602478027
0.05923128128051758
0.05923205614089966
0.0592326819896698
0.059233322739601135
0.05923384428024292
0.059234634041786194
0.05923528969287872
0.059235990047454834
0.05923646688461304
0.05923710763454437
0.059237658977508545
0.05923838913440704
0.05923911929130554
0.05923961102962494
0.059240132570266724
