0.5735422372817993
0.5651816725730896
0.5488874316215515
0.5678476691246033
0.5674832463264465
0.5665620565414429
0.56571364402771
0.5649375319480896
0.5642098188400269
0.5635119676589966
0.5628312230110168
0.5621595978736877
0.5614901185035706
0.5565299391746521
0.5556463003158569
0.5548239946365356
0.5540552735328674
0.5533334612846375
0.552652895450592
0.5520089864730835
0.551398515701294
0.5508187413215637
0.5502660870552063
0.5497382283210754
0.5492328405380249
0.5487490892410278
0.5482845902442932
0.5478379726409912
0.547408401966095
0.5469937324523926
0.5465937256813049
0.5462070107460022
0.5458337068557739
0.5454713702201843
0.5451208353042603
0.5447806119918823
0.5444498062133789
0.5441292524337769
0.5438171029090881
0.5435137152671814
0.543217658996582
0.5429297089576721
0.542648434638977
0.5423744916915894
0.5421063303947449
0.5418452024459839
0.5415902137756348
0.5413405299186707
0.5410961508750916
0.5416661500930786
