0.7053217887878418
0.7049702405929565
0.7108911275863647
0.7154819965362549
0.7257387638092041
0.7302951216697693
0.7329219579696655
0.7280552983283997
0.7218048572540283
0.7209460139274597
0.7194950580596924
0.7175402641296387
0.7151299118995667
0.7122944593429565
0.7090413570404053
0.7053712010383606
0.7012733817100525
0.6967325806617737
0.6917257308959961
0.6862294673919678
0.6802117228507996
0.6770725846290588
0.6699814200401306
0.6621838212013245
0.6536113023757935
0.6441877484321594
0.6338335871696472
0.6224649548530579
0.6100006699562073
0.5963582396507263
0.5814653635025024
0.5652772784233093
0.5478256940841675
0.5291544198989868
0.5094674825668335
0.4892485737800598
0.46921777725219727
0.4475904107093811
0.4254850447177887
0.41081979870796204
0.39565080404281616
0.35714685916900635
0.34796836972236633
0.34200501441955566
0.29987943172454834
0.29195156693458557
0.29040858149528503
0.3015761971473694
0.29781556129455566
0.30873823165893555
0.3078903555870056
0.30816036462783813
0.30958259105682373
0.33293643593788147
0.33643123507499695
0.3398433029651642
0.3429011106491089
0.34097543358802795
0.3390633761882782
0.3399527966976166
0.3366447389125824
0.3368538022041321
0.3332762122154236
0.32906821370124817
0.3242770731449127
0.3191056549549103
0.3135516941547394
0.3077937066555023
0.3019527494907379
0.2960887849330902
0.29038116335868835
0.28481587767601013
0.28135374188423157
0.27612435817718506
0.27112600207328796
0.24028706550598145
0.2352573573589325
0.23044675588607788
0.2272367626428604
0.22182950377464294
0.20812010765075684
0.20340365171432495
0.20097661018371582
0.2050870954990387
0.20088784396648407
0.1968977153301239
0.1931729018688202
0.18492227792739868
0.18123497068881989
0.18022280931472778
0.17940804362297058
0.1772463023662567
0.17556942999362946
0.171877920627594
0.19392870366573334
0.19239746034145355
0.1914367377758026
0.19104906916618347
0.19118842482566833
0.19182661175727844
