0.9903655052185059
0.9899237155914307
0.9890483021736145
0.9877176880836487
0.9857927560806274
0.9828609824180603
0.9778567552566528
0.9678966999053955
0.9429548978805542
0.8347563147544861
0.587241530418396
0.5669614672660828
0.43953418731689453
0.47316882014274597
0.45259973406791687
0.3794631063938141
0.3338695764541626
0.321719229221344
0.3279557526111603
0.34217569231987
0.3349275290966034
0.31221333146095276
0.2875612676143646
0.2732059955596924
0.26923346519470215
0.27220433950424194
0.2781656086444855
0.2824244499206543
0.28537148237228394
0.28588438034057617
0.2844577133655548
0.2812668979167938
0.2766650915145874
0.2712923586368561
0.265781968832016
0.26065173745155334
0.2560805380344391
0.25239041447639465
0.2491789013147354
0.24756310880184174
0.24645712971687317
0.24549968540668488
0.24524638056755066
0.24531735479831696
0.24557732045650482
0.24590156972408295
0.24619866907596588
0.24629485607147217
0.24637965857982635
0.2466599941253662
