0.09507794678211212
0.09035059809684753
0.0879364088177681
0.10406658798456192
0.06750527024269104
0.06426256150007248
0.06387756019830704
0.05682158097624779
0.05697694048285484
0.0541028194129467
0.054015304893255234
0.05423790216445923
0.05421622842550278
0.05387755483388901
0.05347418412566185
0.05318717285990715
0.05305708199739456
0.053165461868047714
0.05329292267560959
0.05333806946873665
0.05326827988028526
0.05309852957725525
0.052769001573324203
0.052289463579654694
0.051683127880096436
0.05096741393208504
0.050173819065093994
0.049323029816150665
0.04843316599726677
0.04752025753259659
0.04660679027438164
0.04571365565061569
0.04483625292778015
0.043980859220027924
0.0441863052546978
0.04314181208610535
0.042197663336992264
0.04132236912846565
0.040511421859264374
0.039758600294589996
0.03905533254146576
0.03840269893407822
0.037789370864629745
0.03721030801534653
0.03665944188833237
0.03614144027233124
0.03565245866775513
0.03518807888031006
0.03474218770861626
0.03431480750441551
