0.031148675829172134
0.03840939328074455
0.06667901575565338
0.0422045923769474
0.04384218528866768
0.044556889683008194
0.04501819983124733
0.04536287486553192
0.045641180127859116
0.04587811231613159
0.04608464986085892
0.04626847058534622
0.04643426463007927
0.04658566787838936
0.04672516509890556
0.04685448110103607
0.0469755195081234
0.04708937928080559
0.04719638079404831
0.047298070043325424
0.047394461929798126
0.04748646914958954
0.04757465049624443
0.04765908792614937
0.04774017632007599
0.04781774803996086
0.04789256304502487
0.04796481877565384
0.04803455248475075
0.0481019988656044
0.048167385160923004
0.04823068529367447
0.04829256236553192
0.048352472484111786
0.04841117560863495
0.048468153923749924
0.04852377250790596
0.04857826232910156
0.048631466925144196
0.048683781176805496
0.04873489588499069
0.048784852027893066
0.0488336943089962
0.048881664872169495
0.04892868176102638
0.04897462576627731
0.049019698053598404
0.049064092338085175
0.04910765960812569
0.049150340259075165
0.049192506819963455
0.0492338165640831
0.0492744967341423
0.04931434616446495
0.049353618174791336
0.049392156302928925
0.04943016543984413
0.049467653036117554
0.04950438067317009
0.04954080656170845
0.049576565623283386
0.04961184784770012
0.04964689910411835
0.04968154430389404
0.04971572011709213
0.04974939674139023
0.049782589077949524
0.04981538653373718
0.04984772950410843
0.04987978935241699
0.049911368638277054
0.04994259402155876
0.049973443150520325
0.05000396817922592
0.050034452229738235
0.05006435140967369
0.050094302743673325
0.050123780965805054
0.050152793526649475
0.05018167197704315
0.05021029710769653
0.05023859068751335
0.05026645213365555
0.0409315787255764
0.0409444123506546
0.040956977754831314
0.04096926376223564
0.04098128899931908
0.040993090718984604
0.04100456088781357
0.0410158708691597
0.041026853024959564
0.04103768989443779
0.04104829579591751
0.04105863720178604
0.041068751364946365
0.041078660637140274
0.04108840227127075
0.041098080575466156
0.04110736399888992
