0.4518444538116455
0.45151442289352417
0.4509004056453705
0.4500676095485687
0.4490714371204376
0.44793054461479187
0.446611613035202
0.44503217935562134
0.4430510699748993
0.44045746326446533
0.43692606687545776
0.4319290220737457
0.4245266318321228
0.4128332734107971
0.392423152923584
0.3504500687122345
0.2712181806564331
0.311130553483963
0.34592050313949585
0.42328351736068726
0.43753233551979065
0.44139277935028076
0.4432007968425751
0.44424572587013245
0.444922536611557
0.4453926682472229
0.4457368850708008
0.4459975063800812
0.4462010860443115
0.4463634192943573
0.4464954435825348
0.4466046988964081
0.44669610261917114
0.4467734098434448
0.44683924317359924
0.44689616560935974
0.44694480299949646
0.4469878375530243
0.4470255672931671
0.44705846905708313
0.44708797335624695
0.44711393117904663
0.44713667035102844
0.4471575617790222
0.44717660546302795
0.4471927583217621
0.44720810651779175
0.44722113013267517
0.4472336769104004
0.4472443759441376
0.44725465774536133
0.4472636580467224
0.44727179408073425
0.4472792446613312
0.44728606939315796
0.44729194045066833
0.44729751348495483
0.4473024010658264
0.4473074972629547
0.44731125235557556
0.4473148286342621
0.4473181962966919
0.44732117652893066
0.44732406735420227
0.4473257064819336
0.4473285973072052
0.44733038544654846
0.4473320245742798
0.44733336567878723
0.44733473658561707
0.4473358392715454
0.44733700156211853
0.4473375380039215
0.4473380744457245
0.44733870029449463
0.4473389685153961
0.44733893871307373
0.4473389983177185
0.4473395049571991
0.44733911752700806
0.44733890891075134
0.4473389685153961
0.44733843207359314
0.44733795523643494
0.4473373591899872
0.44733700156211853
0.4473362863063812
0.4473353326320648
0.4473346769809723
0.44733384251594543
0.44733333587646484
0.44733232259750366
0.4473312199115753
0.4473304748535156
0.44732972979545593
0.4473288953304291
0.44732731580734253
0.4473261833190918
0.44732505083084106
0.44732409715652466
