0.07502355426549911
0.075651153922081
0.07681136578321457
0.07800255715847015
0.07897746562957764
0.07972762733697891
0.08030059933662415
0.08074091374874115
0.08108161389827728
0.08134659379720688
0.08155331015586853
0.08171401917934418
0.08183848857879639
0.08193366974592209
0.0820051059126854
0.0820571556687355
0.08209298551082611
0.08211547881364822
0.08212646096944809
0.08212809264659882
0.0821215808391571
0.08210819959640503
0.08208881318569183
0.08206434547901154
0.08203554898500443
0.08200293034315109
0.08196702599525452
0.08192823827266693
0.08188699185848236
0.08184360712766647
0.08179833739995956
0.08175143599510193
0.08170318603515625
0.08165346086025238
0.0816028043627739
0.08155122399330139
0.0814988911151886
0.0814458578824997
0.08139213174581528
0.08133809268474579
0.08128349483013153
0.08122853189706802
0.08117330074310303
0.08111777901649475
0.08106230944395065
0.08100637793540955
0.08095063269138336
0.08089469373226166
0.08083869516849518
0.08078272640705109
0.08072686195373535
0.08067105710506439
0.08061516284942627
0.08055947721004486
0.08050397038459778
0.08044850081205368
0.08039312064647675
0.08033796399831772
0.0802830383181572
0.08022817969322205
0.08017348498106003
0.0801190733909607
0.08006489276885986
0.08001076430082321
0.07995690405368805
0.0799035057425499
0.07985007762908936
0.07979694753885269
0.07974399626255035
0.0796913206577301
0.07963892817497253
0.07958665490150452
0.07953466475009918
0.07948297262191772
0.07943157851696014
0.07938022911548615
0.07932934165000916
0.07927857339382172
0.07922814786434174
0.0791778638958931
0.07912792265415192
0.07907816767692566
0.07902880012989044
0.07897951453924179
0.07893060147762299
0.07888185977935791
0.07883341610431671
0.0787850096821785
0.07873716205358505
0.07868943363428116
0.07864176481962204
0.07859472930431366
0.07854771614074707
0.078500896692276
0.07845430076122284
0.07840809971094131
0.07836201786994934
0.07831624895334244
0.07827060669660568
0.07822529226541519
