0.023966655135154724
0.025036746636033058
0.026918398216366768
0.028653893619775772
0.029967736452817917
0.03092786855995655
0.031632065773010254
0.032152898609638214
0.03254013881087303
0.03282811865210533
0.033041149377822876
0.033196479082107544
0.033306919038295746
0.03338189423084259
0.033428363502025604
0.03345203772187233
0.03345700353384018
0.03344673663377762
0.033423904329538345
0.033390555530786514
0.033348508179187775
0.033299170434474945
0.03324359282851219
0.03318294137716293
0.03311784937977791
0.033049166202545166
0.03297727555036545
0.03290276229381561
0.03282599151134491
0.03274748846888542
0.032667264342308044
0.03258579596877098
0.03250324726104736
0.032419830560684204
0.03233571723103523
0.03225094825029373
0.032165851444005966
0.03208032250404358
0.03199460357427597
0.031908757984638214
0.03182288259267807
0.03173694387078285
0.031651079654693604
0.03156531974673271
0.031479693949222565
0.03139427304267883
0.03130913898348808
0.03122415952384472
0.031139619648456573
0.03105524554848671
