0.13341616094112396
0.13363727927207947
0.13408996164798737
0.1346413791179657
0.13516424596309662
0.13561229407787323
0.13598455488681793
0.13629257678985596
0.1365482360124588
0.13676172494888306
0.136941060423851
0.13709238171577454
0.1372206211090088
0.13732904195785522
0.13742128014564514
0.13749949634075165
0.13756589591503143
0.13762181997299194
0.13766911625862122
0.13770806789398193
0.1377403289079666
0.13776682317256927
0.13778778910636902
0.13780419528484344
0.13781625032424927
0.1378246694803238
0.13782989978790283
0.13783186674118042
0.13783138990402222
0.13782836496829987
0.13782325387001038
0.13781625032424927
0.1378072053194046
0.13779659569263458
0.13778457045555115
0.13777132332324982
0.13775679469108582
0.13774123787879944
0.1377246379852295
0.13770721852779388
0.13768862187862396
0.1376696228981018
0.13764990866184235
0.13762937486171722
0.1376083493232727
0.13758687674999237
0.13756491243839264
0.13754232227802277
0.13751953840255737
0.1374964565038681
0.13747291266918182
0.13744913041591644
0.137425035238266
0.13740065693855286
0.13737604022026062
0.13735130429267883
0.13732632994651794
0.13730140030384064
0.13727615773677826
0.13725066184997559
0.1372252106666565
0.1371995061635971
0.13717389106750488
0.13714821636676788
0.13712239265441895
0.13709652423858643
0.13707056641578674
0.13704471290111542
0.13701866567134857
0.13699260354042053
0.13696664571762085
0.13694073259830475
0.13691465556621552
0.13688869774341583
0.1368626356124878
0.1368366777896881
0.13681063055992126
0.13678468763828278
0.1367589235305786
0.13673314452171326
0.13670720160007477
0.13668158650398254
0.13665582239627838
0.13662998378276825
0.1366044282913208
0.136578768491745
0.13655325770378113
0.13652785122394562
0.13650235533714294
0.13647709786891937
0.1364518105983734
0.1364266574382782
0.13640129566192627
0.1363763064146042
0.13635125756263733
0.13632623851299286
0.1363014131784439
0.13627678155899048
0.13625192642211914
0.13622742891311646
