0.2625235319137573
0.2631511688232422
0.2643113434314728
0.2655025124549866
0.2664775550365448
0.26722773909568787
0.2678006887435913
0.2682410478591919
0.2685816287994385
0.26884695887565613
0.26905307173728943
0.2692137360572815
0.269338458776474
0.2694337069988251
0.26950523257255554
0.26955676078796387
0.26959294080734253
0.2696154713630676
0.2696264684200287
0.26962798833847046
0.2696213722229004
0.2696080505847931
0.2695888876914978
0.2695641815662384
0.2695356011390686
0.26950275897979736
0.26946717500686646
0.2694284915924072
0.2693869471549988
0.2693435847759247
0.2692984342575073
0.2692515254020691
0.26920294761657715
0.269153356552124
0.2691030204296112
0.26905113458633423
0.2689988315105438
0.26894617080688477
0.2688920497894287
0.2688380479812622
0.2687835991382599
0.268728643655777
0.26867321133613586
0.2686176896095276
0.2685621678829193
0.2685062885284424
0.2684505581855774
0.2683947682380676
0.26833856105804443
0.2682828903198242
0.2682270109653473
0.2681707441806793
0.26811519265174866
0.2680594325065613
0.26800400018692017
0.2679484188556671
0.2678931951522827
0.2678379416465759
0.2677830755710602
0.2677280902862549
0.267673522233963
0.2676190435886383
0.26756465435028076
0.26751112937927246
0.267456978559494
0.26740339398384094
0.2673499286174774
0.267296701669693
0.2672441005706787
0.2671912610530853
0.2671390175819397
0.26708656549453735
0.2670347988605499
0.266983300447464
0.2669316828250885
0.26688045263290405
0.2668294310569763
0.2667786777019501
0.2667282819747925
0.26667800545692444
0.266628235578537
0.2665782868862152
0.2665290832519531
0.2664797604084015
0.26643067598342896
0.26638177037239075
0.26633331179618835
0.266285240650177
0.2662370204925537
0.2661895155906677
0.26614195108413696
0.2660948634147644
0.2660476267337799
0.26600104570388794
0.26595449447631836
0.26590844988822937
0.26586204767227173
0.26581618189811707
0.2657707631587982
0.265725314617157
