0.10049935430288315
0.09584901481866837
0.086149200797081
0.0757342129945755
0.07408953458070755
0.08819469064474106
0.060453955084085464
0.05079515278339386
0.041204944252967834
0.033900316804647446
0.02187468856573105
0.02236332930624485
0.021795885637402534
0.020767534151673317
0.01978612132370472
0.01948181539773941
0.023165065795183182
0.018903007730841637
0.015475458465516567
0.014335164800286293
0.014589822851121426
0.014761311933398247
0.014643141068518162
0.014230528846383095
0.01369541883468628
0.013236088678240776
0.012924233451485634
0.012727214023470879
0.012615195475518703
0.012590627186000347
0.012684902176260948
0.01284838654100895
0.013050888665020466
0.013687212020158768
0.014436337165534496
0.014763682149350643
0.015117152594029903
0.015090805478394032
0.015426235273480415
0.015763727948069572
0.01608368009328842
0.016399214044213295
0.016717756167054176
0.01703229732811451
0.01733517460525036
0.017626378685235977
0.017912698909640312
0.01820259913802147
0.01848645880818367
0.018768789246678352
