0.2478656768798828
0.24742412567138672
0.24654865264892578
0.24521762132644653
0.24329331517219543
0.24036121368408203
0.23535501956939697
0.22539770603179932
0.20045576989650726
0.1326521337032318
0.1162748858332634
0.09162528067827225
0.1035468578338623
0.09748020023107529
0.08285592496395111
0.06642258167266846
0.05188674107193947
0.04115884006023407
0.033634018152952194
0.028021041303873062
0.02452678233385086
0.023345116525888443
0.02271103672683239
0.022829599678516388
0.02302640676498413
0.023338353261351585
0.023940207436680794
0.024396801367402077
0.024650443345308304
0.024692567065358162
0.024528689682483673
0.024181444197893143
0.023707697167992592
0.023125045001506805
0.022441035136580467
0.02152516134083271
0.020716482773423195
0.0198581013828516
0.019011080265045166
0.018130481243133545
0.017259830608963966
0.01642848178744316
0.015665963292121887
0.014925559051334858
0.014270207844674587
0.013761667534708977
0.013078960590064526
0.012510129250586033
0.012125371024012566
0.011643670499324799
