0.1375235915184021
0.13815121352672577
0.13931137323379517
0.14050275087356567
0.1414775550365448
0.1422276496887207
0.14280055463314056
0.14324088394641876
0.14358146488666534
0.14384667575359344
0.1440534144639969
0.14421413838863373
0.14433860778808594
0.14443379640579224
0.14450524747371674
0.14455723762512207
0.1445929855108261
0.14461541175842285
0.14462655782699585
0.14462795853614807
0.1446215659379959
0.14460813999176025
0.14458854496479034
0.14456436038017273
0.1445356011390686
0.1445029079914093
0.1444670408964157
0.14442835748195648
0.14438700675964355
0.14434362947940826
0.14429838955402374
0.14425143599510193
0.14420302212238312
0.14415352046489716
0.14410275220870972
0.1440512090921402
0.14399902522563934
0.1439458280801773
0.14389221370220184
0.1438380479812622
0.14378346502780914
0.14372842013835907
0.1436733603477478
0.14361783862113953
0.14356234669685364
0.14350652694702148
0.143450528383255
0.14339454472064972
0.14333868026733398
0.1432827264070511
