0.9850561022758484
0.9807702898979187
0.9758531451225281
0.9737982153892517
0.9741983413696289
0.9754762649536133
0.9768069982528687
0.9779390692710876
0.9788377285003662
0.9795384407043457
0.9800807237625122
0.9805058240890503
0.9808394908905029
0.981106698513031
0.9813188910484314
0.9814908504486084
0.9816319346427917
0.9817452430725098
0.9818379878997803
0.9819146394729614
0.9819757342338562
0.9820273518562317
0.9820677042007446
0.9820998907089233
0.9821264743804932
0.9821445941925049
0.9821588397026062
0.9821693301200867
0.982175350189209
0.9821787476539612
0.982177734375
0.982174813747406
0.9821701049804688
0.9821630716323853
0.9821547269821167
0.9821447730064392
0.982133150100708
0.9821216464042664
0.9821080565452576
0.982093334197998
0.9820785522460938
0.9820630550384521
0.9820471405982971
0.9820296764373779
0.9820110201835632
0.9819942712783813
0.9819747805595398
0.9819581508636475
0.981939971446991
0.9819204807281494
0.9819010496139526
0.9818828105926514
0.9818632006645203
0.9818437695503235
0.9818246960639954
0.981805682182312
0.9817856550216675
0.9817669987678528
0.9817459583282471
0.9817277193069458
0.9817088842391968
0.981688916683197
0.9816692471504211
0.9816499352455139
0.9816315770149231
0.9816117882728577
0.9815929532051086
0.981573224067688
0.9815546274185181
0.9815366268157959
0.9815179109573364
0.9814989566802979
0.9814795851707458
0.981461226940155
0.9814431071281433
0.9814251065254211
0.9814077019691467
0.9813886284828186
0.9813705682754517
0.9813536405563354
0.9813365936279297
0.9813188314437866
0.9813017845153809
0.9812845587730408
0.9812659025192261
0.9812498688697815
0.9812321066856384
0.9812162518501282
0.9811986088752747
0.9811825752258301
0.981166422367096
0.981149435043335
0.9811332821846008
0.9811180830001831
0.9811018705368042
0.9810861945152283
0.9810692667961121
0.9810538291931152
0.9810388684272766
0.9810236692428589
