0.7439992427825928
0.7393484711647034
0.7296491861343384
0.7186972498893738
0.716771125793457
0.7131414413452148
0.42368727922439575
0.7159025073051453
0.7270504236221313
0.7289416193962097
0.7294324636459351
0.7295153141021729
0.7294415235519409
0.7293012738227844
0.7291285395622253
0.7289430499076843
0.7287530303001404
0.7285614013671875
0.7283719778060913
0.7281867265701294
0.7280058264732361
0.7278283834457397
0.7276560068130493
0.7274876236915588
0.7273240685462952
0.7271637916564941
0.7270082831382751
0.7268568277359009
0.7267094850540161
0.726564347743988
0.7264236211776733
0.7262856364250183
0.7261512875556946
0.726018488407135
0.7258903980255127
0.7257633805274963
0.725639283657074
0.7255172729492188
0.7253996133804321
0.7252824306488037
0.7251667380332947
0.7250540256500244
0.7249428629875183
0.7248335480690002
0.7247272729873657
0.7246205806732178
0.7245168685913086
0.7244141101837158
0.7243131995201111
0.7242134809494019
