0.25841623544692993
0.25863730907440186
0.25908997654914856
0.25964146852493286
0.260164350271225
0.2606120705604553
0.2609845697879791
0.26129215955734253
0.26154816150665283
0.26176175475120544
0.261941134929657
0.2620926797389984
0.2622204124927521
0.2623290717601776
0.26242130994796753
0.26249948143959045
0.262565940618515
0.26262167096138
0.2626684904098511
0.26270803809165955
0.26274049282073975
0.26276668906211853
0.26278793811798096
0.2628043293952942
0.2628163993358612
0.26282477378845215
0.26282986998558044
0.26283198595046997
0.26283133029937744
0.2628280818462372
0.2628229558467865
0.2628163695335388
0.2628069818019867
0.2627967298030853
0.2627846300601959
0.26277121901512146
0.26275700330734253
0.262741357088089
0.26272472739219666
0.2627069056034088
0.2626887261867523
0.26266950368881226
0.26264986395835876
0.2626297175884247
0.26260843873023987
0.26258671283721924
0.2625648081302643
0.26254233717918396
0.2625197470188141
0.2624962329864502
