0.20002363622188568
0.20065131783485413
0.20181134343147278
0.20300261676311493
0.2039775252342224
0.2047276347875595
0.2053006887435913
0.20574094355106354
0.20608140528202057
0.20634667575359344
0.20655331015586853
0.20671400427818298
0.20683853328227997
0.20693367719650269
0.2070053219795227
0.20705702900886536
0.20709294080734253
0.20711536705493927
0.20712652802467346
0.20712816715240479
0.20712152123451233
0.20710806548595428
0.20708860456943512
0.20706425607204437
0.20703564584255219
0.20700278878211975
0.20696714520454407
0.2069282978773117
0.20688694715499878
0.20684346556663513
0.2067984789609909
0.2067515254020691
0.2067030519247055
0.20665353536605835
0.20660284161567688
0.20655107498168945
0.20649902522563934
0.2064460664987564
0.2063920646905899
0.2063380926847458
0.2062835693359375
0.20622862875461578
0.20617330074310303
0.2061178833246231
0.2060622274875641
0.2060064822435379
0.2059505581855774
0.20589469373226166
0.2058386504650116
0.2057827264070511
0.2057267725467682
0.20567084848880768
0.20561517775058746
0.20555952191352844
0.20550398528575897
0.20544838905334473
0.20539316534996033
0.20533806085586548
0.2052830010652542
0.20522813498973846
0.20517349243164062
0.2051190733909607
0.2050650417804718
0.20501086115837097
0.20495691895484924
0.2049034833908081
0.20485004782676697
0.20479686558246613
0.20474399626255035
0.20469139516353607
0.2046387940645218
0.20458662509918213
0.20453469455242157
0.20448294281959534
0.20443157851696014
0.20438024401664734
0.20432931184768677
0.2042783796787262
0.20422810316085815
0.20417790114879608
0.20412810146808624
0.20407822728157043
0.20402900874614716
0.20397943258285522
0.20393066108226776
0.20388196408748627
0.2038334161043167
0.20378515124320984
0.20373734831809998
0.20368953049182892
0.20364202558994293
0.20359469950199127
0.20354755222797394
0.20350085198879242
0.20345443487167358
0.20340830087661743
0.20336198806762695
0.20331619679927826
0.2032707780599594
0.20322519540786743
