0.07098285853862762
0.05554205924272537
0.35883551836013794
0.085881307721138
0.08598330616950989
0.08597426861524582
0.08595435321331024
0.08593370020389557
0.08591440320014954
0.0858968198299408
0.08588050305843353
0.08586592227220535
0.08585228025913239
0.08583977073431015
0.08582787215709686
0.08581693470478058
0.08580662310123444
0.08579682558774948
0.08578760176897049
0.0857790857553482
0.0857706367969513
0.08576255291700363
0.08575518429279327
0.08574791997671127
0.08574094623327255
0.08573422580957413
0.0857277661561966
0.08572167158126831
0.08571548759937286
0.08570976555347443
0.08570414781570435
0.0856986790895462
0.08569342643022537
0.08568821102380753
0.0856834203004837
0.0856785923242569
0.08567389100790024
0.08566910773515701
0.0856647714972496
0.08566048741340637
0.08565610647201538
0.08565189689397812
0.08564786612987518
0.08564405143260956
0.0856400728225708
0.08563629537820816
0.08563254773616791
0.08562880754470825
0.08562523126602173
0.08562178909778595
