0.037523504346609116
0.03815114125609398
0.03931136801838875
0.04050257056951523
0.0414775013923645
0.04222765192389488
0.04280061274766922
0.043240901082754135
0.043581608682870865
0.04384663328528404
0.04405327886343002
0.044214047491550446
0.044338539242744446
0.04443370923399925
0.044505152851343155
0.04455713927745819
0.044592998921871185
0.04461539536714554
0.044626496732234955
0.04462800920009613
0.044621553272008896
0.04460812360048294
0.04458877444267273
0.04456432908773422
0.0445355549454689
0.044502899050712585
0.0444670245051384
0.04442823305726051
0.04438699036836624
0.044343627989292145
0.04429835081100464
0.044251449406147
0.044203102588653564
0.04415350407361984
0.04410285875201225
0.04405127465724945
0.04399891197681427
0.043945856392383575
0.04389217123389244
0.043838050216436386
0.0437835194170475
0.04372846335172653
0.04367326945066452
0.043617844581604004
0.04356228560209274
0.04350645840167999
0.04345065355300903
0.043394677340984344
0.04333871230483055
0.04328273981809616
