0.7375566959381104
0.7332704067230225
0.7283527851104736
0.7262982726097107
0.7266981601715088
0.7279759645462036
0.7293072938919067
0.7304388880729675
0.73133784532547
0.7320366501808167
0.7325807809829712
0.7330055236816406
0.7333400249481201
0.7336059808731079
0.7338195443153381
0.7339916229248047
0.7341316938400269
0.7342450618743896
0.7343384623527527
0.73441481590271
0.7344768047332764
0.7345269322395325
0.7345678806304932
0.7346002459526062
0.7346256375312805
0.7346451282501221
0.7346598505973816
0.7346694469451904
0.7346754670143127
0.7346783876419067
0.7346781492233276
0.7346745729446411
0.7346701622009277
0.7346633672714233
0.734654426574707
0.7346454858779907
0.7346347570419312
0.7346215844154358
0.7346079349517822
0.7345933318138123
0.7345779538154602
0.7345634698867798
0.7345468401908875
0.7345291972160339
0.7345117926597595
0.7344944477081299
0.7344766855239868
0.7344575524330139
0.7344396114349365
0.7344205379486084
