-0.1571921855211258
0.734818696975708
-0.13475245237350464
-0.13310250639915466
-0.13253211975097656
-0.13223855197429657
-0.13205774128437042
-0.13193392753601074
-0.1318434774875641
-0.1317741423845291
-0.13171888887882233
-0.13167352974414825
-0.1316356658935547
-0.1316034197807312
-0.13157573342323303
-0.1315513253211975
-0.13152983784675598
-0.13151052594184875
-0.13149333000183105
-0.13147768378257751
-0.1314634531736374
-0.13145045936107635
-0.1314384937286377
-0.13142728805541992
-0.13141688704490662
-0.1314072161912918
-0.13139821588993073
-0.13138970732688904
-0.1313818097114563
-0.13137412071228027
-0.13136716187000275
-0.13136044144630432
-0.13135400414466858
-0.13134793937206268
-0.1313421130180359
-0.13133671879768372
-0.13133135437965393
-0.13132616877555847
-0.1313214898109436
-0.1313166469335556
-0.13131214678287506
-0.13130779564380646
-0.13130377233028412
-0.13129957020282745
-0.13129585981369019
-0.1312919408082962
-0.13128848373889923
-0.13128486275672913
-0.131281316280365
-0.1312781423330307
-0.13127495348453522
-0.13127171993255615
-0.1312686800956726
-0.1312657743692398
-0.13126282393932343
-0.13126011192798615
-0.1312572956085205
-0.13125471770763397
-0.1312520056962967
-0.1312495470046997
-0.1312471479177475
-0.13124458491802216
-0.13124233484268188
-0.13123993575572968
-0.13123778998851776
-0.13123543560504913
-0.1312333047389984
-0.13123127818107605
-0.13122929632663727
-0.13122721016407013
-0.13122522830963135
-0.1312231719493866
-0.13122136890888214
-0.13121947646141052
-0.13121744990348816
-0.1312156766653061
-0.1312139630317688
-0.13121210038661957
-0.13121040165424347
-0.13120870292186737
-0.13120707869529724
-0.1312054842710495
-0.13120387494564056
-0.1312023550271988
-0.13120071589946747
-0.13119931519031525
-0.1311977356672287
-0.13119608163833618
-0.13119469583034515
-0.13119322061538696
-0.13119176030158997
-0.13119038939476013
-0.1311890035867691
-0.13118761777877808
-0.13118651509284973
-0.1311848908662796
-0.13118383288383484
-0.13118231296539307
-0.13118113577365875
-0.13117989897727966
