-0.0024577975273132324
0.5670247673988342
-0.003889136016368866
-0.0036886557936668396
-0.0036094561219215393
-0.0035648494958877563
-0.0035352706909179688
-0.003513418138027191
-0.003496713936328888
-0.0034830495715141296
-0.003472074866294861
-0.003462374210357666
-0.003453865647315979
-0.0034465715289115906
-0.0034399256110191345
-0.003433920443058014
-0.0034286975860595703
-0.0034237131476402283
-0.003419160842895508
-0.003415033221244812
-0.003410942852497101
-0.003407388925552368
-0.0034039095044136047
-0.0034004300832748413
-0.0033972933888435364
-0.0033944249153137207
-0.003391668200492859
-0.0033889412879943848
-0.0033865347504615784
-0.003384202718734741
-0.0033818110823631287
-0.0033795833587646484
-0.0033774450421333313
-0.0033753886818885803
-0.003373540937900543
-0.0033715739846229553
-0.0033696964383125305
-0.0033678486943244934
-0.003366142511367798
-0.0033645108342170715
-0.00336272269487381
-0.003361254930496216
-0.0033597275614738464
-0.0033582746982574463
-0.0033567771315574646
-0.00335538387298584
-0.0033540502190589905
-0.003352642059326172
-0.003351345658302307
-0.0033500194549560547
-0.003348708152770996
-0.0033474713563919067
-0.003346189856529236
-0.0033451393246650696
-0.003343917429447174
-0.003342747688293457
-0.0033418238162994385
-0.0033406242728233337
-0.0033395588397979736
-0.0033385902643203735
-0.0033375099301338196
-0.0033367201685905457
-0.003335520625114441
-0.003334648907184601
-0.003333665430545807
-0.0033327192068099976
-0.0033318400382995605
-0.0033310428261756897
-0.0033300668001174927
-0.003329239785671234
-0.0033282339572906494
-0.003327488899230957
-0.0033267438411712646
-0.0033258646726608276
-0.003325134515762329
-0.003324277698993683
-0.0033235549926757812
-0.003322698175907135
-0.0033219680190086365
-0.003321148455142975
-0.003320448100566864
-0.0033197030425071716
-0.003319084644317627
-0.003318414092063904
-0.0033175498247146606
-0.003317013382911682
-0.003316238522529602
-0.003315567970275879
-0.0033148974180221558
-0.003314368426799774
-0.003313586115837097
-0.0033129826188087463
-0.0033122897148132324
-0.003311634063720703
-0.0033109188079833984
-0.0033103525638580322
-0.0033098235726356506
-0.0033092498779296875
-0.0033086389303207397
-0.0033080652356147766
