0.7543086409568787
0.7541729211807251
0.7539608478546143
0.7537418603897095
0.7535597085952759
0.7534276247024536
0.7533422708511353
0.7532925009727478
0.7532690167427063
0.7532628178596497
0.7532703280448914
0.7532841563224792
0.7533032894134521
0.7533227205276489
0.7533438801765442
0.7533628344535828
0.7533806562423706
0.7533950805664062
0.7534084916114807
0.7534188032150269
0.7534254193305969
0.7534297704696655
0.7534321546554565
0.753430187702179
0.753426730632782
0.7534194588661194
0.753411591053009
0.7534005641937256
0.7533868551254272
0.753372311592102
0.753354012966156
0.7533363699913025
0.7533145546913147
0.7532925009727478
0.7532691955566406
0.7532448172569275
0.753217875957489
0.7531914710998535
0.7531619071960449
0.7531317472457886
0.7531008124351501
0.7530698776245117
0.7530367970466614
0.7530041933059692
0.7529687881469727
0.7529328465461731
0.7528982758522034
0.7528613805770874
0.7528244256973267
0.7527866959571838
0.7527471780776978
0.7527080178260803
0.7526687383651733
0.7526288032531738
0.7525885701179504
0.7525473833084106
0.7525056004524231
0.7524638175964355
0.7524208426475525
0.7523778080940247
0.7523338794708252
0.7522920966148376
0.7522476315498352
0.7522028088569641
0.7521587610244751
0.7521123886108398
0.7520685791969299
0.7520223259925842
0.7519757747650146
0.7519296407699585
0.7518836855888367
0.7518367767333984
0.7517889142036438
0.7517420053482056
0.7516944408416748
0.7516457438468933
0.7515985369682312
0.7515497207641602
0.7515008449554443
0.7514516711235046
0.7514020800590515
0.7513536214828491
0.7513037919998169
0.7512536644935608
0.7512035369873047
0.7511525750160217
0.7511030435562134
0.7510523796081543
0.7510011196136475
0.750948965549469
0.7508983612060547
0.7508460283279419
0.7507962584495544
0.7507427930831909
0.7506905198097229
0.7506382465362549
0.7505859136581421
0.7505326271057129
0.7504799962043762
0.7504264116287231
