0.9018441438674927
0.9015150666236877
0.9008997678756714
0.9000680446624756
0.8990720510482788
0.8979302048683167
0.896612286567688
0.8950322866439819
0.89305180311203
0.8904571533203125
0.886925995349884
0.8819299340248108
0.8745266199111938
0.862833559513092
0.8424233198165894
0.8001863956451416
0.6807237863540649
1.2829607725143433
0.9011960625648499
0.9015315175056458
0.9016213417053223
0.9016639590263367
0.9016883373260498
0.901705801486969
0.9017179012298584
0.9017263650894165
0.9017338752746582
0.9017385244369507
0.9017419219017029
0.9017460346221924
0.9017494916915894
0.9017534255981445
0.9017547369003296
0.9017567038536072
0.9017589688301086
0.9017602205276489
0.901762068271637
0.9017623662948608
0.9017633199691772
0.9017648100852966
0.9017655253410339
0.9017661809921265
0.9017674326896667
0.9017680883407593
0.9017686247825623
0.9017695188522339
0.9017695188522339
0.9017701148986816
0.9017714858055115
0.9017717242240906
0.9017722606658936
0.9017727971076965
0.9017730355262756
0.90177321434021
0.9017735123634338
0.901773989200592
0.9017744064331055
0.901775062084198
0.9017754793167114
0.9017754793167114
0.9017758369445801
0.9017762541770935
0.9017760157585144
0.9017762541770935
0.9017760157585144
0.9017762541770935
0.9017764329910278
0.9017763137817383
0.9017767906188965
0.9017773270606995
0.9017773270606995
0.9017776250839233
0.9017776846885681
0.9017776846885681
0.9017775654792786
0.9017778635025024
0.9017778635025024
0.901778519153595
0.9017782807350159
0.9017786383628845
0.9017787575721741
0.9017786979675293
0.9017788171768188
0.9017791152000427
0.9017789363861084
0.9017791748046875
0.9017789959907532
0.901779055595398
0.901779055595398
0.9017792344093323
0.9017794728279114
0.9017795324325562
0.9017795324325562
0.9017794728279114
0.9017796516418457
0.9017795920372009
0.9017797708511353
0.9017796516418457
0.9017795324325562
0.9017797112464905
