0.4301561415195465
0.4256163537502289
0.41897064447402954
0.4150446653366089
0.40941306948661804
0.4035344421863556
0.4057195484638214
0.40910854935646057
0.411065012216568
0.4121420085430145
0.412682443857193
0.41287562251091003
0.4128272533416748
0.4126013219356537
0.41223958134651184
0.4117681384086609
0.4112049639225006
0.41056281328201294
0.40985116362571716
0.4090766906738281
0.40824440121650696
0.4073565900325775
0.40641772747039795
0.4054276943206787
0.4043883979320526
0.40330034494400024
0.40216171741485596
0.40097543597221375
0.39973878860473633
0.3984503448009491
0.3971099257469177
0.39571526646614075
0.39426499605178833
0.3927565813064575
0.39118748903274536
0.389555424451828
0.3878570795059204
0.3860897123813629
0.38424864411354065
0.38233044743537903
0.38032999634742737
0.3782433569431305
0.3760654330253601
0.3737890124320984
0.37140846252441406
0.3689168393611908
0.36630627512931824
0.36356836557388306
0.3606933057308197
0.35767099261283875
