0.07502355426549911
0.075651153922081
0.07681136578321457
0.07800255715847015
0.07897746562957764
0.07972762733697891
0.08030059933662415
0.08074091374874115
0.08108161389827728
0.08134659379720688
0.08155331015586853
0.08171401917934418
0.08183848857879639
0.08193366974592209
0.0820051059126854
0.0820571556687355
0.08209298551082611
0.08211547881364822
0.08212646096944809
0.08212809264659882
0.0821215808391571
0.08210819959640503
0.08208881318569183
0.08206434547901154
0.08203554898500443
0.08200293034315109
0.08196702599525452
0.08192823827266693
0.08188699185848236
0.08184360712766647
0.08179833739995956
0.08175143599510193
0.08170318603515625
0.08165346086025238
0.0816028043627739
0.08155122399330139
0.0814988911151886
0.0814458578824997
0.08139213174581528
0.08133809268474579
0.08128349483013153
0.08122853189706802
0.08117330074310303
0.08111777901649475
0.08106230944395065
0.08100637793540955
0.08095063269138336
0.08089469373226166
0.08083869516849518
0.08078272640705109
