0.4139319360256195
0.4494068920612335
0.41110721230506897
0.42511817812919617
0.44783422350883484
0.4896335005760193
0.4100658595561981
0.3504095673561096
0.38208436965942383
0.38807082176208496
0.38560721278190613
0.3827776312828064
0.3785877227783203
0.3717741072177887
0.35973334312438965
0.335833340883255
0.2813931703567505
0.17916132509708405
0.14260904490947723
0.23721250891685486
0.28231972455978394
0.2914273738861084
0.28953540325164795
0.27995461225509644
0.2625557780265808
0.2350514531135559
0.19362829625606537
0.1430535912513733
0.11309371888637543
0.10039210319519043
0.08966834843158722
0.08283829689025879
0.08565038442611694
0.09681281447410583
0.11158543825149536
0.1250912845134735
0.13409368693828583
0.13715824484825134
0.1342734694480896
0.12583114206790924
0.11253262311220169
0.09606479108333588
0.07894029468297958
0.06285573542118073
0.04881247878074646
0.03791337460279465
0.03023158758878708
0.02580278366804123
0.024471938610076904
0.02562052011489868
