0.1428220570087433
0.1429031938314438
0.31021755933761597
0.13915477693080902
0.14208729565143585
0.1428230106830597
0.14286333322525024
0.142604798078537
0.1421838104724884
0.1416824907064438
0.14114367961883545
0.14057594537734985
0.14000840485095978
0.13944406807422638
0.13887368142604828
0.13830168545246124
0.13773003220558167
0.1371663361787796
0.1366093009710312
0.13605517148971558
0.13551543653011322
0.13498185575008392
0.13446474075317383
0.13395632803440094
0.13345538079738617
0.13296055793762207
0.13247568905353546
0.13200536370277405
0.13154369592666626
0.13108646869659424
0.13063496351242065
0.13019013404846191
0.12974987924098969
0.1293151080608368
0.1288870871067047
0.128463476896286
0.12804538011550903
0.1276317685842514
0.1272219568490982
0.12681487202644348
0.1264118254184723
0.12601526081562042
0.1256246566772461
0.1252407282590866
0.12486476451158524
0.12449051439762115
0.12412022054195404
0.12375304847955704
0.12338770180940628
0.12302886694669724
0.1226738765835762
0.12232454121112823
0.12197915464639664
0.1216404139995575
0.12130981683731079
0.12098447978496552
0.12066451460123062
0.12035008519887924
0.1200396716594696
0.11973676830530167
0.11944037675857544
0.11915118992328644
0.11886922270059586
0.11859260499477386
0.11832156032323837
0.11805777996778488
0.11779840290546417
0.11754293739795685
0.11728967726230621
0.11703984439373016
0.11679303646087646
0.11654941737651825
0.11630820482969284
0.11606893688440323
0.11583126336336136
0.1155966967344284
0.11536670476198196
0.11513938754796982
0.114914171397686
0.11469151824712753
0.11447112262248993
0.11425456404685974
0.11404149979352951
0.11383121460676193
0.1136220246553421
0.11341671645641327
0.11321494728326797
0.11301682144403458
0.112821564078331
0.11263012886047363
0.11244542896747589
0.11226827651262283
0.11209539324045181
0.11192934960126877
0.11176738888025284
0.11160978674888611
0.11145555227994919
0.11130492389202118
0.11115957051515579
0.11101564764976501
