0.026466649025678635
0.027536742389202118
0.029418397694826126
0.031153898686170578
0.032467734068632126
0.03342785686254501
0.03413206338882446
0.03465289622545242
0.03504013270139694
0.03532811999320984
0.035541146993637085
0.03569648414850235
0.03580692037940025
0.0358818955719471
0.035928379744291306
0.035952046513557434
0.035957008600234985
0.035946737974882126
0.035923901945352554
0.035890545696020126
0.035848502069711685
0.03579915687441826
0.035743601620197296
0.03568293899297714
0.035617850720882416
0.03554917126893997
0.03547726944088936
0.03540276363492012
0.035325996577739716
0.03524748980998993
0.03516726195812225
0.03508579730987549
0.03500325232744217
0.03491983190178871
0.03483571112155914
0.03475094586610794
0.03466585651040077
0.03458032384514809
0.034494612365961075
0.034408751875162125
0.03432288020849228
0.03423694148659706
0.03415106236934662
0.03406532481312752
0.03397969901561737
0.03389427810907364
0.03380914032459259
0.03372414782643318
0.03363961726427078
0.033555254340171814
0.03347121179103851
0.03338760882616043
0.0333043672144413
0.03322148323059082
0.033139005303382874
0.033056844025850296
0.032975200563669205
0.03289387375116348
0.03281312808394432
0.03273263946175575
0.03265269100666046
0.032573152333498
0.03249409794807434
0.03241544961929321
0.03233730047941208
0.03225957974791527
0.03218229115009308
0.03210544213652611
0.03202905133366585
0.03195313364267349
0.031877655535936356
0.031802624464035034
0.03172804042696953
0.03165382891893387
0.031580157577991486
0.031506892293691635
0.03143404796719551
0.031361714005470276
0.0312897190451622
0.031218215823173523
0.031147092580795288
0.031076423823833466
0.03100614994764328
0.03093629702925682
0.030866965651512146
0.03079790249466896
0.03072935715317726
0.030661113560199738
0.0305932629853487
0.030525997281074524
0.030458934605121613
0.030392339453101158
0.030326150357723236
0.030260320752859116
0.030194876715540886
0.03012986108660698
0.0300651416182518
0.03000086173415184
0.029936883598566055
0.029873264953494072
