0.5084160566329956
0.5086371302604675
0.5090889930725098
0.5096418261528015
0.5101637840270996
0.5106123089790344
0.510984480381012
0.511292576789856
0.5115479826927185
0.5117617845535278
0.5119415521621704
0.5120923519134521
0.5122203826904297
0.5123293995857239
0.5124214291572571
0.5124998092651367
0.5125660300254822
0.5126218199729919
0.512669026851654
0.5127081274986267
0.5127409100532532
0.51276695728302
0.5127876400947571
0.5128040909767151
0.5128163695335388
0.5128249526023865
0.5128297209739685
0.5128322243690491
0.5128312706947327
0.512828528881073
0.5128238201141357
0.5128157138824463
0.5128071308135986
0.5127966403961182
0.5127846598625183
0.5127714276313782
0.5127570629119873
0.5127407908439636
0.5127240419387817
0.5127068758010864
0.5126896500587463
0.5126693248748779
0.5126498937606812
0.5126294493675232
0.5126088261604309
0.5125868320465088
0.5125650763511658
0.512542724609375
0.5125195980072021
0.5124974250793457
