0.09933073818683624
0.0988931953907013
0.09802765399217606
0.09671682864427567
0.09483802318572998
0.09199633449316025
0.08712393045425415
0.0771791934967041
0.05686118081212044
0.037118662148714066
0.02750694379210472
0.036046549677848816
0.009865178726613522
0.01365385390818119
0.009895090013742447
0.010677633807063103
0.01109932642430067
0.01156947948038578
0.01185583882033825
0.011941078118979931
0.011815235950052738
0.011514534242451191
0.011081633158028126
0.010554546490311623
0.009990188293159008
0.00812484510242939
0.007645363919436932
0.007198148872703314
0.0068125552497804165
0.0064629316329956055
0.0061272825114429
0.005827421322464943
0.005557666067034006
0.005305357743054628
0.005075028631836176
0.004872913472354412
0.004686903208494186
0.004512044135481119
0.004346735775470734
0.004192393738776445
0.0040450068190693855
0.003910058178007603
0.0037823887541890144
0.003664084244519472
0.0035556377843022346
0.003451375523582101
0.003359154798090458
0.003278939286246896
0.0032039424404501915
0.0031313139479607344
0.003060500603169203
0.002992472378537059
0.002928239991888404
0.002865738933905959
0.0028042916674166918
0.0027465317398309708
0.0026894761249423027
0.002633459400385618
0.0025803358294069767
0.0025288613978773355
0.002480880357325077
0.0024341971147805452
0.0023905308917164803
0.0023485813289880753
0.002308129332959652
0.00226783799007535
0.002227689838036895
0.0021876811515539885
0.002147788181900978
0.0021092041861265898
0.002070851158350706
0.00203413306735456
0.0019979889038950205
0.0019619250670075417
0.0019259245600551367
0.0018904302269220352
0.0018559832824394107
0.0018219172488898039
0.0018527935026213527
0.0018210585694760084
0.001789605594240129
0.0017590889474377036
0.0017311049159616232
0.0017042537219822407
0.001677441643550992
0.0016506564570590854
0.001624541007913649
0.0016000802861526608
0.0015762426191940904
0.0015543519984930754
0.0015330772148445249
0.0015119793824851513
0.0014923326671123505
0.001473266165703535
0.0014552792999893427
0.0014374498277902603
0.001419661333784461
0.0014019061345607042
0.0013841892359778285
0.0013666992308571935
