0.7053217887878418
0.704970121383667
0.728645384311676
0.7173684239387512
0.7272831201553345
0.733430027961731
0.7390685677528381
0.7452572584152222
0.751327633857727
0.7568700909614563
0.7615777254104614
0.7651448845863342
0.7672756910324097
0.7674411535263062
0.7648395895957947
0.7589219212532043
0.7495145201683044
0.7369006276130676
0.722018837928772
0.7064098715782166
0.6908930540084839
0.6761236190795898
0.6626477241516113
0.6514365673065186
0.6463980078697205
0.6421520113945007
0.638481080532074
0.6353676915168762
0.6327881813049316
0.6305644512176514
0.6286039352416992
0.6268547177314758
0.6252714991569519
0.6238400340080261
0.6225241422653198
0.6213101744651794
0.6201830506324768
0.6191346645355225
0.6181541085243225
0.6172356009483337
0.6163731217384338
0.6155593395233154
0.6147918105125427
0.6140707731246948
0.613402783870697
0.6127680540084839
0.6121653318405151
0.611592173576355
0.6110520958900452
0.6105459332466125
0.6100718379020691
0.6096186637878418
0.6091854572296143
0.6087679862976074
0.6083690524101257
0.6079858541488647
0.6076188087463379
0.6072668433189392
0.6069349646568298
0.6066181659698486
0.6063145995140076
0.6060224771499634
0.6057419180870056
0.605472981929779
0.605214536190033
0.6049675941467285
0.6047304272651672
0.6045030355453491
0.604285478591919
0.6040768623352051
0.6038771867752075
0.6036862730979919
0.6035045385360718
0.6033305525779724
0.6031644940376282
0.60300612449646
0.6028561592102051
0.6027131676673889
0.6025767922401428
0.6024481654167175
0.6023256778717041
0.6022096276283264
0.602100670337677
0.6019984483718872
0.6019004583358765
0.6018087863922119
0.6017237901687622
0.6016433238983154
0.6015692353248596
0.601499617099762
0.6014342904090881
0.6013748049736023
0.6013202667236328
0.6012692451477051
0.6012234091758728
0.6011819243431091
0.6011453866958618
0.601112425327301
0.6010817885398865
0.6010569334030151
