0.1639321744441986
0.1994066685438156
0.16110751032829285
0.17511823773384094
0.19783401489257812
0.23963356018066406
0.18134653568267822
0.19658292829990387
0.14187709987163544
0.1544007807970047
0.1325141191482544
0.08111768215894699
0.03380954638123512
0.03177761286497116
0.03942325338721275
0.06866011023521423
0.06670962274074554
0.038805730640888214
-0.003931116312742233
-0.01050986722111702
-0.007155081257224083
-0.02384192869067192
-0.029345404356718063
-0.03480764105916023
-0.026954594999551773
-0.024214182049036026
-0.02222326025366783
-0.02523154951632023
-0.032327719032764435
-0.043597809970378876
-0.053440310060977936
-0.054482512176036835
-0.04977168142795563
-0.04652081057429314
-0.05111128091812134
-0.06036800146102905
-0.06532913446426392
-0.07035188376903534
-0.07311645895242691
-0.06883451342582703
-0.06713731586933136
-0.06169817969202995
-0.05742768198251724
-0.05512306094169617
-0.05493550002574921
-0.052813511341810226
-0.05739814415574074
-0.06304443627595901
-0.0686197504401207
-0.07323585450649261
