0.037523504346609116
0.03815114125609398
0.03931136801838875
0.04050257056951523
0.0414775013923645
0.04222765192389488
0.04280061274766922
0.043240901082754135
0.043581608682870865
0.04384663328528404
0.04405327886343002
0.044214047491550446
0.044338539242744446
0.04443370923399925
0.044505152851343155
0.04455713927745819
0.044592998921871185
0.04461539536714554
0.044626496732234955
0.04462800920009613
0.044621553272008896
0.04460812360048294
0.04458877444267273
0.04456432908773422
0.0445355549454689
0.044502899050712585
0.0444670245051384
0.04442823305726051
0.04438699036836624
0.044343627989292145
0.04429835081100464
0.044251449406147
0.044203102588653564
0.04415350407361984
0.04410285875201225
0.04405127465724945
0.04399891197681427
0.043945856392383575
0.04389217123389244
0.043838050216436386
0.0437835194170475
0.04372846335172653
0.04367326945066452
0.043617844581604004
0.04356228560209274
0.04350645840167999
0.04345065355300903
0.043394677340984344
0.04333871230483055
0.04328273981809616
0.043226830661296844
0.0431709885597229
0.04311521351337433
0.04305949807167053
0.04300394654273987
0.04294848069548607
0.042893148958683014
0.04283799231052399
0.04278305917978287
0.04272814840078354
0.0426735021173954
0.042619071900844574
0.04256485402584076
0.04251081123948097
0.042456965893507004
0.04240347445011139
0.04235004633665085
0.042296893894672394
0.04224400222301483
0.04219129681587219
0.04213885962963104
0.042086660861968994
0.042034707963466644
0.041983041912317276
0.04193153232336044
0.041880279779434204
0.041829343885183334
0.041778601706027985
0.04172812029719353
0.041677940636873245
0.041627947241067886
0.04157824069261551
0.041528791189193726
0.041479505598545074
0.04143058508634567
0.04138185828924179
0.041333358734846115
0.04128511995077133
0.04123711213469505
0.04118943586945534
0.04114186763763428
0.04109469801187515
0.041047655045986176
0.041000887751579285
0.0409543514251709
0.040908120572566986
0.04086201265454292
0.040816210210323334
0.04077060893177986
0.040725305676460266
