0.5668089985847473
0.5666735768318176
0.5664609670639038
0.5662413835525513
0.566059410572052
0.5659278035163879
0.5658419728279114
0.5657925009727478
0.5657689571380615
0.5657631158828735
0.5657703280448914
0.565784215927124
0.5658026933670044
0.5658227205276489
0.5658435225486755
0.5658630132675171
0.5658808350563049
0.5658953785896301
0.5659084916114807
0.5659189224243164
0.565926194190979
0.5659303069114685
0.565932035446167
0.5659308433532715
0.565926730632782
0.5659202933311462
0.5659112930297852
0.5659002661705017
0.5658876895904541
0.5658719539642334
0.5658544898033142
0.5658357739448547
0.5658153891563416
0.5657926797866821
0.5657692551612854
0.5657444000244141
0.5657181739807129
0.5656906366348267
0.5656620264053345
0.5656324028968811
0.5656008124351501
0.5655697584152222
0.5655375123023987
0.565503716468811
0.5654687881469727
0.5654338002204895
0.5653977990150452
0.5653611421585083
0.5653243660926819
0.5652861595153809
