-0.16469217836856842
0.728448212146759
-0.14219410717487335
-0.1405431181192398
-0.13997209072113037
-0.13967828452587128
-0.139497309923172
-0.1393735706806183
-0.13928285241127014
-0.13921323418617249
-0.1391579508781433
-0.13911257684230804
-0.13907481729984283
-0.13904264569282532
-0.13901473581790924
-0.13899056613445282
-0.13896885514259338
-0.1389497071504593
-0.13893236219882965
-0.13891661167144775
-0.13890250027179718
-0.1388893723487854
-0.13887721300125122
-0.13886615633964539
-0.1388557404279709
-0.1388460099697113
-0.1388370543718338
-0.13882851600646973
-0.13882070779800415
-0.1388131082057953
-0.13880598545074463
-0.13879923522472382
-0.13879282772541046
-0.1387868970632553
-0.13878104090690613
-0.13877540826797485
-0.13877005875110626
-0.13876503705978394
-0.13876020908355713
-0.13875538110733032
-0.13875089585781097
-0.1387467235326767
-0.13874240219593048
-0.13873831927776337
-0.13873454928398132
-0.13873085379600525
-0.1387270987033844
-0.13872367143630981
-0.1387200802564621
-0.13871681690216064
-0.13871364295482635
-0.13871052861213684
-0.13870754837989807
-0.13870443403720856
-0.13870155811309814
-0.13869881629943848
-0.13869605958461761
-0.1386934071779251
-0.13869069516658783
-0.13868817687034607
-0.13868576288223267
-0.13868318498134613
-0.13868100941181183
-0.138678640127182
-0.13867636024951935
-0.13867415487766266
-0.1386718600988388
-0.13866984844207764
-0.13866791129112244
-0.13866572082042694
-0.13866369426250458
-0.1386617124080658
-0.13865992426872253
-0.13865800201892853
-0.13865619897842407
-0.13865435123443604
-0.13865266740322113
-0.13865070044994354
-0.13864898681640625
-0.1386474370956421
-0.13864579796791077
-0.1386440396308899
-0.13864251971244812
-0.13864079117774963
-0.13863924145698547
-0.13863776624202728
-0.13863641023635864
-0.1386348158121109
-0.13863319158554077
-0.13863177597522736
-0.13863040506839752
-0.1386290043592453
-0.13862751424312592
-0.13862615823745728
-0.1386248618364334
-0.1386234611272812
-0.13862212002277374
-0.13862089812755585
-0.13861961662769318
-0.1386183500289917
