0.1428220570087433
0.14290320873260498
0.1637391299009323
0.15630745887756348
0.1607392579317093
0.16241508722305298
0.1633322536945343
0.16393403708934784
0.16436854004859924
0.1647016704082489
0.16496765613555908
0.16518732905387878
0.16537395119667053
0.1655353307723999
0.16567832231521606
0.16580598056316376
0.16592124104499817
0.16602526605129242
0.16612078249454498
0.16620829701423645
0.16629011929035187
0.16636651754379272
0.16643814742565155
0.16650505363941193
0.16656816005706787
0.16662780940532684
0.16668449342250824
0.16673870384693146
0.16679084300994873
0.16684086620807648
0.16688856482505798
0.16693472862243652
0.1669785976409912
0.1670210361480713
0.16706183552742004
0.16710099577903748
0.16713905334472656
0.16717542707920074
0.16721129417419434
0.1672457903623581
0.1672789305448532
0.16731150448322296
0.16734273731708527
0.16737326979637146
0.16740284860134125
0.1674318164587021
0.1674598604440689
0.16748714447021484
0.16751359403133392
0.16753968596458435
0.16756504774093628
0.16759005188941956
0.1676141917705536
0.16763785481452942
0.16766098141670227
0.16768397390842438
0.16770608723163605
0.16772767901420593
0.16774886846542358
0.16776952147483826
0.16778984665870667
0.16780981421470642
0.16782936453819275
0.16784808039665222
0.1678670346736908
0.1678856909275055
0.16790394484996796
0.16792215406894684
0.1679397076368332
0.16795699298381805
0.16797403991222382
0.1679907888174057
0.16800694167613983
0.16802304983139038
0.168039008975029
0.16805440187454224
0.16806983947753906
0.1680852174758911
0.16809982061386108
0.16811451315879822
0.16812890768051147
0.168143168091774
0.16815708577632904
0.1681710034608841
0.16818459331989288
0.16819822788238525
0.16821131110191345
0.16822433471679688
0.16823741793632507
0.16825029253959656
0.1682628095149994
0.1682756096124649
0.1682877540588379
0.16829976439476013
0.1683117002248764
0.1683235913515091
0.16833515465259552
0.1683466136455536
0.16835792362689972
0.16836881637573242
