0.37930887937545776
0.37917378544807434
0.3789606988430023
0.37874138355255127
0.37855932116508484
0.37842798233032227
0.3783417344093323
0.3782922625541687
0.37826886773109436
0.37826329469680786
0.37827005982398987
0.3782840967178345
0.3783022463321686
0.37832269072532654
0.37834325432777405
0.3783629238605499
0.378380686044693
0.3783961236476898
0.3784087002277374
0.37841883301734924
0.3784262537956238
0.37843072414398193
0.3784315884113312
0.37843063473701477
0.3784264326095581
0.37842032313346863
0.3784114420413971
0.37840038537979126
0.3783875107765198
0.37837183475494385
0.3783545196056366
0.37833577394485474
0.3783157169818878
0.3782931864261627
0.37826964259147644
0.37824440002441406
0.3782180845737457
0.3781902492046356
0.37816187739372253
0.37813204526901245
0.3781013488769531
0.3780694901943207
0.3780372440814972
0.37800320982933044
0.3779687285423279
0.37793415784835815
0.3778979778289795
0.3778614103794098
0.3778243064880371
0.37778595089912415
0.3777470290660858
0.37770843505859375
0.3776691257953644
0.3776288330554962
0.3775883615016937
0.37754711508750916
0.3775056302547455
0.37746357917785645
0.37742099165916443
0.3773784637451172
0.3773353099822998
0.37729158997535706
0.37724748253822327
0.37720274925231934
0.37715861201286316
0.37711337208747864
0.37706801295280457
0.3770221173763275
0.37697628140449524
0.3769298195838928
0.3768833577632904
0.37683629989624023
0.3767893314361572
0.37674185633659363
0.37669432163238525
0.37664666771888733
0.37659770250320435
0.3765495717525482
0.3765006959438324
0.3764518201351166
0.3764025568962097
0.3763531744480133
0.3763033449649811
0.3762531280517578
0.37620338797569275
0.37615305185317993
0.3761024475097656
0.37605148553848267
0.3760007321834564
0.3759496212005615
0.3758983314037323
0.3758467137813568
0.37579435110092163
0.375742644071579
0.37569063901901245
0.37563782930374146
0.37558549642562866
0.3755325675010681
0.37547940015792847
0.37542659044265747
