0.7543086409568787
0.7541729211807251
0.7539608478546143
0.7537418603897095
0.7535597085952759
0.7534276247024536
0.7533422708511353
0.7532925009727478
0.7532690167427063
0.7532628178596497
0.7532703280448914
0.7532841563224792
0.7533032894134521
0.7533227205276489
0.7533438801765442
0.7533628344535828
0.7533806562423706
0.7533950805664062
0.7534084916114807
0.7534188032150269
0.7534254193305969
0.7534297704696655
0.7534321546554565
0.753430187702179
0.753426730632782
0.7534194588661194
0.753411591053009
0.7534005641937256
0.7533868551254272
0.753372311592102
0.753354012966156
0.7533363699913025
0.7533145546913147
0.7532925009727478
0.7532691955566406
0.7532448172569275
0.753217875957489
0.7531914710998535
0.7531619071960449
0.7531317472457886
0.7531008124351501
0.7530698776245117
0.7530367970466614
0.7530041933059692
0.7529687881469727
0.7529328465461731
0.7528982758522034
0.7528613805770874
0.7528244256973267
0.7527866959571838
