0.9850561022758484
0.9807702898979187
0.9758530855178833
0.9737981557846069
0.9741984009742737
0.9754761457443237
0.9768068194389343
0.9779390692710876
0.9788376092910767
0.9795383214950562
0.9800807237625122
0.9805058240890503
0.9808395504951477
0.9811065793037415
0.9813189506530762
0.9814907312393188
0.9816320538520813
0.9817453026771545
0.9818381071090698
0.9819144606590271
0.9819756746292114
0.9820271730422974
0.9820676445960999
0.9820998907089233
0.9821266531944275
0.9821445941925049
0.9821591377258301
0.9821693301200867
0.982175350189209
0.9821786880493164
0.982177734375
0.9821749329566956
0.9821701049804688
0.9821630716323853
0.9821547269821167
0.9821447730064392
0.9821330904960632
0.9821215867996216
0.9821081161499023
0.9820932745933533
0.9820785522460938
0.9820630550384521
0.9820471405982971
0.9820294976234436
0.9820109605789185
0.9819943308830261
0.9819747805595398
0.9819580912590027
0.9819398522377014
0.9819204807281494
0.9819009900093079
0.9818828701972961
0.9818632006645203
0.981843888759613
0.9818246960639954
0.9818058013916016
0.981785774230957
0.9817669987678528
0.9817458987236023
0.9817277193069458
0.9817088842391968
0.981688916683197
0.9816692471504211
0.9816499352455139
0.9816317558288574
0.9816118478775024
0.9815929532051086
0.981573224067688
0.9815546870231628
0.981536328792572
0.9815178513526917
0.9814989566802979
0.9814795851707458
0.9814613461494446
0.9814429879188538
0.9814252853393555
0.9814077019691467
0.9813884496688843
0.9813706874847412
0.9813535809516907
0.9813365936279297
0.9813188910484314
0.9813016057014465
0.9812846779823303
0.9812657237052917
0.9812498688697815
0.981232225894928
0.9812160730361938
0.9811986088752747
0.9811825752258301
0.9811662435531616
0.9811494946479797
0.9811333417892456
0.9811180830001831
0.9811018109321594
0.981086254119873
0.9810693264007568
0.9810538291931152
0.9810386896133423
0.9810235500335693
