0.1353597790002823
0.13333742320537567
0.13124120235443115
0.1290663331747055
0.12123168259859085
0.11259091645479202
0.1030924990773201
0.10976622253656387
0.1135280653834343
0.11445155739784241
0.11612455546855927
0.11721646040678024
0.117164246737957
0.1164112389087677
0.11517177522182465
0.1135653555393219
0.11166979372501373
0.10954472422599792
0.10724280029535294
0.10481633245944977
0.10289409756660461
0.10308067500591278
0.10111958533525467
0.09902341663837433
0.09682075679302216
0.09454184770584106
0.09752221405506134
0.09605050086975098
0.09573665261268616
0.09433607757091522
0.0918911024928093
0.09151758253574371
0.09019890427589417
0.08879640698432922
0.08769672363996506
0.08640670031309128
0.08508762717247009
0.08374325931072235
0.08237562328577042
0.07914213836193085
0.07794822007417679
0.07674911618232727
0.07553952932357788
0.07430754601955414
0.07304517924785614
0.0717356726527214
0.07036498934030533
0.06893228739500046
0.06742974370718002
0.06584727019071579
0.06422606110572815
0.06255629658699036
0.06084911897778511
0.05911064147949219
0.05740930140018463
0.05576125532388687
0.0541972890496254
0.05274520814418793
0.05138157308101654
0.05013545602560043
0.049016159027814865
0.048024892807006836
0.047162674367427826
0.04642161726951599
0.045797549188137054
0.045268043875694275
0.0448298379778862
0.04446979984641075
0.044173285365104675
0.043934568762779236
0.043744366616010666
0.043594393879175186
0.04347272589802742
0.04336828738451004
0.043273769319057465
0.043184228241443634
0.04309374466538429
0.04299688711762428
0.042482905089855194
0.04243503510951996
0.042366400361061096
0.04227394983172417
0.0421566441655159
0.042012572288513184
0.041841983795166016
0.04164502024650574
0.04426335543394089
0.04418088495731354
0.04406896233558655
0.043928440660238266
0.04376213997602463
0.043568383902311325
0.0433482825756073
0.04310137778520584
0.042829371988773346
0.04253210872411728
0.04221121966838837
0.04186829924583435
0.041506338864564896
0.041121356189250946
