-0.03551680967211723
0.015253540128469467
-0.015405256301164627
-0.015549793839454651
-0.009029310196638107
-0.0020222216844558716
-0.004115372896194458
-0.0170636884868145
-0.03648384287953377
-0.05067412555217743
-0.04604688286781311
-0.03455992788076401
-0.01418120414018631
0.007780015468597412
0.0016969237476587296
-0.0036948081105947495
-0.025773240253329277
-0.05254407972097397
-0.0374685637652874
-0.03483327850699425
-0.045757561922073364
-0.056857071816921234
-0.055875759571790695
-0.06292512267827988
-0.06728143990039825
-0.06991484016180038
-0.07145224511623383
-0.07228910177946091
-0.07268646359443665
-0.07280027121305466
-0.07275978475809097
-0.07264293730258942
-0.0724942535161972
-0.07233908772468567
-0.07219459116458893
-0.07208026945590973
-0.07200145721435547
-0.07196110486984253
-0.07196788489818573
-0.07201875746250153
-0.07213637232780457
-0.07229878008365631
-0.07248155772686005
-0.0727076604962349
-0.07295330613851547
-0.07321517169475555
-0.07349525392055511
-0.07376980036497116
-0.07398239523172379
-0.0740942433476448
-0.07408463209867477
-0.07391975075006485
-0.07361312210559845
-0.07317674905061722
-0.07262366265058517
-0.07189656049013138
-0.07097489386796951
-0.06987544149160385
-0.068588487803936
-0.06711364537477493
-0.06544181704521179
-0.06345044821500778
-0.06121033802628517
-0.05889376997947693
-0.056691668927669525
-0.05494336038827896
-0.05401408672332764
-0.05417826026678085
-0.0555310919880867
-0.05799975246191025
-0.061378419399261475
-0.06536827981472015
-0.06964799761772156
-0.07393524050712585
-0.07801371812820435
-0.08173023164272308
-0.08499227464199066
-0.08777657896280289
-0.09007089585065842
-0.09194161742925644
-0.0934179276227951
-0.0945618525147438
-0.09542486071586609
-0.09604347497224808
-0.09647747874259949
-0.09675917029380798
-0.09693308919668198
-0.09701815992593765
-0.09702137112617493
-0.0969737097620964
-0.09688729047775269
-0.09677718579769135
-0.09664536267518997
-0.0965026468038559
-0.09634838998317719
-0.09619253128767014
-0.09604094177484512
-0.09589322656393051
-0.09575221687555313
-0.095626600086689
