0.0993654727935791
0.09892389923334122
0.0980486199259758
0.09671752154827118
0.09479319304227829
0.0918613076210022
0.08685507625341415
0.07692492753267288
0.057981595396995544
0.03990556299686432
0.028961878269910812
0.026401424780488014
0.01918845623731613
0.010746875777840614
0.0074122631922364235
0.005995935760438442
0.004838211461901665
0.004384264815598726
0.004079202655702829
0.0037838639691472054
0.00339489639736712
0.0031595630571246147
0.0028914494905620813
0.0026550577022135258
0.002402583369985223
0.0021785148419439793
0.0019642747938632965
0.0018334885826334357
0.0017003894317895174
0.0016439477913081646
0.001488592941313982
0.0014195071998983622
0.001368149882182479
0.0013345461338758469
0.0013122539967298508
0.001262363512068987
0.0012302100658416748
0.0011619080323725939
0.0011160094290971756
0.0010892483405768871
0.0010486745741218328
0.0010152499889954925
0.0009861037833616138
0.0009583327337168157
0.0009340593824163079
0.0009108929662033916
0.0009019948774948716
0.0008807287667877972
0.0008626031340099871
0.0008472091285511851
0.0008326664101332426
0.0008192251552827656
0.0008092647767625749
0.0008148354245349765
0.0008491912158206105
0.0008376096957363188
0.0008261346956714988
0.0008153613889589906
0.0008051872137002647
0.000795076135545969
0.0007849973626434803
0.0007889349944889545
0.0007779220468364656
0.0007682201685383916
0.0007600695244036615
0.0007532439194619656
0.0007465379312634468
0.0007399377063848078
0.0007334344554692507
0.00072701764293015
0.0007206804002635181
0.0007144146366044879
0.0007082145311869681
0.0007027735118754208
0.0006975875585339963
0.0006924545741640031
0.0006873691454529762
0.0006823295843787491
0.0006773314671590924
0.0006723745027557015
0.000667967542540282
0.0006648278795182705
0.0006625731475651264
0.0006603247602470219
0.0006581334164366126
0.0006560626206919551
0.0006539599853567779
0.000651826907414943
0.0006496630958281457
0.000647467328235507
0.000645242806058377
0.0006429892382584512
0.0006407067412510514
0.0006383992149494588
0.0006360645638778806
0.0006337067461572587
0.0006313254125416279
0.0006289223674684763
0.0006264994153752923
0.0006240573711693287
0.0006215968169271946
0.0006191211869008839
0.0006166301318444312
0.000614125921856612
0.0006116093136370182
0.0006092176772654057
0.0006071078823879361
0.0006049991934560239
0.0006028931238688529
0.0006007904303260148
0.0005986909382045269
0.0005965952295809984
0.0005945040029473603
0.0005924181896261871
0.0005904199206270278
0.0005884976126253605
0.0005865812418051064
0.0005846726708114147
0.0005827712011523545
0.0005808777059428394
0.000578991777729243
0.0005771154537796974
0.0005752463475801051
0.0005733860307373106
0.0005715343868359923
0.0005696917651221156
0.0005678583984263241
0.0005660341121256351
0.0005642191972583532
0.0005624133045785129
0.0005606174236163497
0.00055883132154122
0.0005570549401454628
0.000555288337636739
0.0005535318050533533
0.0005517854588106275
0.0005500488332472742
0.0005483228014782071
0.0005466061411425471
0.0005449000746011734
0.0005432046018540859
0.0005415197811089456
0.0005398440989665687
0.0005381796509027481
0.000554748869035393
0.0005529908230528235
0.000583985005505383
0.0005818869103677571
0.0005797954509034753
0.0005777125479653478
0.0005756391910836101
0.0005735731683671474
0.000571517099160701
0.0005694708088412881
0.0005674348212778568
0.0005654080887325108
0.0005633911350741982
0.0005613872781395912
0.0005593918613158166
0.0005574095994234085
0.0005554390954785049
0.0005534797091968358
0.0005515314405784011
0.0005495966761372983
0.0005476732621900737
0.0005457614897750318
0.0005438633961603045
0.0005419772933237255
0.000540104869287461
0.0005382439703680575
0.0005363969248719513
0.0005345620447769761
0.000532741891220212
0.0005309333209879696
0.0005291369161568582
0.0005273563438095152
0.0005255872383713722
0.0005238321609795094
0.0005220902385190129
0.0005203613545745611
0.0005186460912227631
0.0005169436917640269
0.000515255203936249
0.0005135787068866193
0.0005119159468449652
0.0005102675640955567
0.0005086307064630091
0.0005070075858384371
0.000505397270899266
0.0005037996452301741
0.0005022159311920404
0.0005006447900086641
0.000533818791154772
0.0005305910017341375
0.0005273567512631416
0.00052469881484285
0.0005220305756665766
0.000519355817232281
0.0005166735500097275
0.0005139869172126055
