0.3834163248538971
0.38363760709762573
0.3840899169445038
0.38464152812957764
0.3851643204689026
0.38561201095581055
0.3859846591949463
0.3862919211387634
0.3865480124950409
0.38676178455352783
0.3869410455226898
0.38709259033203125
0.38722068071365356
0.38732919096946716
0.38742122054100037
0.38749954104423523
0.3875660002231598
0.38762226700782776
0.3876681625843048
0.38770800828933716
0.38774046301841736
0.38776716589927673
0.38778772950172424
0.3878042697906494
0.3878163695335388
0.38782474398612976
0.3878296911716461
0.38783204555511475
0.3878311812877655
0.3878282904624939
0.38782331347465515
0.38781580328941345
0.3878071904182434
0.38779667019844055
0.38778457045555115
0.3877713978290558
0.38775700330734253
0.3877412676811218
0.3877246677875519
0.3877069354057312
0.3876887261867523
0.38766947388648987
0.3876495957374573
0.3876294493675232
0.38760849833488464
0.38758692145347595
0.3875649869441986
0.3875425159931183
0.38751986622810364
0.3874964714050293
