0.20002363622188568
0.20065131783485413
0.20181134343147278
0.20300261676311493
0.2039775252342224
0.2047276347875595
0.2053006887435913
0.20574094355106354
0.20608140528202057
0.20634667575359344
0.20655331015586853
0.20671400427818298
0.20683853328227997
0.20693367719650269
0.2070053219795227
0.20705702900886536
0.20709294080734253
0.20711536705493927
0.20712652802467346
0.20712816715240479
0.20712152123451233
0.20710806548595428
0.20708860456943512
0.20706425607204437
0.20703564584255219
0.20700278878211975
0.20696714520454407
0.2069282978773117
0.20688694715499878
0.20684346556663513
0.2067984789609909
0.2067515254020691
0.2067030519247055
0.20665353536605835
0.20660284161567688
0.20655107498168945
0.20649902522563934
0.2064460664987564
0.2063920646905899
0.2063380926847458
0.2062835693359375
0.20622862875461578
0.20617330074310303
0.2061178833246231
0.2060622274875641
0.2060064822435379
0.2059505581855774
0.20589469373226166
0.2058386504650116
0.2057827264070511
