0.01896665059030056
0.02003674954175949
0.02191840671002865
0.023653894662857056
0.024967731907963753
0.025927864015102386
0.026632055640220642
0.027152901515364647
0.027540134266018867
0.027828112244606018
0.02804114855825901
0.028196487575769424
0.02830692008137703
0.028381898999214172
0.028428368270397186
0.028452042490243912
0.028457006439566612
0.028446737676858902
0.02842390164732933
0.028390556573867798
0.02834850363433361
0.02829916402697563
0.028243592008948326
0.028182940557599068
0.028117850422859192
0.02804916724562645
0.027977274730801582
0.027902770787477493
0.02782599627971649
0.02774748206138611
0.02766725793480873
0.027585797011852264
0.027503248304128647
0.027419839054346085
0.02733571082353592
0.027250945568084717
0.027165845036506653
0.027080314233899117
0.02699461206793785
0.02690875343978405
0.026822883635759354
0.026736944913864136
0.026651067659258842
0.026565320789813995
0.0264796931296587
0.026394272223114967
0.02630913257598877
0.026224160566926003
0.026139620691537857
0.026055248454213142
