0.6800777912139893
0.675269603729248
0.6710442900657654
0.6594526171684265
0.6539550423622131
0.6237921118736267
0.6209210753440857
0.611656904220581
0.5975626111030579
0.5779520869255066
0.5507737994194031
0.5138219594955444
0.4681135416030884
0.41926780343055725
0.377072274684906
0.34160247445106506
0.3155438005924225
0.2998518943786621
0.30347931385040283
0.3067372739315033
0.3099747598171234
0.3052193522453308
0.30433622002601624
0.30326664447784424
0.30117666721343994
0.2942391335964203
0.28712034225463867
0.28003430366516113
0.2726072371006012
0.26551422476768494
0.2572293281555176
0.24870362877845764
0.24072396755218506
0.23272056877613068
0.22516025602817535
0.21845878660678864
0.21261845529079437
0.2079971730709076
0.20374953746795654
0.20069466531276703
0.19830849766731262
0.19617347419261932
0.1937161386013031
0.19086332619190216
0.18769115209579468
0.18452352285385132
0.18187156319618225
0.17996957898139954
0.17873713374137878
0.176767960190773
