0.8801556825637817
0.8756155371665955
0.8689716458320618
0.8650445938110352
0.8594126105308533
0.8535340428352356
0.8557203412055969
0.859107494354248
0.8610641360282898
0.8621407747268677
0.8626827001571655
0.8628755211830139
0.8628267049789429
0.8626017570495605
0.86223965883255
0.8617680072784424
0.8612049221992493
0.8605632781982422
0.8598509430885315
0.8590764403343201
0.8582442402839661
0.8573571443557739
0.8564174771308899
0.8554286360740662
0.8543879985809326
0.853298544883728
0.8521630167961121
0.8509762287139893
0.8497378826141357
0.848450779914856
0.8471094369888306
0.845715343952179
0.8442650437355042
0.8427568078041077
0.841187596321106
0.8395554423332214
0.8378570675849915
0.8360897898674011
0.8342474699020386
0.8323293924331665
0.830329954624176
0.8282432556152344
0.8260655999183655
0.8237884044647217
0.8214091062545776
0.8189164996147156
0.8163059949874878
0.8135685324668884
0.8106939792633057
0.8076711893081665
