0.7053217887878418
0.704970121383667
0.7098414897918701
0.7272763848304749
0.6746324896812439
0.4764520823955536
0.7366887927055359
0.7236434817314148
0.7160936594009399
0.7099625468254089
0.7062872648239136
0.7037785053253174
0.7019152045249939
0.700447678565979
0.6992419362068176
0.6982190012931824
0.6973313093185425
0.6965427398681641
0.6958341002464294
0.6951891183853149
0.6945950984954834
0.6940432786941528
0.693528413772583
0.6930438876152039
0.692585825920105
0.6921504735946655
0.691735565662384
0.6913377642631531
0.6909575462341309
0.6905890107154846
0.6902363896369934
0.6898925304412842
0.6895615458488464
0.6892386674880981
0.6889268159866333
0.6886216402053833
0.6883251667022705
0.6880348324775696
0.6877521276473999
0.6874744296073914
0.6872031092643738
0.6869369745254517
0.686676025390625
0.6864210367202759
0.6861685514450073
0.6859214901924133
0.6856783628463745
0.6854382157325745
0.6852024793624878
0.684971272945404
