-0.03551680967211723
0.016438506543636322
-0.03605526685714722
-0.026731759309768677
-0.01817416399717331
-0.01745523512363434
-0.010925032198429108
-0.012233864516019821
-0.007042687386274338
-0.0018312186002731323
0.003440745174884796
0.005305163562297821
0.009734325110912323
0.013393647968769073
0.015741489827632904
0.012227475643157959
0.008792918175458908
0.001442156732082367
-0.005999960005283356
-0.019426841288805008
-0.029646191745996475
-0.02616720274090767
-0.014541976153850555
0.010400760918855667
0.02348858118057251
0.030186517164111137
0.034068599343299866
0.042120806872844696
0.045042797923088074
0.04269110783934593
0.03569544851779938
0.02519284561276436
0.017020665109157562
0.010488111525774002
-0.00014054030179977417
-0.009707558900117874
-0.02596179023385048
-0.04328705370426178
-0.055571213364601135
-0.06263938546180725
-0.06502414494752884
-0.06372156739234924
-0.0599023811519146
-0.05903603136539459
-0.0537429116666317
-0.048476409167051315
-0.043696142733097076
-0.039683714509010315
-0.036517009139060974
-0.03421551734209061
