0.09514754265546799
0.09156251698732376
0.08463683724403381
0.07724268734455109
0.07198744267225266
0.06980139762163162
0.06792187690734863
0.066424161195755
0.06592286378145218
0.06643472611904144
0.06726275384426117
0.06799989938735962
0.06850630044937134
0.06874928623437881
0.06874120235443115
0.0685129165649414
0.06808800995349884
0.06750411540269852
0.06682627648115158
0.06606780737638474
0.06524883955717087
0.0644170492887497
0.06359638273715973
0.06277838349342346
0.06198672205209732
0.06120926886796951
0.06045142933726311
0.059712622314691544
0.05899660661816597
0.05830759182572365
0.057640183717012405
0.05698651075363159
0.056336864829063416
0.0556989423930645
0.055082716047763824
0.05448131635785103
0.0538904145359993
0.05332236364483833
0.052774667739868164
0.05223981663584709
0.0517292246222496
0.05123736336827278
0.05076830834150314
0.05032068118453026
0.04989665746688843
0.04949025809764862
0.04909922182559967
0.04872395470738411
0.04836073890328407
0.04800800234079361
0.0476677380502224
0.04734107479453087
0.0470268651843071
0.04672417417168617
0.046430639922618866
0.04614943265914917
0.045876119285821915
0.04561030492186546
0.045352376997470856
0.045102719217538834
0.044859278947114944
0.044621504843235016
0.044390346854925156
0.04416605457663536
0.0439472571015358
0.04373416677117348
0.04352807626128197
0.04332713782787323
0.043130699545145035
0.04293927177786827
0.04275256395339966
0.042570244520902634
0.042393121868371964
0.04222004488110542
0.04205098748207092
0.041886087507009506
0.04172409325838089
0.0415651760995388
0.041410017758607864
0.04125766456127167
0.041108496487140656
0.04096374288201332
0.04082214832305908
0.04068414121866226
0.04055005684494972
0.04041922464966774
0.040291573852300644
0.04016813263297081
0.040047794580459595
0.03992990776896477
0.03981413692235947
0.03970061615109444
0.039589378982782364
0.039480648934841156
0.03937520459294319
0.03927188739180565
0.03917104750871658
0.03907306492328644
0.03897681459784508
0.03888232260942459
