0.2625235319137573
0.2631511688232422
0.2643113434314728
0.2655025124549866
0.2664775550365448
0.26722773909568787
0.2678006887435913
0.2682410478591919
0.2685816287994385
0.26884695887565613
0.26905307173728943
0.2692137360572815
0.269338458776474
0.2694337069988251
0.26950523257255554
0.26955676078796387
0.26959294080734253
0.2696154713630676
0.2696264684200287
0.26962798833847046
0.2696213722229004
0.2696080505847931
0.2695888876914978
0.2695641815662384
0.2695356011390686
0.26950275897979736
0.26946717500686646
0.2694284915924072
0.2693869471549988
0.2693435847759247
0.2692984342575073
0.2692515254020691
0.26920294761657715
0.269153356552124
0.2691030204296112
0.26905113458633423
0.2689988315105438
0.26894617080688477
0.2688920497894287
0.2688380479812622
0.2687835991382599
0.268728643655777
0.26867321133613586
0.2686176896095276
0.2685621678829193
0.2685062885284424
0.2684505581855774
0.2683947682380676
0.26833856105804443
0.2682828903198242
