-0.1621921807527542
0.730392575263977
-0.13970628380775452
-0.13805492222309113
-0.13748401403427124
-0.1371900886297226
-0.1370091587305069
-0.1368853598833084
-0.136794775724411
-0.13672535121440887
-0.13666991889476776
-0.1366245299577713
-0.13658665120601654
-0.13655443489551544
-0.13652677834033966
-0.13650213181972504
-0.13648080825805664
-0.13646143674850464
-0.13644421100616455
-0.1364286094903946
-0.1364140659570694
-0.1364012509584427
-0.13638915121555328
-0.13637802004814148
-0.1363675743341446
-0.13635782897472382
-0.13634906709194183
-0.13634052872657776
-0.13633239269256592
-0.13632500171661377
-0.13631775975227356
-0.13631094992160797
-0.1363045573234558
-0.1362985223531723
-0.1362927407026291
-0.13628725707530975
-0.1362818479537964
-0.13627669215202332
-0.13627195358276367
-0.13626736402511597
-0.13626278936862946
-0.13625845313072205
-0.13625426590442657
-0.13625021278858185
-0.13624635338783264
-0.13624270260334015
-0.1362389624118805
-0.13623538613319397
-0.13623185455799103
-0.13622847199440002
-0.1362254023551941
-0.13622240722179413
-0.1362193524837494
-0.13621613383293152
-0.1362134963274002
-0.13621045649051666
-0.13620781898498535
-0.1362050324678421
-0.13620251417160034
-0.13620001077651978
-0.1361975222826004
-0.13619516789913177
-0.13619253039360046
-0.1361905336380005
-0.1361880898475647
-0.13618601858615875
-0.13618391752243042
-0.13618169724941254
-0.13617973029613495
-0.1361776441335678
-0.13617566227912903
-0.13617371022701263
-0.13617171347141266
-0.13616983592510223
-0.1361679583787918
-0.13616620004177094
-0.13616439700126648
-0.13616260886192322
-0.1361609399318695
-0.13615909218788147
-0.13615743815898895
-0.13615594804286957
-0.1361541599035263
-0.13615265488624573
-0.1361510455608368
-0.13614949584007263
-0.13614793121814728
-0.13614653050899506
-0.13614508509635925
-0.13614358007907867
-0.13614210486412048
-0.13614073395729065
-0.13613933324813843
-0.13613800704479218
-0.1361367255449295
-0.1361352801322937
-0.13613396883010864
-0.1361326426267624
-0.1361314058303833
-0.13613025844097137
