0.4550779461860657
0.45027005672454834
0.4460446238517761
0.43445244431495667
0.4289550483226776
0.3987923860549927
0.3959214985370636
0.3866572678089142
0.37259966135025024
0.35371705889701843
0.3305862545967102
0.3057149648666382
0.2806476652622223
0.25635483860969543
0.23569734394550323
0.22370438277721405
0.2124062031507492
0.20007281005382538
0.19032543897628784
0.1836668998003006
0.1816306710243225
0.17778119444847107
0.17758266627788544
0.17646515369415283
0.1739361435174942
0.17266854643821716
0.16759346425533295
0.16438502073287964
0.1634169965982437
0.15921200811862946
0.15566425025463104
0.15165939927101135
0.14710262417793274
0.14214779436588287
0.13720442354679108
0.132038876414299
0.12691660225391388
0.12257169187068939
0.11842873692512512
0.1147649884223938
0.1116299033164978
0.10906562954187393
0.10729285329580307
0.10583870857954025
0.10470361262559891
0.10389216989278793
0.10325278341770172
0.10273978859186172
0.10228802263736725
0.10186825692653656
