0.09178473800420761
0.09145808964967728
0.09084843099117279
0.0900210365653038
0.08903180062770844
0.08790146559476852
0.08660191297531128
0.08505066484212875
0.08310454338788986
0.08054210245609283
0.0770181342959404
0.07196680456399918
0.06502263247966766
0.05687176436185837
0.049167320132255554
0.042390093207359314
0.0370420403778553
0.03308975696563721
0.029470307752490044
0.027049941942095757
0.025759274140000343
0.02331956848502159
0.022345829755067825
0.01832188107073307
0.015314282849431038
0.013143452815711498
0.011333808302879333
0.0100370142608881
0.009016158059239388
0.008329253643751144
0.007826327346265316
0.007799071259796619
0.00753819290548563
0.007464340887963772
0.007480749860405922
0.007537185680121183
0.007601326797157526
0.007651338819414377
0.007684255018830299
0.0076905060559511185
0.007666925434023142
0.007619817741215229
0.007550628390163183
0.007460981607437134
0.007351546082645655
0.007232458796352148
0.007108087185770273
0.006980094127357006
0.0068468088284134865
0.006717453710734844
0.006586737930774689
0.006454067770391703
0.006318804807960987
0.006184712518006563
0.00605263514444232
0.005924064666032791
0.005795339588075876
0.005667626857757568
0.005541536491364241
0.0054157571867108345
0.005289895925670862
0.005165730603039265
0.005047924350947142
0.004933498799800873
0.004824334755539894
0.004718530457466841
0.004614478908479214
0.004512747284024954
0.004412582144141197
0.004314374178647995
0.0042201136238873005
0.004127207212150097
0.004034752957522869
0.003942746669054031
0.003851880319416523
0.0037645616102963686
0.0036813728511333466
0.0036023010034114122
0.0035271476954221725
0.003454151563346386
0.0033822511322796345
0.0033118748106062412
0.003243290353566408
0.0031753084622323513
0.0031087640672922134
0.00304444320499897
0.0029814825393259525
0.0029204734601080418
0.0028627035208046436
0.0028068150859326124
0.0027516414411365986
0.0026977702509611845
0.0026452336460351944
0.0025931193958967924
0.0025414014235138893
0.0024901165161281824
0.00244009867310524
0.002390792593359947
0.002341903280466795
0.0022941988427191973
