0.0993654727935791
0.09892389923334122
0.0980486199259758
0.09671752154827118
0.09479319304227829
0.0918613076210022
0.08685507625341415
0.07692492753267288
0.057981595396995544
0.03990556299686432
0.033940739929676056
0.32602471113204956
0.09819991886615753
0.09866799414157867
0.0988139882683754
0.09888499975204468
0.09892672300338745
0.09895425289869308
0.09897385537624359
0.09898839890956879
0.09899964183568954
0.09900844097137451
0.09901582449674606
0.09902194142341614
0.09902702271938324
0.09903134405612946
0.09903516620397568
0.09903842210769653
0.09904114902019501
0.09904375672340393
0.0990460216999054
0.09904813021421432
0.09904998540878296
0.09905167669057846
0.09905322641134262
0.09905458986759186
0.09905590116977692
0.09905698895454407
0.09905818849802017
0.09905903786420822
0.09906008094549179
0.09906088560819626
0.09906179457902908
0.09906255453824997
0.09906330704689026
0.09906385838985443
0.09906446188688278
0.09906505048274994
0.09906568378210068
0.09906620532274246
0.09906671196222305
0.09906721115112305
0.09906771034002304
0.09906809031963348
0.09906844049692154
0.09906875342130661
0.09906918555498123
0.09906957298517227
0.09906990081071854
0.09907018393278122
0.09907054901123047
0.09907081723213196
0.09907114505767822
0.0990714356303215
0.09907159209251404
0.0990719422698021
0.09907208383083344
0.09907238930463791
0.09907261282205582
0.09907279163599014
0.09907299280166626
0.09907321631908417
0.09907341748476028
0.09907367825508118
0.0990738794207573
0.09907399117946625
0.0990741103887558
0.09907422214746475
0.09907443821430206
0.0990745797753334
0.09907467663288116
0.09907487034797668
0.09907496720552444
0.0990750640630722
0.09907515347003937
0.0990753322839737
0.09907546639442444
0.09907562285661697
0.09907577931880951
0.0990758091211319
0.09907589852809906
0.09907611459493637
0.09907618910074234
0.0990762934088707
0.09907643496990204
0.0990765169262886
0.09907662868499756
0.09907660633325577
0.09907673299312592
0.09907679259777069
