0.2889322340488434
0.3412111699581146
0.28119754791259766
0.28715378046035767
0.29361584782600403
0.30023011565208435
0.30740103125572205
0.31552445888519287
0.32506048679351807
0.33661016821861267
0.35096508264541626
0.36941227316856384
0.39322429895401
0.41515880823135376
0.3901333212852478
0.3711286783218384
0.6250970363616943
0.5314568281173706
0.42086949944496155
0.3608645796775818
0.32764142751693726
0.3078465461730957
0.295363187789917
0.28719717264175415
0.28177395462989807
0.2782045304775238
0.2759597599506378
0.2747074365615845
0.27423664927482605
0.27440547943115234
0.27511999011039734
0.27631813287734985
0.2779596149921417
0.28001776337623596
0.28247782588005066
0.2853314280509949
0.28857195377349854
0.29219263792037964
0.2961779236793518
0.30052298307418823
0.3054749071598053
0.3109142482280731
0.3168800473213196
0.32307299971580505
0.32905814051628113
0.33435919880867004
0.33766278624534607
0.33996185660362244
0.3437575697898865
0.34301894903182983
0.335072785615921
0.3171014189720154
0.286665141582489
0.24340832233428955
0.18971475958824158
0.13031607866287231
0.07167446613311768
0.021789908409118652
-0.010046243667602539
-0.017129987478256226
-0.00034615397453308105
0.03202277421951294
0.06980063021183014
0.10585050284862518
0.13690359890460968
0.1621304750442505
0.18208099901676178
0.19770124554634094
0.20993037521839142
0.21955077350139618
0.22717586159706116
0.23327341675758362
0.23819419741630554
0.24220380187034607
0.24550002813339233
0.24823395907878876
0.2505195140838623
0.2524452209472656
0.2540804445743561
0.2554771900177002
0.2566785514354706
0.25771793723106384
0.25862178206443787
0.25941184163093567
0.2601063847541809
0.26071858406066895
0.26126202940940857
0.261744886636734
0.2621762454509735
0.26256296038627625
0.26291054487228394
0.26322388648986816
0.2635073661804199
0.2637823224067688
0.2642776668071747
0.2649984359741211
0.2656739354133606
0.2663041651248932
0.26689350605010986
0.2674449682235718
