0.989790141582489
0.9883005619049072
0.9845807552337646
0.9764999747276306
0.9138474464416504
0.9678751826286316
0.9701619148254395
0.9697828888893127
0.9691546559333801
0.9685156345367432
0.967904806137085
0.9673323035240173
0.966795802116394
0.9662922024726868
0.9658151865005493
0.9653645753860474
0.9649360775947571
0.9645295143127441
0.9641379714012146
0.9637635946273804
0.9634038209915161
0.9630558490753174
0.9627195596694946
0.9623956084251404
0.9620802402496338
0.9617738127708435
0.9614758491516113
0.9611879587173462
0.9609047174453735
0.9606308937072754
0.9603607058525085
0.9600993394851685
0.9598413109779358
0.9595885872840881
0.959342360496521
0.959099531173706
0.958861768245697
0.9586281776428223
0.95839923620224
0.9581730961799622
0.9579517841339111
0.957733154296875
0.9575182199478149
0.957305371761322
0.9570972323417664
0.9568920731544495
0.9566882848739624
0.956488847732544
0.9562897682189941
0.9560955762863159
0.9559028148651123
0.955711305141449
0.9555226564407349
0.9553362727165222
0.955152690410614
0.954969584941864
0.9547897577285767
0.9546121954917908
0.9544348120689392
0.9542604684829712
0.9540871381759644
0.9539140462875366
0.953745424747467
0.9535778164863586
0.9534110426902771
0.9532458782196045
0.9530817270278931
0.9529188275337219
0.9527575373649597
0.9525987505912781
0.9524402022361755
0.9522833824157715
0.9521275758743286
0.951972246170044
0.9518178701400757
0.9516661167144775
0.9515141248703003
0.9513642191886902
0.9512138366699219
0.9510653614997864
0.9509178400039673
0.9507718682289124
0.9506264925003052
0.9504824280738831
0.9503390192985535
0.9501962661743164
0.9500530362129211
0.949913740158081
0.9497745633125305
0.9496334195137024
0.9494951367378235
0.9493582844734192
0.9492207765579224
0.9490853548049927
0.9489486813545227
0.9488145112991333
0.9486798644065857
0.9485466480255127
0.9484149217605591
0.94828200340271
