0.1428220570087433
0.1429031938314438
0.16534391045570374
0.1661980003118515
0.16500309109687805
0.16263020038604736
0.16034062206745148
0.15821023285388947
0.15620023012161255
0.15430033206939697
0.15248772501945496
0.15074478089809418
0.14905893802642822
0.14742843806743622
0.14583654701709747
0.1442883014678955
0.14277049899101257
0.14128506183624268
0.1398335099220276
0.13840411603450775
0.13699263334274292
0.13560016453266144
0.13422834873199463
0.13287924230098724
0.13155320286750793
0.13024570047855377
0.1289558708667755
0.12768152356147766
0.12642312049865723
0.12518110871315002
0.12395594269037247
0.1227421760559082
0.12154672294855118
0.12037622183561325
0.11923784017562866
0.11812767386436462
0.11703744530677795
0.11596608906984329
0.1149127185344696
0.11388115584850311
0.11287850886583328
0.11190412193536758
0.11096378415822983
0.1100648045539856
0.10920403152704239
0.10839381068944931
0.10762560367584229
0.10689117014408112
0.10619143396615982
0.10554979741573334
