0.33032214641571045
0.3299700617790222
0.3358910083770752
0.34048283100128174
0.3507387042045593
0.3552948534488678
0.35792192816734314
0.3530557453632355
0.34680503606796265
0.34594616293907166
0.34449461102485657
0.3425394892692566
0.3401302993297577
0.33729445934295654
0.334041953086853
0.3303734064102173
0.32628917694091797
0.3217625617980957
0.3167736232280731
0.3112976849079132
0.30530646443367004
0.29878219962120056
0.29525378346443176
0.28765860199928284
0.27935653924942017
0.2702992260456085
0.26048600673675537
0.2499588429927826
0.23878797888755798
0.22721068561077118
0.21536098420619965
0.2035377025604248
0.1917983442544937
0.18058450520038605
0.1699642390012741
0.1604418009519577
0.15233202278614044
0.14657863974571228
0.13988187909126282
0.1353817582130432
0.1338498741388321
0.13016875088214874
0.14355753362178802
0.14234168827533722
0.14219911396503448
0.12599892914295197
0.12882377207279205
0.12477672845125198
0.12181469053030014
0.12156163901090622
0.12184929847717285
0.12052415311336517
0.11959469318389893
0.12124675512313843
0.1202046126127243
0.11883668601512909
0.11700567603111267
0.11280415952205658
0.11007564514875412
0.10968944430351257
0.11060315370559692
0.10587622225284576
0.10097118467092514
0.09596935659646988
0.09095178544521332
0.08602461218833923
0.08130962401628494
0.07572688162326813
0.07166901230812073
0.06798939406871796
0.06465940177440643
0.061680927872657776
0.05905771628022194
0.05680415779352188
0.054903142154216766
0.05335791036486626
0.05211704969406128
0.05115967243909836
0.04888003319501877
0.048358239233493805
0.04802122712135315
0.047814492136240005
0.047714319080114365
0.047695375978946686
0.04969038814306259
0.049336835741996765
0.04909343272447586
0.04892420023679733
0.0488094761967659
0.0537894107401371
0.053185462951660156
0.05263616889715195
0.05215097963809967
0.05169975012540817
0.05130750685930252
0.05093890428543091
0.050596900284290314
0.05029170215129852
0.050001926720142365
0.04971320927143097
