0.7428659796714783
0.7424243092536926
0.7415482997894287
0.7402175068855286
0.7382931113243103
0.7353612780570984
0.7303552627563477
0.7203980088233948
0.6954554915428162
0.5873580574989319
0.3938673734664917
0.45522812008857727
0.35870423913002014
0.2782105803489685
0.2635065019130707
0.2515050768852234
0.2469274401664734
0.23104707896709442
0.2111712247133255
0.196573406457901
0.18784646689891815
0.1831115484237671
0.18088574707508087
0.180478036403656
0.18170976638793945
0.1826547384262085
0.18415002524852753
0.18465596437454224
0.18375630676746368
0.1823313981294632
0.17978954315185547
0.17751941084861755
0.17379111051559448
0.17051339149475098
0.16745635867118835
0.16465994715690613
0.16211366653442383
0.15987370908260345
0.15792256593704224
0.15628838539123535
0.15494908392429352
0.15367275476455688
0.15280874073505402
0.15210582315921783
0.15154911577701569
0.15111473202705383
0.15076841413974762
0.15048116445541382
0.15024243295192719
0.15002983808517456
