0.1918087750673294
0.19167371094226837
0.19146107137203217
0.19124151766300201
0.19105929136276245
0.19092771410942078
0.1908421814441681
0.19079260528087616
0.190768763422966
0.19076348841190338
0.1907700002193451
0.1907842457294464
0.1908024549484253
0.19082292914390564
0.19084323942661285
0.19086268544197083
0.19088050723075867
0.190896138548851
0.19090884923934937
0.19091886281967163
0.19092607498168945
0.19093026220798492
0.19093190133571625
0.19093067944049835
0.19092662632465363
0.1909201741218567
0.19091133773326874
0.1909002810716629
0.19088700413703918
0.190871924161911
0.19085478782653809
0.19083578884601593
0.19081521034240723
0.19079308211803436
0.1907692402601242
0.19074442982673645
0.19071783125400543
0.19069069623947144
0.19066184759140015
0.19063204526901245
0.19060128927230835
0.19056953489780426
0.1905367523431778
0.19050292670726776
0.1904689222574234
0.19043369591236115
0.1903976947069168
0.19036120176315308
0.1903240829706192
0.19028601050376892
0.1902478188276291
0.1902087777853012
0.19016903638839722
0.19012878835201263
0.19008810818195343
0.19004720449447632
0.19000567495822906
0.189963698387146
0.18992148339748383
0.18987831473350525
0.18983516097068787
0.1897915005683899
0.18974752724170685
0.1897030770778656
0.18965840339660645
0.18961328268051147
0.1895679533481598
0.18952229619026184
0.18947626650333405
0.18942999839782715
0.18938326835632324
0.18933655321598053
0.18928925693035126
0.18924179673194885
0.18919411301612854
0.18914610147476196
0.1890980303287506
0.18904955685138702
0.18900078535079956
0.18895180523395538
0.1889025866985321
0.18885312974452972
0.188803568482399
0.18875354528427124
0.18870343267917633
0.18865308165550232
0.1886025369167328
0.18855194747447968
0.18850085139274597
0.18844962120056152
0.18839804828166962
0.18834654986858368
0.18829479813575745
0.18824279308319092
0.18819059431552887
0.1881381869316101
0.18808530271053314
0.18803280591964722
0.1879798173904419
0.18792645633220673
