0.017466649413108826
0.018536752089858055
0.020418405532836914
0.02215389348566532
0.02346773073077202
0.0244278647005558
0.025132060050964355
0.025652902200818062
0.026040134951472282
0.026328114792704582
0.026541149243712425
0.02669648453593254
0.026806922629475594
0.026881899684667587
0.0269283689558506
0.026952039450407028
0.026957007125020027
0.026946738362312317
0.026923902332782745
0.026890553534030914
0.026848506182432175
0.026799164712429047
0.02674359269440174
0.026682941243052483
0.02661784738302231
0.026549167931079865
0.026477273553609848
0.02640276961028576
0.026325995102524757
0.026247484609484673
0.026167258620262146
0.02608579769730568
0.026003248989582062
0.02591983787715435
0.025835711508989334
0.02575094625353813
0.025665845721960068
0.02558031491935253
0.025494609028100967
0.025408757850527763
0.02532288245856762
0.0252369474619627
0.025151068344712257
0.02506531961262226
0.024979693815112114
0.024894272908568382
0.024809133261442184
0.02472415752708912
0.024639617651700974
0.02455524541437626
