0.5084160566329956
0.5086371302604675
0.5090889930725098
0.5096418261528015
0.5101637840270996
0.5106123089790344
0.510984480381012
0.511292576789856
0.5115479826927185
0.5117617845535278
0.5119415521621704
0.5120923519134521
0.5122203826904297
0.5123293995857239
0.5124214291572571
0.5124998092651367
0.5125660300254822
0.5126218199729919
0.512669026851654
0.5127081274986267
0.5127409100532532
0.51276695728302
0.5127876400947571
0.5128040909767151
0.5128163695335388
0.5128249526023865
0.5128297209739685
0.5128322243690491
0.5128312706947327
0.512828528881073
0.5128238201141357
0.5128157138824463
0.5128071308135986
0.5127966403961182
0.5127846598625183
0.5127714276313782
0.5127570629119873
0.5127407908439636
0.5127240419387817
0.5127068758010864
0.5126896500587463
0.5126693248748779
0.5126498937606812
0.5126294493675232
0.5126088261604309
0.5125868320465088
0.5125650763511658
0.512542724609375
0.5125195980072021
0.5124974250793457
0.5124732851982117
0.5124495625495911
0.5124253630638123
0.5124006867408752
0.5123760104179382
0.512351930141449
0.5123261213302612
0.5123008489608765
0.5122759342193604
0.5122504234313965
0.5122256278991699
0.5121999382972717
0.5121732354164124
0.5121479630470276
0.5121226906776428
0.5120963454246521
0.5120707750320435
0.5120443105697632
0.5120183229446411
0.511992335319519
0.5119668245315552
0.5119407176971436
0.5119147300720215
0.5118893980979919
0.5118626952171326
0.5118369460105896
0.5118105411529541
0.5117843151092529
0.5117586851119995
0.5117335319519043
0.5117077231407166
0.5116816759109497
0.5116556286811829
0.5116300582885742
0.5116043090820312
0.5115787982940674
0.5115534067153931
0.5115280151367188
0.5115023851394653
0.5114772319793701
0.5114514827728271
0.5114270448684692
0.5114014148712158
0.511375904083252
0.5113509297370911
0.5113263130187988
0.5113012790679932
0.5112762451171875
0.51125168800354
0.5112271308898926
