0.517822265625
0.5174699425697327
0.5223414897918701
0.5397763848304749
0.4871319830417633
0.3323459327220917
0.5392175912857056
0.5400682687759399
0.5309422016143799
0.5235114097595215
0.514307975769043
0.51295405626297
0.5087090730667114
0.5049687623977661
0.5015571117401123
0.4983658790588379
0.4953249990940094
0.4923855662345886
0.4895133376121521
0.4866827726364136
0.48387449979782104
0.48107150197029114
0.47826188802719116
0.47543519735336304
0.47258010506629944
0.46968942880630493
0.4667544960975647
0.46376901865005493
0.4607250392436981
0.4576166868209839
0.45443761348724365
0.45118051767349243
0.44928449392318726
0.4458264112472534
0.44225433468818665
0.4385601580142975
0.434736967086792
0.43077611923217773
0.42666903138160706
0.4224066734313965
0.4179784655570984
0.41337570548057556
0.40858662128448486
0.4036010205745697
0.39840516448020935
0.3929869532585144
0.3873332142829895
0.38143491744995117
0.37529972195625305
0.36889880895614624
