-0.15969218313694
0.7325382828712463
-0.13727228343486786
-0.13562287390232086
-0.13505232334136963
-0.13475872576236725
-0.1345779448747635
-0.13445435464382172
-0.13436391949653625
-0.13429439067840576
-0.13423903286457062
-0.13419398665428162
-0.13415612280368805
-0.13412398099899292
-0.1340961754322052
-0.13407184183597565
-0.13405030965805054
-0.13403107225894928
-0.13401375710964203
-0.13399824500083923
-0.13398393988609314
-0.13397088646888733
-0.13395880162715912
-0.1339477151632309
-0.1339372843503952
-0.13392780721187592
-0.13391876220703125
-0.13391029834747314
-0.13390226662158966
-0.13389469683170319
-0.13388772308826447
-0.1338808238506317
-0.1338745653629303
-0.13386844098567963
-0.1338626742362976
-0.1338571161031723
-0.13385170698165894
-0.13384664058685303
-0.13384205102920532
-0.13383714854717255
-0.1338326781988144
-0.13382843136787415
-0.1338242143392563
-0.1338203102350235
-0.13381633162498474
-0.13381251692771912
-0.13380886614322662
-0.13380549848079681
-0.13380184769630432
-0.1337985098361969
-0.133795365691185
-0.13379234075546265
-0.1337893307209015
-0.13378623127937317
-0.13378344476222992
-0.13378065824508667
-0.133777916431427
-0.13377514481544495
-0.13377271592617035
-0.133770152926445
-0.13376757502555847
-0.13376517593860626
-0.1337628811597824
-0.13376057147979736
-0.13375842571258545
-0.1337561309337616
-0.13375402987003326
-0.1337517499923706
-0.13374990224838257
-0.13374777138233185
-0.13374580442905426
-0.13374392688274384
-0.1337418556213379
-0.13373994827270508
-0.13373824954032898
-0.13373638689517975
-0.13373447954654694
-0.1337328404188156
-0.13373121619224548
-0.13372944295406342
-0.13372765481472015
-0.13372604548931122
-0.13372451066970825
-0.1337229609489441
-0.1337214708328247
-0.1337198168039322
-0.13371828198432922
-0.13371674716472626
-0.13371524214744568
-0.13371384143829346
-0.13371241092681885
-0.1337110996246338
-0.1337096244096756
-0.13370826840400696
-0.1337069571018219
-0.13370570540428162
-0.13370423018932343
-0.1337031126022339
-0.13370175659656525
-0.13370050489902496
