0.37996718287467957
0.3721368610858917
0.3128841519355774
0.37798821926116943
0.37814196944236755
0.37818706035614014
0.37820690870285034
0.37821653485298157
0.37822261452674866
0.3782258629798889
0.3782280385494232
0.37822872400283813
0.3782293200492859
0.378229558467865
0.37822940945625305
0.3782292306423187
0.3782285153865814
0.37822824716567993
0.3782276213169098
0.378226637840271
0.3782258629798889
0.3782252371311188
0.37822479009628296
0.3782239258289337
0.37822291254997253
0.37822282314300537
0.37822210788726807
0.3782207667827606
0.37822017073631287
0.3782193064689636
0.37821900844573975
0.37821829319000244
0.37821775674819946
0.37821686267852783
0.37821632623672485
0.37821540236473083
0.378214567899704
0.3782136142253876
0.37821346521377563
0.37821269035339355
0.3782123923301697
0.3782118558883667
0.37821102142333984
0.37821054458618164
0.378210186958313
0.37820953130722046
0.37820905447006226
0.37820881605148315
0.37820813059806824
0.3782076835632324
0.37820711731910706
0.3782065212726593
0.3782060742378235
0.3782055079936981
0.37820494174957275
0.3782044053077698
0.3782039284706116
0.37820345163345337
0.37820300459861755
0.37820252776145935
0.3782021701335907
0.3782016932964325
0.37820130586624146
0.3782009780406952
0.3782005310058594
0.37820014357566833
0.3781995475292206
0.37819916009902954
0.37819889187812805
0.37819841504096985
0.3781980276107788
0.37819764018058777
0.37819722294807434
0.3781968057155609
0.37819626927375793
0.3781958818435669
0.3781956732273102
0.37819525599479675
0.37819498777389526
0.3781946003437042
0.37819433212280273
0.37819400429725647
0.37819355726242065
0.3781932294368744
0.3781929016113281
0.3781926929950714
0.378192275762558
0.37819206714630127
0.3781919479370117
0.37819159030914307
0.37819135189056396
0.3781910538673401
0.3781907558441162
0.3781905174255371
0.37818998098373413
0.37818971276283264
0.37818944454193115
0.37818899750709534
0.3781886696815491
0.3781883716583252
