0.6767314076423645
0.675544798374176
0.6713343262672424
0.6060075759887695
0.6567245721817017
0.6569548845291138
0.6562150120735168
0.6554170846939087
0.6546589732170105
0.6539515256881714
0.6532908082008362
0.652670681476593
0.6520859599113464
0.6515316963195801
0.6510034203529358
0.6505001783370972
0.6473446488380432
0.6468480229377747
0.6463719010353088
0.6459134221076965
0.645472526550293
0.6450459957122803
0.6446326971054077
0.6442311406135559
0.6438417434692383
0.6434622406959534
0.6430925726890564
0.641235888004303
0.6408688426017761
0.6405121684074402
0.6401618123054504
0.6398206949234009
0.6394866704940796
0.6391592621803284
0.6388390064239502
0.6385231018066406
0.6382157802581787
0.6379110813140869
0.6376124024391174
0.6373187303543091
0.6370288729667664
0.6367444396018982
0.6364635229110718
0.6361867189407349
0.6359133720397949
0.635644257068634
0.6353785395622253
0.6351159811019897
0.6348568201065063
0.6346001029014587
