0.1918087750673294
0.19167371094226837
0.19146107137203217
0.19124151766300201
0.19105929136276245
0.19092771410942078
0.1908421814441681
0.19079260528087616
0.190768763422966
0.19076348841190338
0.1907700002193451
0.1907842457294464
0.1908024549484253
0.19082292914390564
0.19084323942661285
0.19086268544197083
0.19088050723075867
0.190896138548851
0.19090884923934937
0.19091886281967163
0.19092607498168945
0.19093026220798492
0.19093190133571625
0.19093067944049835
0.19092662632465363
0.1909201741218567
0.19091133773326874
0.1909002810716629
0.19088700413703918
0.190871924161911
0.19085478782653809
0.19083578884601593
0.19081521034240723
0.19079308211803436
0.1907692402601242
0.19074442982673645
0.19071783125400543
0.19069069623947144
0.19066184759140015
0.19063204526901245
0.19060128927230835
0.19056953489780426
0.1905367523431778
0.19050292670726776
0.1904689222574234
0.19043369591236115
0.1903976947069168
0.19036120176315308
0.1903240829706192
0.19028601050376892
