0.058416061103343964
0.058637313544750214
0.059089891612529755
0.05964158475399017
0.06016421318054199
0.0606122761964798
0.06098458915948868
0.06129255145788193
0.061548203229904175
0.06176174432039261
0.06194112077355385
0.062092460691928864
0.06222047656774521
0.062329165637493134
0.062421299517154694
0.062499579042196274
0.0625658705830574
0.0626218169927597
0.06266885995864868
0.0627080500125885
0.06274042278528214
0.06276676803827286
0.06278785318136215
0.0628041923046112
0.06281634420156479
0.06282475590705872
0.06282982975244522
0.06283194571733475
0.06283136457204819
0.06282838433980942
0.06282320618629456
0.06281605362892151
0.06280714273452759
0.0627966821193695
0.06278463453054428
0.06277135014533997
0.06275688856840134
0.0627412274479866
0.06272460520267487
0.06270703673362732
0.06268870830535889
0.06266959011554718
0.06264982372522354
0.0626293495297432
0.06260844320058823
0.06258690357208252
0.062564916908741
0.06254243105649948
0.06251957267522812
0.062496382743120193
