0.4301561415195465
0.4256163537502289
0.41566139459609985
0.40753692388534546
0.4086161255836487
0.4121297299861908
0.4148130714893341
0.4165661931037903
0.4177027642726898
0.41845157742500305
0.41895386576652527
0.4192921221256256
0.4195181429386139
0.4196639060974121
0.41975000500679016
0.4197932183742523
0.41980212926864624
0.41978445649147034
0.41974589228630066
0.41969034075737
0.4196217358112335
0.4195416569709778
0.4194523096084595
0.41935521364212036
0.41925108432769775
0.4191424548625946
0.41902869939804077
0.41891077160835266
0.41878971457481384
0.41866564750671387
0.4185398519039154
0.41841185092926025
0.4182813763618469
0.4181500971317291
0.41801711916923523
0.4178828299045563
0.41774752736091614
0.4176121950149536
0.4174753427505493
0.417338103055954
0.41720086336135864
0.4170633554458618
0.41692498326301575
0.4167863726615906
0.4166475236415863
0.41650882363319397
0.4163699448108673
0.416230708360672
0.41609203815460205
0.4159531593322754
0.41581469774246216
0.41567549109458923
0.41553670167922974
0.41539832949638367
0.4152587056159973
0.4151206612586975
0.4149826467037201
0.4148443043231964
0.41470617055892944
0.41456806659698486
0.41443032026290894
0.41429242491722107
0.41415509581565857
0.4140178859233856
0.41388005018234253
0.41374385356903076
0.41360634565353394
0.41346991062164307
0.41333335638046265
0.4131965935230255
0.4130609333515167
0.4129246473312378
0.412788987159729
0.4126535952091217
0.4125169813632965
0.4123822748661041
0.41224685311317444
0.4121115505695343
0.41197648644447327
0.4118415117263794
0.4117068648338318
0.4115718901157379
0.41143760085105896
0.41130295395851135
0.4111688733100891
0.4110337793827057
0.4108998477458954
0.4107665717601776
0.41063207387924194
0.41049817204475403
0.41036441922187805
0.41023024916648865
0.4100969731807709
0.4099637567996979
0.40983039140701294
0.4096967875957489
0.4095630347728729
0.4094299376010895
0.4092964828014374
0.40916356444358826
