0.1639321744441986
0.19668595492839813
0.17664331197738647
0.20647737383842468
0.14387445151805878
0.1746932864189148
0.1417161077260971
0.09481194615364075
0.032842352986335754
0.1335139125585556
0.09820365905761719
0.0474545992910862
-0.0002729613333940506
0.03269847109913826
-0.0029760710895061493
-0.02070239558815956
-0.020679254084825516
-0.03360385075211525
-0.049200259149074554
-0.054223403334617615
-0.05517047643661499
-0.05953648313879967
-0.05745108425617218
-0.06708744168281555
-0.06452005356550217
-0.06526652723550797
-0.0643589198589325
-0.06437081843614578
-0.06587140262126923
-0.0678938776254654
-0.0691196396946907
-0.06889898329973221
-0.0744585171341896
-0.07443802058696747
-0.07516685873270035
-0.07761156558990479
-0.08166835457086563
-0.08598500490188599
-0.08873388916254044
-0.0889715850353241
-0.08693605661392212
-0.08383043110370636
-0.08088313043117523
-0.07907294481992722
-0.07882892340421677
-0.08007511496543884
-0.08238516747951508
-0.08524426817893982
-0.08810487389564514
-0.09054121375083923
-0.09226034581661224
-0.09310213476419449
-0.09314435720443726
-0.09254925698041916
-0.0915948674082756
-0.09056288748979568
-0.08963913470506668
-0.08894949406385422
-0.08855678886175156
-0.08846976608037949
-0.08865847438573837
-0.08907366544008255
-0.08964955061674118
-0.09033602476119995
-0.09109031409025192
-0.09186825901269913
-0.09263358265161514
-0.09335874021053314
-0.09401962161064148
-0.09461119025945663
-0.09512916207313538
-0.09557317942380905
-0.09594696015119553
-0.09625541418790817
-0.09651656448841095
-0.09674356132745743
-0.09694235026836395
-0.09712066501379013
-0.09728880971670151
-0.09744501113891602
-0.0975743755698204
-0.09767933934926987
-0.09776179492473602
-0.0978211909532547
-0.09784356504678726
-0.09783574938774109
-0.09780529886484146
-0.09775806218385696
-0.09770021587610245
-0.09763500094413757
-0.09756673872470856
-0.09750442951917648
-0.09745302051305771
-0.09741665422916412
-0.09739727526903152
-0.0974036306142807
-0.09743783622980118
-0.09750234335660934
-0.09759722650051117
-0.09772033989429474
