0.20515601336956024
0.20061607658863068
0.1925753504037857
0.18756510317325592
0.18453314900398254
0.18400953710079193
0.18603844940662384
0.18794594705104828
0.1891166716814041
0.18978583812713623
0.19012245535850525
0.19022908806800842
0.19016911089420319
0.18998287618160248
0.18969564139842987
0.1893257200717926
0.188886821269989
0.18838736414909363
0.18783462047576904
0.18723346292972565
0.18658789992332458
0.18590110540390015
0.18517479300498962
0.1844109445810318
0.18361084163188934
0.1827753484249115
0.18190455436706543
0.180998757481575
0.1800583004951477
0.179082453250885
0.1780712753534317
0.17702382802963257
0.175939679145813
0.1748172640800476
0.17365597188472748
0.17245443165302277
0.1712116301059723
0.16992822289466858
0.16860496997833252
0.1672363430261612
0.16582126915454865
0.1643546223640442
0.16283634305000305
0.16127295792102814
0.15965625643730164
0.15798670053482056
0.15625467896461487
0.15445776283740997
0.1525946408510208
0.15067090094089508
0.14870381355285645
0.14668703079223633
0.1446596086025238
0.14262157678604126
0.1405591517686844
0.13850344717502594
0.1364867091178894
0.13446849584579468
0.13246220350265503
0.1304955780506134
0.12855513393878937
0.12668126821517944
0.12483531981706619
0.12297704815864563
0.12114319950342178
0.119294673204422
0.11743589490652084
0.1155785620212555
0.1137707456946373
0.11202030628919601
0.11032109707593918
0.10866440832614899
0.10706514865159988
0.10554646700620651
0.10408531874418259
0.10264180600643158
0.10125139355659485
0.09993171691894531
0.0986870676279068
0.09748084098100662
0.09632217139005661
0.09522029757499695
0.09417390078306198
0.09317153692245483
0.09221415221691132
0.0912964940071106
0.09040338546037674
0.08954612910747528
0.08873250335454941
0.08798248320817947
0.0872664526104927
0.08658574521541595
0.08593163639307022
0.08531700819730759
0.08472852408885956
0.08414912968873978
0.0835842415690422
0.08303133398294449
0.0824885368347168
0.08196058124303818
