0.09514754265546799
0.09156253188848495
0.08463679254055023
0.07724268734455109
0.07198745012283325
0.06980141252279282
0.06792184710502625
0.06642409414052963
0.06592273712158203
0.06643462926149368
0.06726270914077759
0.06799980998039246
0.06850627809762955
0.06874922662973404
0.06874110549688339
0.06851283460855484
0.06808789074420929
0.06750401854515076
0.06682618707418442
0.06606771796941757
0.0652487650513649
0.06441686302423477
0.06359631568193436
0.0627783015370369
0.06198660284280777
0.061209164559841156
0.060451291501522064
0.05971251428127289
0.05899650231003761
0.058307453989982605
0.057640090584754944
0.05698646605014801
0.05633675679564476
0.05569884181022644
0.05508256331086159
0.05448121204972267
0.05389034375548363
0.05332227051258087
0.05277460440993309
0.05223965272307396
0.051729124039411545
0.05123727396130562
0.05076821893453598
0.05032053217291832
0.04989650472998619
0.04949016869068146
0.04909911006689072
0.04872385784983635
0.048360586166381836
0.04800790175795555
