0.09184414893388748
0.09151444584131241
0.09090010821819305
0.0900675505399704
0.08907172083854675
0.08793023228645325
0.08661173284053802
0.08503212779760361
0.08305149525403976
0.08045745640993118
0.07692589610815048
0.07193955779075623
0.06521138548851013
0.05753203481435776
0.05051324516534805
0.044291429221630096
0.039342526346445084
0.03538123518228531
0.03228091821074486
0.030047297477722168
0.02763955295085907
0.025509396567940712
0.025707118213176727
0.024349063634872437
0.01782194897532463
0.018167320638895035
0.02893827110528946
0.024480286985635757
0.06288021057844162
0.048844315111637115
0.03983496129512787
-0.17760147154331207
-0.4310830533504486
0.08149024844169617
0.09798932075500488
0.10081660002470016
0.10002459585666656
0.09901449084281921
0.09816333651542664
0.09748315811157227
0.09693904966115952
0.09649781137704849
0.09613478928804398
0.09583155065774918
0.09557497501373291
0.09535519778728485
0.09516483545303345
0.09499862790107727
0.09485215693712234
0.09472888708114624
0.09464956820011139
0.09458383172750473
0.09452427178621292
0.0944710299372673
0.09442304074764252
0.09437878429889679
0.09433767199516296
0.09429953992366791
0.0942641943693161
0.09423115104436874
0.0942000225186348
0.09417103230953217
0.09414377808570862
0.09411811828613281
0.09409382939338684
0.09407100081443787
0.09404929727315903
0.0940287634730339
0.0940091460943222
0.09399066120386124
0.09397309273481369
0.09395625442266464
0.09394016116857529
0.09392482787370682
0.0939100831747055
0.09389612078666687
0.09388263523578644
0.09386973083019257
0.09385739266872406
0.09384544938802719
0.09383384883403778
0.09382279962301254
0.09381258487701416
0.09380432218313217
0.09379742294549942
0.0937909483909607
0.09378490597009659
0.09377925843000412
0.09377403557300568
0.09376906603574753
0.0937647894024849
0.0937609001994133
0.09375710040330887
0.09375356882810593
0.09375014156103134
0.09374699741601944
0.09374383091926575
0.09374097734689713
0.09373808652162552
0.09373515844345093
