-0.06495783478021622
0.5196473598480225
-0.06561281532049179
-0.06546106189489365
-0.06539659202098846
-0.06535851955413818
-0.06533235311508179
-0.06531273573637009
-0.0652972087264061
-0.06528440862894058
-0.06527355313301086
-0.06526417285203934
-0.06525590270757675
-0.06524847447872162
-0.06524176150560379
-0.06523573398590088
-0.06523028016090393
-0.06522511690855026
-0.06522049009799957
-0.06521608680486679
-0.06521186977624893
-0.06520790606737137
-0.06520428508520126
-0.06520086526870728
-0.06519758701324463
-0.06519445031881332
-0.065191350877285
-0.06518857181072235
-0.06518585234880447
-0.06518317759037018
-0.06518062204122543
-0.0651782900094986
-0.06517598032951355
-0.0651736781001091
-0.06517159193754196
-0.0651693344116211
-0.06516736000776291
-0.06516539305448532
-0.06516345590353012
-0.06516168266534805
-0.06515990197658539
-0.0651579424738884
-0.06515633314847946
-0.06515474617481232
-0.06515311449766159
-0.06515142321586609
-0.06514988839626312
-0.06514842808246613
-0.06514691561460495
-0.06514549255371094
-0.06514406204223633
-0.0651426911354065
-0.06514141708612442
-0.06514012813568115
-0.06513872742652893
-0.06513731181621552
-0.06513631343841553
-0.06513495743274689
-0.06513389199972153
-0.06513265520334244
-0.06513144075870514
-0.06513028591871262
-0.06512933224439621
-0.0651281550526619
-0.06512722373008728
-0.06512605398893356
-0.06512487679719925
-0.06512396782636642
-0.06512296199798584
-0.06512194871902466
-0.06512096524238586
-0.06512004137039185
-0.06511907279491425
-0.0651182159781456
-0.06511728465557098
-0.06511639058589935
-0.06511548906564713
-0.0651145875453949
-0.0651135966181755
-0.0651126354932785
-0.06511203944683075
-0.06511110812425613
-0.06511032581329346
-0.06510942429304123
-0.06510874629020691
-0.06510791927576065
-0.06510725617408752
-0.0651063621044159
-0.06510570645332336
-0.06510477513074875
-0.06510412693023682
-0.06510332971811295
-0.06510262936353683
-0.06510191410779953
-0.0651012435555458
-0.06510056555271149
-0.06509975343942642
-0.06509899348020554
-0.0650983452796936
-0.06509777158498764
