0.2500988841056824
0.25007519125938416
0.25002941489219666
0.24996447563171387
0.2498817890882492
0.24977964162826538
0.24964840710163116
0.24946649372577667
0.2491917461156845
0.2487465888261795
0.247990220785141
0.24665778875350952
0.2442139983177185
0.23944324254989624
0.22899851202964783
0.19978804886341095
0.11734580993652344
0.10839933902025223
0.14769361913204193
0.1639392226934433
0.15705858170986176
0.1350739300251007
0.10598082095384598
0.08216027170419693
0.06628794223070145
0.05778062343597412
0.05587927624583244
0.059128470718860626
0.06389675289392471
0.06925252825021744
0.07324673980474472
0.07526317983865738
0.07549088448286057
0.07420390844345093
0.07179322838783264
0.06860114634037018
0.06503035128116608
0.06151098757982254
0.058365706354379654
0.05570288747549057
0.053482286632061005
0.05164721980690956
0.050053782761096954
0.04860151559114456
0.04733773693442345
0.04625654220581055
0.04527862370014191
0.04444650188088417
0.04379000514745712
0.0432799831032753
0.04285923391580582
0.04250015318393707
0.04217624291777611
0.04185296595096588
0.04153676703572273
0.0412459559738636
0.04098421335220337
0.04076382890343666
0.040608689188957214
0.04049278423190117
0.04040312394499779
0.040337324142456055
0.04027445614337921
0.04022284597158432
0.04018010199069977
0.040149375796318054
0.040135324001312256
0.04012570530176163
0.04012566804885864
0.04013313353061676
0.04013470560312271
0.040129657834768295
0.04012082517147064
0.04009925574064255
0.040063902735710144
0.040015775710344315
0.03995354846119881
0.03987497091293335
0.0397791713476181
0.039665527641773224
0.0395355187356472
0.03938951715826988
0.03922736272215843
0.039050616323947906
0.03886009380221367
0.03865772858262062
0.03844567388296127
0.03822392597794533
0.03799529746174812
0.037762001156806946
0.037522755563259125
0.03727811947464943
0.03703019767999649
0.03677791357040405
0.036520496010780334
0.03626036271452904
0.03600090369582176
0.0357418954372406
0.03548215329647064
0.035224903374910355
0.03497038781642914
0.034715939313173294
0.03446200117468834
0.0342121385037899
0.033965665847063065
0.033725034445524216
0.03349391371011734
0.033269014209508896
0.033049337565898895
0.03283439949154854
0.03262227028608322
0.03241463005542755
0.032209768891334534
0.032008375972509384
0.03181116655468941
0.031617529690265656
0.03142830729484558
0.031241465359926224
0.031058719381690025
0.030882040038704872
0.03070954792201519
0.030539946630597115
0.03037506528198719
0.030213801190257072
0.03005572408437729
0.029901428148150444
0.029751401394605637
0.029604215174913406
0.029461132362484932
0.029322469606995583
0.029186172410845757
0.029052110388875008
0.028921302407979965
0.028793659061193466
0.028669461607933044
0.02854916639626026
0.028432456776499748
0.028318211436271667
0.0282075684517622
0.02810024656355381
0.027995606884360313
0.02789262868463993
0.02779175341129303
0.0276933740824461
0.027597393840551376
0.027503740042448044
0.027412015944719315
0.027321776375174522
0.027234114706516266
0.027148481458425522
0.027064260095357895
0.026981357485055923
0.02689969912171364
0.026819325983524323
0.026739992201328278
0.026661600917577744
0.026584157720208168
0.026507727801799774
0.02643366903066635
0.02636081911623478
0.026289453729987144
0.026219498366117477
0.0261511392891407
0.026083994656801224
0.02601880021393299
0.025954777374863625
0.025893427431583405
0.02583298459649086
0.025773148983716965
0.02571386843919754
0.0256551131606102
0.02559712529182434
0.02554040402173996
0.025484200567007065
0.025428490713238716
0.025373201817274094
0.0253184475004673
0.02526433765888214
0.025211280211806297
0.02515862137079239
0.025106705725193024
0.025055108591914177
0.025003783404827118
0.0249527208507061
0.02490193396806717
0.024851569905877113
0.024802200496196747
0.024753253906965256
0.024704471230506897
0.024655813351273537
0.024607297033071518
0.024558914825320244
0.02451063133776188
0.024462396278977394
0.024414710700511932
0.024367621168494225
0.02432081662118435
0.024274276569485664
0.024228164926171303
0.024182241410017014
