0.22492356598377228
0.2248869240283966
0.22480429708957672
0.22465281188488007
0.22437989711761475
0.22387397289276123
0.22289057075977325
0.2208768129348755
0.21647587418556213
0.20588639378547668
0.17510122060775757
0.10053995251655579
0.08195489645004272
0.07072008401155472
0.08559754490852356
0.08454344421625137
0.07513192296028137
0.06291954219341278
0.050316762179136276
0.040057048201560974
0.03270634636282921
0.02793818898499012
0.024138666689395905
0.02138364501297474
0.019507279619574547
0.018550502136349678
0.018260594457387924
0.0182436965405941
0.01835457608103752
0.018560998141765594
0.018770737573504448
0.018942076712846756
0.019021976739168167
0.019024059176445007
0.0189776960760355
0.018865039572119713
0.018672049045562744
0.018421901389956474
0.018111664801836014
0.017764408141374588
0.017407730221748352
0.017013493925333023
0.01660097949206829
0.016159826889634132
0.015701016411185265
0.015235526487231255
0.01476250123232603
0.014271607622504234
0.013781283050775528
0.013317515142261982
0.012873787432909012
0.012446878477931023
0.012034786865115166
0.011636266484856606
0.011257599107921124
0.010894281789660454
0.01053769700229168
0.010186057537794113
0.009849803522229195
0.009546560235321522
0.00928601436316967
0.009049640968441963
0.008837212808430195
0.008635487407445908
0.008440641686320305
0.008256849832832813
0.008097318932414055
0.007959753274917603
0.007834864780306816
0.0077169910073280334
0.007603653706610203
0.007494620978832245
0.007395322434604168
0.0073067075572907925
0.0072232866659760475
0.007146265357732773
0.007072427310049534
0.0070012398064136505
0.0069357408210635185
0.00687424698844552
0.006814591586589813
0.00675740372389555
0.0067039979621768
0.006655523553490639
0.006610319018363953
0.006567304953932762
0.006526755169034004
0.006488903425633907
0.006452973000705242
0.006419184617698193
0.006386585533618927
0.0063551198691129684
0.006325476337224245
0.006297705229371786
0.0062718624249100685
0.006246868520975113
0.006222675554454327
0.006199821829795837
0.006177854724228382
0.00615688506513834
0.0061365095898509026
0.006116696633398533
0.006097950506955385
0.006080478895455599
0.006063420325517654
0.006046752445399761
0.006030441261827946
0.0060144588351249695
0.005998780019581318
0.005983378738164902
0.005968235433101654
0.0059533268213272095
0.005938638933002949
0.005924148019403219
0.005909835919737816
0.005895702634006739
0.005881713703274727
0.0058678677305579185
0.005854145623743534
0.005840555764734745
0.005827066022902727
0.005813679192215204
0.005800383631139994
0.005787177011370659
0.005774133838713169
0.005761230364441872
0.005748814903199673
0.005736460909247398
0.005724160932004452
0.005711911246180534
0.005699709057807922
0.005687548778951168
0.00567543413490057
0.005663352087140083
0.00565131101757288
0.005639306269586086
0.0056273359805345535
0.005615394562482834
0.0056034866720438
0.00559160765260458
0.005579761229455471
0.005567938555032015
0.00555614847689867
0.00554438354447484
0.0055326493456959724
0.005520939826965332
0.005509358365088701
0.005497916601598263
0.0054865083657205105
0.005475126206874847
0.005463774316012859
0.0054524545557796955
0.005441152025014162
0.00542988907545805
0.005418653599917889
0.005407447461038828
0.005396266467869282
0.005385315045714378
0.005374625325202942
0.005363945383578539
0.005353293381631374
0.005342660937458277
0.005332053638994694
0.005321458913385868
0.005310893524438143
0.005300349555909634
0.005289827939122915
0.005279329139739275
0.005268855486065149
0.005258405581116676
0.005247972905635834
0.0052375802770257
0.005227196961641312
0.005216853227466345
0.005206524860113859
0.005196227226406336
0.005185953341424465
0.005175710655748844
0.005165488924831152
0.00515529653057456
0.005145133472979069
0.005134994629770517
0.005124889314174652
0.005114811472594738
0.005104756448417902
0.005094732623547316
0.005084731616079807
0.005074765533208847
0.005064832977950573
0.005054916720837355
0.005045035388320684
0.005035188049077988
0.005025366321206093
0.005015569739043713
0.005005810409784317
0.004996070638298988
0.004986638203263283
0.00497729005292058
0.004967962857335806
0.004958660341799259
