0.12508927285671234
0.1250651329755783
0.12501846253871918
0.12495112419128418
0.12486430257558823
0.12475396692752838
0.1246088370680809
0.12440173327922821
0.12408281117677689
0.12355940788984299
0.12266091257333755
0.12105949968099594
0.11806969344615936
0.11205605417490005
0.098170705139637
0.07130357623100281
0.04961088299751282
0.0743512511253357
0.027967102825641632
0.03327318653464317
0.040036678314208984
0.04376949742436409
0.04473460838198662
0.043968312442302704
0.042129307985305786
0.03966262936592102
0.03664175420999527
0.033103540539741516
0.029514513909816742
0.02631944790482521
0.023391645401716232
0.02077563852071762
0.018507197499275208
0.016619883477687836
0.01519358903169632
0.014142613857984543
0.013389060273766518
0.012844087556004524
0.012427756562829018
0.012072241865098476
0.011742875911295414
0.011404728516936302
0.011049400083720684
0.010673345997929573
0.01028469018638134
0.00989097636193037
0.009499444626271725
0.009117508307099342
0.008750777691602707
0.008401785045862198
0.00807609036564827
0.007774765603244305
0.0074979448691010475
0.007243059575557709
0.007011834532022476
0.006800592876970768
0.006612581200897694
0.006440509110689163
0.006281600333750248
0.006136399693787098
0.00600189995020628
0.005875836126506329
0.005757074803113937
0.005646415986120701
0.005545433610677719
0.00545107526704669
0.005361743737012148
0.005277538672089577
0.00519807543605566
0.005125922150909901
0.005060586147010326
0.00499988067895174
0.004943022504448891
0.004890550393611193
0.004841973073780537
0.004796821624040604
0.004757573828101158
0.004721473902463913
0.004690204747021198
0.004662270657718182
0.004635673016309738
0.004611396696418524
0.0045885248109698296
0.0045666927471756935
0.004546038806438446
0.0045261383056640625
0.004506619181483984
0.004488370381295681
0.004470597952604294
0.004454000853002071
0.004438082221895456
0.0044225063174963
0.00440671481192112
0.004390498623251915
0.004374454729259014
0.004358413629233837
0.004341795574873686
0.004324551671743393
0.00430668331682682
0.004288166761398315
0.004269610624760389
0.004250619560480118
0.00423087365925312
0.00421037245541811
0.004189313389360905
0.004168068058788776
0.004146758932620287
0.004125567618757486
0.0041048163548111916
0.004083831794559956
0.004062548745423555
0.00404066126793623
0.004018657375127077
0.003996199928224087
0.003973424434661865
0.003950815182179213
0.003927732817828655
0.0039041652344167233
0.003880135715007782
0.0038557169027626514
0.0038312221877276897
0.0038065940607339144
0.00378180923871696
0.003756947349756956
0.003731792327016592
0.003706546500325203
0.0036812108010053635
0.003655704902485013
0.003630041377618909
0.003604272846132517
0.00357842817902565
0.003552480135113001
0.0035265879705548286
0.0035007381811738014
0.0034749156329780817
0.00344907958060503
0.003423306392505765
0.003397607710212469
0.0033721188083291054
0.0033468070905655622
0.0033216173760592937
0.003296567825600505
0.0032718642614781857
0.003247292013838887
0.0032229344360530376
0.0031988071277737617
0.0031749834306538105
0.003151373006403446
0.0031279530376195908
0.003104743082076311
0.0030818087980151176
0.003059045411646366
0.003036553505808115
0.0030142657924443483
0.0029922546818852425
0.0029704971238970757
0.00294908182695508
0.002927893539890647
0.0029070221353322268
0.002886404749006033
0.0028660183306783438
0.002845913637429476
0.002826088573783636
0.002806504489853978
0.0027872081845998764
0.002768163103610277
0.0027493825182318687
0.002730893436819315
0.0027126530185341835
0.002694669645279646
0.0026769619435071945
0.002659501973539591
0.0026422918308526278
0.002625357825309038
0.0026086505968123674
0.002592361532151699
0.0025764622259885073
0.002560839056968689
0.0025456477887928486
0.0025307382456958294
0.0025161353405565023
0.002501744544133544
0.0024875961244106293
0.0024737613275647163
0.002460148185491562
0.002446736441925168
0.002433521207422018
0.0024205739609897137
0.0024078490678220987
0.0023953330237418413
0.0023830034770071507
0.002370942384004593
0.002359056379646063
0.0023473852779716253
0.0023358934558928013
0.002324584173038602
0.002313423901796341
0.0023025255650281906
0.002291821874678135
0.0022812495008111
