0.4948890805244446
0.4948458671569824
0.4947448670864105
0.49454712867736816
0.49416661262512207
0.49340346455574036
0.49179792404174805
0.4882105588912964
0.4794917106628418
0.4547366499900818
0.3526304066181183
0.19816523790359497
0.29293566942214966
0.29327842593193054
0.24542422592639923
0.17576660215854645
0.12471511214971542
0.10865113139152527
0.1077251210808754
0.11606772243976593
0.12536360323429108
0.13163331151008606
0.13363289833068848
0.1313590109348297
0.12583531439304352
0.11847056448459625
0.11103390902280807
0.10507754236459732
0.1004118025302887
0.09653910249471664
0.09314784407615662
0.09026385843753815
0.08773349970579147
0.08541764318943024
0.08336399495601654
0.08155879378318787
0.0800432488322258
0.07878024131059647
0.07776258140802383
0.07699309289455414
0.07634176313877106
0.07578358799219131
0.07531272619962692
0.07487029582262039
0.07446330785751343
0.07409265637397766
0.07379474490880966
0.07359208911657333
0.07345935702323914
0.07335725426673889
0.07325946539640427
0.07315214723348618
0.0730728879570961
0.07297402620315552
0.0728784129023552
0.07271885126829147
0.07251707464456558
0.07225824892520905
0.07193993031978607
0.07158179581165314
0.07118392735719681
0.07071530818939209
0.07019565999507904
0.06962888687849045
0.06904609501361847
0.06844992935657501
0.06781899183988571
0.06716183573007584
0.06647808849811554
0.06576279550790787
0.06502488255500793
0.06427332013845444
0.06351226568222046
0.06274091452360153
0.06196169555187225
0.061192531138658524
0.06043248251080513
0.05966998264193535
0.05890655890107155
0.058155689388513565
0.05742386355996132
0.05670616403222084
0.05600163713097572
0.05531419441103935
0.05464250594377518
0.05400361865758896
0.05338585376739502
0.052783526480197906
0.05219723656773567
0.05162891745567322
0.051081009209156036
0.050551559776067734
0.05004120618104935
0.049551043659448624
0.0490802563726902
0.04862665757536888
0.0481879897415638
0.047771286219358444
0.04737403988838196
0.046996019780635834
0.046636343002319336
0.04629167914390564
0.04596441984176636
0.0456513985991478
0.0453556627035141
0.04507960379123688
0.04481873661279678
0.04456997662782669
0.04433180391788483
0.0441034659743309
0.04388505592942238
0.043679434806108475
0.04348297789692879
0.043294508010149
0.04311398044228554
0.04293965920805931
0.04277221858501434
0.04261104390025139
0.04245493933558464
0.042302388697862625
0.04215441644191742
0.04201012849807739
0.0418688990175724
0.04173113778233528
0.04159846156835556
0.04147173464298248
0.04134686291217804
0.04122352600097656
0.041101470589637756
0.040984224528074265
0.040868669748306274
0.04075530543923378
0.04064411297440529
0.04053448140621185
0.04042612388730049
0.04031911864876747
0.04021255299448967
0.04010690376162529
0.04000277817249298
0.03990085422992706
0.0397995300590992
0.039698682725429535
0.039598651230335236
0.03949853405356407
0.039397943764925
0.03929680585861206
0.03919506072998047
0.03909365087747574
0.0389932356774807
0.038892753422260284
0.038795147091150284
0.03869731351733208
0.03859880566596985
0.038499560207128525
0.03839988261461258
0.038300443440675735
0.03820119425654411
0.0381019189953804
0.03800182789564133
0.03790087252855301
0.03779904916882515
0.03769633546471596
0.03759276121854782
0.037488244473934174
0.037382837384939194
0.037276491522789
0.0371692068874836
0.03706195577979088
0.03695441037416458
0.036847326904535294
0.03674199804663658
0.03663679212331772
0.036530815064907074
0.03642531856894493
0.03631913289427757
0.03621241822838783
0.03610488027334213
0.03599722310900688
0.03588986396789551
0.03578176349401474
0.035673562437295914
0.03556562587618828
0.035457078367471695
0.03534824028611183
0.03524046018719673
0.03513428568840027
0.0350278839468956
0.03492211923003197
0.03481575474143028
0.034708790481090546
0.03460220247507095
0.034495770931243896
0.0343906506896019
0.03428850695490837
0.034185901284217834
0.03408297896385193
0.03398072347044945
0.033880215138196945
0.033780988305807114
0.03368309885263443
