0.18749070167541504
0.18746045231819153
0.18739673495292664
0.18728941679000854
0.18711528182029724
0.18682776391506195
0.18632850050926208
0.18541346490383148
0.18364271521568298
0.18000024557113647
0.17181381583213806
0.15010569989681244
0.09699951112270355
0.06724962592124939
0.059469908475875854
0.050063781440258026
0.049208033829927444
0.04708702117204666
0.04326307401061058
0.03872888907790184
0.03382552042603493
0.029407333582639694
0.026056282222270966
0.023182712495326996
0.020204193890094757
0.01747908629477024
0.015726547688245773
0.014864788390696049
0.014386191964149475
0.014055178500711918
0.013812391087412834
0.013631920330226421
0.01350676640868187
0.01336171105504036
0.01315478514879942
0.012892263941466808
0.012584586627781391
0.012244680896401405
0.011885487474501133
0.011507402174174786
0.011114386841654778
0.010711400769650936
0.010315435007214546
0.009933732450008392
0.009565788321197033
0.009214180521667004
0.008877027779817581
0.008556477725505829
0.008270732127130032
0.008009757846593857
0.007763508707284927
0.007537121418863535
0.007351337466388941
0.0071774995885789394
0.007016302552074194
0.0068679386749863625
0.006733362562954426
0.006614800542593002
0.006509202532470226
0.006405951455235481
0.006305190734565258
0.006207224912941456
0.006112711504101753
0.0060193296521902084
0.005926528014242649
0.005834831856191158
0.005744786933064461
0.0056565310806035995
0.005568838678300381
0.005481260363012552
0.005395000800490379
0.005312711000442505
0.005231597926467657
0.005152564961463213
0.005075818859040737
0.00500064343214035
0.00492620887234807
0.004853109363466501
0.004781465977430344
0.004710356704890728
0.004639824852347374
0.004570657387375832
0.004502824507653713
0.004437079653143883
0.0043731750920414925
0.0043100034818053246
0.004247576929628849
0.004186312668025494
0.004126041661947966
0.0040671732276678085
0.004010706674307585
0.003956946544349194
0.0039059584960341454
0.003855921095237136
0.0038071279413998127
0.003759173909202218
0.0037125893868505955
0.0036687259562313557
0.003626350313425064
0.0035848445259034634
0.003543983679264784
0.003504501422867179
0.0034663549158722162
0.0034295637160539627
0.003394374158233404
0.00336006423458457
0.003326242323964834
0.0032932134345173836
0.0032612173818051815
0.003230072557926178
0.0031999258790165186
0.003170626936480403
0.003141827182844281
0.003113984130322933
0.0030870067421346903
0.003060555085539818
0.003034388180822134
0.0030089044012129307
0.002984127961099148
0.0029603864531964064
0.002937551587820053
0.0029149383772164583
0.0028924925718456507
0.002870204858481884
0.0028481928166002035
0.002826645039021969
0.0028053028509020805
0.0027840835973620415
0.0027630054391920567
0.0027420478872954845
0.0027212388813495636
0.0027005455922335386
0.002680102363228798
0.0026601040735840797
0.0026402082294225693
0.002620506566017866
0.002600962296128273
0.0025816457346081734
0.0025624691043049097
0.0025434764102101326
0.002524907700717449
0.002506447723135352
0.0024880580604076385
0.0024697366170585155
0.00245146662928164
0.0024332988541573286
0.002415409777313471
0.0023978957906365395
0.002380687277764082
0.0023637081030756235
0.0023468495346605778
0.002330026589334011
0.002313438802957535
0.0022970866411924362
0.0022808262147009373
0.002264660317450762
0.0022485852241516113
0.0022325851023197174
0.0022166818380355835
0.002200871938839555
0.0021851405035704374
0.002169487066566944
0.00215392978861928
0.002138442825525999
0.0021230452693998814
0.0021077212877571583
0.0020924783311784267
0.0020773098804056644
0.0020622857846319675
0.0020476761274039745
0.0020335896406322718
0.0020196184050291777
0.002005775459110737
0.0019925525411963463
0.001979452557861805
0.001966817071661353
0.001954309642314911
0.0019418904557824135
0.001929601887241006
0.0019175073830410838
0.00190552300773561
0.0018936453852802515
0.0018818862736225128
0.0018705046968534589
0.0018592450069263577
0.0018481893930584192
0.0018373483326286077
0.0018266073893755674
0.0018159669125452638
0.0018056321423500776
0.0017955729272216558
0.0017858031205832958
0.0017761342460289598
0.0017665475606918335
0.0017570609925314784
0.001747665461152792
0.0017383495578542352
0.001729136100038886
0.0017199909780174494
0.0017109327018260956
