0.25053641200065613
0.25042328238487244
0.250194787979126
0.24984611570835114
0.24936623871326447
0.24873651564121246
0.24791951477527618
0.24684277176856995
0.2453523874282837
0.24309830367565155
0.23918107151985168
0.23075447976589203
0.20438307523727417
0.13446763157844543
0.12045542895793915
0.1445077657699585
0.13331173360347748
0.09934653341770172
0.07047131657600403
0.07280890643596649
0.08063587546348572
0.09452985972166061
0.10382400453090668
0.1071092039346695
0.10568790137767792
0.10247516632080078
0.1002781093120575
0.10047417879104614
0.10360616445541382
0.10801909863948822
0.1119789332151413
0.11552631855010986
0.11907505244016647
0.12311165034770966
0.1274712085723877
0.13229252398014069
0.13738203048706055
0.14248813688755035
0.14754965901374817
0.15241742134094238
0.1569654643535614
0.16116683185100555
0.16499777138233185
0.16843508183956146
0.1715054214000702
0.17425519227981567
0.17689424753189087
0.17941313982009888
0.18191492557525635
0.18442930281162262
0.18697336316108704
0.18961814045906067
0.19228433072566986
0.19505223631858826
0.19782708585262299
0.200578972697258
0.2033008635044098
0.20596861839294434
0.20858968794345856
0.2111605703830719
0.21366344392299652
0.21608871221542358
0.21840649843215942
0.22062790393829346
0.2227536141872406
0.2247820794582367
0.22671294212341309
0.22854988276958466
0.23029685020446777
0.23196373879909515
0.2335478961467743
0.23505039513111115
0.23647615313529968
0.23784996569156647
0.23914815485477448
0.24036481976509094
0.24150650203227997
0.24257512390613556
0.24357612431049347
0.24449920654296875
0.24533596634864807
0.24611347913742065
0.24679957330226898
0.24739471077919006
0.24786829948425293
0.24822235107421875
0.24845804274082184
0.24856486916542053
0.24854333698749542
0.24839456379413605
0.24811065196990967
0.24768461287021637
0.24712933599948883
0.2464403361082077
0.24562934041023254
0.24470612406730652
0.24368086457252502
0.24256180226802826
0.24137307703495026
0.24010097980499268
0.23874692618846893
0.23732337355613708
0.23580904304981232
0.23421353101730347
0.2325391173362732
0.23077647387981415
0.22892707586288452
0.22700440883636475
0.22501036524772644
0.22295069694519043
0.22082892060279846
0.2186233550310135
0.21635349094867706
0.2140142172574997
0.21161456406116486
0.20914438366889954
0.20660807192325592
0.2040081024169922
0.20136453211307526
0.19869384169578552
0.19602182507514954
0.1933659166097641
0.19083204865455627
0.18834847211837769
0.18594512343406677
0.18356575071811676
0.18114671111106873
0.178669273853302
0.17603102326393127
0.17313462495803833
0.1698925942182541
0.16615423560142517
0.16191567480564117
0.15730835497379303
0.15269918739795685
0.1482652872800827
0.143972247838974
0.13981108367443085
0.13583451509475708
0.1320207118988037
0.12849438190460205
0.12532135844230652
0.12272025644779205
0.12049052119255066
0.11854545772075653
0.11660859733819962
0.11413712799549103
0.11055195331573486
0.10574646294116974
0.10086536407470703
0.09657956659793854
0.0939168930053711
0.0939045250415802
0.09478330612182617
0.0937279760837555
0.08887140452861786
0.08363492041826248
0.08083857595920563
0.07919788360595703
0.08217386901378632
0.08683212846517563
0.08933821320533752
0.08632760494947433
0.08222361654043198
0.08198586851358414
0.0861177071928978
0.089604951441288
0.09357446432113647
0.09776554256677628
0.10196790844202042
0.10446442663669586
0.10563593357801437
0.10690106451511383
0.10854724049568176
0.1105799674987793
0.11265899986028671
0.1148848831653595
0.11760064959526062
0.12097005546092987
0.12543855607509613
0.13052693009376526
0.13580889999866486
0.14087136089801788
0.1452789008617401
0.14889565110206604
0.15177154541015625
0.15403223037719727
0.155953049659729
0.1578538417816162
0.16009238362312317
0.1628066450357437
0.1658831536769867
0.1692437082529068
0.172789067029953
0.17648322880268097
0.18022064864635468
0.1839897781610489
0.18765504658222198
0.19086197018623352
0.19347691535949707
