0.37497708201408386
0.37497326731681824
0.3749651610851288
0.37495264410972595
0.37493544816970825
0.37491199374198914
0.37488266825675964
0.37484487891197205
0.3747957646846771
0.37473365664482117
0.3746531307697296
0.374548077583313
0.3744085133075714
0.37422218918800354
0.37397149205207825
0.37362802028656006
0.37315401434898376
0.3724907338619232
0.37154385447502136
0.3701695501804352
0.3681159019470215
0.36492806673049927
0.35968518257141113
0.35024160146713257
0.3303227722644806
0.2817968726158142
0.22035866975784302
0.21130245923995972
0.25573429465293884
0.2704564034938812
0.26925769448280334
0.2585235834121704
0.23934470117092133
0.21238651871681213
0.176203191280365
0.1375725120306015
0.12367118895053864
0.12964503467082977
0.14844626188278198
0.16142652928829193
0.16784410178661346
0.16894403100013733
0.1651948094367981
0.15729160606861115
0.14578008651733398
0.1314827799797058
0.11582551896572113
0.10202756524085999
0.09376013278961182
0.08979813754558563
0.08814366161823273
0.08747822791337967
0.08832453936338425
0.0905008614063263
0.09369666874408722
0.09735782444477081
0.10066090524196625
0.10284595191478729
0.10385023057460785
0.10372093319892883
0.1024991124868393
0.10038696229457855
0.09758096933364868
0.09428606927394867
0.09065913408994675
0.08707860857248306
0.08366185426712036
0.08046866208314896
0.07753417640924454
0.0749763771891594
0.07271432876586914
0.07075884938240051
0.06894420832395554
0.06738057732582092
0.06609474867582321
0.06506768614053726
0.06432364135980606
0.06386151164770126
0.06365641951560974
0.06370048969984055
0.06396785378456116
0.0644647479057312
0.06510050594806671
0.06583152711391449
0.06663067638874054
0.06748443841934204
0.06834829598665237
0.0691785216331482
0.06991064548492432
0.07054133713245392
0.07106459140777588
0.07146652042865753
0.07174640893936157
0.07189596444368362
0.07191261649131775
0.07180241495370865
0.07157067209482193
0.07122813165187836
0.07078105956315994
0.07023291289806366
0.06959817558526993
0.06887784600257874
0.06808342039585114
0.06722448021173477
0.06632588058710098
0.06541421264410019
0.06450027227401733
0.06358163058757782
0.06268864870071411
0.06183844059705734
0.06100983917713165
0.06021295487880707
0.059443384408950806
0.058675993233919144
0.05793822556734085
0.05722997710108757
0.05655227601528168
0.055901721119880676
0.05527980253100395
0.05469706654548645
0.05415318161249161
0.05365442484617233
0.05319396033883095
0.05276257544755936
0.05236261337995529
0.05199062079191208
0.051646582782268524
0.05132928118109703
0.051043447107076645
0.05078864097595215
0.050559595227241516
0.050352662801742554
0.050169702619314194
0.05000690370798111
0.049874015152454376
0.049773551523685455
0.049693215638399124
0.049645885825157166
0.04962218180298805
0.04961124062538147
0.049610067158937454
0.049621544778347015
0.04964201897382736
0.04966830089688301
0.04970436543226242
0.049749456346035004
0.049794651567935944
0.04984099417924881
0.049886591732501984
0.049933552742004395
0.049977343529462814
0.050016045570373535
0.0500478558242321
0.05007734149694443
0.050100572407245636
0.05011934041976929
0.05013126879930496
0.050137635320425034
0.0501374676823616
0.05012814700603485
0.050111159682273865
0.05008706450462341
0.0500551201403141
0.05001480132341385
0.04996528849005699
0.04990572854876518
0.0498369075357914
0.04976166784763336
0.0496772900223732
0.04958370327949524
0.04948128014802933
0.0493708960711956
0.04925265163183212
0.04912913590669632
0.04899877309799194
0.04886026680469513
0.048713646829128265
0.048559483140707016
0.04840150848031044
0.04823737218976021
0.04806654900312424
0.04789012670516968
0.047709930688142776
0.0475241094827652
0.04733212664723396
0.04713527113199234
0.046938035637140274
0.04673958197236061
0.0465397909283638
0.04634043946862221
0.04614010453224182
0.04593568667769432
0.045727383345365524
0.045520100742578506
0.0453127920627594
0.045103855431079865
0.04489309340715408
0.04468144103884697
0.044470690190792084
0.044263653457164764
