0.00011151696526212618
0.00010967965499730781
0.00010613420454319566
0.00010107291745953262
9.482001041760668e-05
8.778891060501337e-05
8.035797509364784e-05
7.281463331310079e-05
6.539765308843926e-05
5.8308913139626384e-05
5.163947571418248e-05
4.55995395896025e-05
4.0340422856388614e-05
3.597140312194824e-05
3.259976801928133e-05
3.0143062758725137e-05
2.8765201932401396e-05
2.8304259103606455e-05
2.8643182304222137e-05
2.9734530471614562e-05
3.153275974909775e-05
3.3795746276155114e-05
3.6358440411277115e-05
3.900002047885209e-05
4.1465769754722714e-05
4.351587995188311e-05
4.521080700214952e-05
4.6209221181925386e-05
4.658229590859264e-05
4.646072193281725e-05
4.586909926729277e-05
4.500690192799084e-05
4.392401751829311e-05
4.274947787052952e-05
4.160559910815209e-05
4.049542985740118e-05
3.962655318900943e-05
3.897018177667633e-05
3.8650752685498446e-05
3.8697049603797495e-05
3.909168663085438e-05
3.98348129238002e-05
4.097101918887347e-05
4.2462725104996935e-05
4.430609988048673e-05
4.6344393922481686e-05
4.8569221689831465e-05
5.091714774607681e-05
5.3322059102356434e-05
5.5611442803638056e-05
5.769143899669871e-05
5.943823271081783e-05
6.0672751715173945e-05
6.146106898086146e-05
6.15889293840155e-05
6.106335058575496e-05
6.005203977110796e-05
5.8547331718727946e-05
5.665049684466794e-05
5.450500248116441e-05
5.227616929914802e-05
4.992787944502197e-05
4.765848643728532e-05
4.5432287151925266e-05
4.342765168985352e-05
4.167685256106779e-05
4.027189424959943e-05
3.9160422602435574e-05
3.844867751467973e-05
3.813291186816059e-05
3.823569568339735e-05
3.8688107451889664e-05
3.9444399590138346e-05
4.0591363358544186e-05
4.2009047319879755e-05
4.359179001767188e-05
4.53166758234147e-05
4.7172878112178296e-05
4.905520472675562e-05
5.086259625386447e-05
5.2531438996084034e-05
5.4054336942499503e-05
5.5313917982857674e-05
5.628079452435486e-05
5.6992077588802204e-05
5.7285098591819406e-05
5.722191417589784e-05
5.6847107771318406e-05
5.608141145785339e-05
5.502041312865913e-05
5.3630767069989815e-05
5.2035404223715886e-05
5.021525066695176e-05
4.8207912186626345e-05
4.6116354496916756e-05
4.3961954361293465e-05
4.1833794966805726e-05
3.9695343730272725e-05
3.775369987124577e-05
3.59572732122615e-05
3.4300297556910664e-05
3.2873416785150766e-05
3.1693693017587066e-05
3.0715265893377364e-05
3.009339161508251e-05
2.9656290280399844e-05
2.9587745302706026e-05
2.966920510516502e-05
3.003378697030712e-05
3.0648829124402255e-05
3.139601176371798e-05
3.236179327359423e-05
3.34574215230532e-05
3.464158726274036e-05
3.586648017517291e-05
3.7190577131696045e-05
3.8506535929627717e-05
3.9764945540810004e-05
4.097310738870874e-05
4.2073068470926955e-05
4.30541840614751e-05
4.386215005069971e-05
4.4513537432067096e-05
4.5017826778348535e-05
4.5365264668362215e-05
4.548584911390208e-05
4.542975148069672e-05
4.522983363131061e-05
4.4837561290478334e-05
4.428232568898238e-05
4.358159640105441e-05
4.274329694453627e-05
4.178329982096329e-05
4.075427932548337e-05
3.9605230995221063e-05
3.8425230741268024e-05
3.7189514841884375e-05
3.595225280150771e-05
3.470667070359923e-05
3.348385143908672e-05
3.234355244785547e-05
3.1202514946926385e-05
3.011199260072317e-05
2.9200538847362623e-05
2.8314467272139154e-05
2.752886757662054e-05
2.688467429834418e-05
2.6335319489589892e-05
2.5916098820744082e-05
2.562701774877496e-05
2.5403500330867246e-05
2.5312105208286084e-05
2.531309837650042e-05
2.5420387828489766e-05
2.5645891582826152e-05
2.5882323825499043e-05
2.6282668841304258e-05
2.667208536877297e-05
2.71191202045884e-05
2.7614831196842715e-05
2.8141339498688467e-05
2.867195689759683e-05
2.9181595891714096e-05
2.9761780751869082e-05
3.0271212381194346e-05
3.077896326431073e-05
3.1244257115758955e-05
3.1674266210757196e-05
3.208250927855261e-05
3.239171564928256e-05
3.2694602850824594e-05
3.285575803602114e-05
3.304466008557938e-05
3.311195541755296e-05
3.319709867355414e-05
3.312214539619163e-05
3.304901110823266e-05
3.291608300060034e-05
3.2727813959354535e-05
3.2467625715071335e-05
3.218524216208607e-05
3.18605852953624e-05
3.146760354866274e-05
3.107008524239063e-05
3.060219023609534e-05
3.013535388163291e-05
2.96201014862163e-05
2.912228046625387e-05
2.8658221708610654e-05
2.8123184165451676e-05
2.764932651189156e-05
2.711595152504742e-05
2.6633446395862848e-05
2.6192165023530833e-05
2.5722676582518034e-05
2.534184022806585e-05
2.4920171199482866e-05
2.4545226551708765e-05
2.4244189262390137e-05
2.3939212042023428e-05
