25.82268714904785
74.62705993652344
74.62686920166016
25.823278427124023
25.823823928833008
74.62523651123047
74.62442779541016
25.82635498046875
25.8281307220459
74.6190185546875
74.6163558959961
25.83640480041504
25.841434478759766
74.60111999511719
74.59371948242188
25.863788604736328
25.875808715820312
74.55760192871094
74.54107666015625
25.925783157348633
25.950647354125977
74.46625518798828
74.43317413330078
26.050548553466797
26.098134994506836
74.28997039794922
74.22795104980469
26.28531837463379
26.372278213500977
73.96659851074219
73.85511016845703
26.70857810974121
26.861583709716797
73.39532470703125
73.20154571533203
27.446426391601562
27.707759857177734
72.41690826416016
72.0899887084961
28.69457244873047
29.12598419189453
70.79631042480469
70.26498413085938
30.73015785217285
31.40995216369629
68.23002624511719
67.41168212890625
33.88090896606445
34.886165618896484
64.41019439697266
63.2396125793457
38.41944122314453
39.78705596923828
59.168399810791016
57.64997863769531
44.365543365478516
46.038368225097656
52.68570327758789
50.96170425415039
51.2293701171875
52.986724853515625
45.76866149902344
44.21520233154297
57.667964935302734
59.006256103515625
40.303367614746094
39.64140319824219
61.0402717590332
61.06706619262695
39.666786193847656
40.6436653137207
58.24245834350586
56.438629150390625
46.1075325012207
48.478580474853516
49.57984161376953
47.27032470703125
55.38332748413086
57.344635009765625
41.720184326171875
41.454368591308594
58.18463897705078
56.846866607666016
45.529266357421875
48.03871154785156
49.72983169555664
47.14938735961914
55.6068229675293
57.43386459350586
42.154441833496094
43.033111572265625
54.983253479003906
51.9145622253418
51.952354431152344
55.167720794677734
43.04801559448242
42.83745193481445
55.62415313720703
52.75674819946289
51.09783172607422
54.390316009521484
43.85862350463867
43.793216705322266
54.62860107421875
51.648094177246094
52.169864654541016
55.17560577392578
43.716163635253906
44.78041076660156
51.96765899658203
47.785186767578125
56.345001220703125
58.80135726928711
41.45158767700195
45.520790100097656
47.69340896606445
41.811729431152344
60.43910217285156
60.306583404541016
42.31670379638672
47.91904830932617
45.251190185546875
40.88634490966797
58.99217224121094
56.58133316040039
47.305015563964844
52.076759338378906
43.89993667602539
43.12491989135742
54.182594299316406
50.19168472290039
53.945343017578125
57.098594665527344
41.94419860839844
45.393585205078125
48.54946517944336
43.33430099487305
59.08708953857422
59.246498107910156
43.15074920654297
48.5577507019043
45.41562271118164
41.29893112182617
58.45437240600586
55.62566375732422
48.7001838684082
53.24152755737305
43.522457122802734
43.814064025878906
52.87164306640625
48.25252151489258
56.04679489135742
58.70806884765625
41.10831832885742
45.18894577026367
48.24739456176758
42.37920379638672
60.55614471435547
60.98362350463867
41.307464599609375
47.404178619384766
45.314292907714844
40.725006103515625
59.161529541015625
56.378971099853516
48.2261848449707
53.258018493652344
43.296142578125
43.70677947998047
52.30366897583008
47.20822525024414
57.07044982910156
59.31600570678711
41.58375930786133
47.31385803222656
45.17423629760742
41.335880279541016
56.582069396972656
51.84291458129883
53.55284118652344
57.78171157836914
41.1019287109375
46.30586242675781
45.441566467285156
41.2357063293457
56.03485870361328
50.66917419433594
54.9331169128418
59.022300720214844
40.4581298828125
47.303714752197266
43.14738082885742
41.05746841430664
52.029380798339844
43.64337921142578
61.5024528503418
63.42161178588867
38.63396072387695
48.45421600341797
40.22502136230469
