6.026494156685658e-05
5.9994599723722786e-05
5.946044984739274e-05
5.8701094530988485e-05
5.781411528005265e-05
5.68552095501218e-05
5.5925745982676744e-05
5.506765592144802e-05
5.4246684157988057e-05
5.349129423848353e-05
5.278714161249809e-05
5.2114439313299954e-05
5.148010313860141e-05
5.083779979031533e-05
5.020395474275574e-05
4.9592748837312683e-05
4.900319981970824e-05
4.843190254177898e-05
4.789689410245046e-05
4.738068673759699e-05
4.689464549301192e-05
4.643600550480187e-05
4.6009314246475697e-05
4.5613393012899905e-05
4.5258413592819124e-05
4.4943550165044144e-05
4.4654676457867026e-05
4.44088909716811e-05
4.420367258717306e-05
4.403294587973505e-05
4.389244713820517e-05
4.379087476991117e-05
4.372825060272589e-05
4.368410009192303e-05
4.3687618017429486e-05
4.371449176687747e-05
4.37819653598126e-05
4.387313674669713e-05
4.404681749292649e-05
4.4281732698436826e-05
4.457149043446407e-05
4.485950921662152e-05
4.511112638283521e-05
4.530226578935981e-05
4.5433662307914346e-05
4.546630952972919e-05
4.542415263131261e-05
4.533371247816831e-05
4.520292714005336e-05
4.505446850089356e-05
4.489326965995133e-05
4.473412991501391e-05
4.456727037904784e-05
4.4402371713658795e-05
4.4234962842892855e-05
4.405970321386121e-05
4.387422086438164e-05
4.3699463276425377e-05
4.35173133155331e-05
4.3352978536859155e-05
4.3197655031690374e-05
4.3053511035395786e-05
4.2941705032717437e-05
4.284283932065591e-05
4.2758289055200294e-05
4.269193595973775e-05
4.263950904714875e-05
4.26150654675439e-05
4.2609928641468287e-05
4.2613683035597205e-05
4.2650859541026875e-05
4.269754572305828e-05
4.27734266850166e-05
4.286929470254108e-05
4.298119529266842e-05
4.3111591367051005e-05
4.327103670220822e-05
4.34414941992145e-05
4.362507752375677e-05
4.383042687550187e-05
4.404602441354655e-05
4.427478415891528e-05
4.4522807002067566e-05
4.477614493225701e-05
4.504155367612839e-05
4.532105231191963e-05
4.56247289548628e-05
4.59448856418021e-05
4.6268527512438595e-05
4.657819590647705e-05
4.687948603532277e-05
4.717665433418006e-05
4.7447450924664736e-05
4.7691391955595464e-05
4.7890422138152644e-05
4.805369462701492e-05
4.818447268917225e-05
4.827998054679483e-05
4.834671926801093e-05
4.838883614866063e-05
4.8412235628347844e-05
4.842553607886657e-05
4.8434863856527954e-05
4.843388160225004e-05
4.8413483455078676e-05
4.8401565436506644e-05
4.837692904402502e-05
4.832972990698181e-05
4.827869270229712e-05
4.8213467380264774e-05
4.814182102563791e-05
4.805280332220718e-05
4.7949190047802404e-05
4.783403346664272e-05
4.769781662616879e-05
4.7555768105667084e-05
4.740967051475309e-05
4.725487815449014e-05
4.708164487965405e-05
4.69124352093786e-05
4.674146475736052e-05
4.658441321225837e-05
4.641418854589574e-05
4.624789289664477e-05
4.609033203450963e-05
4.594405254465528e-05
4.5797700295224786e-05
4.56573034171015e-05
4.552985046757385e-05
4.540858935797587e-05
4.5299355406314135e-05
4.520399670582265e-05
4.511931911110878e-05
4.5048913307255134e-05
4.498383350437507e-05
4.4931413867743686e-05
4.488772538024932e-05
4.486635225475766e-05
4.485829049372114e-05
4.486351099330932e-05
4.4888194679515436e-05
4.49140825367067e-05
4.495440953178331e-05
4.500526119954884e-05
4.506451296037994e-05
4.513064050115645e-05
4.52130007033702e-05
4.5299617340788245e-05
4.5398064685286954e-05
4.549533696263097e-05
4.560052911983803e-05
4.5704473450314254e-05
4.5825094275642186e-05
4.593224366544746e-05
4.605059075402096e-05
4.616296791937202e-05
4.6276385546661913e-05
4.638521932065487e-05
4.650059781852178e-05
4.6603956434410065e-05
4.6707355068065226e-05
4.679918129113503e-05
4.689044362748973e-05
4.697690746979788e-05
4.705256287707016e-05
4.7120040107984096e-05
4.718632408184931e-05
4.7234123485395685e-05
4.728569183498621e-05
4.7309738874901086e-05
4.734054527943954e-05
4.735241600428708e-05
4.735556649393402e-05
4.735234324471094e-05
4.7333582188002765e-05
4.730263026431203e-05
4.726633051177487e-05
4.722598532680422e-05
4.717453339253552e-05
4.710812936536968e-05
4.7042736696312204e-05
4.696215546573512e-05
4.687502223532647e-05
4.678530603996478e-05
4.668336623581126e-05
4.6572909923270345e-05
4.646693923859857e-05
4.63552241853904e-05
4.624083521775901e-05
4.612142947735265e-05
4.5999207941349596e-05
4.586833529174328e-05
4.5745124225504696e-05
4.561509194900282e-05
4.5488890464184806e-05
4.5362088712863624e-05
4.523232200881466e-05
4.510944927460514e-05
4.4982465624343604e-05
4.4863529183203354e-05
