0.00019557443738449365
0.00018684448150452226
0.00017056941578630358
0.00014893928891979158
0.00012466001498978585
0.00010069326526718214
7.957327034091577e-05
6.333000055747107e-05
5.2922845497960225e-05
4.8446057917317376e-05
4.919950879411772e-05
5.370546205085702e-05
6.028918505762704e-05
6.727225991198793e-05
7.330566586460918e-05
7.726684270892292e-05
7.915215246612206e-05
7.905069651314989e-05
7.771145465085283e-05
7.604251732118428e-05
7.497608021367341e-05
7.529226422775537e-05
7.726424519205466e-05
8.110325870802626e-05
8.621016604593024e-05
9.194957237923518e-05
9.747716103447601e-05
0.0001019879273371771
0.00010467546962900087
0.00010520243085920811
0.00010350534284953028
9.981106268242002e-05
9.480484732193872e-05
8.921534026740119e-05
8.379961946047843e-05
7.9466582974419e-05
7.66513985581696e-05
7.578777149319649e-05
7.682180148549378e-05
7.957720663398504e-05
8.353901648661122e-05
8.80489096743986e-05
9.24189153010957e-05
9.59874814725481e-05
9.812599455472082e-05
9.85772130661644e-05
9.712955943541601e-05
9.372038766741753e-05
8.881682879291475e-05
8.278576569864526e-05
7.621778786415234e-05
6.963105261093006e-05
6.362167914630845e-05
5.873099871678278e-05
5.527478424482979e-05
5.337664333637804e-05
5.319599586073309e-05
5.460003376356326e-05
5.7284923968836665e-05
6.0897164075868204e-05
6.518046575365588e-05
6.955575372558087e-05
7.360185554716736e-05
7.701563299633563e-05
7.95019295765087e-05
8.088161121122539e-05
8.102277206489816e-05
7.994374027475715e-05
7.778998406138271e-05
7.47591329854913e-05
7.100430957507342e-05
6.681249215034768e-05
6.252396997297183e-05
5.825248808832839e-05
5.4429368901764974e-05
5.1107926992699504e-05
4.847531454288401e-05
4.668322071665898e-05
4.567862561088987e-05
4.542239912552759e-05
4.590337994159199e-05
4.7003406507428735e-05
4.8605048505123705e-05
5.055379733676091e-05
5.262695412966423e-05
5.470787800732069e-05
5.6711560318944976e-05
5.8399578847456723e-05
5.974836676614359e-05
6.0712343838531524e-05
6.119717727415264e-05
6.123623461462557e-05
6.0758662584703416e-05
5.9861544286832213e-05
5.8638586779125035e-05
5.703753049601801e-05
5.524917651200667e-05
5.3376235882751644e-05
5.1389703003223985e-05
4.938611527904868e-05
4.749304207507521e-05
4.584414273267612e-05
4.435523442225531e-05
4.306960909161717e-05
4.2022558773169294e-05
4.1261548176407814e-05
4.074700700584799e-05
4.048498158226721e-05
4.03982303396333e-05
4.051021096529439e-05
4.072621959494427e-05
4.1142662666970864e-05
4.155499118496664e-05
4.197699308861047e-05
4.242232535034418e-05
4.283408270566724e-05
4.3123749492224306e-05
4.3324969738023356e-05
4.3398296838859096e-05
4.3408781493781134e-05
4.322638415032998e-05
4.290217111702077e-05
4.24562422267627e-05
4.1894327296176925e-05
4.123003964195959e-05
4.0546230593463406e-05
3.972458216594532e-05
3.892005770467222e-05
3.802683932008222e-05
3.726915383595042e-05
3.6445977457333356e-05
3.5709173971554264e-05
3.501709215925075e-05
3.441942681092769e-05
3.389041739865206e-05
3.349308462929912e-05
3.324535646243021e-05
3.301947072031908e-05
3.296501745353453e-05
3.301904143881984e-05
3.3177951991092414e-05
3.336494046379812e-05
3.375125379534438e-05
3.4112348657799885e-05
3.451314478297718e-05
3.5032058804063126e-05
3.556090086931363e-05
3.606404789024964e-05
3.6632027331506833e-05
3.716239734785631e-05
3.7645353586412966e-05
3.809462214121595e-05
3.853200178127736e-05
3.8894268072908744e-05
3.918975926353596e-05
3.936292341677472e-05
3.95126044168137e-05
3.953628765884787e-05
3.957960507250391e-05
3.9436195947928354e-05
3.930262028006837e-05
3.904509139829315e-05
3.868729618261568e-05
3.8296297134365886e-05
3.784818181884475e-05
3.733319681487046e-05
3.672351158456877e-05
3.6125860788160935e-05
3.5498607758199796e-05
3.4802218578988686e-05
3.411751822568476e-05
3.345423465361819e-05
3.2690375519450754e-05
3.2019113859860227e-05
3.1276631489163265e-05
3.055774868698791e-05
2.9960638130432926e-05
2.9229657229734585e-05
2.859891719708685e-05
2.8027388907503337e-05
2.7429932742961682e-05
2.692733505682554e-05
2.641687387949787e-05
2.595207843114622e-05
2.550103272369597e-05
2.5083783839363605e-05
2.47534153459128e-05
2.4413297069258988e-05
2.4124508854583837e-05
2.390684312558733e-05
2.364970168855507e-05
2.3485203200834803e-05
2.3302938643610105e-05
2.3152082576416433e-05
2.3046681235427968e-05
2.2952679501031525e-05
2.2805734261055477e-05
2.276674786116928e-05
2.2711859855917282e-05
2.2663003619527444e-05
