0.25005000829696655
0.25004708766937256
0.25004124641418457
0.2500327229499817
0.2500213086605072
0.2500079274177551
0.24999116361141205
0.24997267127037048
0.24995157122612
0.2499278485774994
0.24990075826644897
0.24987086653709412
0.24983592331409454
0.24979540705680847
0.2497471123933792
0.2496892213821411
0.2496182769536972
0.24953003227710724
0.24941927194595337
0.24927891790866852
0.249099001288414
0.2488671839237213
0.24856612086296082
0.2481718361377716
0.24764934182167053
0.2469487488269806
0.24599333107471466
0.2446611076593399
0.24274669587612152
0.2398746907711029
0.23528943955898285
0.2272220253944397
0.21077053248882294
0.18105413019657135
0.1548367589712143
0.13848072290420532
0.1554214358329773
0.16702331602573395
0.17023517191410065
0.16718789935112
0.15870501101016998
0.1453821063041687
0.12384043633937836
0.09689779579639435
0.08716600388288498
0.0992463231086731
0.10135938972234726
0.10635686665773392
0.10900598764419556
0.10889115929603577
0.10576436668634415
0.09977518022060394
0.09143929183483124
0.08186744898557663
0.07311032712459564
0.06530343741178513
0.05900317057967186
0.055447448045015335
0.055513739585876465
0.05871878191828728
0.06341011822223663
0.06793072074651718
0.07122776657342911
0.07294532656669617
0.07298215478658676
0.07152741402387619
0.06887706369161606
0.06538289785385132
0.06151513010263443
0.05770985037088394
0.0541042722761631
0.050983868539333344
0.04839305579662323
0.04651668295264244
0.045293472707271576
0.044477030634880066
0.04391450434923172
0.04355692118406296
0.043359752744436264
0.04327179118990898
0.04326412454247475
0.043327465653419495
0.04345759004354477
0.043637923896312714
0.043849170207977295
0.044066280126571655
0.04430221766233444
0.04456988722085953
0.044778261333703995
0.044901736080646515
0.0449332632124424
0.044872790575027466
0.04473068565130234
0.04453084617853165
0.0442919060587883
0.04398058354854584
0.04359897971153259
0.04314231872558594
0.042627763003110886
0.042069390416145325
0.04144766926765442
0.04076733440160751
0.04005114361643791
0.039288170635700226
0.03849586099386215
0.037674520164728165
0.03684566915035248
0.0359923355281353
0.03512177616357803
0.03424514830112457
0.03339526057243347
0.03257608413696289
0.03182677924633026
0.031132938340306282
0.030498098582029343
0.02993006631731987
0.029438812285661697
0.029028017073869705
0.028696829453110695
0.02844543382525444
0.028268925845623016
0.028161443769931793
0.02811555564403534
0.028120389208197594
0.02817000262439251
0.028268208727240562
0.028405698016285896
0.028560858219861984
0.028729712590575218
0.028911959379911423
0.0290989987552166
0.029287682846188545
0.029478128999471664
0.029657891020178795
0.029827987775206566
0.029990311712026596
0.030150137841701508
0.030300064012408257
0.03043965995311737
0.03056350164115429
0.03067760355770588
0.03077717497944832
0.030859654769301414
0.030925923958420753
0.030972454696893692
0.03099917620420456
0.031006019562482834
0.03099074959754944
0.030953381210565567
0.030893415212631226
0.03081282414495945
0.030712053179740906
0.030591007322072983
0.030451375991106033
0.030293578281998634
0.030117686837911606
0.029926111921668053
0.02972000278532505
0.02950066328048706
0.029271027073264122
0.029032187536358833
0.028784997761249542
0.02853206917643547
0.02827407978475094
0.02800951898097992
0.027738969773054123
0.027467763051390648
0.027196642011404037
0.026926608756184578
0.026656562462449074
0.026384230703115463
0.02611224725842476
0.025841789320111275
0.025575818493962288
0.025315646082162857
0.0250579621642828
0.02480871044099331
0.024560287594795227
0.024313058704137802
0.02407197095453739
0.02383742481470108
0.023608341813087463
0.02338659018278122
0.02317376248538494
0.022966669872403145
0.022763438522815704
0.022568663582205772
0.02238178253173828
0.02220744453370571
0.022039394825696945
0.021877653896808624
0.02172555774450302
0.02158084511756897
0.02144450694322586
0.021315012127161026
0.021191241219639778
0.021074753254652023
0.02096511982381344
0.020864568650722504
0.020772114396095276
