0.0626324787735939
0.06262610107660294
0.06261399388313293
0.06259746849536896
0.0625780001282692
0.06255727261304855
0.06253734976053238
0.0625191479921341
0.0625041201710701
0.06249219551682472
0.0624835304915905
0.06247732415795326
0.0624723918735981
0.06246750429272652
0.0624612532556057
0.06245201453566551
0.062438637018203735
0.062420107424259186
0.062395643442869186
0.06236432492733002
0.06232559680938721
0.06227847933769226
0.06222156062722206
0.06215289235115051
0.06206931918859482
0.06196656823158264
0.06183849647641182
0.061676815152168274
0.061469972133636475
0.06120181828737259
0.06084953621029854
0.06037956848740578
0.05973942205309868
0.05884302407503128
0.0575372688472271
0.055522315204143524
0.05233712121844292
0.048209451138973236
0.044092223048210144
0.040342919528484344
0.036489058285951614
0.045777276158332825
0.032917436212301254
0.03902941197156906
0.04295874387025833
0.04573770612478256
0.047620128840208054
0.048933278769254684
0.04979795962572098
0.050326667726039886
0.05059637129306793
0.05066641420125961
0.05058163404464722
0.0503712072968483
0.05005776509642601
0.04965706542134285
0.04918770492076874
0.048669856041669846
0.04810565710067749
0.0475093312561512
0.04688263311982155
0.04624263942241669
0.04557981714606285
0.044901665300130844
0.04420046508312225
0.043479304760694504
0.04274388402700424
0.041990939527750015
0.04121780022978783
0.04043249785900116
0.039643529802560806
0.03887104615569115
0.03811122849583626
0.03735464811325073
0.03659120574593544
0.0358540304005146
0.03512564301490784
0.0344284251332283
0.03377929702401161
0.033173222094774246
0.03262152522802353
0.032110393047332764
0.03164389356970787
0.031207364052534103
0.030812328681349754
0.030465595424175262
0.030136503279209137
0.02982204407453537
0.029509715735912323
0.02917666733264923
0.028800226747989655
0.0283474363386631
0.027813129127025604
0.02720007672905922
0.02651502937078476
0.025774648413062096
0.024989958852529526
0.02417903020977974
0.02336490899324417
0.022571202367544174
0.021813569590449333
0.021107684820890427
0.02046629786491394
0.0198979489505291
0.019399136304855347
0.018968354910612106
0.01860010251402855
0.018288951367139816
0.01802893914282322
0.01781170442700386
0.017629072070121765
0.017476582899689674
0.0173474233597517
0.01723570004105568
0.017136462032794952
0.01704484224319458
0.016957499086856842
0.016872599720954895
0.01678883656859398
0.016703248023986816
0.016613952815532684
0.016520410776138306
0.0164219681173563
0.016316324472427368
0.01620517298579216
0.016087474301457405
0.015961691737174988
0.015828141942620277
0.01568908430635929
0.01554385107010603
0.015394380316138268
0.015240305103361607
0.015080702491104603
0.014917433261871338
0.014752770774066448
0.014587639831006527
0.01442362554371357
0.014260968193411827
0.014098434709012508
0.013937410898506641
0.013776933774352074
0.013618762604892254
0.013462996110320091
0.013311853632330894
0.013164222240447998
0.013021053746342659
0.012881923466920853
0.012748654931783676
0.012620515190064907
0.012498363852500916
0.012381762266159058
0.012271786108613014
0.012169064953923225
0.01207263208925724
0.011982234194874763
0.011898541823029518
0.011821841821074486
0.011751646175980568
0.011687207967042923
0.011628106236457825
0.011574184522032738
0.0115248654037714
0.011480032466351986
0.011439780704677105
0.01140359602868557
0.011371420696377754
0.011342937126755714
0.011317292228341103
0.01129436120390892
0.011273307725787163
0.0112536596134305
0.011234719306230545
0.011215534061193466
0.011195781640708447
0.01117556169629097
0.01115446351468563
0.011131970211863518
0.011108281090855598
0.011082691140472889
0.011055690236389637
0.011026835069060326
0.01099577359855175
0.010962264612317085
0.010926265269517899
0.01088794693350792
0.010847260244190693
0.010804270394146442
0.010759400203824043
0.0107127595692873
0.010664191097021103
0.01061396673321724
0.010562132112681866
0.010508989915251732
0.010454542934894562
0.01039891317486763
0.010342385619878769
0.010285183787345886
0.01022760383784771
0.01016952469944954
0.010111340321600437
