5.757941471529193e-05
5.6081018556142226e-05
5.3260751883499324e-05
4.95127314934507e-05
4.536099368124269e-05
4.1235554817831144e-05
3.724887574207969e-05
3.357046443852596e-05
3.0143954063532874e-05
2.6990028345608152e-05
2.414683513052296e-05
2.1680196368834004e-05
1.963774411706254e-05
1.8056731278193183e-05
1.691281795501709e-05
1.623481512069702e-05
1.595914363861084e-05
1.6068521290435456e-05
1.6573447283008136e-05
1.7509462850284763e-05
1.870375854196027e-05
1.995954880840145e-05
2.0982351998100057e-05
2.1664292944478802e-05
2.1875188394915313e-05
2.166650301660411e-05
2.1202966308919713e-05
2.0641165974666364e-05
1.999649430217687e-05
1.935230102390051e-05
1.8752469259197824e-05
1.8192828065366484e-05
1.7780434063752182e-05
1.7543316062074155e-05
1.7480260794400238e-05
1.7639942598179914e-05
1.7995815142057836e-05
1.858612449723296e-05
1.9352284652995877e-05
2.031738949881401e-05
2.1442907382152043e-05
2.2678008463117294e-05
2.403506005066447e-05
2.5401992388651706e-05
2.6786899979924783e-05
2.8131833460065536e-05
2.9366377930273302e-05
3.045546509383712e-05
3.1342504371423274e-05
3.1972445867722854e-05
3.229645881219767e-05
3.232820381526835e-05
3.20768122037407e-05
3.160093547194265e-05
3.0904298910172656e-05
3.0053972295718268e-05
2.9052032914478332e-05
2.7959682483924553e-05
2.6806486857822165e-05
2.564446913311258e-05
2.450216925353743e-05
2.3438584321411327e-05
2.2485921363113448e-05
2.1658082914655097e-05
2.098120421578642e-05
2.0514240532065742e-05
2.0214640244375914e-05
2.0113588107051328e-05
2.0197034245938994e-05
2.046823465207126e-05
2.0901858079014346e-05
2.14611482078908e-05
2.2137164705782197e-05
2.2890169930178672e-05
2.3688375222263858e-05
2.451340333209373e-05
2.531409336370416e-05
2.6086965590366162e-05
2.6787320166477002e-05
2.7392805350245908e-05
2.7854741347255185e-05
2.8196971470606513e-05
2.839503576979041e-05
2.844425216608215e-05
2.8340544304228388e-05
2.8058602765668184e-05
2.766282341326587e-05
2.712164496188052e-05
2.6459496439201757e-05
2.5685423679533415e-05
2.4857517928467132e-05
2.3949660317157395e-05
2.3005903130979277e-05
2.2078553229221143e-05
2.1155177819309756e-05
2.0261108147678897e-05
1.9428631276241504e-05
1.8645823729457334e-05
1.798818448150996e-05
1.7404059690306894e-05
1.6936659449129365e-05
1.6575555491726846e-05
1.6335148757207207e-05
1.6210477042477578e-05
1.6199051970033906e-05
1.6295412933686748e-05
1.649657860980369e-05
1.6784171748440713e-05
1.7141799617093056e-05
1.7574926459928975e-05
1.8043816453428008e-05
1.853853427746799e-05
1.905908175103832e-05
1.9591550881159492e-05
2.0097195374546573e-05
2.0595391106326133e-05
2.1044910681666806e-05
2.1457475668285042e-05
2.1789992388221435e-05
2.20804286072962e-05
2.228556877525989e-05
2.2429510863730684e-05
2.2479480321635492e-05
2.2457350496551953e-05
2.2360185539582744e-05
2.2195279598236084e-05
2.1964311599731445e-05
2.165238038287498e-05
2.129177300957963e-05
2.0877520000794902e-05
2.0438432329683565e-05
1.9963084923801944e-05
1.9459426766843535e-05
1.8926957636722364e-05
1.8397966414340772e-05
1.787741894077044e-05
1.7363328879582696e-05
1.6880532712093554e-05
1.6402702385676093e-05
1.5951693058013916e-05
1.5562773114652373e-05
1.5184283256530762e-05
1.4872352039674297e-05
1.4611581718781963e-05
1.4374157217389438e-05
1.4203787031874526e-05
1.4087558156461455e-05
1.4003614523971919e-05
1.3958414456283208e-05
1.3970831787446514e-05
1.4009575352247339e-05
1.4115373232925776e-05
1.4218688193068374e-05
1.4353791812027339e-05
1.452714241167996e-05
1.4704465684189927e-05
1.4906624528521206e-05
1.5116234862944111e-05
1.5321869796025567e-05
1.5533963960479014e-05
1.5726685887784697e-05
1.5937785065034404e-05
1.6111134755192325e-05
1.6281504940707237e-05
1.64260472956812e-05
1.6549725842196494e-05
1.6655523722874932e-05
1.6722835425753146e-05
1.6781275917310268e-05
1.6808638974907808e-05
1.678282569628209e-05
1.677087311691139e-05
1.6720910934964195e-05
1.6637592125334777e-05
1.65200781339081e-05
1.640016671444755e-05
1.626284392841626e-05
1.6084191884147003e-05
1.5917830751277506e-05
1.570867607370019e-05
1.5511279343627393e-05
1.5283512766472995e-05
1.5073697795742191e-05
1.4845530131424312e-05
1.4612078302889131e-05
1.4394025129149668e-05
1.4169017049425747e-05
1.3950467291579116e-05
1.3731916624237783e-05
1.353671177639626e-05
1.3350943845580332e-05
1.316070574830519e-05
1.299579980695853e-05
1.2846788195020054e-05
1.2701252671831753e-05
1.2579063877637964e-05
1.246879492100561e-05
1.2367467206786387e-05
1.2311339560255874e-05
1.2222925761307124e-05
