0.03314173221588135
0.03304173797369003
0.03284179046750069
0.03254176303744316
0.03214164823293686
0.03164162486791611
0.031041689217090607
0.030341774225234985
0.029541635885834694
0.028641773387789726
0.02764170616865158
0.026541780680418015
0.025341633707284927
0.024041645228862762
0.022641621530056
0.02114168182015419
0.019541727378964424
0.017841706052422523
0.016041839495301247
0.014141744002699852
0.012141811661422253
0.010041804984211922
0.007841724902391434
0.005541677121073008
0.0031416979618370533
0.0006417733384296298
0.0020493492484092712
0.004549257457256317
0.006949278991669416
0.009249269030988216
0.011449086479842663
0.013548965565860271
0.01554911583662033
0.017448898404836655
0.019248858094215393
0.02094883844256401
0.022548947483301163
0.02404879778623581
0.025449002161622047
0.026748746633529663
0.027948761358857155
0.02904874086380005
0.030048688873648643
0.03094891458749771
0.03174871206283569
0.03244895115494728
0.03304864093661308
0.03354880213737488
0.03394850343465805
0.034248530864715576
0.034448541700839996
0.03454853594303131
0.03454841673374176
0.034448690712451935
0.03424842283129692
0.03394833579659462
0.03354867547750473
0.03304833173751831
0.03244849294424057
0.03174828365445137
0.030948562547564507
0.030048515647649765
0.02904817834496498
0.027948280796408653
0.026748158037662506
0.025448208674788475
0.024048056453466415
0.022548146545886993
0.02094799466431141
0.019248072057962418
0.01744825765490532
0.015548063442111015
0.013548022136092186
0.01144800428301096
0.009247986599802971
0.006947947666049004
0.00454802205786109
0.002048363909125328
0.0006505136843770742
0.0031455105636268854
0.005547379609197378
0.007849659770727158
0.010052191093564034
0.01215445064008236
0.0141570083796978
0.016059311106801033
0.017861684784293175
0.019564172253012657
0.021166514605283737
0.02266892045736313
0.02407141402363777
0.025373835116624832
0.026576438918709755
0.027678759768605232
0.02868112362921238
0.029583727940917015
0.03038601763546467
0.031088510528206825
0.03169095888733864
0.03219352290034294
0.032595839351415634
0.03289840742945671
0.03310075402259827
0.03320315480232239
0.03320564329624176
0.03310806676745415
0.03291064500808716
0.03261302411556244
0.03221543878316879
0.031717926263809204
0.031120367348194122
0.030422907322645187
0.02962529845535755
0.028727708384394646
0.02773045375943184
0.026632700115442276
0.02543523907661438
0.024137627333402634
0.022740036249160767
0.021242525428533554
0.019645055755972862
0.017947496846318245
0.016149988397955894
0.01425263099372387
0.012255009263753891
0.01015745010226965
0.00796004943549633
0.005662647075951099
0.0032655997201800346
0.0007720299181528389
0.0019216911168769002
0.0044172704219818115
0.006813759915530682
0.009110979735851288
0.011307265609502792
0.013404646888375282
0.015401037409901619
0.017297694459557533
0.019094541668891907
0.02079133689403534
0.022388188168406487
0.02388518489897251
0.02528202347457409
0.026578793302178383
0.027775688096880913
0.028872651979327202
0.02986949309706688
0.03076622635126114
0.03156321495771408
0.03225996345281601
0.03285694122314453
0.03335375711321831
0.033750712871551514
0.03404770419001579
0.03424444794654846
0.03434125706553459
0.03433827683329582
0.03423509746789932
0.03403198719024658
0.03372891619801521
0.03332589194178581
0.03282259404659271
0.03221946582198143
0.03151651471853256
0.030713262036442757
0.02981010638177395
0.02880702167749405
0.027703959494829178
0.02650081180036068
0.025197787210345268
0.023795325309038162
0.02229147031903267
0.020688379183411598
0.018985319882631302
0.017182309180498123
0.015279104001820087
0.013276324607431889
0.011173111386597157
0.008970105089247227
0.006667040288448334
0.004264388233423233
0.001762733212672174
0.0009387852041982114
0.0034375940449535847
0.005840520840138197
0.00814406294375658
0.010347713716328144
0.012451321817934513
0.014455105178058147
0.016358859837055206
0.018162647262215614
0.01986628957092762
0.02147006429731846
0.022973764687776566
0.024377664551138878
0.025681452825665474
0.02688528597354889
0.027988988906145096
0.028992922976613045
0.02989671193063259
0.03070026822388172
0.0314040370285511
0.0320078544318676
0.032511722296476364
0.032915566116571426
0.03321923688054085
0.0334232859313488
0.03352680429816246
0.03353065997362137
0.03343450278043747
0.03323833644390106
0.03294216841459274
0.03254595026373863
0.03204973414540291
0.03145339712500572
0.030757375061511993
0.029961155727505684
0.029064971953630447
0.028068872168660164
0.026972690597176552
0.02577637881040573
0.024480193853378296
0.02308410406112671
0.021587880328297615
0.019991841167211533
0.0182956513017416
0.0164994727820158
0.014603379182517529
0.012607214041054249
0.010511158965528011
0.008315049111843109
0.006019210908561945
0.0036236171144992113
0.0011308478424325585
0.0015633529983460903
0.004056498408317566
0.0064519308507442474
0.008747768588364124
0.010943601839244366
0.013039554469287395
0.015035686083137989
0.016931485384702682
0.01872747763991356
0.02042357251048088
0.022019606083631516
0.023515528067946434
0.024911602959036827
0.026207491755485535
0.027403533458709717
0.02849959209561348
0.029495643451809883
0.03039165586233139
0.031187742948532104
0.03188375011086464
0.032479748129844666
0.03297588229179382
0.03337184339761734
0.03366792947053909
0.03386397287249565
0.03396033123135567
0.033956095576286316
0.033852238208055496
0.033648233860731125
0.03334423527121544
0.032940275967121124
0.03243638947606087
0.03183244913816452
0.03112846426665783
0.030324513092637062
0.029420554637908936
0.028416777029633522
0.02731308713555336
0.02610883302986622
0.024804910644888878
0.023401029407978058
0.021897053346037865
0.020293189212679863
0.018589289858937263
0.01678553782403469
0.014881527051329613
0.012877633795142174
0.010773925110697746
0.008570164442062378
0.00626648822799325
0.0038630999624729156
0.0013621040852740407
0.0013400681782513857
0.0038408013060688972
0.006244137417525053
0.008547776378691196
0.010751675814390182
0.012855499051511288
0.014859488233923912
0.016763385385274887
0.018567388877272606
0.020271381363272667
0.02187538519501686
0.023379378020763397
0.02478332631289959
0.02608739398419857
0.027291418984532356
0.02839536778628826
0.029399346560239792
0.0303034670650959
0.03110741451382637
0.03181147947907448
0.032415520399808884
0.03291958197951317
0.03332364931702614
0.033627644181251526
0.033831607550382614
0.03393562138080597
0.0339396595954895
0.0338437519967556
0.03364775329828262
0.03335174173116684
0.03295576199889183
0.03245982527732849
0.031863898038864136
0.03116796165704727
0.030371975153684616
0.02947636879980564
0.02848012000322342
0.02738424576818943
0.026188235729932785
0.02489226683974266
0.023496322333812714
0.022000407800078392
0.020404648035764694
0.01870865747332573
0.016913002356886864
0.015016869641840458
0.013020988553762436
0.01092517375946045
0.008729402907192707
0.006433815695345402
0.0040383730083703995
0.0015454301610589027
0.001149647985585034
0.0036418591625988483
0.006037444341927767
0.008333314210176468
0.01052919402718544
0.01262535247951746
0.014621485956013203
0.016517620533704758
0.01831381767988205
0.020009975880384445
0.02160615473985672
0.023102378472685814
0.02449866570532322
0.02579486183822155
0.02699100226163864
0.02808719500899315
0.029083525761961937
0.029979640617966652
0.030775906518101692
0.03147216513752937
0.032068345695734024
0.03256462514400482
0.03296090289950371
0.03325711935758591
0.0334533229470253
0.03354959562420845
0.0335458479821682
0.033442072570323944
0.033238377422094345
0.03293457254767418
0.03253084048628807
0.03202714025974274
0.031423307955265045
0.03071959875524044
0.029915884137153625
0.029012110084295273
0.02800857461988926
0.026904691010713577
0.025700954720377922
0.024397308006882668
0.02299349196255207
0.02148972451686859
0.019886057823896408
0.018182391300797462
0.016378654167056084
0.014475115574896336
0.012471403926610947
0.010367869399487972
0.008164248429238796
0.005860803183168173
0.0034579727798700333
0.0009593549184501171
0.0017434617038816214
0.004244362935423851
0.006646966096013784
0.008949745446443558
0.011152700521051884
0.013255814090371132
0.015258844941854477
0.017161929979920387
0.01896512694656849
0.020668182522058487
0.022271249443292618
0.02377450279891491
0.02517753280699253
0.026480767875909805
0.027683880180120468
0.02878705970942974
0.029790129512548447
0.030693374574184418
0.03149642422795296
0.03219969943165779
0.03280280902981758
0.03330601006746292
0.03370904177427292
0.03401225805282593
0.03421542048454285
0.03431856632232666
0.03432178869843483
0.034224994480609894
0.03402809053659439
0.033731307834386826
0.03333456441760063
0.0328376479446888
0.03224080801010132
0.031543977558612823
0.030747173354029655
0.02985040470957756
0.028853580355644226
0.027756784111261368
0.026559913530945778
0.025263188406825066
0.023866377770900726
0.022369569167494774
0.020772747695446014
0.01907607913017273
0.017279231920838356
0.015382491052150726
0.013385698199272156
0.011289211921393871
0.009092368185520172
0.006795905064791441
0.004399595782160759
0.001904698321595788
0.0007937326445244253
0.0032842890359461308
0.005681742448359728
0.007979575544595718
0.01017757598310709
0.01227564923465252
0.014273734763264656
0.01617191731929779
0.017970219254493713
0.019668208435177803
0.02126646786928177
0.022764628753066063
0.024162843823432922
0.0254609864205122
0.026659302413463593
0.027757393196225166
0.028755534440279007
0.029653865844011307
0.03045198880136013
0.03115031123161316
0.03174842894077301
0.03224668279290199
0.0326448529958725
0.032943084836006165
0.03314140811562538
0.033239588141441345
0.03323785215616226
0.03313600271940231
0.03293422982096672
0.032632552087306976
0.03223073109984398
0.031728971749544144
0.031127169728279114
0.03042556904256344
0.02962367609143257
0.028721975162625313
0.02772035263478756
0.02661842852830887
0.025416748598217964
0.024114985018968582
0.022713201120495796
0.02121143601834774
0.019609803333878517
0.01790815405547619
0.016106393188238144
0.014204645529389381
0.012202978134155273
0.010101458057761192
0.00789984967559576
0.005598590709269047
0.0031975589226931334
0.0007039089105091989
0.001998285297304392
0.004496781621128321
0.006896574981510639
0.009196624159812927
0.011396894231438637
0.013497130014002323
0.015497286804020405
0.01739744283258915
0.019197706133127213
0.020897960290312767
0.022498369216918945
0.02399846725165844
0.02539896033704281
0.026699045673012733
0.027899496257305145
0.028999606147408485
0.02999998815357685
0.030900241807103157
0.03170065954327583
0.03240098059177399
0.033001236617565155
0.033501431345939636
0.03390171006321907
0.03420199453830719
0.03440246358513832
0.03450276330113411
0.03450296074151993
0.03440338373184204
0.03420369699597359
0.03390389308333397
0.03350415453314781
0.0330045185983181
0.032404810190200806
0.031705211848020554
0.030905531719326973
0.030005840584635735
0.02900618314743042
0.02790667675435543
0.026706798002123833
0.0254072193056345
0.024007495492696762
0.02250782400369644
0.02090817131102085
0.01920849271118641
0.01740897260606289
0.015509339049458504
0.0135097810998559
0.01141019631177187
0.009210687130689621
0.006911089178174734
0.004511945880949497
0.002013989957049489
0.0006870187935419381
0.0031806842889636755
0.005581027362495661
0.007881838828325272
0.010082854889333248
0.012183992192149162
0.014185008592903614
0.016086256131529808
0.01788729429244995
0.019588589668273926
0.021189633756875992
0.022690899670124054
0.02409202978014946
0.02539324387907982
0.02659439854323864
0.027695614844560623
0.028696974739432335
0.029598118737339973
0.030399417504668236
0.031100543215870857
0.03170165419578552
0.032202932983636856
0.03260407596826553
0.032905273139476776
0.03310661390423775
0.03320783004164696
0.03320895880460739
0.033110301941633224
0.03291134908795357
0.03261265158653259
0.03221384435892105
0.03171519562602043
0.031116396188735962
0.030417565256357193
0.02961895428597927
0.02872006967663765
0.027721326798200607
0.026622524484992027
0.02542390115559101
0.02412504330277443
0.0227263905107975
0.02122754231095314
0.019628921523690224
0.017930230125784874
0.016131320968270302
0.014232851564884186
0.012234042398631573
0.010135539807379246
0.007936911657452583
0.005638353060930967
0.00324072502553463
0.0007491955766454339
0.001949575962498784
0.004445261787623167
0.006842114496976137
0.009139438159763813
0.011336677707731724
0.01343407854437828
0.015431362204253674
0.017328716814517975
0.019126275554299355
0.020823592320084572
0.02242107503116131
0.02391844429075718
0.02531588263809681
0.026613090187311172
0.027810579165816307
0.02890815958380699
0.029905539005994797
0.030803002417087555
0.03160033002495766
0.03229786828160286
0.03289526700973511
0.03339283913373947
0.03379039838910103
0.0340876504778862
0.034285034984350204
0.034382522106170654
0.034379974007606506
0.03427744284272194
0.034074921160936356
0.03377233073115349
0.03336991369724274
0.032867368310689926
0.032264795154333115
0.03156232088804245
0.030759640038013458
0.029857244342565536
0.028854666277766228
0.027752138674259186
0.02654961310327053
0.02524707466363907
0.02384462207555771
0.02234206162393093
0.020739654079079628
0.019037194550037384
0.017234759405255318
0.015332115814089775
0.013329872861504555
0.011227349750697613
0.009024915285408497
0.006722671445459127
0.004320680629462004
0.0018201329512521625
0.0008848272264003754
0.0033804066479206085
0.00578352902084589
0.008086934685707092
0.010290740989148617
0.012394513003528118
0.014398214407265186
0.016302168369293213
0.01810586452484131
0.0198097862303257
0.021413791924715042
0.02291763201355934
0.024321528151631355
0.025625349953770638
0.02682945877313614
0.02793315052986145
0.02893724851310253
0.029840948060154915
0.030644867569208145
0.03134889900684357
0.03195267915725708
0.032456643879413605
0.0328606516122818
0.033164504915475845
0.033368367701768875
0.03347255289554596
0.03347654268145561
0.033380310982465744
0.033184126019477844
0.03288828581571579
0.03249213099479675
0.03199596330523491
0.031400054693222046
0.030704105272889137
0.029907843098044395
0.02901178039610386
0.028015825897455215
0.026919765397906303
0.02572370134294033
0.02442772127687931
0.02303170971572399
0.02153567038476467
0.019939696416258812
0.01824376918375492
0.016447624191641808
0.01455164235085249
0.01255568116903305
0.010459907352924347
0.008264043368399143
0.00596839003264904
0.003573145717382431
0.001081322319805622
0.0016137182246893644
0.00410697003826499
0.006501846946775913
0.008797433227300644
0.010992885567247868
0.013088406063616276
0.015083963982760906
0.016979658976197243
0.018775340169668198
0.02047096937894821
0.022066719830036163
0.023562392219901085
0.024958178400993347
0.026253772899508476
0.027449436485767365
0.02854521945118904
0.029540879651904106
0.030436603352427483
0.031232398003339767
0.0319281667470932
0.032523855566978455
0.03301955386996269
0.03341534361243248
0.033710915595293045
0.03390669822692871
0.0340023897588253
0.033998217433691025
0.03389376774430275
0.03368949890136719
0.03338528051972389
0.03298099711537361
0.03247671574354172
0.03187261149287224
0.031168220564723015
0.030363965779542923
0.02945970743894577
0.02845553681254387
0.027351291850209236
0.026146959513425827
0.024842863902449608
0.023438511416316032
0.021934272721409798
0.02033020369708538
0.01862579770386219
0.016821565106511116
0.014917461201548576
0.012913296930491924
0.010809165425598621
0.00860514398664236
0.0063011134043335915
0.0038976259529590607
0.001396527630276978
0.0013069270644336939
0.0038076795171946287
0.006211129482835531
0.008515209890902042
0.010719476267695427
0.012823651544749737
0.014828122220933437
0.01673227548599243
0.01853666640818119
0.02024092897772789
0.021845508366823196
0.02334967441856861
0.02475403994321823
0.026058470830321312
0.02726280875504017
0.0283672995865345
0.029371563345193863
0.030276000499725342
0.031080445274710655
0.03178474307060242
0.03238920494914055
0.032893624156713486
0.03329795226454735
0.033602386713027954
0.033806778490543365
0.03391115739941597
0.03391576558351517
0.033820122480392456
0.03362443298101425
0.033328842371702194
0.032933253794908524
0.032437726855278015
0.031842105090618134
0.031146587803959846
0.03035104088485241
0.02945549599826336
0.028459906578063965
0.027364369481801987
0.026168737560510635
0.02487320266664028
0.023477695882320404
0.02198222652077675
0.02038659155368805
0.01869100332260132
0.01689549721777439
0.015000078827142715
0.013004519045352936
0.01090918853878975
0.008713728748261929
0.006418627221137285
0.004023616202175617
0.0015309004811570048
0.0011645924532786012
0.0036557582207024097
0.00605094013735652
0.008346459828317165
0.010542253963649273
0.01263799425214529
0.014633766375482082
0.01652958244085312
0.01832546852529049
0.02002127096056938
0.02161717787384987
0.023113081231713295
0.024508973583579063
0.025804860517382622
0.027000801637768745
0.02809656225144863
0.029092593118548393
0.029988475143909454
0.03078436106443405
0.03148027881979942
0.03207661956548691
0.03257215768098831
0.03296801075339317
0.033263951539993286
0.033459823578596115
0.03355586901307106
0.03355180099606514
0.033447619527578354
0.03324371576309204
0.03293967247009277
0.032535430043935776
0.03203137591481209
0.03142732009291649
0.03072323277592659
0.029919249936938286
0.02901523746550083
0.02801111526787281
0.026907121762633324
0.025703102350234985
0.02439902164041996
0.022995024919509888
0.021491045132279396
0.01988706924021244
0.01818297617137432
0.016378942877054214
0.014475147239863873
0.012471061199903488
0.010367179289460182
0.008163265883922577
0.005859574768692255
0.0034564423840492964
0.0009581685299053788
0.0017458272632211447
0.00424690917134285
0.0066496822983026505
0.00895279087126255
0.011156080290675163
0.013259329833090305
0.015262906439602375
0.01716657169163227
0.01896943524479866
0.020672861486673355
0.02227623574435711
0.023779597133398056
0.025183018296957016
0.026486530900001526
0.027689972892403603
0.02879326045513153
0.029796814545989037
0.030700121074914932
0.03150360286235809
0.03220705687999725
0.032810427248477936
0.03331400081515312
0.033717475831508636
0.03402089700102806
0.034224435687065125
0.034327682107686996
0.03433116152882576
0.034234605729579926
0.03403804078698158
0.03374152258038521
0.0333455428481102
0.03284843638539314
0.032251887023448944
0.03155535086989403
0.030758922919631004
0.029862452298402786
0.02886577509343624
0.027769317850470543
0.02657272294163704
0.025276219472289085
0.023879678919911385
0.022383185103535652
0.020786818116903305
0.01909034326672554
0.017293855547904968
0.015397394075989723
0.013400877825915813
0.01130442600697279
0.009108073078095913
0.006811812520027161
0.00441586971282959
0.0019215442007407546
0.0007774950354360044
0.0032674409449100494
0.005664407275617123
0.007961919531226158
0.010159640572965145
0.012257411144673824
0.014255199581384659
0.01615309529006481
0.017950916662812233
0.019648810848593712
0.021246688440442085
0.02274465374648571
0.024142587557435036
0.025440480560064316
0.026638302952051163
0.02773633413016796
0.028734121471643448
0.02963216044008732
0.030430112034082413
0.031128015369176865
0.031725965440273285
0.03222382441163063
0.03262175992131233
0.03291965276002884
0.03311774879693985
0.033215638250112534
0.03321358561515808
0.03311147540807724
0.03290954604744911
0.03260757774114609
0.032205354422330856
0.03170333057641983
0.031101403757929802
0.030399201437830925
0.02959723211824894
0.028695138171315193
0.027693215757608414
0.026591192930936813
0.02538905292749405
0.02408704347908497
0.022685082629323006
0.02118304930627346
0.019581099972128868
0.017879169434309006
0.016077252104878426
0.014175180345773697
0.012173247523605824
0.010071365162730217
0.007869494147598743
0.005567832849919796
0.003167021321132779
0.0006754026981070638
0.002029278315603733
0.004527488723397255
0.006927027367055416
0.00922696478664875
0.011426746845245361
0.013526946306228638
0.015526754781603813
0.017426786944270134
0.019226865842938423
0.020926780998706818
0.02252696454524994
0.024027064442634583
0.025427138432860374
0.026726961135864258
0.027927203103899956
0.029027191922068596
0.030027231201529503
0.030927304178476334
0.03172741457819939
0.03242739289999008
0.03302759677171707
0.03352756053209305
0.03392774611711502
0.034227680414915085
0.03442779555916786
0.03452804684638977
0.0345279760658741
0.03442815691232681
0.03422829881310463
0.033928487449884415
0.03352844715118408
0.03302856162190437
0.032428525388240814
0.03172877058386803
0.030928881838917732
0.030029013752937317
0.02902907505631447
0.027929222211241722
