0.12513093650341034
0.1251276284456253
0.1251211017370224
0.1251118779182434
0.12510018050670624
0.12508665025234222
0.125072181224823
0.12505735456943512
0.12504255771636963
0.12502871453762054
0.12501589953899384
0.12500452995300293
0.12499500066041946
0.12498722970485687
0.1249810978770256
0.12497620284557343
0.12497241050004959
0.12496906518936157
0.12496580928564072
0.12496186792850494
0.12495693564414978
0.12495006620883942
0.12494127452373505
0.12493012845516205
0.12491606920957565
0.12489882856607437
0.12487799674272537
0.12485371530056
0.12482522428035736
0.12479252368211746
0.1247548833489418
0.1247120201587677
0.12466292083263397
0.12460630387067795
0.12454114854335785
0.12446534633636475
0.12437696754932404
0.12427274882793427
0.12414950877428055
0.12400224804878235
0.12382558733224869
0.1236119419336319
0.12335193902254105
0.1230325996875763
0.12263690680265427
0.12214024364948273
0.12150730937719345
0.12068431079387665
0.1195862889289856
0.11807086318731308
0.11587782949209213
0.11248841136693954
0.10680156201124191
0.09808219969272614
0.08845091611146927
0.08109016716480255
0.08842898905277252
0.07998276501893997
0.08576008677482605
0.09076420962810516
0.09463223814964294
0.09718061983585358
0.09850621968507767
0.0989081859588623
0.09860357642173767
0.09770343452692032
0.0962647870182991
0.09429416805505753
0.0918581485748291
0.08893568813800812
0.08559228479862213
0.08204850554466248
0.07804843783378601
0.07330732047557831
0.0688064694404602
0.06689168512821198
0.06930345296859741
0.07248261570930481
0.07183176279067993
0.06821507215499878
0.06404194980859756
0.060590051114559174
0.05809802561998367
0.056322500109672546
0.05502793937921524
0.05408405885100365
0.053269561380147934
0.052505314350128174
0.05170860141515732
0.050874657928943634
0.04997468367218971
0.048968736082315445
0.04793224483728409
0.04690433293581009
0.045843347907066345
0.04480573162436485
0.04379095137119293
0.042783256620168686
0.04175917059183121
0.04082249850034714
0.04017546772956848
0.04000447690486908
0.04010665416717529
0.04024418443441391
0.04015495628118515
0.039640527218580246
0.038688838481903076
0.03745169937610626
0.03610733151435852
0.034801896661520004
0.03366323187947273
0.03277617692947388
0.03215466067194939
0.03174077719449997
0.03153419494628906
0.031439926475286484
0.031402651220560074
0.03138832002878189
0.03136477246880531
0.031317342072725296
0.031238026916980743
0.03111938387155533
0.030958008021116257
0.030752118676900864
0.030496874824166298
0.03018948994576931
0.029840122908353806
0.029454953968524933
0.02904105931520462
0.02859887108206749
0.02815268374979496
0.027718370780348778
0.0272807739675045
0.026845481246709824
0.02643740363419056
0.026056302711367607
0.025692619383335114
0.02535015344619751
0.02502085268497467
0.02472085878252983
0.024478714913129807
0.024273063987493515
0.024104934185743332
0.0239869337528944
0.02391406148672104
0.02385314181447029
0.023810215294361115
0.023772766813635826
0.023742694407701492
0.02370719611644745
0.023662511259317398
0.02360796369612217
0.023536574095487595
0.023451771587133408
0.02334761992096901
0.023216504603624344
0.023056764155626297
0.022868037223815918
0.022652167826890945
0.022417135536670685
0.022167710587382317
0.021906401962041855
0.021639881655573845
0.021375007927417755
0.021118128672242165
0.02087489143013954
0.020646244287490845
0.020438633859157562
0.02025645598769188
0.020104791969060898
0.019979026168584824
0.019880369305610657
0.01980762928724289
0.019759507849812508
0.019730539992451668
0.019716806709766388
0.019711297005414963
0.019711097702383995
0.01971525140106678
0.019724205136299133
0.019735120236873627
0.019745979458093643
0.019756969064474106
0.019765427336096764
0.019771799445152283
0.019778013229370117
0.019780773669481277
0.019780881702899933
0.019779086112976074
0.01977483183145523
0.019767818972468376
0.019759103655815125
0.01974686048924923
0.019730815663933754
0.01971140317618847
0.019689379259943962
0.019664030522108078
0.019636228680610657
0.019606156274676323
0.019573353230953217
