0.2500563859939575
0.2500501573085785
0.2500375509262085
0.2500190734863281
0.24999472498893738
0.2499658763408661
0.24993056058883667
0.24988898634910583
0.24983873963356018
0.2497752606868744
0.24969477951526642
0.24958670139312744
0.2494388371706009
0.24923214316368103
0.24893692135810852
0.24851033091545105
0.24788179993629456
0.2469361126422882
0.24546778202056885
0.24307888746261597
0.23889227211475372
0.2305518537759781
0.2096913903951645
0.17043772339820862
0.14183861017227173
0.18584652245044708
0.21071375906467438
0.21898286044597626
0.22184939682483673
0.22259441018104553
0.22221660614013672
0.22110748291015625
0.21943050622940063
0.21725107729434967
0.2145644724369049
0.21133695542812347
0.20750512182712555
0.20305117964744568
0.1980910450220108
0.19277586042881012
0.18714898824691772
0.18107075989246368
0.17440742254257202
0.1673842817544937
0.16030298173427582
0.15331590175628662
0.1462726891040802
0.13926586508750916
0.1322905570268631
0.12548518180847168
0.11989587545394897
0.1165243610739708
0.11579371988773346
0.11678421497344971
0.12006393820047379
0.123801589012146
0.12496833503246307
0.12215003371238708
0.11654248833656311
0.11022363603115082
0.10456458479166031
0.10034993290901184
0.09750624746084213
0.09592364728450775
0.09523217380046844
0.09509864449501038
0.09519267827272415
0.09538906067609787
0.09557575732469559
0.09570317715406418
0.09574300050735474
0.09563810378313065
0.09537641704082489
0.09496995806694031
0.09441729635000229
0.09371920675039291
0.09289228916168213
0.09191879630088806
0.09081678837537766
0.08960799872875214
0.08832651376724243
0.08699394762516022
0.08561281859874725
0.0842251405119896
0.0828685462474823
0.0815761461853981
0.08040627092123032
0.07938029617071152
0.07841254025697708
0.07756432145833969
0.0768294632434845
0.07615714520215988
0.07550927251577377
0.07490506023168564
0.07433976233005524
0.0738070085644722
0.07327531278133392
0.07282210886478424
0.07243716716766357
0.0721341073513031
0.07191202044487
0.07189825177192688
0.07198531925678253
0.07218338549137115
0.07251066714525223
0.07296448945999146
0.07346808910369873
0.07399797439575195
0.07445069402456284
0.07476598769426346
0.07491369545459747
0.07485626637935638
0.07457396388053894
0.07405124604701996
0.07330524921417236
0.07236264646053314
0.07125533372163773
0.070030577480793
0.06874072551727295
0.06741257011890411
0.06609959155321121
0.06482647359371185
0.06362581253051758
0.06253587454557419
0.061543058604002
0.060652341693639755
0.05987846851348877
0.05922773480415344
0.058679379522800446
0.05822212994098663
0.05785844847559929
0.05756262689828873
0.05732329934835434
0.05715429037809372
0.05702397972345352
0.05692664533853531
0.056854959577322006
0.05681229382753372
0.0567944161593914
0.05679496005177498
0.056805603206157684
0.05683162808418274
0.05686935782432556
0.05690356343984604
0.0569358691573143
0.05696292594075203
0.056978706270456314
0.05698053911328316
0.056969210505485535
0.056945834308862686
0.056907203048467636
0.05685306340456009
0.056783340871334076
0.05669892579317093
0.05659905821084976
0.05648263171315193
0.0563497431576252
0.056200772523880005
0.05603532865643501
0.05585315078496933
0.05565417557954788
0.055437713861465454
0.05520450696349144
0.05495728179812431
0.054698579013347626
0.054425615817308426
0.05414169654250145
0.05384919047355652
0.053548574447631836
0.053240325301885605
0.0529298409819603
0.052618224173784256
0.05230604112148285
0.05200030654668808
0.05169841647148132
0.051402803510427475
0.05111292377114296
0.05082946643233299
0.05056135356426239
0.05029837414622307
0.05003317445516586
0.0497717410326004
0.04951917380094528
0.04927733540534973
0.04904160276055336
0.04881426692008972
0.048592209815979004
0.04837995767593384
0.0481712631881237
0.04796785116195679
0.047769173979759216
0.047580234706401825
0.04739854112267494
0.04721871763467789
0.04704806208610535
0.04689187556505203
0.04674232006072998
0.04659947007894516
0.046467509120702744
0.04634343832731247
