0.25005316734313965
0.25005197525024414
0.2500494420528412
0.25004613399505615
0.2500413656234741
0.2500360906124115
0.2500295341014862
0.25002193450927734
0.25001317262649536
0.2500031888484955
0.24999326467514038
0.24998217821121216
0.249969944357872
0.24995671212673187
0.24994270503520966
0.24992750585079193
0.24991118907928467
0.2498934268951416
0.24987441301345825
0.24985279142856598
0.2498292326927185
0.2498025894165039
0.24977266788482666
0.24973922967910767
0.24970033764839172
0.24965696036815643
0.2496056854724884
0.24954743683338165
0.24947905540466309
0.24939940869808197
0.24930629134178162
0.2491970658302307
0.24906861782073975
0.24891678988933563
0.2487364411354065
0.2485227882862091
0.2482670098543167
0.2479601353406906
0.2475900948047638
0.24713996052742004
0.24658890068531036
0.24590665102005005
0.24505120515823364
0.24396517872810364
0.24255751073360443
0.24068880081176758
0.23813064396381378
0.2344757616519928
0.22894032299518585
0.21983057260513306
0.20414337515830994
0.18104146420955658
0.15719616413116455
0.15003573894500732
0.1500973403453827
0.17397233843803406
0.18932704627513885
0.1980104297399521
0.20247337222099304
0.20425236225128174
0.2041756957769394
0.2026692032814026
0.19990992546081543
0.1959468275308609
0.19079998135566711
0.18438559770584106
0.1766939014196396
0.16765229403972626
0.1569373458623886
0.14429019391536713
0.12962259352207184
0.11456850916147232
0.10227489471435547
0.09611163288354874
0.09601537138223648
0.09779055416584015
0.1007574200630188
0.10559391975402832
0.11121160537004471
0.11664463579654694
0.12108249962329865
0.12454359233379364
0.12693925201892853
0.12835069000720978
0.12882213294506073
0.12841370701789856
0.1271938979625702
0.12522770464420319
0.12258099019527435
0.1193360984325409
0.1155937910079956
0.11145523190498352
0.1069631427526474
0.10221309214830399
0.09732154756784439
0.09258393198251724
0.0882316455245018
0.08412519842386246
0.08042298257350922
0.07735662162303925
0.07493532449007034
0.07310490310192108
0.07183903455734253
0.07102186232805252
0.07048676908016205
0.0701388418674469
0.06997192651033401
0.07005799561738968
0.07047171890735626
0.07115791738033295
0.07215406000614166
0.07339620590209961
0.0747610330581665
0.07613369822502136
0.07744413614273071
0.07869092375040054
0.07980575412511826
0.08078653365373611
0.08163716644048691
0.08229231834411621
0.08275289088487625
0.08301487565040588
0.08307214081287384
0.08292891085147858
0.08259239047765732
0.08206835389137268
0.08136406540870667
0.08048629015684128
0.07944592833518982
0.07826415449380875
0.07696915417909622
0.07555971294641495
0.07407139986753464
0.07250701636075974
0.07089180499315262
0.06925143301486969
0.06760218739509583
0.06596583127975464
0.06438257545232773
0.06285897642374039
0.061388447880744934
0.05997035279870033
0.058627720922231674
0.057355619966983795
0.0561535619199276
0.055023178458213806
0.053963273763656616
0.05297987908124924
0.05207311362028122
0.05125206708908081
0.050520822405815125
0.049883630126714706
0.049351468682289124
0.04893355071544647
0.048633918166160583
0.048442717641592026
0.04835894703865051
0.04838579148054123
0.04850354045629501
0.04869283363223076
0.04894011467695236
0.04924073815345764
0.04958160221576691
0.04994967579841614
0.05033063516020775
0.050739169120788574
0.05116304010152817
0.051590245217084885
0.05201960355043411
0.05243285000324249
0.05282890796661377
0.053207285702228546
0.05356445536017418
0.053898006677627563
0.05421046167612076
0.054494138807058334
0.054750099778175354
0.05497812107205391
0.05517794191837311
0.05535132437944412
0.055497877299785614
0.055621981620788574
0.05572056025266647
0.055789947509765625
0.05583010986447334
0.055840834975242615
0.05582259222865105
0.05577455833554268
0.055697001516819
0.05559093877673149
0.055459409952163696
0.055304206907749176
0.055126287043094635
0.05492766201496124
0.054707251489162445
0.054468922317028046
0.05421192944049835
0.05394063889980316
0.053655121475458145
0.053351856768131256
