0.4499319791793823
0.4499271512031555
0.4499164819717407
0.44989898800849915
0.4498755931854248
0.44984129071235657
0.4497956931591034
0.44973456859588623
0.44965046644210815
0.4495360553264618
0.44937896728515625
0.4491610825061798
0.4488554894924164
0.44842082262039185
0.44779664278030396
0.44688528776168823
0.4455298185348511
0.44346141815185547
0.44018974900245667
0.43472975492477417
0.42479848861694336
0.4037938416004181
0.3481441140174866
0.2616937756538391
0.24737899005413055
0.3013685941696167
0.3125377893447876
0.3007303476333618
0.271898478269577
0.22738754749298096
0.17280559241771698
0.14532160758972168
0.15267564356327057
0.17622783780097961
0.19005316495895386
0.19300881028175354
0.18732085824012756
0.1740645170211792
0.15506142377853394
0.13273267447948456
0.11371302604675293
0.10406200587749481
0.10080622136592865
0.10039687901735306
0.1030808538198471
0.10793208330869675
0.11367335915565491
0.1186947226524353
0.12156962603330612
0.12204551696777344
0.12040470540523529
0.11703644692897797
0.11230675876140594
0.10697879642248154
0.10143230855464935
0.09622418880462646
0.091469407081604
0.08762407302856445
0.08449805527925491
0.08186672627925873
0.07966043055057526
0.07774212211370468
0.07617422938346863
0.07508864998817444
0.07455171644687653
0.074496790766716
0.07486807554960251
0.0755777508020401
0.07661132514476776
0.07781346142292023
0.07904136925935745
0.08025055378675461
0.08133304864168167
0.0822356641292572
0.08293558657169342
0.08339445292949677
0.08361468464136124
0.08360030502080917
0.08334555476903915
0.08286474645137787
0.08217977732419968
0.08132856339216232
0.08033950626850128
0.07922643423080444
0.07800540328025818
0.07671163231134415
0.07536213845014572
0.07397957891225815
0.07257386296987534
0.07120534032583237
0.06987445056438446
0.06860275566577911
0.06740018725395203
0.06628644466400146
0.0652465745806694
0.0642702579498291
0.06336615979671478
0.06252667307853699
0.06175563111901283
0.061044905334711075
0.06040250509977341
0.059840939939022064
0.05934884399175644
0.05891232192516327
0.05853032320737839
0.05820654332637787
0.05794582515954971
0.057763535529375076
0.0576455183327198
0.05757445842027664
0.057535480707883835
0.0575234517455101
0.05753563344478607
0.05758665129542351
0.05764969810843468
0.05772675946354866
0.05780729278922081
0.057888828217983246
0.05797439068555832
0.0580577626824379
0.05814056098461151
0.05822308734059334
0.05829644948244095
0.05836522579193115
0.05842122435569763
0.05846711993217468
0.05849709361791611
0.058514490723609924
0.058520495891571045
0.05851209908723831
0.058486208319664
0.05844397842884064
0.058385878801345825
0.05831040441989899
0.05821854621171951
0.05811091139912605
0.05798567086458206
0.05784280225634575
0.057683415710926056
0.05750837177038193
0.05731883645057678
0.0571158267557621
0.056898556649684906
0.05666721239686012
0.056423041969537735
0.05616692826151848
0.055903397500514984
0.05562801659107208
0.05534706264734268
0.055059775710105896
0.05476292967796326
0.05445745214819908
0.05414247885346413
0.053819894790649414
0.05349598079919815
0.05317363515496254
0.05284874141216278
0.052529655396938324
0.052212800830602646
0.051892105489969254
0.05157066881656647
0.051247403025627136
0.05092208832502365
0.05059688910841942
0.05027460306882858
0.0499613918364048
0.04965665563941002
0.04935614392161369
0.04905601218342781
0.048758480697870255
0.0484638549387455
0.048173751682043076
0.047890108078718185
0.04761213809251785
0.04733880236744881
0.04707133024930954
0.046810537576675415
0.0465548112988472
0.04630541428923607
0.046063125133514404
0.04582648351788521
0.04559512808918953
0.045368731021881104
0.0451483316719532
0.04493405669927597
0.044724758714437485
0.044521111994981766
0.044327184557914734
0.04414115473628044
0.04396272078156471
0.04378952458500862
0.043621327728033066
0.04345855489373207
0.04330156370997429
0.04315084218978882
0.04300687462091446
0.04286773502826691
0.04273323714733124
0.04260343313217163
0.042478520423173904
