0.22490344941616058
0.22489044070243835
0.22486218810081482
0.2248147875070572
0.22473959624767303
0.22462257742881775
0.22444039583206177
0.22415316104888916
0.22369182109832764
0.22293497622013092
0.22165808081626892
0.2194187343120575
0.21525134146213531
0.20665717124938965
0.1851312518119812
0.13968908786773682
0.0963236540555954
0.09248282760381699
0.11072548478841782
0.11157089471817017
0.09728769958019257
0.07204147428274155
0.046411383897066116
0.04038707911968231
0.03743625432252884
0.037375517189502716
0.04150949418544769
0.045203983783721924
0.04644429683685303
0.04527297616004944
0.04227423295378685
0.03794000297784805
0.03351980447769165
0.029612036421895027
0.026400094851851463
0.024169983342289925
0.02267981879413128
0.021912802010774612
0.021614233031868935
0.02165580727159977
0.02185862883925438
0.02198946289718151
0.021952928975224495
0.021652840077877045
0.021193500608205795
0.020625906065106392
0.019961228594183922
0.019274622201919556
0.018615471199154854
0.017983194440603256
0.01736949197947979
0.016790524125099182
0.016247695311903954
0.015750357881188393
0.01533539779484272
0.014982061460614204
0.014663450419902802
0.014386408030986786
0.01413885597139597
0.013934776186943054
0.01376345194876194
0.013608057051897049
0.013463940471410751
0.013336872681975365
0.013226740062236786
0.013148044236004353
0.013083847239613533
0.013020863756537437
0.012962959706783295
0.012918133288621902
0.012870377860963345
0.012823275290429592
0.01277180202305317
0.012722821906208992
0.012674865312874317
0.012621629983186722
0.012564358301460743
0.012506850063800812
0.012445623986423016
0.01238061673939228
0.0123113002628088
0.012239146046340466
0.012163911946117878
0.012083073146641254
0.01199554093182087
0.011902309954166412
0.011805820278823376
0.011706526391208172
0.011610209941864014
0.011515703983604908
0.011424900032579899
0.01133765373378992
0.011247338727116585
0.011153949424624443
0.011061107739806175
0.010970034636557102
0.010876849293708801
0.010783713310956955
0.010694611817598343
0.010608868673443794
0.0105306850746274
0.01045583002269268
0.010383980348706245
0.010313600301742554
0.010244466364383698
0.010176694951951504
0.010112013667821884
0.01005016639828682
0.009990445338189602
0.00993331242352724
0.009875379502773285
0.009819313883781433
0.009766558185219765
0.009713787585496902
0.009664764627814293
0.009615368209779263
0.009566004388034344
0.009517776779830456
0.009469074197113514
0.009420562535524368
0.009374057874083519
0.009327361360192299
0.009282048791646957
0.009236710146069527
0.009191891178488731
0.009146934375166893
0.009103875607252121
0.009061302058398724
0.009018820710480213
0.008975740522146225
0.008933029137551785
0.008892446756362915
0.008853446692228317
0.008814264088869095
0.008774577639997005
0.008734414353966713
0.008694851770997047
0.008658886887133121
0.008622613735496998
0.008585869334638119
0.00854898989200592
0.008512390777468681
0.008477180264890194
0.008442025631666183
0.00840674713253975
0.008371091447770596
0.00833591353148222
0.008300794288516045
0.008266731165349483
0.008233362808823586
0.008201115764677525
0.008169852197170258
0.008139052428305149
0.00810978189110756
0.008080804720520973
0.008052642457187176
0.008025455288589
0.007998377084732056
0.007973740808665752
0.007949115708470345
0.007925041019916534
0.007901153527200222
0.007876831106841564
0.007852090522646904
0.00782736949622631
0.007803058717399836
0.007779193110764027
0.007755725644528866
0.00773419626057148
0.007712269201874733
0.007689939811825752
0.007667230442166328
0.007644449360668659
0.007622093427926302
0.007600783370435238
0.007580321282148361
0.007559545338153839
0.007538493722677231
0.007517190650105476
0.007497236132621765
0.007477518171072006
0.007459103129804134
0.0074407304637134075
0.0074222637340426445
0.007403907366096973
0.007386732380837202
0.007369481958448887
0.0073520950973033905
0.007334582507610321
0.007316942792385817
0.007299189455807209
0.00728212483227253
0.00726599944755435
0.00724994670599699
0.007233806885778904
0.00721803680062294
0.0072029391303658485
0.0071883248165249825
0.00717431865632534
0.007160225883126259
