0.00015942376921884716
0.00015621964121237397
0.00015012700168881565
0.0001414550351910293
0.00013087433762848377
0.0001187732195830904
0.00010617969383019954
9.347313607577235e-05
8.12704602140002e-05
7.009083492448553e-05
6.039440631866455e-05
5.2362680435180664e-05
4.632323543773964e-05
4.233419895172119e-05
4.0324033761862665e-05
4.013081343146041e-05
4.1478779166936874e-05
4.4109474401921034e-05
4.760198135045357e-05
5.150620563654229e-05
5.532923751161434e-05
5.880517346668057e-05
6.165009835967794e-05
6.363577267620713e-05
6.454440881498158e-05
6.463048339355737e-05
6.39435529592447e-05
6.269692676141858e-05
6.115845462772995e-05
5.9539623180171475e-05
5.80855667067226e-05
5.700887777493335e-05
5.6450509873684496e-05
5.655529457726516e-05
5.755605161539279e-05
5.924229844822548e-05
6.170600681798533e-05
6.47593624307774e-05
6.838457193225622e-05
7.233327778521925e-05
7.644751894986257e-05
8.041106775635853e-05
8.398642967222258e-05
8.691014954820275e-05
8.899671956896782e-05
9.015954856295139e-05
9.024750033859164e-05
8.932934724725783e-05
8.738082397030666e-05
8.461568359052762e-05
8.123437146423385e-05
7.738408748991787e-05
7.341630407609046e-05
6.946134817553684e-05
6.57861091895029e-05
6.24849708401598e-05
5.9823527408298105e-05
5.780204082839191e-05
5.646623685606755e-05
5.608762876363471e-05
5.6411121477140114e-05
5.7460289099253714e-05
5.92217365920078e-05
6.148254033178091e-05
6.41978404019028e-05
6.707588181598112e-05
7.011531852185726e-05
7.313446258194745e-05
7.577502401545644e-05
7.806964276824147e-05
7.981621456565335e-05
8.082389831542969e-05
8.117668039631099e-05
8.07784017524682e-05
7.959426147863269e-05
7.776483107591048e-05
7.536187331425026e-05
7.248828478623182e-05
6.91991881467402e-05
6.580812623724341e-05
6.22152365394868e-05
5.867276559001766e-05
5.524082371266559e-05
5.212396354181692e-05
4.928280395688489e-05
4.704290040535852e-05
4.5210352254798636e-05
4.394903953652829e-05
4.3186031689401716e-05
4.296451879781671e-05
4.327799251768738e-05
4.410692417877726e-05
4.531285594566725e-05
4.6902510803192854e-05
4.872414137935266e-05
5.074036380392499e-05
5.294621951179579e-05
5.512596180778928e-05
5.7206943893106654e-05
5.907693412154913e-05
6.075900455471128e-05
6.21517319814302e-05
6.313586345640942e-05
6.381210550898686e-05
6.406484317267314e-05
6.394673982867971e-05
6.342034612316638e-05
6.264145486056805e-05
6.145775114418939e-05
6.0063088312745094e-05
5.840877565788105e-05
5.661225441144779e-05
5.4623018513666466e-05
5.2548599342117086e-05
5.047298691351898e-05
4.8410583985969424e-05
4.6401459258049726e-05
4.448776235221885e-05
4.273313970770687e-05
4.12319423048757e-05
3.989044125773944e-05
3.874871981679462e-05
3.791016570175998e-05
3.727224247995764e-05
3.696958447108045e-05
3.6801320675294846e-05
3.695277700899169e-05
3.724206180777401e-05
3.777162419282831e-05
3.845118044409901e-05
3.925870987586677e-05
4.0243590774480253e-05
4.123901089769788e-05
4.227915269439109e-05
4.340391751611605e-05
4.444760998012498e-05
4.536073174676858e-05
4.6292632760014385e-05
4.7073794121388346e-05
4.778820584760979e-05
4.831595651921816e-05
4.8760812205728143e-05
4.898217957816087e-05
4.9087371735367924e-05
4.9003374442690983e-05
4.88378427689895e-05
4.8546178732067347e-05
4.807555887964554e-05
4.75480301247444e-05
4.690371861215681e-05
4.619618266588077e-05
4.54283035651315e-05
4.45677615061868e-05
4.370024907984771e-05
4.276197068975307e-05
4.183795681456104e-05
4.0905877540353686e-05
3.9964714233065024e-05
3.915203706128523e-05
3.8264752220129594e-05
3.752467455342412e-05
3.6751222069142386e-05
3.6100303987041116e-05
3.550859401002526e-05
3.497435318422504e-05
3.447902054176666e-05
3.411201396374963e-05
3.381397982593626e-05
3.3596788853174075e-05
3.335684596095234e-05
3.326774822198786e-05
3.320446194265969e-05
3.3258620533160865e-05
3.3248939871555194e-05
3.33988391503226e-05
3.351269697304815e-05
3.363042924320325e-05
3.3814871130743995e-05
3.3974414691329e-05
3.418455526116304e-05
3.4379503631498665e-05
3.4487769880797714e-05
3.4626693377504125e-05
3.4827498893719167e-05
3.484704939182848e-05
3.4898337617050856e-05
3.4909833630081266e-05
3.4920667530968785e-05
3.488392394501716e-05
3.4771310311043635e-05
3.463435132289305e-05
3.4487169614294544e-05
3.4334920201217756e-05
3.4053693525493145e-05
3.38327263307292e-05
3.361569906701334e-05
3.3255942980758846e-05
3.2924468541750684e-05
3.249789006076753e-05
3.2194504456128925e-05
