0.25004899501800537
0.25004690885543823
0.2500428557395935
0.2500360310077667
0.25002750754356384
0.250016987323761
0.25000497698783875
0.24999137222766876
0.2499759942293167
0.24995875358581543
0.24993962049484253
0.24991841614246368
0.2498941272497177
0.2498667985200882
0.24983564019203186
0.24979937076568604
0.24975618720054626
0.24970494210720062
0.24964295327663422
0.24956686794757843
0.24947406351566315
0.24935807287693024
0.24921369552612305
0.2490328699350357
0.24880428612232208
0.24851307272911072
0.24813847243785858
0.24765309691429138
0.24701449275016785
0.24616138637065887
0.24499468505382538
0.2433517873287201
0.24094322323799133
0.2371971160173416
0.23083066940307617
0.21835742890834808
0.19212906062602997
0.15688005089759827
0.14441809058189392
0.1669030785560608
0.1889626383781433
0.1988610327243805
0.20215263962745667
0.20144593715667725
0.1977963000535965
0.19144307076931
0.18237298727035522
0.17051814496517181
0.15551865100860596
0.136239692568779
0.11120188236236572
0.08819654583930969
0.08611413836479187
0.09573699533939362
0.10074606537818909
0.10826689004898071
0.1150817722082138
0.11982666701078415
0.1220715343952179
0.12198499590158463
0.11986278742551804
0.11603675782680511
0.11081871390342712
0.10439006239175797
0.09707202017307281
0.08959818631410599
0.08245041221380234
0.07632942497730255
0.0713779628276825
0.06703826785087585
0.06338301301002502
0.060958269983530045
0.06063820794224739
0.062331221997737885
0.06531518697738647
0.06897620856761932
0.0726524218916893
0.0759778842329979
0.07874324917793274
0.0807279646396637
0.0819326862692833
0.08238473534584045
0.08211591839790344
0.08119093626737595
0.0796889066696167
0.07767491042613983
0.07520515471696854
0.07238616049289703
0.06932587921619415
0.06615066528320312
0.06301027536392212
0.05999976024031639
0.057235658168792725
0.05479401722550392
0.05266431346535683
0.0509161651134491
0.04961444437503815
0.04870780184864998
0.04811689257621765
0.047794438898563385
