0.18747352063655853
0.18746517598628998
0.18744736909866333
0.1874191164970398
0.18737684190273285
0.18731652200222015
0.1872299313545227
0.1871044784784317
0.18691888451576233
0.18663866817951202
0.18620645999908447
0.18552526831626892
0.18442153930664062
0.18256960809230804
0.17929571866989136
0.17299248278141022
0.15895666182041168
0.1315295249223709
0.10646623373031616
0.08770700544118881
0.09820393472909927
0.11424200981855392
0.12200573086738586
0.12361622601747513
0.12121713161468506
0.11568699032068253
0.10731511563062668
0.09651749581098557
0.08369076251983643
0.07035735994577408
0.05802082270383835
0.05018279701471329
0.050333596765995026
0.056043028831481934
0.05932778865098953
0.05738622695207596
0.05364949628710747
0.05024145916104317
0.047835174947977066
0.04651259630918503
0.04609174281358719
0.046254247426986694
0.04662277176976204
0.04691276326775551
0.04702862352132797
0.04690992459654808
0.04653161019086838
0.045898862183094025
0.04502830654382706
0.04394301772117615
0.04269706830382347
0.0413772389292717
0.040028683841228485
0.03867281973361969
0.03732826188206673
0.03603009879589081
0.03479025140404701
0.03364579379558563
0.032605331391096115
0.03162103518843651
0.030669741332530975
0.02979496866464615
0.0289998147636652
0.028253555297851562
0.027587570250034332
0.02698437124490738
0.026478003710508347
0.02603212743997574
0.025642741471529007
0.02527685835957527
0.024945717304944992
0.024625420570373535
0.024298280477523804
0.02395886927843094
0.0236061941832304
0.02324325032532215
0.02288057655096054
0.022532440721988678
0.022197414189577103
0.0218773502856493
0.021577373147010803
0.02130216732621193
0.021050795912742615
0.020825449377298355
0.020627692341804504
0.020460354164242744
0.020323965698480606
0.02021634764969349
0.020123913884162903
0.020047567784786224
0.019980400800704956
0.01992074027657509
0.019871007651090622
0.01983141526579857
0.019800027832388878
0.019772343337535858
0.019743947312235832
0.019717711955308914
0.01969151198863983
0.01966603845357895
0.01963936910033226
0.01961517706513405
0.019589269533753395
0.01956067979335785
0.019531067460775375
0.0194989163428545
0.019463907927274704
0.019426055252552032
0.019386250525712967
0.01934468373656273
0.019299853593111038
0.019251450896263123
0.019200028851628304
0.019145021215081215
0.019086482003331184
0.019024401903152466
0.018958790227770805
0.01888977736234665
0.01881769858300686
0.018742799758911133
0.018665581941604614
0.01858508586883545
0.01850189082324505
0.01841561682522297
0.018326515331864357
0.01823527365922928
0.01814178191125393
0.018046267330646515
0.017948077991604805
0.01784714125096798
0.017744705080986023
0.017640413716435432
0.017533477395772934
0.017424099147319794
0.01731279119849205
0.01719984970986843
0.017085419967770576
0.016969995573163033
0.01685243844985962
0.01673365756869316
0.016615305095911026
0.01649538055062294
0.016375606879591942
0.01625802367925644
0.016142189502716064
0.01602896861732006
0.015917982906103134
0.01580769009888172
0.01569679193198681
0.015586495399475098
0.015479105524718761
0.015372331254184246
0.015265583992004395
0.015159036964178085
0.015052447095513344
0.014946178533136845
0.014839311130344868
0.014731891453266144
0.01462475210428238
0.01451907493174076
0.01441369391977787
0.01430797204375267
0.01420309953391552
0.014098107814788818
0.013993257656693459
0.01389269344508648
0.01379391923546791
0.01369575783610344
0.013597715646028519
0.013500865548849106
0.013406889513134956
0.013313100673258305
0.013219229876995087
0.013125216588377953
0.013032810762524605
0.012940874323248863
0.01284924615174532
0.012759924866259098
0.012671267613768578
0.012585017830133438
0.012499717995524406
0.012415398843586445
0.0123329758644104
0.012251978740096092
0.012172509916126728
0.01209474541246891
0.012018214911222458
0.011942627839744091
0.011867068707942963
0.011792488396167755
0.01171861495822668
0.011645430698990822
0.011572360061109066
0.011500271037220955
0.011428410187363625
0.011358261108398438
0.011290019378066063
0.011222068220376968
0.011154034174978733
0.011086495593190193
