0.033076927065849304
0.03297678008675575
0.03277727589011192
0.03247711434960365
0.03207652270793915
0.0315764844417572
0.03097672574222088
0.030276644974946976
0.02947666123509407
0.028577225282788277
0.027576910331845284
0.026477133855223656
0.025276504456996918
0.023976530879735947
0.02257646806538105
0.02107667550444603
0.019476940855383873
0.01777670532464981
0.015977345407009125
0.014076685532927513
0.0120769077911973
0.009977231733500957
0.0077768550254404545
0.00547673087567091
0.0030766292475163937
0.0005865373532287776
0.0020270191598683596
0.004523216746747494
0.006927064154297113
0.009219229221343994
0.011416134424507618
0.013513550162315369
0.015512239187955856
0.01740925945341587
0.01920739747583866
0.02090529352426529
0.022503694519400597
0.02400106191635132
0.02540023811161518
0.026696713641285896
0.0278950035572052
0.028992915526032448
0.029990719631314278
0.030889904126524925
0.03168744221329689
0.032385505735874176
0.03298260644078255
0.03348160535097122
0.03387834131717682
0.0341765359044075
0.034374479204416275
0.03447243571281433
0.034470342099666595
0.034369319677352905
0.03416609764099121
0.033864106982946396
0.03346295282244682
0.03296033665537834
0.03235907852649689
0.031656134873628616
0.0308547243475914
0.029953520745038986
0.028950074687600136
0.02784867212176323
0.026646306738257408
0.02534460835158825
0.02394200675189495
0.022440575063228607
0.020838141441345215
0.01913612335920334
0.017335083335638046
0.015432745218276978
0.01343062985688448
0.01132878940552473
0.009127186611294746
0.006825213320553303
0.004424765706062317
0.0019282372668385506
0.0007882409263402224
0.0032436451874673367
0.005684036295861006
0.00803947914391756
0.010293964296579361
0.012456683441996574
0.014501063153147697
0.01645619235932827
0.018325459212064743
0.02006736770272255
0.021731406450271606
0.02328323759138584
0.024741280823946
0.02609211951494217
0.027385002002120018
0.028497980907559395
0.029560143128037453
0.03050862066447735
0.03136217221617699
0.03211750090122223
0.032772962003946304
0.03333240747451782
0.033787887543439865
0.03413962945342064
0.03439286723732948
0.03455046936869621
0.034604039043188095
0.034561317414045334
0.03441910818219185
0.03417402505874634
0.03382658213376999
0.03339216113090515
0.03283506631851196
0.032195109874010086
0.03144633397459984
0.030612334609031677
0.02966160513460636
0.028611911460757256
0.027471650391817093
0.026221875101327896
0.024878598749637604
0.02343355491757393
0.02188928611576557
0.020253179594874382
0.018500296398997307
0.016656819730997086
0.014712383970618248
0.012668434530496597
0.0105335908010602
0.00828199926763773
0.00593943614512682
0.0035057931672781706
0.0010399357415735722
0.0017403085948899388
0.004240186884999275
0.006850815378129482
0.009002380073070526
0.01137098390609026
0.013405093923211098
0.01541534997522831
0.017353465780615807
0.019192298874258995
0.0209309421479702
0.02257070317864418
0.024111684411764145
0.02555098384618759
0.026892147958278656
0.028131632134318352
0.02927176095545292
0.030310306698083878
0.03125105798244476
0.03209101781249046
0.03283322975039482
0.033472321927547455
0.03401419147849083
0.03446865454316139
0.03479340299963951
0.03503388166427612
0.0351753756403923
0.035217322409152985
0.03515753522515297
0.03499763831496239
0.034751683473587036
0.034381262958049774
0.03392032906413078
0.033373668789863586
0.03270237520337105
0.031944554299116135
0.03108479455113411
0.030127868056297302
0.02906646579504013
0.027909036725759506
0.026682840660214424
0.025290902704000473
0.02383267693221569
0.022289233282208443
0.020617075264453888
0.018862197175621986
0.017006386071443558
0.015048673376441002
0.01299210824072361
0.010842511430382729
0.008584368042647839
0.006239946465939283
0.003824214916676283
0.0013399423332884908
0.0016614928608760238
0.004067734815180302
0.006505608558654785
0.008881906047463417
0.011163336224853992
0.013347172178328037
0.015430109575390816
0.017416704446077347
0.01930062659084797
0.02109394781291485
0.022768957540392876
0.024362660944461823
0.02583753876388073
0.02722495049238205
0.028519941493868828
0.029705634340643883
0.030778631567955017
0.03178073838353157
0.032653771340847015
0.033439528197050095
0.03412321209907532
0.03470897674560547
0.035206977277994156
0.035581324249506
0.03586633875966072
0.0360652431845665
0.03614640235900879
0.03612828999757767
0.03601684048771858
0.03580128028988838
0.03550340235233307
0.0350816585123539
0.03455878421664238
0.033948492258787155
0.03323820233345032
0.03242478519678116
0.031506408005952835
0.030494214966893196
0.029382968321442604
0.028166363015770912
0.026855001226067543
0.025443729013204575
0.02393217384815216
0.02232389710843563
0.02060854621231556
0.018792904913425446
0.016882488504052162
0.014869852922856808
0.012805281206965446
0.010550198145210743
0.008244987577199936
0.005884526763111353
0.003365125972777605
0.0009351129410788417
0.002070445567369461
0.004600543063133955
0.007087111938744783
0.00945586059242487
0.011736354790627956
0.0139219481498003
0.016011012718081474
0.017999161034822464
0.019884655252099037
0.021670373156666756
0.023378267884254456
0.02494797669351101
0.026438018307089806
0.02782622165977955
0.029115378856658936
0.03030465543270111
0.03139035403728485
0.032379399985075
0.03327116370201111
0.03406056761741638
0.03474973514676094
0.03533625975251198
0.03582410886883736
0.03621426597237587
0.036503229290246964
0.03673166036605835
0.036782801151275635
0.03677545115351677
0.03666355460882187
0.036452919244766235
0.03614136949181557
0.035734981298446655
0.035222332924604416
0.034611426293849945
0.03390149399638176
0.033090271055698395
0.03217926248908043
0.031172014772892
0.030064426362514496
0.028884924948215485
0.027543768286705017
0.026135802268981934
0.024627352133393288
0.023028280586004257
0.02131282165646553
0.01949705183506012
0.017589982599020004
0.015578633174300194
0.013497225008904934
0.01126833725720644
0.00896336417645216
0.006564357317984104
0.004078769125044346
0.0015481298323720694
0.0019070665584877133
0.004048681817948818
0.0067247068509459496
0.009292874485254288
0.011762669309973717
0.014148851856589317
0.016433104872703552
0.01862705685198307
0.020712152123451233
0.022706573829054832
0.02458985149860382
0.026383619755506516
0.0280695129185915
0.029661769047379494
0.0311594158411026
0.03254231438040733
0.0338352806866169
0.035030294209718704
0.0361102856695652
0.037100210785865784
0.03799237310886383
0.038787126541137695
0.039479345083236694
0.04006241261959076
0.04056129232048988
0.04094650223851204
0.041243504732847214
0.041434481739997864
0.04152395576238632
0.041540876030921936
0.0414128340780735
0.04119947925209999
0.040898486971855164
0.040482018142938614
0.039973825216293335
0.03936515003442764
0.0386623814702034
0.03785325214266777
0.03696856647729874
0.03594030812382698
0.03482469171285629
0.033622052520513535
0.03230734542012215
0.030909113585948944
0.02939307503402233
0.027785664424300194
0.026077311486005783
0.024280566722154617
0.022374091669917107
0.02036849409341812
0.018254375085234642
0.0160518791526556
0.013748194091022015
0.011346323415637016
0.008843851275742054
0.006252089980989695
0.0035842801444232464
0.0010230207117274404
0.002285080961883068
0.004987995605915785
0.0076425690203905106
0.010222034528851509
0.01269567385315895
0.015066117979586124
0.017353631556034088
0.01953449845314026
0.021601973101496696
0.02359389327466488
0.025475643575191498
0.027430210262537003
0.02892613783478737
0.030516475439071655
0.031991343945264816
0.03337029367685318
0.03466140851378441
0.035833995789289474
0.036924101412296295
0.037906765937805176
0.03878188505768776
0.039560217410326004
0.04025149345397949
0.040825482457876205
0.04133844003081322
0.04169192537665367
0.041974764317274094
0.042153891175985336
0.04223795235157013
0.04222986474633217
0.04210019111633301
0.041883960366249084
0.0415654256939888
0.04114885255694389
0.04063430801033974
0.04002464562654495
0.039300307631492615
0.03848939388990402
0.03757767379283905
0.03654607757925987
0.035436000674963
0.0342121496796608
0.03289535269141197
0.03147832304239273
0.029973097145557404
0.028350314125418663
0.02663908526301384
0.02481435053050518
0.022912705317139626
0.020886855199933052
0.01876799948513508
0.016567736864089966
0.014239897951483727
0.011847341433167458
0.009322444908320904
0.006715579889714718
0.0040346067398786545
0.001367265940643847
0.001902315765619278
0.00464283674955368
0.007484167814254761
0.009913739748299122
0.01240607164800167
0.014802596531808376
0.017116477712988853
0.019333068281412125
0.021441280841827393
0.023448921740055084
0.02536746859550476
0.027185088023543358
0.02888486161828041
0.03066186048090458
0.03201807290315628
0.03342597186565399
0.03473636880517006
0.03594981133937836
0.03706659749150276
0.03807615861296654
0.03899780288338661
0.039804380387067795
0.04053409397602081
0.04114771634340286
0.04165392741560936
0.042067792266607285
0.04237872362136841
0.042588017880916595
0.042702075093984604
0.04271965101361275
0.04263585805892944
0.04244641214609146
0.04216960072517395
0.041774626821279526
0.04129336401820183
0.040708187967538834
0.04002005606889725
0.03923401981592178
0.03834942728281021
0.03736777603626251
0.03627924993634224
0.035099707543849945
0.03381308540701866
0.03243261203169823
0.030948592349886894
0.02936532162129879
0.02767479419708252
0.025902042165398598
0.024016551673412323
0.022024014964699745
0.019949087873101234
0.017768146470189095
0.015478926710784435
0.01310477964580059
0.010628186166286469
0.008052275516092777
0.005393921863287687
0.002683814615011215
0.0009958152659237385
0.0032228927593678236
0.005826935637742281
0.008401761762797832
0.010866742581129074
0.013237180188298225
0.015520955435931683
0.01770119182765484
0.01978786289691925
0.02177358977496624
0.023653661832213402
0.025433819741010666
0.027121538296341896
0.028703518211841583
0.03018903359770775
0.03157493472099304
0.032860830426216125
0.03405230864882469
0.03513244912028313
0.036123745143413544
0.03700646013021469
0.037791550159454346
0.03848135471343994
0.0390656404197216
0.03955039009451866
0.03993893414735794
0.04022412747144699
0.040412984788417816
0.040502212941646576
0.04048670455813408
0.040372662246227264
0.04016472026705742
0.03984975069761276
0.03944015130400658
0.03892458975315094
0.03831103816628456
0.037599824368953705
0.03678769990801811
0.035875629633665085
0.03486377373337746
0.03375054523348808
0.03253903612494469
0.031227432191371918
0.02981656789779663
0.028411272913217545
0.02669370360672474
0.024986829608678818
0.023174095898866653
0.02126525156199932
0.01925675757229328
0.017148347571492195
0.014939912594854832
0.012643319554626942
0.010233948938548565
0.007738437503576279
0.005157969892024994
0.0025477518793195486
0.0020256293937563896
0.003579712240025401
0.006507905200123787
0.009402991272509098
0.012172287330031395
0.014930710196495056
0.017470037564635277
0.019951049238443375
0.02234828844666481
0.024650197476148605
0.026840047910809517
0.028943348675966263
0.03094143234193325
0.032839834690093994
0.03463539481163025
0.0363328643143177
0.0379319041967392
0.03944876417517662
0.040836937725543976
0.042131442576646805
0.04333079978823662
0.04442984238266945
0.04543944448232651
0.046328555792570114
0.04712958633899689
0.047828786075115204
0.04843451827764511
0.04892992600798607
0.04933406040072441
0.04964253678917885
0.049849048256874084
0.049931690096855164
0.04993772134184837
0.04983648657798767
0.04967588931322098
0.0493323840200901
0.048939287662506104
0.04843922331929207
0.04784006252884865
0.04714169725775719
0.0463574044406414
0.045443978160619736
0.04444698989391327
0.043340060859918594
0.04214336723089218
0.040846310555934906
0.039448097348213196
0.03794921562075615
0.036354824900627136
0.034653179347515106
0.03285608068108559
0.030959390103816986
0.028961284086108208
0.026868578046560287
0.024679353460669518
0.022372368723154068
0.01998124085366726
0.017485063523054123
0.014904839918017387
0.012214850634336472
0.009419681504368782
0.006555851548910141
0.0036197269801050425
0.001090621342882514
0.0028844610787928104
0.005812257528305054
0.008712580427527428
0.01152141485363245
0.014234095811843872
0.016873333603143692
0.01937873661518097
0.021801816299557686
0.024129506200551987
0.026356259360909462
0.028486067429184914
0.030511630699038506
0.03243463858962059
0.03426453471183777
0.035995617508888245
0.03761985898017883
0.03914863243699074
0.04058055952191353
0.041907358914613724
0.04313189908862114
0.04426649585366249
0.04529181122779846
0.04622148722410202
0.047062184661626816
0.047778740525245667
0.04840875789523125
0.04894130676984787
0.049371663480997086
0.049697622656822205
0.04992614686489105
0.05005701631307602
0.05008425563573837
0.05001317709684372
0.04985035955905914
0.049575671553611755
0.04920369014143944
0.04873235151171684
0.04816797748208046
0.047497253865003586
0.04672760143876076
0.045855533331632614
0.044892363250255585
0.04383876919746399
0.042645446956157684
0.04137706756591797
0.0400083102285862
0.03854170814156532
0.03697386384010315
0.03530939295887947
0.03353695943951607
0.03166811913251877
0.029702505096793175
0.027630046010017395
0.025463668629527092
0.023211350664496422
0.02083875797688961
0.018368177115917206
0.015817856416106224
0.01314239576458931
0.010390077717602253
0.0075411307625472546
0.004624408204108477
0.0017780470661818981
0.0019974512979388237
0.004855587612837553
0.007787391077727079
0.010620619170367718
0.013377837836742401
0.01604044996201992
0.018606821075081825
0.02108830399811268
0.023440923541784286
0.025712238624691963
0.02788574993610382
0.029961878433823586
0.03192048892378807
0.03379204869270325
0.03557606786489487
0.03724394738674164
0.038812827318906784
0.04027771204710007
0.04164838790893555
0.042931895703077316
0.04409768432378769
0.04516560211777687
0.046138521283864975
0.04701006039977074
0.04778669774532318
0.048458922654390335
0.049032509326934814
0.04950808733701706
0.04986923933029175
0.050158023834228516
0.05032619088888168
0.05039013549685478
0.050370704382658005
0.05024249479174614
0.05000762268900871
0.049688566476106644
0.04925570264458656
0.04873792454600334
0.04810483381152153
0.04737532511353493
0.04654950648546219
0.04563010111451149
0.044601891189813614
0.04348572716116905
0.04225381091237068
0.04092385619878769
0.03949567303061485
0.03797396272420883
0.036349669098854065
0.0346236377954483
0.03280807286500931
0.030869483947753906
0.028850410133600235
0.02672632411122322
0.02450086921453476
0.02218053676187992
0.019761135801672935
0.01723598688840866
0.014619315043091774
0.01190353836864233
0.009095879271626472
0.006202859338372946
0.003292157081887126
0.001562244724482298
0.003084680764004588
0.005839546676725149
0.008493324741721153
0.011087460443377495
0.013603302650153637
0.01601594127714634
0.018328707665205002
0.02054736576974392
0.022659799084067345
0.0246947780251503
0.026625022292137146
0.02844318374991417
0.03012712486088276
0.03178085386753082
0.03326964005827904
0.03468460589647293
0.03600510209798813
0.03725947067141533
0.03834541514515877
0.03936564922332764
0.04029030725359917
0.04110889881849289
0.04182974249124527
0.04244908317923546
0.04296993091702461
0.04340408369898796
0.04371566325426102
0.043938048183918
0.04405774176120758
0.04408172518014908
0.044011205434799194
0.04382824897766113
0.0435403510928154
0.04317879304289818
0.042695291340351105
0.042121853679418564
0.04143092408776283
0.04065348580479622
0.03978995233774185
0.03880353644490242
0.03773706033825874
0.03656655550003052
0.035271719098091125
0.033897921442985535
0.0324372835457325
0.030845966190099716
0.029174476861953735
0.027391938492655754
0.025518421083688736
0.02355252206325531
0.021477635949850082
0.019315209239721298
0.0170381348580122
0.014659514650702477
0.012207329273223877
0.009639733470976353
0.0069899652153253555
0.004286369774490595
0.0017203106544911861
0.0020136868115514517
0.004636857192963362
0.007365704979747534
0.00999084860086441
0.012537134811282158
0.015002324245870113
0.01736132614314556
0.019620047882199287
0.021800272166728973
0.023837460204958916
0.025804491713643074
0.02767365612089634
0.0294639989733696
0.031105466187000275
0.03266988322138786
0.03413690626621246
0.03550421819090843
0.036787599325180054
0.03793904185295105
0.03901456296443939
0.03997284546494484
0.04084286838769913
0.04161163792014122
0.04229369014501572
0.042845796793699265
0.0433308444917202
0.043695226311683655
0.04397714510560036
0.0441264845430851
0.04419369623064995
0.044164951890707016
0.04403018578886986
0.04379959776997566
0.04347046837210655
0.04305170103907585
0.04251039773225784
0.041887860745191574
0.04114966839551926
0.040332287549972534
0.03939191624522209
0.038361988961696625
0.037232447415590286
0.03600548580288887
0.03468349203467369
0.033250924199819565
0.0317203588783741
0.030092798173427582
0.028369491919875145
0.02654430828988552
0.024613309651613235
0.022587301209568977
0.020478548482060432
0.018238835036754608
0.015926459804177284
0.0135045126080513
0.010987840592861176
0.008385471999645233
0.005706167314201593
0.0030113437678664923
0.0018406456802040339
0.0032687687780708075
0.005979550536721945
0.008667313493788242
0.011269699782133102
0.013769266195595264
0.0161907821893692
0.018521811813116074
0.020756587386131287
0.02288711443543434
0.0248933844268322
0.026821987703442574
0.028641508892178535
0.03038981184363365
0.03199826925992966
0.033532194793224335
0.03496384620666504
0.03630536049604416
0.03751986846327782
0.03865203261375427
0.03968160226941109
0.040603138506412506
0.041504450142383575
0.042234424501657486
0.04279831424355507
0.043333034962415695
0.043766334652900696
0.0440976582467556
0.04432488977909088
0.04449554532766342
0.04448631778359413
0.044480081647634506
0.0442536287009716
0.04399518668651581
0.043613750487565994
0.04314432665705681
0.042578160762786865
0.041970256716012955
0.04114402085542679
0.040311362594366074
0.03931495174765587
0.03824929893016815
0.03711263835430145
0.03581695631146431
0.03444789722561836
0.03298153728246689
0.031420473009347916
0.029757212847471237
0.027990933507680893
0.026124872267246246
0.02416181191802025
0.02210375852882862
0.019938770681619644
0.017681080847978592
0.01532625500112772
0.012874552980065346
0.010329476557672024
0.007692130748182535
0.0049934713169932365
0.0023718939628452063
0.0015975566348060966
0.004046275746077299
0.006724043283611536
0.0093903923407197
0.011969456449151039
0.014457977376878262
0.01684952899813652
0.019141362980008125
0.02134104073047638
0.023438379168510437
0.025437844917178154
0.02733808569610119
0.029138438403606415
0.03083784319460392
0.032439906150102615
0.0339493528008461
0.03534949943423271
0.03669258579611778
0.03786233812570572
0.03896265849471092
0.039959367364645004
0.04086526483297348
0.04167201742529869
0.04237651452422142
0.04297860711812973
0.043482545763254166
0.04390119016170502
0.04419071227312088
0.04439876601099968
0.044505491852760315
0.04451664909720421
0.04441678896546364
0.04422400891780853
0.043928731232881546
0.04353344440460205
0.043038662523031235
0.04245240241289139
0.04175030440092087
0.04095936566591263
0.04006737470626831
0.03907470777630806
0.037980906665325165
0.03679128363728523
0.03553619608283043
0.03410278633236885
0.032613277435302734
0.031022384762763977
0.02934717759490013
0.02754412777721882
0.0256557185202837
0.023667549714446068
0.021573081612586975
0.01939467526972294
0.017108377069234848
0.014720815233886242
0.012247775681316853
0.009672144427895546
0.007021756377071142
0.004313337616622448
0.0017738343449309468
0.0021360721439123154
0.004725032951682806
0.007428024895489216
0.010083761066198349
0.012652416713535786
0.015130294486880302
0.017504407092928886
0.01978783868253231
0.021974006667733192
0.02405635081231594
0.026039890944957733
0.02792515605688095
0.02971521206200123
0.03140721097588539
0.032990243285894394
0.0344976931810379
0.0358659029006958
0.0371585451066494
0.03838606923818588
0.03943270817399025
0.04042968899011612
0.04130940139293671
0.04210303723812103
0.0427921898663044
0.04339166358113289
0.04387964680790901
0.044270195066928864
0.04455303028225899
0.04474189877510071
0.044831886887550354
0.04482858255505562
0.044716473668813705
0.04454965144395828
0.04419928789138794
0.04378833621740341
0.04332423210144043
0.04267456382513046
0.04197745770215988
0.041162505745887756
0.040248919278383255
0.03928845003247261
0.038139160722494125
0.03693010285496712
0.03563372418284416
0.034227676689624786
0.032726313918828964
0.031105276197195053
0.029411228373646736
