0.00020163547014817595
0.000196930137462914
0.0001877470494946465
0.00017484775162301958
0.0001591489854035899
0.00014156360703054816
0.00012328228331170976
0.00010549397120485082
8.924266148824245e-05
7.521826046286151e-05
6.402433064067736e-05
5.608570791082457e-05
5.1424027333268896e-05
4.990357410861179e-05
5.0857655878644437e-05
5.3997533541405573e-05
5.863915430381894e-05
6.386425229720771e-05
6.921669410075992e-05
7.407788507407531e-05
7.783611363265663e-05
8.057773084146902e-05
8.199094008887187e-05
8.208098006434739e-05
8.132850780384615e-05
7.983284740475938e-05
7.807924703229219e-05
7.647960592294112e-05
7.540517253801227e-05
7.518437632825226e-05
7.595706847496331e-05
7.791761890985072e-05
8.084773435257375e-05
8.474000060232356e-05
8.936863741837442e-05
9.41679099923931e-05
9.909177606459707e-05
0.00010347295028623194
0.00010716443648561835
0.00010976333578582853
0.00011104824807262048
0.00011104157601948828
0.00010963133536279202
0.00010706175089580938
0.00010331612429581583
9.887948544928804e-05
9.403253352502361e-05
8.912469638744369e-05
8.450453606201336e-05
8.045605500228703e-05
7.733450911473483e-05
7.526348053943366e-05
7.432155689457431e-05
7.460889901267365e-05
7.590524910483509e-05
7.825407374184579e-05
8.136221731547266e-05
8.50176002131775e-05
8.873721526470035e-05
9.254848555428907e-05
9.589413821231574e-05
9.869901259662583e-05
0.00010066766844829544
0.00010160470992559567
0.00010156460484722629
0.0001004352088784799
9.828159090830013e-05
9.513361874269322e-05
9.124126518145204e-05
8.670544775668532e-05
8.192411041818559e-05
7.689961057621986e-05
7.190173346316442e-05
6.73784306854941e-05
6.332154589472339e-05
5.984349991194904e-05
5.7187829952454194e-05
5.548822082346305e-05
5.4593187087448314e-05
5.4640368034597486e-05
5.5464701290475205e-05
5.7111825299216434e-05
5.92971955484245e-05
6.203054363140836e-05
6.512271647807211e-05
6.827651668572798e-05
7.146971620386466e-05
7.450320845237002e-05
7.722934242337942e-05
7.95554369688034e-05
8.130040805554017e-05
8.248771337093785e-05
8.300304034492001e-05
8.288789831567556e-05
8.21622961666435e-05
8.064928988460451e-05
7.877170719439164e-05
7.637716771569103e-05
7.35950015950948e-05
7.05499915056862e-05
6.731436587870121e-05
6.40318903606385e-05
6.0808473790530115e-05
5.765770765719935e-05
5.4697673476766795e-05
5.214889824856073e-05
4.995603740098886e-05
4.808801531908102e-05
4.671370697906241e-05
4.577645813697018e-05
4.532351886155084e-05
4.522321978583932e-05
4.555658233584836e-05
4.6388853661483154e-05
4.7417332098120824e-05
4.8673373385099694e-05
5.0235259550390765e-05
5.1777471526293084e-05
5.354588574846275e-05
5.531206261366606e-05
5.690262696589343e-05
5.852610775036737e-05
6.001491055940278e-05
6.111931725172326e-05
6.229764403542504e-05
6.298525840975344e-05
6.349276372930035e-05
6.373756332322955e-05
6.36512486380525e-05
6.344416760839522e-05
6.292171747190878e-05
6.214891618583351e-05
6.111427501309663e-05
5.99461818637792e-05
5.8557514421408996e-05
5.718878674088046e-05
5.564936145674437e-05
5.4106236348161474e-05
5.242175393505022e-05
5.090884951641783e-05
4.9351096095051616e-05
4.7911387810017914e-05
4.6511173422914e-05
4.52388048870489e-05
4.408666427480057e-05
4.313305180403404e-05
4.22900338890031e-05
4.158309457125142e-05
4.10141255997587e-05
4.058114791405387e-05
4.0358958358410746e-05
4.023142173537053e-05
4.0210426959674805e-05
4.030381387565285e-05
4.051943324157037e-05
4.0804166928865016e-05
4.1171882912749425e-05
4.150797030888498e-05
4.190907930023968e-05
4.230997001286596e-05
4.274431921658106e-05
4.313692625146359e-05
4.3537387682590634e-05
4.3892330722883344e-05
4.4142936530988663e-05
4.436191375134513e-05
4.4513752072816715e-05
4.4521682866616175e-05
4.458285911823623e-05
4.441774945007637e-05
4.426434315973893e-05
4.4024334783898667e-05
4.377856384962797e-05
4.339314182288945e-05
4.300956061342731e-05
4.248048935551196e-05
4.1949504520744085e-05
4.14498608733993e-05
4.075951801496558e-05
4.016572347609326e-05
3.95423558074981e-05
3.8820526242488995e-05
3.8303427572827786e-05
3.764820939977653e-05
3.7075908039696515e-05
3.650318467407487e-05
3.5985332942800596e-05
3.5556149668991566e-05
3.507529618218541e-05
3.4688699088292196e-05
3.444966205279343e-05
3.416316758375615e-05
3.394538362044841e-05
3.386348907952197e-05
3.373048093635589e-05
3.365457087056711e-05
3.3694996091071516e-05
3.372400897205807e-05
3.388122422620654e-05
3.407043550396338e-05
