0.033103324472904205
0.033003296703100204
0.03280346840620041
0.03250334411859512
0.0321032889187336
0.03160330280661583
0.031003298237919807
0.030303284525871277
0.02950320951640606
0.028603460639715195
0.027603309601545334
0.026503466069698334
0.02530316449701786
0.02400323934853077
0.02260318398475647
0.02110321819782257
0.019503306597471237
0.017803240567445755
0.01600346714258194
0.01410322543233633
0.012103330343961716
0.01000349223613739
0.00780328456312418
0.005503201857209206
0.0031032676342874765
0.0006033892859704792
0.0020427044946700335
0.004542565904557705
0.0069424971006810665
0.009242614731192589
0.01144237071275711
0.013542174361646175
0.015542351640760899
0.017442073673009872
0.01924199052155018
0.02094193920493126
0.022542042657732964
0.024041851982474327
0.025442156940698624
0.02674170769751072
0.02794184535741806
0.029041672125458717
0.030041534453630447
0.03094174526631832
0.03174158185720444
0.032441843301057816
0.03304142504930496
0.03354158252477646
0.03394126147031784
0.034241363406181335
0.03444129601120949
0.034541260451078415
0.03454108536243439
0.03444136306643486
0.03424110263586044
0.03394090756773949
0.033541224896907806
0.033040858805179596
0.032440975308418274
0.0317407064139843
0.030941016972064972
0.030040930956602097
0.02904060296714306
0.027940716594457626
0.026740513741970062
0.025440486147999763
0.024040324613451958
0.022540371865034103
0.020940177142620087
0.019240301102399826
0.017440462484955788
0.0155402896925807
0.01354012917727232
0.011440111324191093
0.00924000982195139
0.0069399611093103886
0.004540034104138613
0.002040359890088439
0.0006160662742331624
0.003109307959675789
0.005512427072972059
0.007815634831786156
0.010019268840551376
0.012122610583901405
0.014126191847026348
0.016029607504606247
0.017833013087511063
0.019536534324288368
0.021139997988939285
0.0226434338837862
0.024046998471021652
0.025350460782647133
0.026554245501756668
0.027657493948936462
0.02866097167134285
0.029564596712589264
0.030367957428097725
0.031071525067090988
0.03167497739195824
0.0321786031126976
0.032582007348537445
0.032885611057281494
0.033089034259319305
0.033192552626132965
0.0331960991024971
0.033099640160799026
0.03290319815278053
0.03260662034153938
0.032210059463977814
0.03171370178461075
0.031117092818021774
0.030420774593949318
0.02962416596710682
0.02872774377465248
0.02773151360452175
0.026634862646460533
0.025438403710722923
0.02414185367524624
0.022745342925190926
0.021248849108815193
0.01965247094631195
0.017956050112843513
0.016159484162926674
0.014263213612139225
0.012266725301742554
0.01017019897699356
0.007973900996148586
0.005677496083080769
0.0032815008889883757
0.00078872952144593
0.0018587360391393304
0.00435335049405694
0.0067488751374185085
0.009045482613146305
0.011240447871387005
0.013337232172489166
0.01533235888928175
0.01722799614071846
0.01902383752167225
0.020719677209854126
0.022315487265586853
0.02381151355803013
0.025207435712218285
0.02650320529937744
0.02769908681511879
0.02879505045711994
0.029790962114930153
0.030686717480421066
0.031482744961977005
0.03217853978276253
0.03277454897761345
0.033270444720983505
0.03366634622216225
0.03396248072385788
0.0341581366956234
0.034254007041454315
0.03425002470612526
0.03414583578705788
0.033941809087991714
0.03363770991563797
0.03323381021618843
0.03272942081093788
0.03212529048323631
0.03142155334353447
0.03061721660196781
0.029713071882724762
0.02870897203683853
0.02760489284992218
0.026400882750749588
0.02509685978293419
0.023693852126598358
0.02218862809240818
0.020584523677825928
0.01888044737279415
0.01707650162279606
0.015172360464930534
0.013168558478355408
0.011064363643527031
0.008860355243086815
0.006556422915309668
0.004152724985033274
0.0016502807848155499
0.0010075712343677878
0.003507001791149378
0.005910838954150677
0.008215181529521942
0.010419731959700584
0.012524217367172241
0.014528833329677582
0.01643342897295952
0.018238136544823647
0.01994258537888527
0.021547261625528336
0.02305181324481964
0.02445652335882187
0.025761226192116737
0.026965884491801262
0.028070416301488876
0.02907520905137062
0.0299798846244812
0.030784307047724724
0.03148893639445305
0.0320935882627964
0.03259829804301262
0.03300303965806961
0.03330755978822708
0.03351246193051338
0.03361690416932106
0.03362156078219414
0.033526260405778885
0.033330898731946945
0.03303559869527817
0.03264027461409569
0.032144900411367416
0.03154951333999634
0.030854305252432823
0.030058961361646652
0.029163578525185585
0.028168320655822754
0.027073010802268982
0.02587760053575039
0.024582237005233765
0.023186996579170227
0.02169165201485157
0.020096449181437492
0.018401145935058594
0.016605816781520844
0.014710597693920135
0.012715287506580353
0.010620085522532463
0.008424850180745125
0.006129857152700424
0.0037350719794631004
0.0012429032940417528
0.0014058302622288465
0.0038977491203695536
0.006292455829679966
0.008587541989982128
0.010782763361930847
0.01287794578820467
0.014873374253511429
0.016768494620919228
0.018563847988843918
0.020259225741028786
0.021854693070054054
0.023349778726696968
0.02474517934024334
0.02604041062295437
0.0272357277572155
0.028331108391284943
0.029326431453227997
0.030221769586205482
0.031017189845442772
0.03171253949403763
0.03230784460902214
0.03280326724052429
0.03319855406880379
0.03349396213889122
0.03368930146098137
0.03378498926758766
0.03378008306026459
0.03367551416158676
0.033470842987298965
0.03316611424088478
0.03276149183511734
0.03225691616535187
0.0316522978246212
0.0309476125985384
0.03014301136136055
0.029238400980830193
0.028233857825398445
0.027129562571644783
0.0259245652705431
0.024619996547698975
0.023215409368276596
0.021710729226469994
0.020106198266148567
0.018401632085442543
0.016597183421254158
0.014692523516714573
0.01268795132637024
0.010583607479929924
0.008379136212170124
0.0060747847892344
0.003670794889330864
0.001169772818684578
0.001488409237936139
0.003989899531006813
0.006393765565007925
0.008697912096977234
0.0109022818505764
0.013006633147597313
0.015011063776910305
0.016915474086999893
0.018719978630542755
0.020424438640475273
0.022028960287570953
0.023533407598733902
0.024937888607382774
0.026242440566420555
0.027446921914815903
0.02855144627392292
0.029555924236774445
0.03046046383678913
0.03126492351293564
0.03196951374411583
0.03257396072149277
0.03307860344648361
0.0334831178188324
0.033787623047828674
0.03399210795760155
0.034096598625183105
0.03410116955637932
0.03400575742125511
0.03381011262536049
0.03351467847824097
0.03311923146247864
0.03262375667691231
0.03202828764915466
0.031332895159721375
0.030537396669387817
0.02964228019118309
0.028646545484662056
0.027551105245947838
0.026355573907494545
0.025060130283236504
0.02366470918059349
0.02216930128633976
0.020573997870087624
0.018878500908613205
0.01708337478339672
0.015187724493443966
0.013192341662943363
0.011097020469605923
0.008901738561689854
0.006606643553823233
0.004211662337183952
0.0017188477795571089
0.0009320775861851871
0.0034226402640342712
0.005818052217364311
0.00811384990811348
0.010309682227671146
0.012405787594616413
0.014401835389435291
0.0162979643791914
0.01809413731098175
0.019790207967162132
0.02138635143637657
0.02288251556456089
0.02427877113223076
0.025574926286935806
0.026771031320095062
0.027867209166288376
0.028863485902547836
0.029759546741843224
0.030555756762623787
0.03125203773379326
0.03184814006090164
0.03234430402517319
0.032740604132413864
0.033036742359399796
0.03323289379477501
0.03332916274666786
0.03332538530230522
0.033221535384655
0.03301781415939331
0.032714009284973145
0.032310113310813904
0.031806446611881256
0.031202567741274834
0.030498815700411797
0.02969498746097088
0.028791287913918495
0.027787664905190468
0.02668379805982113
0.025479959324002266
0.02417626604437828
0.022772395983338356
0.021268658339977264
0.01966492272913456
0.017961230129003525
0.016157427802681923
0.014253854751586914
0.012250101193785667
0.010146546177566051
0.007942905649542809
0.005639431066811085
0.0032366409432142973
0.0007402919582091272
0.0019188824808225036
0.004419485107064247
0.006821498274803162
0.009123709984123707
0.011326063424348831
0.013428513891994953
0.01543094590306282
0.01733342558145523
0.019135968759655952
0.020838415250182152
0.022440927103161812
0.023943528532981873
0.025345968082547188
0.0266486257314682
0.027851058170199394
0.028953615576028824
0.029956063255667686
0.030858715996146202
0.031661104410886765
0.03236381337046623
0.03296623006463051
0.03346888720989227
0.03387128934264183
0.034173883497714996
0.03437637537717819
0.034478988498449326
0.034481555223464966
0.03438412398099899
0.03418663144111633
0.03388923406600952
0.03349185734987259
0.03299432620406151
0.032396864145994186
0.03169943392276764
0.03090197779238224
0.03000462055206299
0.029007187113165855
0.0279097817838192
0.026712289080023766
0.025414926931262016
0.02401747554540634
0.022520065307617188
0.02092263288795948
0.019225385040044785
0.017427846789360046
0.01553056575357914
0.013533152639865875
0.01143609918653965
0.009238531813025475
0.006941638421267271
0.004544415511190891
0.002048754831776023
0.0006081382161937654
0.0030974990222603083
0.005497010424733162
0.007796776946634054
0.00999677274376154
0.012096882797777653
0.014097011648118496
0.0159971471875906
0.01779758557677269
0.019497474655508995
0.02109782211482525
0.022597968578338623
0.023998325690627098
0.025298431515693665
0.026498688384890556
0.027598876506090164
0.028599010780453682
0.02949935384094715
0.030299531295895576
0.03099982813000679
0.03159996494650841
0.03210028260946274
0.03250041976571083
0.03280076012015343
0.03300102800130844
0.03310121223330498
0.033101510256528854
0.03300176560878754
0.03280193731188774
0.03250231221318245
0.03210250288248062
0.031602710485458374
0.031002968549728394
0.03030339814722538
0.02950357273221016
0.028603946790099144
0.027604321017861366
0.02650437504053116
0.02530473843216896
0.02400500886142254
0.022605175152420998
0.021105468273162842
0.01950589381158352
0.017806226387619972
0.01600644364953041
0.01410672627389431
0.012107079848647118
0.010007670149207115
0.0078080627135932446
0.005508891306817532
0.003109828568994999
0.0006189954583533108
0.0020365926902741194
0.004532759543508291
0.0069302101619541645
0.009227936156094074
0.011425813660025597
0.013523711822926998
0.015521722845733166
0.017419345676898956
0.019217228516936302
0.020915133878588676
0.0225131344050169
0.024010948836803436
0.0254091564565897
0.026706773787736893
0.027905035763978958
0.029002629220485687
0.03000068850815296
0.030898556113243103
0.03169657289981842
0.032394666224718094
0.032992538064718246
0.03349028527736664
0.033888187259435654
0.03418613225221634
0.03438425436615944
0.034482233226299286
0.03447999432682991
0.0343780480325222
0.034176088869571686
0.033873867243528366
0.03347182646393776
0.032969798892736435
0.03236769884824753
0.031665802001953125
0.030863741412758827
0.02996182255446911
0.0289596039801836
0.02785772830247879
0.02665553241968155
0.025353586301207542
0.023951545357704163
0.02244950830936432
0.02084750309586525
0.019145410507917404
0.017343569546937943
0.015441601164638996
0.013439655303955078
0.011337662115693092
0.009135988540947437
0.006833849940448999
0.004432376008480787
0.0019321489380672574
0.0007255619275383651
0.0032221691217273474
0.005624535959213972
0.007927433587610722
0.01013056468218565
0.012233774177730083
0.014236809685826302
0.016140148043632507
0.017943207174539566
0.019646544009447098
0.021249666810035706
0.022753026336431503
0.024156197905540466
0.025459444150328636
0.026662662625312805
0.027765994891524315
0.028769422322511673
0.02967257797718048
0.0304759182035923
0.031179096549749374
0.03178231045603752
0.032285626977682114
0.03268881514668465
0.032992079854011536
0.03319554030895233
0.033298786729574203
0.033302001655101776
0.033205367624759674
0.03300850838422775
0.032711878418922424
0.032315101474523544
0.03181859478354454
0.031221838667988777
0.030525032430887222
0.029728436842560768
0.02883177436888218
0.027835039421916008
0.026738232001662254
0.025541700422763824
0.024244843050837517
0.022848423570394516
0.021351488307118416
0.019755074754357338
0.018058359622955322
0.016261467710137367
0.01436497364193201
0.012368381954729557
0.01027179230004549
0.008075283840298653
0.005778750404715538
0.003383068833500147
0.0008924180292524397
0.0017589670605957508
0.004252706188708544
0.006647879257798195
0.008943756110966206
0.011139173060655594
0.013234978541731834
0.015230651013553143
0.01712639257311821
0.018922409042716026
0.020618250593543053
0.022213945165276527
0.023709699511528015
0.02510560303926468
0.026401182636618614
0.027597054839134216
0.02869313396513462
0.029688840731978416
0.030584676191210747
0.031380392611026764
0.03207637369632721
0.03267211094498634
0.03316812217235565
0.03356402739882469
0.03385968506336212
0.03405549377202988
0.034151386469602585
0.03414732217788696
0.034043069928884506
0.03383895754814148
0.033534761518239975
0.03313073515892029
0.03262665495276451
0.03202240169048309
0.03131841495633125
0.030514098703861237
0.029610121622681618
0.028605861589312553
0.027501782402396202
0.026297658681869507
0.024993542581796646
0.023589473217725754
0.02208535559475422
0.020481321960687637
0.018777238205075264
0.016973301768302917
0.01506898645311594
0.013065190985798836
0.010961007326841354
0.008757091127336025
0.0064532035030424595
0.004049734678119421
0.0015482759336009622
0.0011118544498458505
0.003610532730817795
0.006014574319124222
0.008318767882883549
0.01052337046712637
0.01262800581753254
0.014632467180490494
0.016537247225642204
0.018341775983572006
0.020046519115567207
0.02165129780769348
0.023156030103564262
0.024560729041695595
0.025865323841571808
0.027070293202996254
0.028174880892038345
0.029179688543081284
0.030084243044257164
0.030888931825757027
0.031593821942806244
0.032198403030633926
0.03270318731665611
0.03310796618461609
0.03341265395283699
0.03361741453409195
0.03372238576412201
0.033727195113897324
0.03363177180290222
0.033436406403779984
0.03314145654439926
0.03274606540799141
0.03225068747997284
0.03165556862950325
0.030960477888584137
0.030165061354637146
0.029269736260175705
0.02827463485300541
0.027179405093193054
0.025984222069382668
0.02468905970454216
0.02329382300376892
0.02179860882461071
0.020203478634357452
0.01850839890539646
0.016713036224246025
0.014817871153354645
0.01282274629920721
0.010727779939770699
0.008532646112143993
0.0062378766015172005
0.003843556623905897
0.0013514888705685735
0.001298671355471015
0.003790176473557949
0.006184465251863003
0.008479633368551731
0.010674660094082355
0.012769795954227448
0.014764996245503426
0.016660373657941818
0.018455592915415764
0.020150862634181976
0.021746236830949783
0.02324155531823635
0.024636974558234215
0.02593230828642845
0.027127621695399284
0.028223028406500816
0.0292182806879282
0.03011365607380867
0.030909113585948944
0.031604573130607605
0.03219980001449585
0.032695189118385315
0.03309069573879242
0.033385828137397766
0.03358124941587448
0.03367658704519272
0.0336720310151577
0.03356727957725525
0.033362653106451035
0.033058103173971176
0.032653484493494034
0.032148800790309906
0.03154432028532028
0.03083965554833412
0.030035050585865974
0.029130462557077408
0.028125885874032974
0.027021292597055435
0.025816600769758224
0.024512145668268204
0.0231073796749115
0.021602898836135864
0.019998423755168915
0.01829371228814125
0.016489187255501747
0.01458467822521925
0.0125802056863904
0.010475761257112026
0.008271390572190285
0.005967108067125082
0.003563495585694909
0.001063998555764556
0.0015959590673446655
0.004097245167940855
0.006500594783574343
0.00880445446819067
0.01100853830575943
0.013112509623169899
0.015116838738322258
0.01702074147760868
0.018824953585863113
0.020529083907604218
0.022133488208055496
0.023637378588318825
0.025041593238711357
0.02634585276246071
0.027550002560019493
0.02865433320403099
0.029658421874046326
0.030562687665224075
0.03136686980724335
0.0320710763335228
0.032675404101610184
0.03317961096763611
0.033583711832761765
0.03388800099492073
0.03409223258495331
0.03419645130634308
0.03420092165470123
0.034105084836483
0.033909182995557785
0.0336134172976017
0.033217594027519226
0.03272193297743797
0.0321260541677475
0.031430456787347794
0.030634697526693344
0.029739083722233772
0.02874329313635826
0.027647586539387703
0.026451729238033295
0.025155970826745033
0.02376028522849083
0.02226458303630352
0.02066892758011818
0.01897314377129078
0.017177432775497437
0.015281807631254196
0.013286111876368523
0.011190568096935749
0.008995003066956997
0.006699755787849426
0.004304524045437574
0.00181124871596694
0.0008428063592873514
0.003331557149067521
0.005727664101868868
0.008024308830499649
0.010221133939921856
0.012318164110183716
0.01431499607861042
0.01621195673942566
0.018009018152952194
0.01970595307648182
0.02130313031375408
0.022800127044320107
0.024197157472372055
0.02549418807029724
0.026691284030675888
0.027788270264863968
0.02878541685640812
0.02968261018395424
0.030479544773697853
0.031176645308732986
0.031774286180734634
0.03227086365222931
0.03266788274049759
0.0329650416970253
0.03316204249858856
0.033259328454732895
0.03325634449720383
0.033153336495161057
0.03295053169131279
0.03264768049120903
0.032244641333818436
0.03174181282520294
0.031138911843299866
0.030435966327786446
0.029633164405822754
0.02873031422495842
0.027727331966161728
0.02662455290555954
0.025421801954507828
0.024118801578879356
0.022716015577316284
0.021213162690401077
0.019610373303294182
0.01790744625031948
0.016104653477668762
0.014202037826180458
0.012199104763567448
0.010096406564116478
0.007893703877925873
0.00559126865118742
0.003189501818269491
0.0006960114696994424
0.0019643683917820454
0.004463495220988989
0.006864068564027548
0.009165000170469284
0.011366117745637894
0.013467217795550823
0.015468524768948555
0.017370296642184258
0.019170895218849182
0.0208720825612545
0.02247326821088791
0.023974457755684853
0.02537577785551548
0.026677029207348824
0.027878371998667717
0.02897953987121582
0.029980812221765518
0.03088201954960823
0.0316833071410656
0.03238462656736374
0.032985758036375046
0.033487170934677124
0.03388848528265953
0.034189704805612564
0.03439109027385712
0.03449222445487976
0.03449353948235512
0.034394800662994385
0.034196093678474426
0.033897437155246735
0.033499449491500854
0.03299999609589577
0.032401200383901596
0.03170254826545715
0.03090391866862774
0.030005360022187233
0.0290064699947834
0.0279078371822834
0.02670920081436634
0.025410465896129608
0.024011734873056412
0.022513102740049362
0.02091456763446331
0.019215945154428482
0.0174173042178154
0.015518677420914173
0.013519985601305962
0.0114213265478611
0.009222816675901413
0.006924420595169067
0.004526323173195124
0.0020298194140195847
0.0006294724298641086
0.003119593719020486
0.005519861355423927
0.007820592261850834
0.010021566413342953
0.012122629210352898
0.014123779721558094
0.01602494716644287
0.017826102674007416
0.01952727511525154
0.021128511056303978
0.022629842162132263
0.024031080305576324
0.025332268327474594
0.026533376425504684
0.0276347566395998
0.028635820373892784
0.029537197202444077
0.030338510870933533
0.031039632856845856
0.031640976667404175
0.03214208409190178
0.0325433574616909
0.03284453600645065
0.03304601088166237
0.03314714878797531
0.03314840421080589
0.03304959461092949
0.03285101801156998
0.032552365213632584
0.03215346112847328
0.03165479004383087
0.031056176871061325
0.030357319861650467
0.02955862507224083
0.02865987829864025
0.027661189436912537
0.02656264789402485
0.025363780558109283
0.02406502515077591
0.02266642265021801
0.021167708560824394
0.019569171592593193
0.0178704671561718
0.01607184112071991
0.014173190109431744
0.012174504809081554
0.010076000355184078
0.007877381518483162
0.005579088814556599
0.0031816428527235985
0.0006925899651832879
0.0019636801443994045
0.0044586570002138615
0.006855153013020754
0.009152020327746868
0.01134873740375042
0.013445805758237839
0.01544259674847126
0.01733967289328575
0.019136620685458183
0.02083347924053669
0.02243056707084179
0.02392757311463356
0.025324758142232895
0.02662145532667637
0.027818579226732254
0.02891550213098526
0.02991255186498165
0.03080955147743225
0.03160664811730385
0.032303549349308014
0.032900769263505936
0.03339758142828941
0.033794812858104706
0.03409164026379585
0.03428870812058449
0.03438594192266464
0.03438274934887886
0.034279901534318924
0.03407708927989006
0.03377409279346466
0.033371053636074066
0.03286825865507126
0.032265063375234604
0.03156222030520439
0.030759233981370926
0.029856346547603607
0.028853407129645348
0.027750493958592415
