0.03300043195486069
0.03290044143795967
0.032700780779123306
0.032400790601968765
0.03200049325823784
0.03150046989321709
0.03090021386742592
0.03020048886537552
0.02940029464662075
0.028500709682703018
0.027500446885824203
0.026400702074170113
0.025200171396136284
0.023900214582681656
0.022500142455101013
0.021000467240810394
0.01940038427710533
0.017700398340821266
0.015900811180472374
0.014000271447002888
0.012000620365142822
0.009900892153382301
0.007700498681515455
0.005400408059358597
0.003000228200107813
0.0005076483357697725
0.002115698531270027
0.0046130516566336155
0.007014260161668062
0.009308984503149986
0.01150625292211771
0.013603933155536652
0.015602716244757175
0.017499767243862152
0.019297778606414795
0.0209957268089056
0.022594336420297623
0.02409183233976364
0.025490328669548035
0.02678738534450531
0.027986081317067146
0.02908356301486492
0.030081545934081078
0.030980270355939865
0.03177769482135773
0.03247601166367531
0.03307351842522621
0.03357207030057907
0.03396916761994362
0.03426767885684967
0.03446565940976143
0.03456362336874008
0.034561119973659515
0.03445983678102493
0.034256838262081146
0.033954918384552
0.03355354070663452
0.033050984144210815
0.032449666410684586
0.03174701705574989
0.030945342034101486
0.030044028535485268
0.02904096059501171
0.027939170598983765
0.02673700638115406
0.02543499507009983
0.024032697081565857
0.022530945017933846
0.02092868462204933
0.019227080047130585
0.017425497993826866
0.015523127280175686
0.0135211031883955
0.011419069021940231
0.009217367507517338
0.006915254984050989
0.004514023661613464
0.002014755504205823
0.0006715393392369151
0.0031458898447453976
0.005571814253926277
0.00790659710764885
0.010141531936824322
0.012279171496629715
0.014309657737612724
0.01624480076134205
0.01808593049645424
0.019814858213067055
0.021453576162457466
0.022987276315689087
0.024423332884907722
0.025756770744919777
0.02700822986662388
0.028124680742621422
0.029162608087062836
0.030094821006059647
0.030928747728466988
0.03166404366493225
0.03229904919862747
0.032836075872182846
0.03327130898833275
0.03360474854707718
0.033838700503110886
0.03397485986351967
0.034009162336587906
0.033945001661777496
0.03378136828541756
0.03351600468158722
0.033149853348731995
0.03268900141119957
0.03211898356676102
0.03145631402730942
0.030689379200339317
0.0298296045511961
0.028861859813332558
0.027794556692242622
0.02663164772093296
0.025364918634295464
0.02399987168610096
0.022534867748618126
0.020970098674297333
0.019309628754854202
0.017540471628308296
0.015676142647862434
0.01371156144887209
0.011646784842014313
0.009486446157097816
0.007218801416456699
0.004855318460613489
0.002399260178208351
0.006817975081503391
0.044083986431360245
0.08803219348192215
0.13189475238323212
0.1756531298160553
0.21930672228336334
0.26286205649375916
0.30632999539375305
0.3496783375740051
0.3929262161254883
0.43608373403549194
0.47914090752601624
0.5220996141433716
0.5649515986442566
0.6077184081077576
0.6503640413284302
0.6929214596748352
0.7353783249855042
0.777736246585846
0.8199883103370667
0.8621510863304138
0.9042043089866638
0.9461662173271179
0.9880192875862122
1.0297728776931763
1.0714452266693115
1.1129860877990723
1.1544469594955444
1.1957993507385254
1.2370518445968628
1.2782117128372192
1.3192743062973022
1.3602356910705566
1.401082992553711
1.4418370723724365
1.4825009107589722
1.5230631828308105
1.5635169744491577
1.6038628816604614
1.6441185474395752
1.6842796802520752
1.7243305444717407
1.7642854452133179
1.8043042421340942
1.8438968658447266
1.8835535049438477
1.9231154918670654
1.9625743627548218
2.001932382583618
2.041196823120117
2.0803489685058594
2.1193997859954834
2.158357620239258
2.197208881378174
2.235969066619873
2.274784564971924
2.313178777694702
2.3516321182250977
2.389991283416748
2.428251266479492
2.466403007507324
2.5044565200805664
2.5424160957336426
2.580277442932129
2.618028402328491
2.6556828022003174
2.6932382583618164
2.730700969696045
2.7680563926696777
2.805314064025879
2.8424599170684814
2.8795368671417236
2.9164915084838867
2.9533419609069824
2.990093469619751
3.0267558097839355
3.063307523727417
3.0997660160064697
3.136117935180664
3.1723787784576416
3.2085371017456055
3.2445828914642334
3.2805445194244385
3.3164024353027344
3.3521697521209717
3.387812376022339
3.423362970352173
3.4588255882263184
3.49418044090271
3.5294320583343506
3.5645899772644043
3.5996408462524414
3.634601593017578
3.669454336166382
3.704209566116333
3.738863945007324
3.7734344005584717
3.807889461517334
3.8422348499298096
3.8765084743499756
3.9106619358062744
3.9447200298309326
3.9786694049835205
4.01252555847168
4.046279430389404
4.0799360275268555
4.113498687744141
4.146955966949463
4.180312156677246
4.213562488555908
4.24672269821167
4.2797770500183105
4.3127360343933105
4.345595359802246
4.37835168838501
4.411007881164551
4.443562984466553
4.476016044616699
4.508367538452148
4.540632724761963
4.572781085968018
4.6048479080200195
4.636795520782471
4.668656349182129
4.7004075050354
4.732068061828613
4.76362419128418
4.795083522796631
4.826435089111328
4.857699394226074
4.888847351074219
4.9199042320251465
4.950851917266846
4.981707572937012
5.012473106384277
5.0431227684021
5.073685646057129
5.104136943817139
5.134485721588135
5.164745330810547
5.194902420043945
5.224976539611816
5.254922866821289
5.284771919250488
5.314536094665527
5.344194412231445
5.373745918273926
5.4032063484191895
5.432554244995117
5.461813926696777
5.490970134735107
5.520035266876221
5.548990726470947
5.577846050262451
5.6065993309021
5.635251045227051
5.663808345794678
5.692268371582031
5.720616340637207
5.748876094818115
5.777037143707275
5.8050923347473145
5.833214282989502
5.8609113693237305
5.88865852355957
5.916335105895996
5.943880558013916
5.971343040466309
5.998693943023682
6.025956153869629
6.053114414215088
6.080160617828369
6.107121467590332
6.133983135223389
6.160731315612793
6.187392711639404
6.213945388793945
6.240399360656738
6.26676082611084
6.293012619018555
6.319168567657471
6.345224857330322
6.371184349060059
6.397040367126465
6.422798156738281
6.448448181152344
6.4740095138549805
6.499478816986084
6.524825572967529
6.550077438354492
6.575224876403809
6.60029411315918
6.625241279602051
6.650092601776123
6.674856185913086
6.699507236480713
6.724066734313965
6.748520374298096
6.772889614105225
6.797135353088379
6.821293830871582
6.84534215927124
6.869296073913574
6.89315128326416
6.916916847229004
6.940576553344727
6.964130401611328
6.987579822540283
7.010922431945801
7.0341901779174805
7.057349681854248
7.080399036407471
7.103351593017578
7.126217842102051
7.1489691734313965
7.171638488769531
7.194178581237793
7.21664571762085
7.2389984130859375
7.261252403259277
7.283394813537598
7.305461406707764
7.327423572540283
7.349287986755371
7.37103796005249
7.392691135406494
7.41425085067749
7.435702800750732
7.457059860229492
7.47831392288208
7.499474048614502
7.520687580108643
7.54149055480957
7.56235933303833
7.583123683929443
7.603761672973633
7.624312877655029
7.644766807556152
7.665127277374268
7.685379505157471
7.705541133880615
7.725592613220215
7.7455573081970215
7.765402793884277
7.785181999206543
7.804846286773682
7.8243889808654785
7.843846321105957
7.863196849822998
7.8824615478515625
7.901605129241943
7.920662879943848
7.9396209716796875
7.958469867706299
7.977222442626953
7.995888710021973
8.014433860778809
8.0329008102417
8.051258087158203
8.069506645202637
8.087669372558594
8.105711936950684
8.123673439025879
8.14154052734375
8.159302711486816
8.17695426940918
8.194512367248535
8.211957931518555
8.229320526123047
8.246581077575684
8.26373291015625
8.280808448791504
8.297746658325195
8.31460952758789
8.3313627243042
8.348016738891602
8.364596366882324
8.381044387817383
8.397396087646484
8.413647651672363
8.42996597290039
8.44586181640625
8.461824417114258
8.47767162322998
8.493427276611328
8.50910472869873
8.524643898010254
8.540101051330566
8.555471420288086
8.570714950561523
8.585871696472168
8.601083755493164
8.615887641906738
8.630736351013184
8.645493507385254
8.660152435302734
8.67471981048584
8.689173698425293
8.703536033630371
8.71777629852295
8.731945991516113
8.74599838256836
8.759950637817383
8.773799896240234
8.787556648254395
8.80120849609375
8.814770698547363
8.828243255615234
8.841593742370605
8.854843139648438
8.86799430847168
8.88104248046875
8.894006729125977
8.90685749053955
8.919617652893066
8.93227481842041
8.944828033447266
8.957282066345215
8.969639778137207
8.981901168823242
8.994062423706055
9.006119728088379
9.01806926727295
9.029925346374512
9.041677474975586
9.053339958190918
9.064887046813965
9.076353073120117
9.087717056274414
9.098977088928223
9.11012077331543
9.121186256408691
9.132139205932617
9.142980575561523
9.15374755859375
9.16439437866211
9.174952507019043
9.18541431427002
9.195767402648926
9.206038475036621
9.216188430786133
9.226249694824219
9.236201286315918
9.246063232421875
9.255819320678711
9.265461921691895
9.2750244140625
9.284470558166504
9.29383373260498
9.303084373474121
9.312240600585938
9.321297645568848
9.330249786376953
9.339118003845215
9.347855567932129
9.356511116027832
9.36508560180664
9.373551368713379
9.381895065307617
9.390167236328125
9.398311614990234
9.40636920928955
9.414319038391113
9.422160148620605
9.429932594299316
9.437594413757324
9.445136070251465
9.452603340148926
9.4599609375
9.467217445373535
9.474370002746582
9.481428146362305
9.488383293151855
9.495227813720703
9.502002716064453
9.508647918701172
9.515215873718262
9.521668434143066
9.528040885925293
9.534285545349121
9.540597915649414
9.546493530273438
9.55245590209961
9.558326721191406
9.564069747924805
9.569724082946777
9.575267791748047
9.580728530883789
9.586087226867676
9.59135627746582
9.596500396728516
9.601545333862305
9.606505393981934
9.611369132995605
9.616135597229004
9.620777130126953
9.62533950805664
9.629786491394043
9.634297370910645
9.638383865356445
9.642549514770508
9.646605491638184
9.650569915771484
9.65440845489502
9.658170700073242
9.661832809448242
9.665373802185059
9.66884994506836
9.672188758850098
9.675453186035156
9.678624153137207
9.681666374206543
9.68462085723877
9.687490463256836
9.690240859985352
9.69289779663086
9.695452690124512
9.697916030883789
9.70026969909668
9.702533721923828
9.704693794250488
9.706742286682129
9.708714485168457
9.7105712890625
9.712312698364258
9.713960647583008
9.715516090393066
9.717119216918945
9.718327522277832
9.71959114074707
9.720751762390137
9.721803665161133
9.722753524780273
9.723613739013672
9.724370956420898
9.725028991699219
9.725577354431152
9.726027488708496
9.726394653320312
9.726649284362793
9.72680377960205
9.726861953735352
9.726815223693848
9.726677894592285
9.726431846618652
9.726081848144531
9.725643157958984
9.725105285644531
9.724456787109375
9.723726272583008
9.722869873046875
9.721927642822266
9.720879554748535
9.719745635986328
9.718494415283203
9.717150688171387
9.71570110321045
9.714163780212402
9.71252727508545
9.710794448852539
9.708949089050293
9.706997871398926
9.70494556427002
9.70280647277832
9.700567245483398
9.698221206665039
9.695777893066406
9.693241119384766
9.690577507019043
9.687832832336426
9.684989929199219
9.682048797607422
9.679014205932617
9.675859451293945
9.672613143920898
9.66927433013916
9.66583251953125
9.6622896194458
9.658647537231445
9.65489673614502
9.651063919067383
9.647113800048828
9.64306354522705
9.638924598693848
9.63469409942627
9.630350112915039
9.625909805297852
9.62136173248291
9.616718292236328
9.611980438232422
9.607131004333496
9.602185249328613
9.597142219543457
9.592008590698242
9.586753845214844
9.581416130065918
9.575970649719238
9.57043743133545
9.564784049987793
9.559051513671875
9.553202629089355
9.547270774841309
9.541214942932129
9.535061836242676
9.528829574584961
9.522476196289062
9.516030311584473
9.509493827819824
9.502852439880371
9.496099472045898
9.489273071289062
9.482307434082031
9.47527027130127
9.468135833740234
9.460883140563965
9.453536033630371
9.446091651916504
9.438553810119629
9.43091106414795
9.423161506652832
9.415315628051758
9.40738296508789
9.399334907531738
9.391190528869629
9.382941246032715
9.374603271484375
9.366168975830078
9.35760498046875
9.348963737487793
9.340226173400879
9.331399917602539
9.322439193725586
9.313387870788574
9.304248809814453
9.295004844665527
9.285653114318848
9.276225090026855
9.266674041748047
9.257055282592773
9.247296333312988
9.237457275390625
9.227521896362305
9.217459678649902
9.207320213317871
9.197075843811035
9.186736106872559
9.176285743713379
9.165753364562988
9.155101776123047
9.144349098205566
9.133520126342773
9.122577667236328
9.111687660217285
9.100381851196289
9.08914566040039
9.077800750732422
9.0663423538208
9.05480670928955
9.043169021606445
9.031421661376953
9.019576072692871
9.007648468017578
8.995600700378418
8.983448028564453
8.971208572387695
8.958864212036133
8.94642448425293
8.933868408203125
8.921391487121582
8.908480644226074
8.895646095275879
8.882696151733398
8.869819641113281
8.856518745422363
8.843278884887695
8.829930305480957
8.816487312316895
8.802935600280762
8.789284706115723
8.775550842285156
8.761707305908203
8.747771263122559
8.733729362487793
8.719572067260742
8.705341339111328
8.690999031066895
8.676555633544922
8.662009239196777
8.647357940673828
8.632614135742188
8.61777400970459
8.602826118469238
8.587787628173828
8.572639465332031
8.55739974975586
8.542065620422363
8.526606559753418
8.511086463928223
8.495424270629883
8.479676246643066
8.46384048461914
8.447890281677246
8.431848526000977
8.41569995880127
8.399455070495605
8.383115768432617
8.366683006286621
8.350125312805176
8.333471298217773
8.31674575805664
8.299903869628906
8.282953262329102
8.265914916992188
8.248759269714355
8.23151969909668
8.214170455932617
8.196722984313965
8.17918586730957
8.161540985107422
8.143795013427734
8.125941276550293
8.108000755310059
8.08996295928955
8.071818351745605
8.053569793701172
8.03523063659668
8.016778945922852
7.998238563537598
7.979592800140381
7.960853576660156
7.9420247077941895
7.923070907592773
7.904027938842773
7.884888648986816
7.865644931793213
7.846308708190918
7.8268632888793945
7.807312965393066
7.787676811218262
7.76792049407959
7.748074531555176
7.728129863739014
7.708085536956787
7.687942028045654
7.667699337005615
7.647359848022461
7.626920700073242
7.606377601623535
7.585741996765137
7.564992904663086
7.5441460609436035
7.523194313049316
7.502139568328857
7.48099946975708
7.459771633148193
7.43843412399292
7.416981220245361
7.39542818069458
7.373786926269531
7.352054595947266
7.330199241638184
7.308266639709473
7.286203861236572
7.2640604972839355
7.241836071014404
7.219480037689209
7.197042942047119
7.174488067626953
7.151856899261475
7.1291069984436035
7.106274127960205
7.083310604095459
7.060268878936768
7.0371317863464355
7.013886451721191
6.990540981292725
6.967109203338623
6.943574905395508
6.919920921325684
6.896170616149902
6.872489929199219
6.848384380340576
6.824342250823975
6.800198554992676
6.775956630706787
6.75162410736084
6.727175712585449
6.702627658843994
6.677981853485107
6.653233051300049
6.628403663635254
6.603456974029541
6.5784101486206055
6.553271770477295
6.5280442237854
6.502680778503418
6.477250576019287
6.451703071594238
6.426060676574707
6.400302410125732
6.374467849731445
6.3485331535339355
6.322479248046875
6.2963337898254395
6.270095348358154
6.243754863739014
6.2173027992248535
6.190764904022217
6.164116859436035
6.13738489151001
6.110539436340332
6.083582878112793
6.056555271148682
6.0293989181518555
6.0021653175354
5.974812984466553
5.947363376617432
5.919824600219727
5.892180442810059
5.864438056945801
5.836594104766846
5.808647632598877
5.78059720993042
5.752455711364746
5.724221706390381
5.6958770751953125
5.667415142059326
5.638875484466553
5.610241413116455
5.58149528503418
5.552656650543213
5.523708820343018
5.494661331176758
5.46552848815918
5.436272144317627
5.40693998336792
5.377501487731934
5.347946643829346
5.318294525146484
5.288557529449463
5.258708477020264
5.228764533996582
5.198721408843994
5.168575763702393
5.138328552246094
5.107990741729736
5.077554225921631
5.047008037567139
5.016359806060791
4.985612392425537
4.954767227172852
4.923995018005371
4.892797946929932
4.861639022827148
4.8304033279418945
4.799059867858887
4.767615795135498
4.7360734939575195
4.704435348510742
4.67268705368042
4.640849590301514
4.6088972091674805
4.577017784118652
4.5447211265563965
4.51246976852417
4.480126857757568
4.447678565979004
4.415140628814697
4.382496356964111
4.349756240844727
4.316911697387695
4.283965587615967
4.250926494598389
4.217776775360107
4.184532642364502
4.151185035705566
4.117741584777832
4.084198474884033
4.0505523681640625
4.016815185546875
3.982966423034668
3.9490251541137695
3.914994716644287
3.8808391094207764
3.846585512161255
3.8122408390045166
3.7778079509735107
3.743257761001587
3.708617687225342
3.6738715171813965
3.639028549194336
3.6040894985198975
3.5690433979034424
3.5338995456695557
3.498645305633545
3.46331524848938
3.4278738498687744
3.3923280239105225
3.356679916381836
3.3211007118225098
3.285098075866699
3.249154567718506
3.2131142616271973
3.176974296569824
3.1407246589660645
3.1043765544891357
3.068098545074463
3.0313968658447266
2.994748115539551
2.958009958267212
2.9211585521698
2.88421630859375
2.8471736907958984
2.810025930404663
2.7727882862091064
2.7354395389556885
2.698155641555786
2.6604511737823486
2.6228086948394775
2.5850579738616943
2.547222375869751
2.50927472114563
2.471229076385498
2.4330925941467285
2.394852876663208
2.3565030097961426
2.3180627822875977
2.2795164585113525
2.2408766746520996
2.2021427154541016
2.163287878036499
2.1243503093719482
2.0852999687194824
2.0461509227752686
2.006910800933838
1.9675709009170532
1.9281234741210938
1.8885828256607056
1.8489304780960083
1.8091914653778076
1.769348382949829
1.7294062376022339
1.689367651939392
1.6492199897766113
1.6089872121810913
1.5686317682266235
1.5281933546066284
1.4876458644866943
1.446998953819275
1.4062577486038208
1.3654110431671143
1.3244653940200806
1.2834235429763794
1.2422820329666138
1.2010418176651
1.1596956253051758
1.118249773979187
1.0767122507095337
1.0350669622421265
0.9933174252510071
0.9514726400375366
0.9095340967178345
0.8674859404563904
0.8253448009490967
0.7831043601036072
0.7407596707344055
0.6983122229576111
0.6557700634002686
0.6131274700164795
0.5703842043876648
