0.03299826383590698
0.03289824724197388
0.03269887715578079
0.032398518174886703
0.031998127698898315
0.03149813413619995
0.030898235738277435
0.03019837662577629
0.029398052021861076
0.028498822823166847
0.027498159557580948
0.026398759335279465
0.02519795671105385
0.023897938430309296
0.022498050704598427
0.020998168736696243
0.01939830742776394
0.01769792102277279
0.015898818150162697
0.013998272828757763
0.011998391710221767
0.009898709133267403
0.00769843440502882
0.005398211535066366
0.0029981471598148346
0.0005121628055348992
0.0021053235977888107
0.004600450862199068
0.007012142334133387
0.009295462630689144
0.01149083487689495
0.013587531633675098
0.015585420653223991
0.017481524497270584
0.01927877590060234
0.020975839346647263
0.022573448717594147
0.02407042309641838
0.025469034910202026
0.026763809844851494
0.027961604297161102
0.029058394953608513
0.030055740848183632
0.030953524634242058
0.0317501462996006
0.03244801610708237
0.03304406628012657
0.03354186192154884
0.03393781930208206
0.034235380589962006
0.03443251550197601
0.03452963009476662
0.03452613949775696
0.034424323588609695
0.034220315515995026
0.03391767293214798
0.033515896648168564
0.03301220387220383
0.03240996226668358
0.03170624375343323
0.03090428188443184
0.03000176139175892
0.02899783104658127
0.027895603328943253
0.026692181825637817
0.02538953348994255
0.02398623712360859
0.022483844310045242
0.02088063955307007
0.019178008660674095
0.01737581565976143
0.015472885221242905
0.013469923287630081
0.011367300525307655
0.009164991788566113
0.0068622794933617115
0.004461332224309444
0.001965535106137395
0.0007682604482397437
0.0032285600900650024
0.0056707607582211494
0.008036971092224121
0.010302286595106125
0.012479320168495178
0.014531781896948814
0.016497736796736717
0.018380293622612953
0.020131396129727364
0.021809376776218414
0.023370567709207535
0.02484138123691082
0.026201937347650528
0.027511516585946083
0.028628600761294365
0.029703741893172264
0.030661463737487793
0.031526073813438416
0.032292548567056656
0.03295976296067238
0.03353065997362137
0.033997975289821625
0.0343593992292881
0.03462418541312218
0.03479244187474251
0.034857142716646194
0.03482567146420479
0.0346953459084034
0.03446149453520775
0.03412486985325813
0.03370237350463867
0.03315567970275879
0.03252724930644035
0.03178931772708893
0.0309678353369236
0.03002769872546196
0.028987988829612732
0.027859648689627647
0.026619847863912582
0.02528809756040573
0.02385483682155609
0.02232138067483902
0.020697910338640213
0.01895519532263279
0.017122410237789154
0.015189279802143574
0.013156503438949585
0.011033558286726475
0.008792504668235779
0.006461375392973423
0.0040375650860369205
0.0015432998770847917
0.0012669414281845093
0.0037105244118720293
0.00634754728525877
0.008494983427226543
0.010881059803068638
0.012927191331982613
0.014953745529055595
0.016903232783079147
0.018757009878754616
0.020511016249656677
0.02216576226055622
0.023721881210803986
0.025176212191581726
0.026532193645834923
0.027786577120423317
0.028942221775650978
0.029996102675795555
0.030952084809541702
0.03180743753910065
0.03256453573703766
0.03321908786892891
0.033775944262742996
0.03424607962369919
0.03458583354949951
0.034841399639844894
0.03499791398644447
0.03505536913871765
0.035010963678359985
0.03486603498458862
0.0346360057592392
0.034280091524124146
0.033834394067525864
0.033303871750831604
0.03264789655804634
0.03190435841679573
0.031060107052326202
0.03011869639158249
0.029073433950543404
0.02793118730187416
0.026719221845269203
0.025343893095850945
0.0239010788500309
0.02236255072057247
0.02071666158735752
0.018979163840413094
0.017137644812464714
0.015195767395198345
0.013153680600225925
0.011018159799277782
0.008778048679232597
0.006450462620705366
0.00404634652659297
0.0015786216827109456
0.0016742702573537827
0.003863636637106538
0.006401514634490013
0.00886207353323698
0.011230780743062496
0.013510852120816708
0.015671448782086372
0.017746640369296074
0.019716881215572357
0.021600550040602684
0.023370034992694855
0.02505182847380638
0.026604503393173218
0.02808927185833454
0.029472464695572853
0.030746035277843475
0.03189428150653839
0.03299083933234215
0.03394568711519241
0.03482162207365036
0.03559273108839989
0.03626524657011032
0.0368630550801754
0.03731352463364601
0.03768520802259445
0.03798192739486694
0.03814731165766716
0.0382157638669014
0.0381912887096405
0.0380631648004055
0.037857942283153534
0.037531111389398575
0.03708263859152794
0.036561086773872375
0.03594735264778137
0.035221926867961884
0.03438293933868408
0.03346142917871475
0.03244585171341896
0.03130580112338066
0.03008509799838066
0.0287637896835804
0.027346936985850334
0.025829432532191277
0.02419179677963257
0.02246343158185482
0.020639147609472275
0.01871606893837452
0.01681213639676571
0.014570173807442188
0.012350915931165218
0.010147013701498508
0.007618263363838196
0.005112618673592806
0.0025379059370607138
0.0011262462940067053
0.00305190565995872
0.005296346731483936
0.007601255550980568
0.009829523973166943
0.012000196613371372
0.014003267511725426
0.01594211906194687
0.017770817503333092
0.019559457898139954
0.021376946941018105
0.02269897051155567
0.024138985201716423
0.025467034429311752
0.026732187718153
0.0278554055839777
0.02888745814561844
0.029836250469088554
0.03069183975458145
0.03143210709095001
0.032064639031887054
0.03258833289146423
0.03302841633558273
0.03337007015943527
0.03373685106635094
0.03375435620546341
0.03381219878792763
0.033736035227775574
0.03358878195285797
0.033321283757686615
0.03297337517142296
0.03251196816563606
0.03196406736969948
0.031295474618673325
0.030533621087670326
0.029673835262656212
0.028726190328598022
0.027676938101649284
0.026606261730194092
0.025253938511013985
0.023907290771603584
0.022445883601903915
0.020936794579029083
0.01925692893564701
0.017472466453909874
0.015620910562574863
0.013665897771716118
0.0116786053404212
0.009471754543483257
0.007232199423015118
0.004908167291432619
0.002585087437182665
0.001044012838974595
0.0028696549125015736
0.005166016519069672
0.0074796415865421295
0.009665264748036861
0.011748687364161015
0.013768630102276802
0.015685683116316795
0.017508022487163544
0.01922919787466526
0.020858336240053177
0.022375954315066338
0.023798884823918343
0.025132253766059875
0.02634669840335846
0.027478642761707306
0.02852182649075985
0.029447156935930252
0.030292153358459473
0.030974021181464195
0.031599562615156174
0.03212640434503555
0.03257644921541214
0.03291691467165947
0.03310598433017731
0.03326908126473427
0.03326829522848129
0.0332220233976841
0.0330255925655365
0.03288280963897705
0.0324072502553463
0.03190995380282402
0.031331367790699005
0.030662760138511658
0.030017931014299393
0.029145263135433197
0.02805740013718605
0.026985401287674904
0.025811946019530296
0.024573596194386482
0.02318735606968403
0.021709658205509186
0.020142538473010063
0.01847231574356556
0.01671530120074749
0.014845313504338264
0.012885513715445995
0.01082625426352024
0.008685164153575897
0.0065056937746703625
0.004220163449645042
0.0019433917477726936
0.0024981233291327953
0.003750346601009369
0.005671822465956211
0.007717660162597895
0.009718666784465313
0.011575228534638882
0.013299926184117794
0.015026568435132504
0.01664055697619915
0.018086431547999382
0.019484754651784897
0.020838715136051178
0.0219741053879261
0.023079685866832733
0.024125099182128906
0.024969788268208504
0.02578168921172619
0.026527777314186096
0.02711007185280323
0.027582461014389992
0.028007054701447487
0.028285488486289978
0.028490372002124786
0.028661563992500305
0.028639284893870354
0.02850983664393425
0.028376242145895958
0.028025398030877113
0.027627190575003624
0.027133774012327194
0.026574840769171715
0.025865895673632622
0.02505604363977909
0.024160286411643028
0.023189961910247803
0.022087685763835907
0.02090626023709774
0.019611576572060585
0.018253691494464874
0.016742462292313576
0.015170369297266006
0.013485473580658436
0.011722537688910961
0.00983307883143425
0.007915875874459743
0.005859155207872391
0.0037782590370625257
0.001881777192465961
0.002432632725685835
0.00381786422803998
0.00569608248770237
0.007738471031188965
0.009700916707515717
0.011607141233980656
0.013361047022044659
0.015061619691550732
0.01664755865931511
0.01814277097582817
0.01955011673271656
0.02084367908537388
0.02206539735198021
0.02315240539610386
0.024197500199079514
0.025065036490559578
0.025884265080094337
0.026569519191980362
0.0271989107131958
0.027704333886504173
0.028116222470998764
0.028413863852620125
0.028625089675188065
0.028739215806126595
0.028748219832777977
0.028668008744716644
0.028554517775774002
0.0281875841319561
0.027801314368844032
0.027373308315873146
0.0267393309623003
0.02605355530977249
0.025286341086030006
0.024380192160606384
0.023411398753523827
0.022340860217809677
0.021149031817913055
0.019865499809384346
0.01849847286939621
0.017033053562045097
0.015460992231965065
0.01378478854894638
0.012027215212583542
0.010176306590437889
0.008233243599534035
0.006215848494321108
0.004186322446912527
0.002368082758039236
0.0019979579374194145
0.004146310035139322
0.005412931088358164
0.007524617947638035
0.009588009677827358
0.01163927000015974
0.013468188233673573
0.015288515947759151
0.017008526250720024
0.018622227013111115
0.02014605887234211
0.02158225141465664
0.022913886234164238
0.024162212386727333
0.025378452613949776
0.026362918317317963
0.027240697294473648
0.028227347880601883
0.02883167378604412
0.029456323012709618
0.03000178560614586
0.030430220067501068
0.030776243656873703
0.031020810827612877
0.031153300777077675
0.03122645430266857
0.031139913946390152
0.031022915616631508
0.03072676807641983
0.030411913990974426
0.02992212399840355
0.02937634289264679
0.02873052842915058
0.027966177091002464
0.02711416222155094
0.026176700368523598
0.02529805712401867
0.023998834192752838
0.022736039012670517
0.021381152793765068
0.01994730345904827
0.018409488722682
0.016756199300289154
0.015067451633512974
0.013212323188781738
0.011283615604043007
0.009287390857934952
0.007212270982563496
0.005144433118402958
0.0031045153737068176
0.002198133384808898
0.0032300171442329884
0.005097878631204367
0.007175545208156109
0.00924490112811327
0.011319547891616821
0.013250873424112797
0.015105598606169224
0.01688818447291851
0.01858988031744957
0.02034640498459339
0.021626627072691917
0.02302442491054535
0.024298813194036484
0.02548924833536148
0.026613131165504456
0.027574125677347183
0.028537103906273842
0.029316026717424393
0.030027497559785843
0.03056265041232109
0.031058184802532196
0.031459759920835495
0.03177317976951599
0.0320172943174839
0.032050181180238724
0.03206643834710121
0.032007746398448944
0.03175897151231766
0.03146548569202423
0.03106558509171009
0.03058570995926857
0.030010169371962547
0.0292886421084404
0.02850264124572277
0.027611790224909782
0.026626838371157646
0.025545058771967888
0.024343596771359444
0.023059161379933357
0.021676313132047653
0.020200686529278755
0.018612895160913467
0.01694871485233307
0.015164419077336788
0.013318559154868126
0.011367656290531158
0.009334142319858074
0.007220704574137926
0.0051025813445448875
0.0031085319351404905
0.0021192117128521204
0.0034617416094988585
0.005237339995801449
0.007377940695732832
0.009474851191043854
0.0115190539509058
0.013474123552441597
0.015349761582911015
0.01713230274617672
0.018822044134140015
0.020401276648044586
0.02189316414296627
0.023293258622288704
0.02458973228931427
0.025778256356716156
0.0268909502774477
0.027899347245693207
0.028785409405827522
0.029583057388663292
0.03029716946184635
0.030912846326828003
0.03141176328063011
0.031826138496398926
0.03212063014507294
0.03234143182635307
0.03244052082300186
0.03243935853242874
0.03235277161002159
0.03216026350855827
0.03187234699726105
0.031500350683927536
0.031095901504158974
0.030413003638386726
0.029744043946266174
0.0289459265768528
0.028063040226697922
0.02709248661994934
0.026004455983638763
0.024837560951709747
0.02354898676276207
0.022176481783390045
0.020712262019515038
0.019143523648381233
0.01747027225792408
0.01570954918861389
0.013856043107807636
0.01192076038569212
0.009888148866593838
0.007796994410455227
0.005666612181812525
0.0036063853185623884
0.0022351290099322796
0.003170555690303445
0.0048127807676792145
0.006993117742240429
0.009157709777355194
0.011345235630869865
0.013311469927430153
0.01526600681245327
0.017130833119153976
0.018883302807807922
0.02056334726512432
0.022130444645881653
0.02361261285841465
0.02498455159366131
0.026267096400260925
0.02746405266225338
0.028532151132822037
0.02950911968946457
0.030401842668652534
0.031182056292891502
0.031882382929325104
0.032451920211315155
0.032951295375823975
0.033332452178001404
0.033631764352321625
0.033814650028944016
0.03391507267951965
0.03391958028078079
0.033816635608673096
0.03360053524374962
0.0332828052341938
0.03289858251810074
0.03237888216972351
0.031778886914253235
0.031078891828656197
0.0302785262465477
0.02937331795692444
0.028378507122397423
0.027285384014248848
0.026085248216986656
0.02481350302696228
0.023415708914399147
0.021910864859819412
0.020328085869550705
0.018643058836460114
0.01686711050570011
0.014988168142735958
0.013032110407948494
0.010979164391756058
0.0088857626542449
0.006677604280412197
0.004516014829277992
0.0026914316695183516
0.006657863035798073
0.0052965194918215275
0.009174649603664875
0.0131089948117733
0.016981380060315132
0.020779233425855637
0.02449135296046734
0.028105488047003746
0.031628258526325226
0.03505157306790352
0.03837157413363457
0.041599299758672714
0.0447283610701561
0.04775577783584595
0.05068294331431389
0.053518153727054596
0.05624546483159065
0.05888320505619049
0.06141113489866257
0.06385054439306259
0.06630419939756393
0.06845907866954803
0.07062965631484985
0.07258061319589615
0.07451463490724564
0.07634638249874115
0.07808477431535721
0.07971776276826859
0.08125593513250351
0.08268801867961884
0.0840248316526413
0.08525995910167694
0.08640345931053162
0.08743218332529068
0.08836110681295395
0.08933395147323608
0.08994040638208389
0.09057925641536713
0.09110521525144577
0.09155663847923279
0.09188185632228851
0.0921226292848587
0.09225460886955261
0.09229683130979538
0.09222903102636337
0.09206781536340714
0.09180469810962677
0.09145280718803406
0.090977244079113
0.09055563062429428
0.08975949138402939
0.08899242430925369
0.08816005289554596
0.08717222511768341
0.08610404282808304
0.0849488377571106
0.0838254988193512
0.08232272416353226
0.0808589905500412
0.07930433750152588
0.077643483877182
0.07588329911231995
0.07403235882520676
0.072062648832798
0.07000322639942169
0.06784073263406754
0.06558407098054886
0.06323079019784927
0.0608203262090683
0.05820875242352486
0.055562421679496765
0.052796363830566406
0.04993496835231781
0.046980664134025574
0.04392983764410019
0.04077101871371269
0.03752028942108154
0.034181833267211914
0.030720993876457214
0.027283037081360817
0.02369692735373974
0.019807584583759308
0.015978943556547165
0.01209036260843277
0.008141333237290382
0.004323103930801153
0.0027342624962329865
0.005355089902877808
0.009391293860971928
0.013482844457030296
0.017506157979369164
0.021474292501807213
0.02533215656876564
0.029069267213344574
0.03273579105734825
0.03631896898150444
0.0397828035056591
0.04315265268087387
0.04642702639102936
0.049606435000896454
0.05273231118917465
0.05565831810235977
0.058532651513814926
0.06131456792354584
0.0639900341629982
0.06657475233078003
0.06905088573694229
0.0714302510023117
0.07371337711811066
0.075886569917202
0.07798067480325699
0.08004617691040039
0.08182764053344727
0.08361345529556274
0.0853889063000679
0.08687536418437958
0.08836749941110611
0.08973674476146698
0.09101399779319763
0.09219728410243988
0.09329390525817871
0.09426414966583252
0.09514343738555908
0.09592936933040619
0.0966121181845665
0.09718901664018631
0.0976739451289177
0.09805477410554886
0.09834166616201401
0.09852788597345352
0.09860304743051529
0.098599374294281
0.09847372025251389
0.09825297445058823
0.09793538600206375
0.09751870483160019
0.09701709449291229
0.09653652459383011
0.09571261703968048
0.09485381841659546
0.09394179284572601
0.09292805939912796
0.09180979430675507
0.09058906137943268
0.08927274495363235
0.08785546571016312
0.08649448305368423
0.08472486585378647
0.08301873505115509
0.08120156824588776
0.0792844370007515
0.07728344202041626
0.07530646026134491
0.07298317551612854
0.07062958180904388
0.06821727752685547
0.06570639461278915
0.06308485567569733
0.060373708605766296
0.05757678300142288
0.0546574629843235
0.051641795784235
0.04852791875600815
0.045319847762584686
0.04200981557369232
0.0386103019118309
0.03509582206606865
0.03164996579289436
0.027793647721409798
0.024006208404898643
0.020108068361878395
0.016132857650518417
0.012189642526209354
0.007991908118128777
0.004052436910569668
0.0024920571595430374
0.00578756257891655
0.00983988307416439
0.013927879743278027
0.01794601045548916
0.021895993500947952
0.025738200172781944
0.02955077402293682
0.03315652534365654
0.036715228110551834
0.04018699750304222
0.04354863986372948
0.04681021720170975
0.04998309537768364
0.05304791405797005
0.05603305250406265
0.058901723474264145
0.06165829300880432
0.06437016278505325
0.06690211594104767
0.0693710595369339
0.07174595445394516
0.0740162804722786
0.07619117945432663
0.07826483249664307
0.08022765070199966
0.08210697025060654
0.08387520909309387
0.08554680645465851
0.08713608980178833
0.08859901130199432
0.08996924757957458
0.0912570133805275
0.09242254495620728
0.09352196007966995
0.09447039663791656
0.09534431993961334
0.0961095318198204
0.09680033475160599
0.09740033745765686
0.09784843772649765
0.098212331533432
0.09848464280366898
0.09865616261959076
0.09873983263969421
0.09872247278690338
0.09863574057817459
0.0983550176024437
0.09806594997644424
0.09760718792676926
0.09709066152572632
0.096458800137043
0.09573697298765182
0.0949123427271843
0.09398741275072098
0.09296448528766632
0.09199024736881256
0.09061362594366074
0.08929808437824249
0.08787260949611664
0.0863414853811264
0.08472215384244919
0.0829954743385315
0.08118388801813126
0.07925530523061752
0.07723625004291534
0.07510577887296677
0.07303571701049805
0.07056441158056259
0.06819229573011398
0.06561923027038574
0.06300435960292816
0.06027897819876671
0.05745604634284973
0.054547667503356934
0.05152221769094467
0.04839890077710152
0.04522101208567619
0.04187413677573204
0.03845106065273285
0.034941282123327255
0.03134147822856903
0.027620652690529823
0.023817304521799088
0.019921179860830307
0.015940828248858452
0.011877212673425674
0.0077848429791629314
0.003880875650793314
0.002603726927191019
0.00599053967744112
0.010063196532428265
0.01413688249886036
0.018149888142943382
0.022191476076841354
0.025933779776096344
0.029683034867048264
0.03343424201011658
0.036921557039022446
0.0403505377471447
0.04371261969208717
0.04706506431102753
0.050131410360336304
0.05319377779960632
0.05615619570016861
0.059018541127443314
0.06178327649831772
0.0644443929195404
0.06700965762138367
0.0694771558046341
0.071836456656456
0.0741172805428505
0.07636502385139465
0.07843072712421417
0.08030635863542557
0.08217144757509232
0.08393579721450806
0.08559876680374146
0.08717259764671326
0.08864783495664597
0.09001503139734268
0.09127099812030792
0.09246855229139328
0.09351180493831635
0.09447718411684036
0.09537122398614883
0.09610889106988907
0.09677261114120483
0.09734636545181274
0.09781671315431595
0.09817712008953094
0.09844688326120377
0.09861783683300018
0.09868445247411728
0.09866621345281601
0.0985298901796341
0.09842734038829803
0.0980515107512474
0.09752629697322845
0.09699627757072449
0.09636417031288147
0.09572765976190567
0.09480664879083633
0.09387408196926117
0.09285175055265427
0.09171709418296814
0.0904889926314354
0.08915723860263824
0.08773819357156754
0.08619937300682068
0.08456975221633911
0.08284005522727966
0.08100765943527222
0.07908670604228973
0.07706176489591599
0.07496156543493271
0.07269598543643951
0.07036995887756348
0.0679699257016182
0.06544248014688492
0.0627833753824234
0.060057759284973145
0.057236991822719574
0.05430813506245613
0.05127847567200661
0.04815934970974922
0.04493081942200661
0.04161619767546654
0.03819309175014496
0.03466864675283432
0.031055444851517677
0.027341680601239204
0.023540277034044266
0.01963299885392189
0.01564747840166092
0.011585718020796776
0.007526617497205734
0.0036646623630076647
0.003203992499038577
0.006310886703431606
0.010432619601488113
