[-0.9013102650642395, 0.433174192905426];14
[-0.8502365946769714, 0.5264006853103638];14
[0.2239389419555664, -0.9746031761169434];22
[0.18312430381774902, -0.9830897450447083];22
[-0.9982382655143738, -0.059334225952625275];17
[-0.9975643157958984, -0.069752998650074];17
[-0.7817452549934387, -0.6235978603363037];6
[-0.8937605619430542, -0.44854435324668884];6
[-0.9737777709960938, -0.2275015413761139];38
[-0.9864630699157715, -0.16398338973522186];38
[0.7845533490180969, -0.6200612783432007];8
[0.7250574231147766, -0.6886883974075317];8
[-0.896037220954895, 0.443978875875473];16
[-0.9235334992408752, 0.3835178017616272];16
[0.7713258266448975, -0.6364405155181885];19
[0.7592705488204956, -0.6507750153541565];19
[-0.15695887804031372, -0.9876051545143127];37
[0.21043597161769867, -0.9776076674461365];37
[-0.9405869841575623, 0.33955302834510803];18
[-0.8732818961143494, 0.4872152507305145];18
[-0.9938784241676331, 0.1104792132973671];5
[-0.9999716281890869, 0.007534828968346119];5
[-0.8220874071121216, -0.5693612694740295];35
[-0.8139438033103943, -0.5809436440467834];35
[-0.959965705871582, -0.28011760115623474];2
[-0.9833126068115234, -0.18192416429519653];2
[-0.9777501225471497, 0.20977292954921722];28
[-0.962893009185791, 0.2698834240436554];28
[-0.8983348608016968, 0.4393112361431122];39
[-0.86809903383255, 0.49639102816581726];39
[-0.2521577775478363, -0.9676861763000488];31
[-0.4937795102596283, -0.8695871233940125];31
[-0.5571549534797668, -0.8304085731506348];10
[-0.42844724655151367, -0.9035667777061462];10
[0.8041889667510986, -0.5943737626075745];9
[0.8541039228439331, -0.5201023817062378];9
[-0.9007341265678406, -0.43437084555625916];43
[-0.9627941846847534, -0.27023595571517944];43
[-0.9832757115364075, 0.1821233183145523];7
[-0.9706109166145325, 0.24065425992012024];7
[-0.7131639122962952, -0.7009973526000977];32
[-0.8469296097755432, -0.5317050218582153];32
[0.7998164892196655, -0.6002445220947266];44
[0.7269665598869324, -0.6866728663444519];44
[0.868683397769928, -0.4953676760196686];41
[0.8622185587882996, -0.5065364241600037];41
[-0.9378638863563538, 0.3470032513141632];42
[-0.9637398719787598, 0.2668434679508209];42
[0.22797399759292603, -0.9736672639846802];21
[0.07022503018379211, -0.9975311756134033];21
[-0.11678802222013474, -0.993156909942627];12
[-0.03397516533732414, -0.9994226694107056];12
[-0.8961721062660217, 0.4437067210674286];30
[-0.9273005723953247, 0.3743174970149994];30
[-0.9609954953193665, 0.2765640616416931];11
[-0.9731769561767578, 0.23005793988704681];11
[-0.31432396173477173, -0.9493158459663391];26
[-0.45150837302207947, -0.8922668099403381];26
[-0.9960243105888367, 0.08908166736364365];25
[-0.9943789839744568, 0.10587891936302185];25
[-0.9649063944816589, 0.26259419322013855];23
[-0.9890773892402649, 0.1473970264196396];23
[-0.3920615017414093, -0.9199389815330505];20
[-0.31171104311943054, -0.9501769542694092];20
[-0.9182547330856323, -0.3959900736808777];45
[-0.9486287236213684, -0.31639158725738525];45
[0.7390699982643127, -0.673628568649292];1
[0.7689305543899536, -0.6393322944641113];1
[0.18206284940242767, -0.9832869172096252];27
[0.2890145778656006, -0.9573246836662292];27
[0.8227419257164001, -0.5684149861335754];13
[0.9132834672927856, -0.40732479095458984];13
[0.7624264359474182, -0.6470749378204346];40
[0.6793563961982727, -0.7338085174560547];40
[-0.9202544689178467, 0.3913203775882721];3
[-0.9290794730186462, 0.36988013982772827];3
[-0.9390596747398376, 0.34375426173210144];24
[-0.8463953733444214, 0.5325551629066467];24
[-0.7084929943084717, -0.7057178616523743];29
[-0.7220556139945984, -0.6918351054191589];29
[0.4925173223018646, -0.8703026175498962];34
[0.4399814009666443, -0.8980069160461426];34
[-0.9320681691169739, 0.362282931804657];36
[-0.9606940150260925, 0.27760958671569824];36
[-0.9439571499824524, 0.3300679326057434];15
[-0.9307079911231995, 0.36576300859451294];15
[-0.7733608484268188, -0.6339661478996277];33
[-0.5976164937019348, -0.8017821311950684];33
[-0.14220084249973297, -0.9898378252983093];4
[-0.20921306312084198, -0.9778701066970825];4
