0.2611105740070343
0.26100486516952515
0.2607932388782501
0.2604753375053406
0.26004815101623535
0.2595099210739136
0.2588554322719574
0.2580781579017639
0.2571655511856079
0.2560979723930359
0.2548397183418274
0.253326952457428
0.25143569707870483
0.2489166408777237
0.24520324170589447
0.2388288378715515
0.2249278873205185
0.18607959151268005
0.13807132840156555
0.1321016103029251
0.1544121503829956
0.157051682472229
0.14339683949947357
0.11748072504997253
0.08867150545120239
0.08687396347522736
0.09122654050588608
0.10165238380432129
0.11238065361976624
0.1199193149805069
0.12402845174074173
0.12523697316646576
0.12450295686721802
0.12289685010910034
0.12208929657936096
0.12225575745105743
0.12362831085920334
0.12624388933181763
0.12919677793979645
0.13246183097362518
0.13613945245742798
0.1399548351764679
0.14387433230876923
0.14813624322414398
0.1526954472064972
0.15741106867790222
0.1622602641582489
0.16705453395843506
0.17166700959205627
0.17607809603214264
0.180229052901268
0.18409031629562378
0.1876406967639923
0.19085323810577393
0.19375525414943695
0.19641149044036865
0.19881980121135712
0.2010161429643631
0.20306061208248138
0.20501849055290222
0.20701833069324493
0.20901848375797272
0.21113327145576477
0.21335136890411377
0.21561527252197266
0.2179058939218521
0.22021839022636414
0.222551167011261
0.22486136853694916
0.2271573394536972
0.22941914200782776
0.23158738017082214
0.2336711287498474
0.23565223813056946
0.237531378865242
0.2393137812614441
0.24101489782333374
0.24262918531894684
0.24415777623653412
0.24561454355716705
0.2470068335533142
0.24833674728870392
0.24959956109523773
0.25081318616867065
0.25197285413742065
0.25311943888664246
0.25421687960624695
0.25525596737861633
0.2562449276447296
0.2571839690208435
0.25806066393852234
0.25883838534355164
0.2594898045063019
0.2600288391113281
0.26045510172843933
0.2607310712337494
0.2608467936515808
0.2607921361923218
0.2605701982975006
0.26017749309539795
0.25962018966674805
0.2589094638824463
0.2580549716949463
0.25705552101135254
0.2559344172477722
0.2547059953212738
0.25338757038116455
0.25199300050735474
0.25054237246513367
0.24905553460121155
0.24754199385643005
0.24597032368183136
0.24435773491859436
0.24269893765449524
0.24098935723304749
0.2392275631427765
0.237391859292984
0.2354951947927475
0.23352912068367004
0.23149457573890686
0.2293725311756134
0.2271779477596283
0.22491173446178436
0.2225923389196396
0.22025716304779053
0.21795664727687836
0.21568237245082855
0.2135084569454193
0.2113969475030899
0.20939567685127258
0.207614928483963
0.20592226088047028
0.20428802073001862
0.20258979499340057
0.200669065117836
0.19832472503185272
0.19544263184070587
0.19194653630256653
0.18780426681041718
0.18307150900363922
0.1779644638299942
0.17279478907585144
0.1677461713552475
0.1630871742963791
0.1589551568031311
0.15516483783721924
0.15159772336483002
0.1480753868818283
0.14458461105823517
0.14130882918834686
0.1388237178325653
0.13780778646469116
0.1379602998495102
0.13856473565101624
0.13814698159694672
0.13463059067726135
0.12716150283813477
0.11798172444105148
0.11111146956682205
0.10715864598751068
0.10433731973171234
0.10337553173303604
0.10569014400243759
0.1109747663140297
0.11125408113002777
0.10189615190029144
0.09136657416820526
0.0894586592912674
0.09444074332714081
0.10481681674718857
0.11476308852434158
0.11430788040161133
0.10396912693977356
0.09515069425106049
0.09336389601230621
0.09901653230190277
0.11140051484107971
0.11941388249397278
0.11464249342679977
0.10388058423995972
0.10041894763708115
0.09983989596366882
0.10198153555393219
0.11050421744585037
0.12238133698701859
0.1308487355709076
0.13385701179504395
0.13220742344856262
0.12887044250965118
0.12722928822040558
0.128697469830513
0.13242435455322266
0.1371469795703888
0.14161863923072815
0.14588961005210876
0.15047584474086761
0.1556376963853836
0.1612921804189682
0.1666231006383896
0.17122861742973328
