0.12505163252353668
0.12504589557647705
0.12503458559513092
0.12501820921897888
0.12499699741601944
0.12497075647115707
0.12493991106748581
0.12490342557430267
0.12486013025045395
0.124806709587574
0.12473945319652557
0.12465132027864456
0.1245327889919281
0.12436921149492264
0.12413928657770157
0.12381089478731155
0.12333384156227112
0.12262874096632004
0.1215590313076973
0.11987578868865967
0.11707685887813568
0.11198563128709793
0.10180921852588654
0.08750883489847183
0.07592899352312088
0.0708160549402237
0.06409590691328049
0.05948938429355621
0.058713942766189575
0.05857446789741516
0.05597497522830963
0.04964565485715866
0.04201335459947586
0.03703591227531433
0.03483923524618149
0.03317040205001831
0.030874546617269516
0.028093181550502777
0.025545718148350716
0.023750431835651398
0.022562164813280106
0.021858736872673035
0.021375883370637894
0.0209360308945179
0.020411375910043716
0.019778825342655182
0.019129516556859016
0.01852734386920929
0.018003355711698532
0.017567384988069534
0.017209656536579132
0.016890719532966614
0.01660338044166565
0.016320887953042984
0.016023987904191017
0.01570366881787777
0.015357835218310356
0.014976723119616508
0.014564085751771927
0.014125868678092957
0.013677554205060005
0.01321970671415329
0.012766540050506592
0.012318538501858711
0.011881876736879349
0.011463504284620285
0.011060035787522793
0.010671461001038551
0.010292580351233482
0.009931312873959541
0.009606501087546349
0.00932113267481327
0.009067041799426079
0.00884470995515585
0.008660461753606796
0.008511921390891075
0.00840216688811779
0.008318943902850151
0.008267048746347427
0.008219667710363865
0.008170823566615582
0.008124385960400105
0.008076059632003307
0.008026554249227047
0.007973914965987206
0.007913723587989807
0.007844051346182823
0.007765678688883781
0.007678578607738018
0.007586061023175716
0.0074879927560687065
0.007384919561445713
0.0072782267816364765
0.007169893477112055
0.007058549206703901
0.006944763474166393
0.006827374920248985
0.006708458065986633
0.00659157894551754
0.006474670022726059
0.006358364596962929
0.006242911331355572
0.006129872985184193
0.006020331755280495
0.00591520220041275
0.005815867334604263
0.005722930654883385
0.005634113680571318
0.0055486964993178844
0.0054703326895833015
0.005398709326982498
0.005336211994290352
0.005279776640236378
0.005227662622928619
0.005179213359951973
0.0051346467807888985
0.005096425302326679
0.005061895586550236
0.005030546337366104
0.0050021447241306305
0.004976951517164707
0.004954882897436619
0.004935714416205883
0.004917902871966362
0.0049021681770682335
0.004887375049293041
0.004872648976743221
0.004858965985476971
0.004845927469432354
0.004832671023905277
0.004819625988602638
0.004807876888662577
0.004796391353011131
0.0047865016385912895
0.0047767143696546555
0.004766225814819336
0.004755254369229078
0.004743036348372698
0.004729676991701126
0.004715174436569214
0.004700310528278351
0.0046844203025102615
0.004667678847908974
0.004650266841053963
0.004631735384464264
0.004612154792994261
0.00459208432585001
0.004571379162371159
0.004549874924123287
0.004527615383267403
0.004504873417317867
0.004481639713048935
0.0044579715467989445
0.004433806985616684
0.0044091627933084965
0.004384196829050779
0.004358883947134018
0.004333230201154947
0.004307328257709742
0.004281414207071066
0.004255334381014109
0.004229339770972729
0.004203528165817261
0.004178022965788841
0.004152699373662472
0.00412740558385849
0.004102195147424936
0.004077037796378136
0.004052022937685251
0.004027092829346657
0.004002357833087444
0.003978032153099775
0.003954041749238968
0.003930264618247747
0.003907033242285252
0.00388428196310997
0.003861895063892007
0.0038404325023293495
0.003819764591753483
0.003799421712756157
0.0037795123644173145
0.003759907092899084
0.0037405993789434433
0.0037219247315078974
0.003704025177285075
0.003686577081680298
0.0036695203743875027
0.003653185907751322
0.003637125017121434
0.003621363779529929
0.0036058155819773674
0.003590563777834177
0.0035758642479777336
0.0035614524967968464
0.0035473154857754707
0.0035335286520421505
0.003520356258377433
0.003507696557790041
0.003495432436466217
0.003483581356704235
