0.26113614439964294
0.26103097200393677
0.2608204483985901
0.26050323247909546
0.26007840037345886
0.2595427930355072
0.2588930130004883
0.2581223249435425
0.2572210133075714
0.2561703622341156
0.25494053959846497
0.25347575545310974
0.25167179107666016
0.24931606650352478
0.24593979120254517
0.240356907248497
0.22883309423923492
0.19584625959396362
0.14150883257389069
0.1273943930864334
0.15034042298793793
0.1544175148010254
0.14147916436195374
0.11570817232131958
0.08649541437625885
0.08418044447898865
0.08915776014328003
0.1018008142709732
0.1133427545428276
0.12047703564167023
0.12353736162185669
0.12351536750793457
0.12164313346147537
0.11899697780609131
0.11761093139648438
0.11745709180831909
0.11899999529123306
0.12204670906066895
0.12544181942939758
0.12904536724090576
0.13286767899990082
0.13707664608955383
0.14167578518390656
0.14658884704113007
0.15170918405056
0.15686742961406708
0.16183307766914368
0.16652244329452515
0.1708635836839676
0.17479059100151062
0.17826630175113678
0.18131038546562195
0.18397390842437744
0.1863018274307251
0.18841484189033508
0.19041597843170166
0.19233956933021545
0.19425345957279205
0.19618414342403412
0.19823132455348969
0.20040170848369598
0.20268267393112183
0.2050650268793106
0.20752252638339996
0.2099626064300537
0.21239981055259705
0.21478387713432312
0.2171209156513214
0.21941500902175903
0.22163881361484528
0.22380726039409637
0.2259097695350647
0.22793994843959808
0.22990460693836212
0.23179905116558075
0.23363187909126282
0.23541605472564697
0.23714683949947357
0.23883149027824402
0.24049831926822662
0.2421324998140335
0.24371303617954254
0.24523872137069702
0.2466816008090973
0.24803048372268677
0.24929463863372803
0.2504540979862213
0.25146567821502686
0.25231659412384033
0.25298264622688293
0.2534635066986084
0.253750205039978
0.25384750962257385
0.2537623941898346
0.25350868701934814
0.253092885017395
0.25252753496170044
0.25184860825538635
0.25109773874282837
0.2502569556236267
0.24934904277324677
0.24840664863586426
0.24744312465190887
0.24643728137016296
0.24539503455162048
0.24429278075695038
0.24313431978225708
0.24195373058319092
0.2407490760087967
0.2394896298646927
0.2381601780653
0.23674899339675903
0.23524373769760132
0.23364205658435822
0.23194758594036102
0.23016375303268433
0.2282935082912445
0.22636258602142334
0.22440370917320251
0.22242389619350433
0.2204269915819168
0.21848668158054352
0.21666142344474792
0.2148796170949936
0.2132187932729721
0.21178513765335083
0.21051502227783203
0.20919166505336761
0.20776896178722382
0.20602306723594666
0.20383556187152863
0.20113669335842133
0.1978624314069748
0.19398923218250275
0.18963629007339478
0.18498508632183075
0.1801886260509491
0.1754908710718155
0.17112886905670166
0.16727745532989502
0.16379192471504211
0.16040176153182983
0.1569821536540985
0.15343734622001648
0.1497448831796646
0.1461835503578186
0.14333945512771606
0.1418025940656662
0.14168117940425873
0.14246158301830292
0.14307458698749542
0.14158163964748383
0.13654038310050964
0.12795785069465637
0.11868900805711746
0.11222049593925476
0.10861523449420929
0.10587666928768158
0.10402736812829971
0.10402165353298187
0.10816977918148041
0.11202278733253479
0.10759859532117844
0.09485247731208801
0.08766110241413116
0.08886037021875381
0.09445720911026001
0.10577992349863052
0.11378899216651917
0.11069869250059128
0.09953349828720093
0.09299996495246887
0.09414092451334
0.10234779119491577
0.11360719799995422
0.11520117521286011
0.10631653666496277
0.09930308163166046
0.09649816155433655
0.09786596894264221
0.1044268012046814
0.11669515073299408
0.12607572972774506
0.12850601971149445
0.12534858286380768
0.121551513671875
0.1211574375629425
0.1238696277141571
0.12781518697738647
0.13175363838672638
0.13603799045085907
0.14176110923290253
0.14865009486675262
0.15538811683654785
0.16103054583072662
0.1649911105632782
0.16726510226726532
0.16826365888118744
0.16869869828224182
0.16921047866344452
