0.0027013965882360935
0.0026966750156134367
0.002687404863536358
0.0026744380593299866
0.002658619312569499
0.002640883671119809
0.002622530097141862
0.0026045632548630238
0.002588108880445361
0.002573983510956168
0.002562785055488348
0.0025547470431774855
0.0025500797200948
0.0025485276710242033
0.0025495877489447594
0.0025527807883918285
0.0025574713945388794
0.0025628104340285063
0.002568187890574336
0.0025731076020747423
0.0025770533829927444
0.002579781459644437
0.0025812163949012756
0.0025814564432948828
0.002580629661679268
0.00257928972132504
0.0025776252150535583
0.0025761013384908438
0.0025751222856342793
0.0025749853812158108
0.002575832651928067
0.0025778855197131634
0.002581052016466856
0.0025851456448435783
0.002589827636256814
0.0025947499088943005
0.002599752973765135
0.002604238223284483
0.0026079053059220314
0.0026104820426553488
0.002611681818962097
0.0026115146465599537
0.0026099507231265306
0.0026070952881127596
0.0026030992157757282
0.002598381135612726
0.002593245357275009
0.002588022267445922
0.0025830911472439766
0.002578766318038106
0.002575455466285348
0.002573178382590413
0.002572030760347843
0.0025722566060721874
0.002573644742369652
0.0025760475546121597
0.0025793174281716347
0.0025830864906311035
0.002587152412161231
0.0025911282282322645
0.0025948029942810535
0.0025979317724704742
0.002600145060569048
0.002601486397907138
0.0026016468182206154
0.0026006961707025766
0.002598739229142666
0.002595703350380063
0.0025919368490576744
0.0025875598657876253
0.00258269184269011
0.002577634062618017
0.002572691300883889
0.002568022347986698
0.00256386143155396
0.0025603289250284433
0.0025575533509254456
0.0025556995533406734
0.0025546536780893803
0.0025545842945575714
0.0025552776642143726
0.0025568350683897734
0.0025589989963918924
0.0025615994818508625
0.0025645277928560972
0.0025676877703517675
0.0025708277244120836
0.0025737399701029062
0.0025764424353837967
0.0025786941405385733
0.0025804105680435896
0.002581555163487792
0.0025820538867264986
0.0025818103458732367
0.002580994740128517
0.002579476684331894
0.0025776235852390528
0.0025750508066266775
0.002572297351434827
0.00256919558160007
0.002565965289250016
0.0025626164861023426
0.00255944044329226
0.002556260908022523
0.0025534224696457386
0.002550863428041339
0.002548752585425973
0.0025469467509537935
0.0025456862058490515
0.0025448710657656193
0.0025444705970585346
0.002544598188251257
0.0025450068060308695
0.0025458696763962507
0.0025470356922596693
0.002548453863710165
0.002550111385062337
0.002551855519413948
0.0025536592584103346
0.0025555123575031757
0.002557266503572464
0.0025589033029973507
0.0025604693219065666
0.0025617170613259077
0.0025628001894801855
0.002563636051490903
0.0025640723761171103
0.002564350375905633
0.0025642612017691135
0.0025639687664806843
0.002563331974670291
0.0025625398848205805
0.002561477478593588
0.002560243709012866
0.002558879554271698
0.0025573819875717163
0.002555843209847808
0.002554127248004079
0.00255252281203866
0.002550979144871235
0.0025493265129625797
0.002547847107052803
0.0025463986676186323
0.0025451253168284893
0.0025439546443521976
0.0025429180823266506
0.002542100613936782
0.0025414128322154284
0.002540856134146452
0.0025405019987374544
0.0025402968749403954
0.0025401560124009848
0.0025401413440704346
0.0025403122417628765
0.002540531335398555
0.002540802815929055
0.0025411853566765785
0.002541565103456378
0.002541971392929554
0.0025423839688301086
0.0025428454391658306
0.0025433108676224947
0.0025434920098632574
0.002543885726481676
0.0025440696626901627
0.002544321119785309
0.002544449409469962
0.0025444391649216413
0.0025443434715270996
0.0025441888719797134
0.0025440065655857325
0.00254368269816041
0.002543254755437374
0.0025428389199078083
0.002542288275435567
0.0025417041033506393
0.0025411415845155716
0.0025404857005923986
0.0025397941935807467
0.0025390759110450745
0.0025383594911545515
0.0025376928970217705
0.002536990912631154
0.0025363825261592865
0.0025356796104460955
0.002535078441724181
0.0025344921741634607
0.002534050028771162
0.0025335464160889387
0.0025332318618893623
0.002532895654439926
0.0025326081085950136
0.0025323533918708563
0.002532240003347397
0.002532173180952668
0.0025321426801383495
0.0025322106666862965
0.002532334765419364
0.002532567596063018
0.002532734302803874
