0.03308827802538872
0.03298814967274666
0.03278849646449089
0.0324883870780468
0.032087985426187515
0.03158797696232796
0.030987996608018875
0.03028816357254982
0.029487885534763336
0.02858845703303814
0.02758820541203022
0.026488425210118294
0.025287752971053123
0.023987790569663048
0.022587837651371956
0.0210880097001791
0.019488157704472542
0.017788110300898552
0.015988435596227646
0.01408800482749939
0.012088251300156116
0.009988382458686829
0.007788109593093395
0.005487953778356314
0.0030879699625074863
0.0005930186016485095
0.002044043503701687
0.00454218965023756
0.0069418130442500114
0.009239371865987778
0.011437594890594482
0.01353592611849308
0.015535444021224976
0.017433280125260353
0.019232064485549927
0.020930755883455276
0.02253008633852005
0.02402825467288494
0.025427361950278282
0.02672550082206726
0.027924712747335434
0.029023317620158195
0.030021825805306435
0.030921300873160362
0.03171989321708679
0.03241853043437004
0.03301691263914108
0.03351617231965065
0.03391408175230026
0.034213222563266754
0.03441193699836731
0.03451068326830864
0.034509170800447464
0.03440876677632332
0.0342065766453743
0.03390514478087425
0.03350448235869408
0.03300294280052185
0.032402168959379196
0.031700294464826584
0.030899396166205406
0.029998833313584328
0.028996629640460014
0.027895592153072357
0.026694247499108315
0.025393221527338028
0.02399134263396263
0.022490715608000755
0.020888958126306534
0.01918795518577099
0.017387375235557556
0.015485655516386032
0.013484448194503784
0.011383184231817722
0.009182211942970753
0.006880840286612511
0.004480400122702122
0.0019819396547973156
0.000715067086275667
0.0031853860709816217
0.0056092762388288975
0.007939272560179234
0.010168807581067085
0.012301591224968433
0.014327163808047771
0.016257351264357567
0.01809283159673214
0.019817281514406204
0.02145075611770153
0.022979283705353737
0.024410445243120193
0.025739094242453575
0.026983100920915604
0.028096606954932213
0.029129456728696823
0.030056921765208244
0.03088611364364624
0.03161619231104851
0.03224635496735573
0.032777998596429825
0.0332084521651268
0.03353671729564667
0.03376578912138939
0.03389676660299301
0.03392612934112549
0.03385690227150917
0.033688370138406754
0.03341769054532051
0.033046722412109375
0.03258044272661209
0.032005857676267624
0.03133799135684967
0.030566342175006866
0.029701199382543564
0.028728516772389412
0.02765638940036297
0.026488197967410088
0.02521669864654541
0.023846685886383057
0.02237645909190178
0.020806940272450447
0.019141092896461487
0.017366956919431686
0.015497822314500809
0.013528076000511646
0.01145833358168602
0.009292460046708584
0.007019877899438143
0.004651539493352175
0.0021908485796302557
0.000785834388807416
0.0033417781814932823
0.006159799639135599
0.008914435282349586
0.011575182899832726
0.014106227084994316
0.01655595749616623
0.018933456391096115
0.021163560450077057
0.02328411489725113
0.02533414028584957
0.02728751301765442
0.029138755053281784
0.030875293537974358
0.03255392983555794
0.03407434746623039
0.035521700978279114
0.03686623275279999
0.03811993449926376
0.03925871476531029
0.04032588750123978
0.04126359149813652
0.042120955884456635
0.04286262392997742
0.04350082948803902
0.044090915471315384
0.04449809342622757
0.04485878720879555
0.045099277049303055
0.045240987092256546
0.045295652002096176
0.04526189714670181
0.04511643946170807
0.0448385588824749
0.04448146000504494
0.044046275317668915
0.04350677877664566
0.042847491800785065
0.042067751288414
0.04122273623943329
0.04026725888252258
0.03921664506196976
0.03805873170495033
0.037355437874794006
0.03545530512928963
0.03399807587265968
0.03246263787150383
0.030808568000793457
0.029071588069200516
0.027234500274062157
0.02526680938899517
0.02320701815187931
0.02104078233242035
0.018789898604154587
0.01644279807806015
0.014486979693174362
0.011432587169110775
0.008787829428911209
0.006037076469510794
0.003208813024684787
0.0006137103191576898
0.0028572843875736
0.005708117503672838
0.008482325822114944
0.011122683063149452
0.01367652602493763
0.016142908483743668
0.018531259149312973
0.020791690796613693
0.022963879629969597
0.025028690695762634
0.027033360674977303
0.02890228107571602
0.030662348493933678
0.03232312202453613
0.03390591964125633
0.035375673323869705
0.03675325959920883
0.038017578423023224
0.03920288011431694
0.04028099402785301
0.04124201461672783
0.04212060570716858
0.04289916530251503
0.043587300926446915
0.044140659272670746
0.04461590573191643
0.0449884869158268
0.045268621295690536
0.045443013310432434
0.0455164909362793
0.0454823262989521
0.04537041857838631
0.04513124004006386
0.044807810336351395
0.04438306391239166
0.04386831447482109
0.04323422908782959
0.04250486195087433
0.04168924316763878
0.04076261818408966
0.039738744497299194
0.0386091023683548
0.03738431632518768
0.036056362092494965
0.03463425487279892
0.03311289846897125
0.03148847818374634
0.029761264100670815
0.027933649718761444
0.02601035125553608
0.023984376341104507
0.021865367889404297
0.019641797989606857
0.017316946759819984
0.014898459427058697
0.012379714287817478
0.009756935760378838
0.0070461081340909
0.004248213488608599
0.0014760027406737208
0.002028087852522731
0.004781137686222792
0.007577748969197273
0.010277720168232918
0.012909133918583393
0.015441707335412502
0.01788371428847313
0.020217472687363625
0.022458193823695183
0.024584369733929634
0.02661801129579544
0.02855127677321434
0.030390780419111252
0.032136183232069016
0.03376450389623642
0.03530391678214073
0.036738067865371704
0.03807622566819191
0.039318643510341644
0.04045400395989418
0.04150134325027466
0.04242768883705139
0.04326751083135605
0.04400809109210968
0.04464277997612953
0.045182209461927414
0.04562120884656906
0.04595832899212837
0.046198174357414246
0.046339891850948334
0.046376071870326996
0.046319473534822464
0.04615212604403496
0.04589468613266945
0.0455310232937336
0.04507030174136162
0.04450833424925804
0.0438498817384243
0.0430867038667202
0.04222751408815384
0.041266996413469315
0.04047900438308716
0.03904825448989868
0.037786178290843964
0.036427855491638184
0.034965358674526215
0.033405859023332596
0.03174541890621185
0.029985275119543076
0.028127118945121765
0.026169613003730774
0.024111967533826828
0.021950937807559967
0.01969410479068756
0.0173389483243227
0.014883529394865036
0.012334398925304413
0.009695671498775482
0.006965111941099167
0.0041356161236763
0.001449368428438902
0.0022341678850352764
0.004985445644706488
0.007798576727509499
0.010528070852160454
0.013169479556381702
0.015715163201093674
0.018158238381147385
0.0205045435577631
0.022752316668629646
0.024906350299715996
0.02694891020655632
0.028900617733597755
0.030749419704079628
0.03249793499708176
0.03414807841181755
0.03569839149713516
0.03715183585882187
0.03850046172738075
0.039754629135131836
0.04090180993080139
0.0419529564678669
0.042903654277324677
0.04375673830509186
0.04450872167944908
0.04515782743692398
0.045710861682891846
0.046160828322172165
0.04651283100247383
0.046766381710767746
0.04691818356513977
0.046968940645456314
0.04691999778151512
0.04677201807498932
0.04652463644742966
0.04617806896567345
0.045729491859674454
0.045181598514318466
0.04453376680612564
0.04378728196024895
0.042938653379678726
0.041991084814071655
0.040944237262010574
0.039799802005290985
0.038551170378923416
0.037202443927526474
0.03575677052140236
0.034209445118904114
0.0325629785656929
0.030817922204732895
0.029115280136466026
0.02702770195901394
0.024981480091810226
0.022837646305561066
0.02059302106499672
0.01825517788529396
0.015811486169695854
0.013267962262034416
0.010641517117619514
0.00790446624159813
0.005094210617244244
0.0023134108632802963
0.001977115636691451
0.0044260211288928986
0.0076555414125323296
0.010853882879018784
0.013968119397759438
0.016979128122329712
0.019897043704986572
0.022720014676451683
0.02550327591598034
0.028064945712685585
0.030591877177357674
0.0330096073448658
0.03533472865819931
0.037561435252428055
0.039686448872089386
0.04171549901366234
0.04363216832280159
0.04545897990465164
0.04718882590532303
0.04881420359015465
0.05033523961901665
0.05175827816128731
0.05308634787797928
0.05431533232331276
0.05543939396739006
0.05647142976522446
0.05738987401127815
0.058217473328113556
0.05894981697201729
0.059569891542196274
0.06010563299059868
0.060523610562086105
0.060852307826280594
0.06108415126800537
0.06121150776743889
0.06122545525431633
0.06116476282477379
0.06102307513356209
0.06071823462843895
0.060331471264362335
0.05986213684082031
0.0592864528298378
0.05861234664916992
0.05784223601222038
0.05696975812315941
0.05599362775683403
0.05493556708097458
0.05375533923506737
0.05251505970954895
0.05111631378531456
0.0496334582567215
0.0480593703687191
0.046386972069740295
0.04461945965886116
0.042749058455228806
0.04077094420790672
0.03869983181357384
0.036531876772642136
0.0342608280479908
0.03190015256404877
0.029419047757983208
0.026851823553442955
0.024184653535485268
0.02141367271542549
0.018545562401413918
0.015585319139063358
0.012518323957920074
0.009377080015838146
0.006128155626356602
0.002886714180931449
0.0016040485352277756
0.004442634526640177
0.007823239080607891
0.011146780103445053
0.01437985710799694
0.017521854490041733
0.020558828487992287
0.02350171096622944
0.026350131258368492
0.029100356623530388
0.031744349747896194
0.03428058698773384
0.036744385957717896
0.039084915071725845
0.041325658559799194
0.04346983879804611
0.04551827907562256
0.04746542498469353
0.049307286739349365
0.05106896907091141
0.05270108953118324
0.05425085127353668
0.05570269376039505
0.05704580247402191
0.05829404667019844
0.059441469609737396
0.060507941991090775
0.06145108863711357
0.06229132413864136
0.06303460150957108
0.06368070840835571
0.06423597037792206
0.06468977779150009
0.06502605974674225
0.06528086215257645
0.06542553752660751
0.06547298282384872
0.06542631983757019
0.06527099013328552
0.06501813977956772
0.06467024981975555
0.06421693414449692
0.06366290152072906
0.06301314383745193
0.06226211041212082
0.06141674891114235
0.06045876070857048
0.0594131276011467
0.05825694277882576
0.057012803852558136
0.055656783282756805
0.05421740189194679
0.05265851318836212
0.05100288987159729
0.04925870522856712
0.04740530624985695
0.04546481370925903
0.0434127002954483
0.041258085519075394
0.03907151520252228
0.036722101271152496
0.03420773148536682
0.031724169850349426
0.029007915407419205
0.026262126863002777
0.023413140326738358
0.02046811953186989
0.01742148958146572
0.014287102036178112
0.011046147905290127
0.007720200810581446
0.004350914154201746
0.001316010719165206
0.003113540355116129
0.0065108356066048145
0.009883319959044456
0.013161536306142807
0.01636301912367344
0.019438985735177994
0.022434284910559654
0.025322115048766136
0.028116684406995773
0.03081347420811653
0.03341284394264221
0.035905491560697556
0.038300205022096634
0.04059450700879097
0.04279361292719841
0.04489113390445709
0.046903498470783234
0.0487808920443058
0.050585512071847916
0.05228264257311821
0.0538799986243248
0.05537916347384453
0.05677170678973198
0.05806932598352432
0.059269119054079056
0.060365356504917145
0.06137042120099068
0.062265072017908096
0.06307965517044067
0.06375821679830551
0.06434936076402664
0.06485658138990402
0.06524652987718582
0.06556318700313568
0.0657678171992302
0.06584226340055466
0.06584080308675766
0.06574316322803497
0.0655360221862793
0.06523838639259338
0.06484077125787735
0.06432923674583435
0.06372936815023422
0.06304661929607391
0.06223514303565025
0.06133147329092026
0.06033870205283165
0.05922864004969597
0.05803632736206055
0.056724898517131805
0.0553225576877594
0.0538184829056263
0.05221811681985855
0.05051739141345024
0.04871799051761627
0.046827659010887146
0.04481423273682594
0.042716771364212036
0.04051542282104492
0.03821390122175217
0.035833947360515594
0.03332125395536423
0.03072059340775013
0.028027823194861412
0.02522416226565838
0.02232242189347744
0.019326431676745415
0.0162581205368042
0.013046864420175552
0.009770103730261326
0.0064008054323494434
0.003014335408806801
0.0014082626439630985
0.004496006295084953
0.007928949780762196
0.011296858079731464
0.014575113542377949
0.017763542011380196
0.02085254155099392
0.023839468136429787
0.026739178225398064
0.029529273509979248
0.032214485108852386
0.03480881452560425
0.03729882463812828
0.03969963267445564
0.041983723640441895
0.044179219752550125
0.04627278447151184
0.04828021302819252
0.050159141421318054
0.051961179822683334
0.05364927649497986
0.05524236708879471
0.05673900246620178
0.05813160911202431
0.059424202889204025
0.060626428574323654
0.06172117963433266
0.0627085417509079
0.06360145658254623
0.06439775973558426
0.06510141491889954
0.06568586826324463
0.06619083136320114
0.06659485399723053
0.0668807104229927
0.06707313656806946
0.06716126948595047
0.06716951727867126
0.06706450879573822
0.06685388833284378
0.06654363870620728
0.06613930314779282
0.06563878059387207
0.06502596288919449
0.06433209776878357
0.06351908296346664
0.06262633204460144
0.06160838529467583
0.06051718443632126
0.05929923802614212
0.05799587443470955
0.05659199878573418
0.055086083710193634
0.05348231643438339
0.05178270861506462
0.04998273402452469
0.04807677119970322
0.04607415199279785
0.04396417364478111
0.041762132197618484
0.039474766701459885
0.03707166388630867
0.034553010016679764
0.03196161240339279
0.02924901619553566
0.026457279920578003
0.023542722687125206
0.020547784864902496
0.017455972731113434
0.014252260327339172
0.01096321176737547
0.007585414685308933
0.0041564092971384525
0.0011752645950764418
0.003380782436579466
0.006817470770329237
0.010228882543742657
0.013531750999391079
0.016761349514126778
0.019876988604664803
0.02291109971702099
0.025829462334513664
0.0286578256636858
0.0313868373632431
0.034067537635564804
0.03654421493411064
0.03897251561284065
0.041304998099803925
0.04353814199566841
0.045661136507987976
0.04769118130207062
0.04962394759058952
0.051451172679662704
0.053179241716861725
0.05480979382991791
0.056348688900470734
0.05777238309383392
0.05910352244973183
0.06033095717430115
0.0614645779132843
0.06249561533331871
0.06342799961566925
0.06425413489341736
0.06498952209949493
0.06562572717666626
0.06615248322486877
0.06658114492893219
0.06692735105752945
0.06714428961277008
0.06727800518274307
0.06730528920888901
0.06724057346582413
0.06707073748111725
0.06679735332727432
0.06643138080835342
0.06596642732620239
0.06539575010538101
0.06472960859537125
0.06395944952964783
0.06310023367404938
0.06212259456515312
0.06105371192097664
0.05989561975002289
0.05861533433198929
0.05724872276186943
0.055791694670915604
0.054218124598264694
0.05254589021205902
0.05077866092324257
0.048912689089775085
0.04694893956184387
0.04488983005285263
0.04271210357546806
0.04044733941555023
0.038078565150499344
0.03561230003833771
0.03304355964064598
0.030379734933376312
0.027609361335635185
0.024750087410211563
0.0217868871986866
0.018720416352152824
0.015576764941215515
0.012309256941080093
0.008960142731666565
0.005534670781344175
0.0021562303882092237
0.00214828341268003
0.005475259386003017
0.008899678476154804
0.012251080945134163
0.015518910251557827
0.018692078068852425
0.021758239716291428
0.02473948337137699
0.02759861759841442
0.030371274799108505
0.03304646909236908
0.035619575530290604
0.03810322657227516
0.04048120230436325
0.04274226352572441
0.04491868615150452
0.04699419438838959
0.04896821081638336
0.05084531009197235
0.052622050046920776
0.05429963394999504
0.05587372928857803
0.057348813861608505
0.05872749909758568
0.06000109389424324
0.06118099018931389
0.06225324422121048
0.06322766840457916
0.06411748379468918
0.06488648802042007
0.06556744873523712
0.06615044921636581
0.06665526330471039
0.066990427672863
0.06726909428834915
0.0674482136964798
0.067521832883358
0.06753888726234436
0.06737218797206879
0.06715260446071625
0.06682839244604111
0.0664113461971283
0.06588051468133926
0.06526949256658554
0.06454657763242722
0.06371688842773438
0.06279066205024719
0.06176896020770073
0.060644589364528656
0.059430114924907684
0.05810389667749405
0.05668547749519348
0.05515878647565842
0.05353495851159096
0.051818933337926865
0.04999018833041191
0.04807538911700249
0.046045705676078796
0.043965425342321396
0.04170212894678116
0.03938568755984306
0.03696224093437195
0.03444363549351692
0.03182867169380188
0.029104037210345268
0.026286577805876732
0.023368360474705696
0.020350998267531395
0.017235325649380684
0.014021839946508408
0.01071844156831503
0.0073277391493320465
0.0039052260108292103
0.001301137963309884
0.00362955778837204
0.006995548028498888
0.010329434648156166
0.013579217717051506
0.016729505732655525
0.01978672854602337
0.022753862664103508
0.02561129443347454
0.02837481163442135
0.031034329906105995
0.03363414481282234
0.03606410324573517
0.03843342885375023
0.04069023206830025
0.042861901223659515
0.044922687113285065
0.046885184943675995
0.048751384019851685
0.05051702633500099
0.05218401551246643
0.05374488979578018
0.055214159190654755
0.05658495053648949
0.057844020426273346
0.05901302397251129
0.06007733941078186
0.061042577028274536
0.06191475689411163
0.06267853826284409
0.06334296613931656
0.06391359865665436
0.0643792599439621
0.0647401288151741
0.06501321494579315
0.0651717483997345
0.06524676084518433
0.06521225720643997
0.06507853418588638
0.06484290957450867
0.06450784206390381
0.0640796571969986
0.06354180723428726
0.06291085481643677
0.06217405945062637
0.061341702938079834
0.06041320413351059
0.059380609542131424
0.058244507759809494
0.05701358616352081
0.055684883147478104
0.05424831062555313
0.05274644121527672
0.05110163241624832
0.04935118556022644
0.047522854059934616
0.04558901488780975
0.04355834797024727
0.04143165051937103
0.03919340297579765
0.03686370700597763
0.03443605825304985
0.031902991235256195
0.02927331067621708
0.026545805856585503
0.023716634139418602
0.020789533853530884
0.01776888780295849
0.014646638184785843
0.011427187360823154
0.008125501684844494
0.00475750956684351
0.0015978064620867372
0.002758277812972665
0.006120732054114342
0.009520783089101315
0.012764356099069118
0.015961017459630966
0.019056277349591255
0.022056110203266144
0.024959148839116096
0.02776028960943222
0.03046993352472782
0.033071715384721756
0.035589151084423065
0.03797819837927818
0.04028598591685295
0.04249172657728195
0.04460067301988602
0.04659953713417053
0.04851203411817551
0.050316222012043
0.05202031135559082
0.053628064692020416
0.05513482168316841
0.05654161423444748
0.05784628540277481
0.05905413255095482
0.06016133725643158
0.06117314472794533
0.062101811170578
0.06290102750062943
0.0635925680398941
0.06420250236988068
0.06471084803342819
0.06511614471673965
0.0654461532831192
0.06565374881029129
0.06573928892612457
0.06574352830648422
0.06565523892641068
0.0654604360461235
0.06517097353935242
0.06477896124124527
0.06428589671850204
0.06369531154632568
0.0630248486995697
0.062211889773607254
0.061319563537836075
0.060326747596263885
0.05923601612448692
0.05806306377053261
0.056751322001218796
0.0553634911775589
0.053872574120759964
0.05228286609053612
0.050590600818395615
0.04879645258188248
0.046926941722631454
0.04491997882723808
0.042825013399124146
0.040635887533426285
0.03834819421172142
0.03595604747533798
0.03346666321158409
0.03087889589369297
0.028190454468131065
0.025405561551451683
0.022540204226970673
0.019533265382051468
0.016450058668851852
0.013271204195916653
0.010004011914134026
0.006647842470556498
0.003286712570115924
0.002193712629377842
0.004737997427582741
0.008717285469174385
0.012636790983378887
0.01646239683032036
0.020199112594127655
0.02384025976061821
0.02739226445555687
0.0308249332010746
0.034170374274253845
0.03741443157196045
0.04055992513895035
0.043609537184238434
0.04655209183692932
0.04939955100417137
0.05214638262987137
0.054793164134025574
0.05734943598508835
0.059790197759866714
0.06213689595460892
0.06438232958316803
0.06652812659740448
0.06857588142156601
0.07052413374185562
0.07237443327903748
0.07412225008010864
0.0757703185081482
0.07731460779905319
0.07876238226890564
0.08011110126972198
0.08135922998189926
0.0825161412358284
0.08355534821748734
0.084502212703228
0.0853603184223175
0.08609981834888458
0.08674976974725723
0.08730169385671616
0.08774510025978088
0.08809243142604828
0.08834099024534225
0.08848951011896133
0.0885406956076622
0.0884881392121315
0.08834824711084366
0.08808620274066925
0.0877349004149437
