0.033114418387413025
0.03301437944173813
0.032814428210258484
0.03251440450549126
0.03211439400911331
0.03161437809467316
0.031014366075396538
0.030314389616250992
0.02951439656317234
0.028614439070224762
0.02761439047753811
0.026514442637562752
0.02531435340642929
0.024014374241232872
0.022614330053329468
0.02111438661813736
0.019514381885528564
0.017814354971051216
0.01601441390812397
0.014114375226199627
0.01211439911276102
0.010014439933001995
0.007814391516149044
0.005514382850378752
0.0031143836677074432
0.0006143723148852587
0.002094003837555647
0.0045940023846924305
0.006994033232331276
0.009294047951698303
0.011494017206132412
0.013593971729278564
0.0155940605327487
0.017493996769189835
0.019293980672955513
0.020993979647755623
0.022594042122364044
0.024094007909297943
0.02549412101507187
0.02679402008652687
0.02799403667449951
0.029094021767377853
0.03009399212896824
0.030994120985269547
0.031794141978025436
0.0324941910803318
0.03309405967593193
0.03359413892030716
0.03399405628442764
0.03429408371448517
0.03449413552880287
0.034594085067510605
0.03459406644105911
0.034494221210479736
0.03429417312145233
0.03399406746029854
0.03359425440430641
0.03309411555528641
0.032494183629751205
0.03179412707686424
0.030994269996881485
0.030094262212514877
0.029094144701957703
0.027994194999337196
0.026794176548719406
0.025494225323200226
0.024094143882393837
0.022594207897782326
0.020994147285819054
0.01929418556392193
0.01749427244067192
0.015594241209328175
0.013594213873147964
0.011494220234453678
0.009294230490922928
0.00699420552700758
0.004594249185174704
0.0020943041890859604
0.0006152970599941909
0.003114479361101985
0.005514690652489662
0.007814940996468067
0.010015301406383514
0.01211558561772108
0.014115885831415653
0.016016174107789993
0.017816459760069847
0.019516734406352043
0.021117093041539192
0.022617364302277565
0.024017712101340294
0.025318000465631485
0.026518316939473152
0.027618570253252983
0.02861887216567993
0.02951924130320549
0.030319543555378914
0.031019829213619232
0.031620122492313385
0.03212043642997742
0.03252071142196655
0.03282109647989273
0.033021312206983566
0.03312164172530174
0.03312195464968681
0.033022258430719376
0.032822638750076294
0.032522864639759064
0.032123155891895294
0.031623512506484985
0.031023787334561348
0.03032415173947811
0.0295244250446558
0.028624752536416054
0.027625178918242455
0.02652539499104023
0.025325702503323555
0.02402600646018982
0.02262631058692932
0.02112658880650997
0.01952694170176983
0.017827246338129044
0.016027528792619705
0.014127908274531364
0.012128212489187717
0.010028515011072159
0.007828833535313606
0.005529170390218496
0.0031295702792704105
0.0006307731382548809
0.0020782945211976767
0.004577549174427986
0.006976999342441559
0.009276404045522213
0.011475914157927036
0.013575338758528233
0.015574876219034195
0.0174743440002203
0.019273826852440834
0.02097330614924431
0.022572798654437065
0.024072332307696342
0.025471840053796768
0.026771286502480507
0.027970748022198677
0.029070276767015457
0.030069781467318535
0.030969226732850075
0.03176875039935112
0.03246825188398361
0.03306776285171509
0.03356718271970749
0.033966705203056335
0.03426618129014969
0.03446565940976143
0.034565143287181854
0.034564703702926636
0.034464139491319656
0.03426366671919823
0.03396318107843399
0.03356262668967247
0.03306211531162262
0.03246162831783295
0.031761135905981064
0.030960654839873314
0.03006013110280037
0.029059575870633125
0.027959050610661507
0.026758601889014244
0.02545810490846634
0.024057554081082344
0.022557100281119347
0.020956577733159065
0.019256075844168663
0.01745561510324478
0.01555509865283966
0.013554688543081284
0.011454115621745586
0.00925361830741167
0.00695313373580575
0.004552712198346853
0.0020524724386632442
0.0006589843542315066
0.0031579388305544853
0.005558765958994627
0.007859760895371437
0.010060790926218033
0.012161839753389359
0.014162898994982243
0.01606396958231926
0.01786506175994873
0.019566088914871216
0.021167181432247162
0.02266823500394821
0.02406933158636093
0.025370409712195396
0.026571549475193024
0.027672559022903442
0.028673699125647545
0.029574787244200706
0.030375801026821136
0.031076857820153236
0.0316779688000679
0.03217905014753342
0.03258015587925911
0.03288118913769722
0.033082373440265656
0.03318333625793457
0.03318442776799202
0.03308551385998726
0.03288659080862999
0.03258770331740379
0.032188788056373596
0.03168988600373268
0.031090909615159035
0.030392026528716087
0.029593082144856453
0.028694238513708115
0.02769528143107891
0.02659638412296772
0.02539748325943947
0.02409854158759117
0.022699639201164246
0.021200736984610558
0.019601885229349136
0.017902959138154984
0.016104022040963173
0.014205122366547585
0.012206226587295532
0.010107356123626232
0.007908478379249573
0.00560963898897171
0.0032109259627759457
0.0007137427455745637
0.001995723694562912
0.0044938125647604465
0.006892282981425524
0.00919081550091505
0.011389393359422684
0.013488000258803368
0.015486625023186207
0.01738513633608818
0.019183745607733727
0.02088235318660736
0.022480955347418785
0.02397950366139412
0.02537817507982254
0.02667674422264099
0.027875298634171486
0.028973976150155067
0.029972540214657784
0.030871110036969185
0.031669732183218
0.03236832097172737
0.032966941595077515
0.03346555680036545
0.033864159137010574
0.0341627337038517
0.03436136245727539
0.034460023045539856
0.034458596259355545
0.034357231110334396
0.03415584936738014
0.033854421228170395
0.033453039824962616
0.03295164555311203
0.03235022723674774
0.03164885193109512
0.030847452580928802
0.02994607388973236
0.028944706544280052
0.02784334309399128
0.026641935110092163
0.025340544059872627
0.02393915131688118
0.02243775688111782
0.02083640731871128
0.0191350094974041
0.01733371429145336
0.015432274900376797
0.013430913910269737
0.011329634115099907
0.009128214791417122
0.006826889701187611
0.004425626713782549
0.0019246828742325306
0.000787896744441241
0.003287584288045764
0.005689114332199097
0.007990729063749313
0.010192429646849632
0.012294159270823002
0.014295903965830803
0.016197608783841133
0.017999352887272835
0.019701115787029266
0.02130286954343319
0.022804604843258858
0.02420635148882866
0.025508098304271698
0.026709875091910362
0.02781161665916443
0.02881341613829136
0.02971513383090496
0.030516870319843292
0.031218668445944786
0.03182040899991989
0.03232226148247719
0.03272392973303795
0.03302571922540665
0.03322748467326164
0.03332924842834473
0.03333103284239769
0.033232856541872025
0.033034492284059525
0.032736267894506454
0.03233802691102028
0.031839802861213684
0.031241578981280327
0.03054332546889782
0.029745111241936684
0.028846945613622665
0.02784864418208599
0.02675042301416397
0.025552207604050636
0.02425397001206875
0.02285577729344368
0.021357521414756775
0.01975935883820057
0.018061071634292603
0.016262920573353767
0.014364668168127537
0.01236644759774208
0.010268280282616615
0.008070080541074276
0.005771987605839968
0.0033739523496478796
0.0008774612215347588
0.001831539673730731
0.004328942392021418
0.0067268311977386475
0.009024741128087044
0.0112225953489542
0.013320570811629295
0.01531847845762968
0.017216475680470467
0.019014457240700722
0.020712384954094887
0.02231038734316826
0.02380838245153427
0.02520637772977352
0.026504332199692726
0.027702312916517258
0.028800325468182564
0.029798343777656555
0.030696280300617218
0.03149423003196716
0.03219229355454445
0.03279019892215729
0.03328821808099747
0.03368621692061424
0.033984191715717316
0.03418219834566116
0.03428015857934952
0.03427814692258835
0.03417614474892616
0.033974215388298035
0.03367217630147934
0.03327009826898575
0.032768141478300095
0.032166119664907455
0.03146408498287201
0.030662111937999725
0.02976013347506523
0.02875816449522972
0.027656100690364838
0.026454096660017967
0.025152085348963737
0.023750051856040955
0.022248102352023125
0.02064608782529831
0.018944131210446358
0.01714211143553257
0.015240129083395004
0.013238134793937206
0.011136224493384361
0.00893422681838274
0.006632298231124878
0.004230531398206949
0.0017291076947003603
0.0009838439291343093
0.0034844607580453157
0.00588638661429286
0.008188449777662754
0.01039056945592165
0.012492738664150238
0.01449484471231699
0.016397010535001755
0.018199201673269272
0.019901350140571594
0.021503493189811707
0.023005736991763115
0.024407854303717613
0.025710098445415497
0.02691219002008438
0.028014374896883965
0.029016537591814995
0.029918838292360306
0.030720941722393036
0.031423162668943405
0.032025277614593506
0.032527536153793335
0.032929662615060806
0.033231813460588455
0.033434025943279266
0.03353622928261757
0.03353843092918396
0.033440571278333664
0.03324276953935623
0.0329449437558651
0.032547127455472946
0.03204933553934097
0.03145153075456619
0.030753683298826218
0.02995591051876545
0.029058055952191353
0.02806028537452221
0.026962457224726677
0.025764666497707367
0.0244668610394001
0.02306913398206234
0.021571341902017593
0.019973453134298325
0.018275704234838486
0.01647784188389778
0.014580079354345798
0.012582303024828434
0.010484535247087479
0.008286776952445507
0.005989109631627798
0.003591550048440695
0.0010949852876365185
0.0016135144978761673
0.004110443871468306
0.006507983431220055
0.008805572055280209
0.011003229767084122
0.013100889511406422
0.015098579227924347
0.016996309161186218
0.018793975934386253
0.02049165777862072
0.022089391946792603
0.02358710952103138
0.024984804913401604
0.02628246508538723
0.02748025394976139
0.028577862307429314
0.02957558073103428
0.030473439022898674
0.03127096965909004
0.03196870535612106
0.03256642818450928
0.033064138144254684
0.033461831510066986
0.033759552985429764
0.033957283943891525
0.03405500948429108
0.034052710980176926
0.033950433135032654
0.03374813124537468
0.03344583511352539
0.03304353728890419
0.032541293650865555
0.031938984990119934
0.03123677894473076
0.030434537678956985
0.029532160609960556
0.028529876843094826
0.027427587658166885
0.02622532844543457
0.024923050776124
0.02352074161171913
0.022018495947122574
0.02041623368859291
0.01871395856142044
0.016911707818508148
0.015009414404630661
0.013007168658077717
0.010905003175139427
0.008702698163688183
0.00640058983117342
0.003998445812612772
0.001497015473432839
0.0012162973871454597
0.003717202926054597
0.006119357421994209
0.008421638049185276
0.010623959824442863
0.012726370245218277
0.014728620648384094
0.01663096994161606
0.018433352932333946
0.020135734230279922
0.021738087758421898
0.023240454494953156
0.024642907083034515
0.02594519406557083
0.02714764140546322
0.028249943628907204
0.029252342879772186
0.03015468642115593
0.030957086011767387
0.03165953978896141
0.032261814922094345
0.032764237374067307
0.03316659852862358
0.03346897289156914
0.03367149084806442
0.033773764967918396
0.03377613425254822
0.033678535372018814
0.033481061458587646
0.0331832692027092
0.032785721123218536
0.03228804096579552
0.03169044479727745
0.030992839485406876
0.030195245519280434
0.029297661036252975
0.028299998492002487
0.027202431112527847
0.026004811748862267
0.02470719814300537
0.023309586569666862
0.021811984479427338
0.020214376971125603
0.01851680316030979
0.01671922579407692
0.014821616001427174
0.012824104167521
0.010726504027843475
0.008528940379619598
0.006231434177607298
0.0038340881001204252
0.001337582478299737
0.0013709571212530136
0.0038675235118716955
0.006264882627874613
0.00856239628046751
0.010759926401078701
0.012857500463724136
0.014855067245662212
0.01675269939005375
0.01855023391544819
0.020247837528586388
0.021845433861017227
0.0233430378139019
0.02474062144756317
0.02603822760283947
0.027235830202698708
0.028333429247140884
0.02933105267584324
0.03022867813706398
0.031026281416416168
0.03172388672828674
0.03232147544622421
0.03281909227371216
0.033216692507267
0.03351432457566261
0.03371195122599602
0.03380962461233139
0.033807173371315
0.033704787492752075
0.03350237384438515
0.03320002928376198
0.03279763087630272
0.0322953462600708
0.031692858785390854
0.030990494415163994
0.030188119038939476
0.02928575687110424
0.028283368796110153
0.027181003242731094
0.025978706777095795
0.024676239117980003
0.02327384427189827
0.021771486848592758
0.020169086754322052
0.018466759473085403
0.016664383932948112
0.014762040227651596
0.01275971345603466
0.010657352395355701
0.008455025963485241
0.006152763497084379
0.0037506551016122103
0.0012495479313656688
0.0014638473512604833
0.003965170122683048
0.0063672796823084354
0.008669497445225716
0.010871771723031998
0.01297406479716301
0.014976334758102894
0.016878684982657433
0.0186809990555048
0.020383285358548164
0.021985629573464394
0.023487946018576622
0.024890368804335594
0.026192573830485344
0.027394914999604225
0.028497235849499702
0.029499564319849014
0.03040192276239395
0.031204231083393097
0.031906597316265106
0.03250887617468834
0.033011294901371
0.033413637429475784
0.033715955913066864
0.03391827270388603
0.03402060270309448
0.034022990614175797
0.033925313502550125
0.03372763842344284
0.03342994675040245
0.03303232043981552
0.03253471851348877
0.03193698078393936
0.0312393456697464
0.03044169582426548
0.02954401820898056
0.028546348214149475
0.027448715642094612
0.026251086965203285
0.024953413754701614
0.02355578914284706
0.02205813117325306
0.02046048827469349
0.018762875348329544
0.016965214163064957
0.015067561529576778
0.013069991953670979
0.010972350835800171
0.008774789981544018
0.006477213930338621
0.004079812206327915
0.0015830659540370107
0.001125933020375669
0.003622119314968586
0.006019722204655409
0.008317267522215843
0.010514980182051659
0.012612682767212391
0.014610428363084793
0.016508206725120544
0.018305927515029907
0.020003706216812134
0.021601494401693344
0.023099323734641075
0.02449704334139824
0.025794824585318565
0.02699257992208004
0.02809036895632744
0.029088126495480537
0.029985884204506874
0.030783655121922493
0.031481459736824036
0.032079242169857025
0.0325770303606987
0.032974835485219955
0.03327259048819542
0.03347039222717285
0.033568188548088074
0.03356596827507019
0.03346378728747368
0.0332615002989769
0.03295934200286865
0.032557155936956406
0.032054878771305084
0.031452685594558716
0.030750496312975883
0.029948247596621513
0.02904604561626911
0.02804381400346756
0.026941686868667603
0.025739457458257675
0.02443721331655979
0.023035040125250816
0.021532859653234482
0.019930651411414146
0.018228471279144287
0.016426309943199158
0.014524084515869617
0.012521911412477493
0.010419792495667934
0.008217623457312584
0.005915589164942503
0.003513675881549716
0.0010132159804925323
0.0017003114335238934
0.004201498813927174
0.006603288929909468
0.008905238471925259
0.011107187718153
0.01320916973054409
0.015211173333227634
0.017113223671913147
0.01891520246863365
0.02061721682548523
0.022219229489564896
0.02372128516435623
0.025123294442892075
0.026425346732139587
0.027627388015389442
0.028729356825351715
0.029731420800089836
0.03063345141708851
0.031435512006282806
0.032137565314769745
0.032739609479904175
0.0332416296005249
0.03364364430308342
0.03394567221403122
0.034147731959819794
0.03424977883696556
0.03425183519721031
0.034153856337070465
0.0339558944106102
0.03365792706608772
0.033260032534599304
0.03276205062866211
0.032164111733436584
0.03146611899137497
0.030668150633573532
0.0297702569514513
0.028772255405783653
0.02767430990934372
0.026476360857486725
0.025178439915180206
0.02378046326339245
0.022282570600509644
0.02068462036550045
0.018986638635396957
0.017188703641295433
0.015290799550712109
0.013292888179421425
0.011194968596100807
0.00899707991629839
0.006699220277369022
0.00430150143802166
0.0018043600721284747
0.000905436638277024
0.003401513211429119
0.0057994467206299305
0.008097553625702858
0.010295690037310123
0.012393895536661148
0.014392133802175522
0.016290292143821716
0.018088527023792267
0.019786780700087547
0.021385017782449722
0.022883187979459763
0.024281449615955353
0.025579707697033882
0.026777951046824455
0.027876203879714012
0.028874436393380165
0.029772648587822914
0.030570916831493378
0.03126916289329529
0.03186740353703499
0.032365649938583374
0.032763902097940445
0.03306214138865471
0.03326043859124184
0.03335867077112198
0.03335697948932648
0.033255208283662796
0.03305346518754959
0.03275167942047119
0.03234988823533058
0.031848154962062836
0.031246401369571686
0.03054467774927616
0.029742976650595665
0.028841229155659676
0.02783949486911297
0.026737738400697708
0.025536011904478073
0.024234266951680183
0.022832559421658516
0.02133079059422016
0.01972907967865467
0.018027413636446
0.016225634142756462
0.01432392280548811
0.012322211638092995
0.010220534168183804
0.00801887083798647
0.005717352498322725
0.0033158378209918737
0.0008165049366652966
0.0018968319054692984
0.00439748540520668
0.006798683665692806
0.009099935181438923
0.011301258578896523
0.01340262871235609
0.015403972007334232
0.01730528473854065
0.019106678664684296
0.020808037370443344
0.022409383207559586
0.02391078695654869
0.02531215362250805
0.02661353535950184
0.027814917266368866
0.028916284441947937
0.02991766482591629
0.030818993225693703
0.031620435416698456
0.032321784645318985
0.032923247665166855
0.03342454507946968
0.033825986087322235
0.03412732109427452
0.03432867303490639
0.03443009778857231
0.034431472420692444
0.03433288633823395
0.03413423150777817
0.033835623413324356
0.03343702480196953
0.03293846920132637
0.03233979642391205
0.031641166657209396
0.03084253892302513
0.029943976551294327
0.028945356607437134
0.027846766635775566
0.02664818987250328
0.025349561125040054
0.0239509716629982
0.022452382370829582
0.020853765308856964
0.019155163317918777
0.017356552183628082
0.015458065085113049
0.0134594039991498
0.011360840871930122
0.009162289090454578
0.006863788701593876
0.004465359728783369
0.0019674194045364857
0.0007433004211634398
0.003239735495299101
0.005638469476252794
0.007937399670481682
0.010136406868696213
0.01223543006926775
0.014234463684260845
0.01613360270857811
0.01793259009718895
0.01963162235915661
0.021230675280094147
0.02272973395884037
0.024128830060362816
0.025427913293242455
0.0266269464045763
0.02772599831223488
0.028725070878863335
0.02962416410446167
0.03042323887348175
0.03112226165831089
0.031721364706754684
0.03222045302391052
0.03261948749423027
0.03291858360171318
0.033117715269327164
0.03321671858429909
0.03321579471230507
0.03311492130160332
0.032914020121097565
0.03261305391788483
0.0322122760117054
0.031711187213659286
0.031110242009162903
0.03040938638150692
0.02960846945643425
0.028707558289170265
0.027706598863005638
0.0266057550907135
0.025404872372746468
0.024103904142975807
0.02270299382507801
0.021202070638537407
0.019601181149482727
0.017900267615914345
0.01609937660396099
0.014198459684848785
0.012197637930512428
0.010096732527017593
0.00789590459316969
0.005595136433839798
0.0031945027876645327
0.0006962565239518881
0.002016222570091486
0.004516082350164652
0.006916350685060024
0.00921669602394104
0.011417069472372532
0.013517452403903008
0.015517891384661198
0.017418313771486282
0.019218724220991135
0.020919157192111015
0.022519594058394432
0.024020053446292877
0.025420447811484337
0.026720907539129257
0.02792130410671234
0.029021741822361946
0.030022170394659042
0.03092261403799057
0.03172309696674347
0.032423559576272964
0.03302399814128876
0.03352439031004906
0.03392491117119789
0.034225281327962875
0.03442578762769699
0.034526221454143524
0.034526675939559937
0.03442708030343056
0.034227531403303146
0.03392811864614487
0.0335283987224102
0.033028922975063324
0.03242936357855797
0.03172975778579712
0.03093024715781212
0.03003065660595894
0.029031140729784966
0.027931587770581245
0.026732012629508972
0.025432506576180458
0.024032974615693092
0.022533411160111427
0.020933905616402626
0.01923436112701893
0.017434827983379364
0.015535335056483746
0.013535788282752037
0.011436264030635357
0.009236766025424004
0.006937319878488779
0.004537949338555336
0.0020389354322105646
0.0006726776482537389
0.0031700022518634796
0.005569763481616974
0.007869752123951912
0.010069691576063633
0.012169862166047096
0.01416980940848589
0.016069825738668442
0.01786990277469158
0.019569966942071915
0.02117001824080944
0.022670093923807144
0.024070322513580322
0.025370188057422638
0.026570288464426994
0.02767038159072399
0.02867044135928154
0.029570501297712326
0.030370550230145454
0.0310706477612257
0.03167072311043739
0.032170794904232025
0.032570868730545044
0.03287094086408615
0.03307102620601654
0.03317111358046532
0.03317120671272278
0.03307129815220833
0.03287136182188988
0.0325714647769928
0.03217153251171112
0.031671613454818726
0.031071696430444717
0.030371777713298798
0.02957187220454216
0.02867196872830391
0.02767207846045494
0.026572151109576225
