0.2611582279205322
0.2610529065132141
0.2608424127101898
0.2605256736278534
0.26010146737098694
0.2595668435096741
0.25891876220703125
0.2581506669521332
0.25725311040878296
0.2562086880207062
0.25498950481414795
0.25354352593421936
0.25177308917045593
0.24948136508464813
0.24623572826385498
0.24095231294631958
0.2302784025669098
0.19990545511245728
0.14196465909481049
0.12419821321964264
0.15003514289855957
0.1534528136253357
0.13893578946590424
0.11063162237405777
0.0825105607509613
0.08216945827007294
0.08783823996782303
0.10143361985683441
0.1130470484495163
0.11992508172988892
0.12251430749893188
0.12193804979324341
0.11955489218235016
0.11703328043222427
0.11592312157154083
0.11605364084243774
0.1182808130979538
0.12162651866674423
0.12485110014677048
0.12842950224876404
0.1324065923690796
0.13679082691669464
0.1416974812746048
0.1468850076198578
0.15213622152805328
0.15736627578735352
0.162357360124588
0.16705922782421112
0.17135852575302124
0.17520451545715332
0.17860053479671478
0.18158039450645447
0.184220552444458
0.18656672537326813
0.18865454196929932
0.1905922144651413
0.19241410493850708
0.1942533552646637
0.19607368111610413
0.19797182083129883
0.20007212460041046
0.20224842429161072
0.2045115977525711
0.2068690061569214
0.20927275717258453
0.21167312562465668
0.21406936645507812
0.21644404530525208
0.21877479553222656
0.22104069590568542
0.22325541079044342
0.22540999948978424
0.22750400006771088
0.22953464090824127
0.23152002692222595
0.23346348106861115
0.23535236716270447
0.2372051179409027
0.23900538682937622
0.2407846599817276
0.24250471591949463
0.24414469301700592
0.24567344784736633
0.24709048867225647
0.2484012097120285
0.2495652735233307
0.2505607604980469
0.25137490034103394
0.2520045042037964
0.2524375319480896
0.2526877522468567
0.2527628540992737
0.25267767906188965
0.2524283528327942
0.2520371973514557
0.2515086531639099
0.25087934732437134
0.2501918375492096
0.24943438172340393
0.24866768717765808
0.2479110211133957
0.2471219003200531
0.24627037346363068
0.2453424334526062
0.24435162544250488
0.24330732226371765
0.24221569299697876
0.24107392132282257
0.23985792696475983
0.23856031894683838
0.23718728125095367
0.23573367297649384
0.23418864607810974
0.2325551062822342
0.23084235191345215
0.22906522452831268
0.22725330293178558
0.22542977333068848
0.22363297641277313
0.2218749225139618
0.22016964852809906
0.21846793591976166
0.21686860918998718
0.21540525555610657
0.21406756341457367
0.21279826760292053
0.21144595742225647
0.20985350012779236
0.20789310336112976
0.20545299351215363
0.20248793065547943
0.1989641785621643
0.1949157863855362
0.1905556619167328
0.1859988570213318
0.18142804503440857
0.1770331710577011
0.17304760217666626
0.16940705478191376
0.16597338020801544
0.16254183650016785
0.15904787182807922
0.1554056704044342
0.15168613195419312
0.14808084070682526
0.1450473517179489
0.14331768453121185
0.14297662675380707
0.1438365876674652
0.1449822187423706
0.14400045573711395
0.13927358388900757
0.13098247349262238
0.12157002091407776
0.11429993063211441
0.11038500815629959
0.10733587294816971
0.10368762910366058
0.10234200209379196
0.10695924609899521
0.1155482605099678
0.11653619259595871
0.10385619848966599
0.08916417509317398
0.08689342439174652
0.08995316922664642
0.10113868117332458
0.11819347739219666
0.12258917093276978
0.10948295891284943
0.0945291817188263
0.09258820861577988
0.09609051048755646
0.11055377870798111
0.12229807674884796
0.1153116375207901
0.09818382561206818
0.09161651879549026
0.09315712004899979
0.09681788086891174
0.1081296056509018
0.1204226016998291
0.1260618269443512
0.12410828471183777
0.11893730610609055
0.11678877472877502
0.11922185122966766
0.12396617978811264
0.12938272953033447
0.13465522229671478
0.13972143828868866
0.14500588178634644
0.150332510471344
0.1549762785434723
0.15848927199840546
0.16105112433433533
0.1627957820892334
0.16424551606178284
0.1657293736934662
0.16736045479774475
