0.26116371154785156
0.2610580623149872
0.26084715127944946
0.26052919030189514
0.2601030468940735
0.25956547260284424
0.2589130997657776
0.2581378221511841
0.25722911953926086
0.2561674118041992
0.2549201250076294
0.2534260153770447
0.2515711784362793
0.24912133812904358
0.24555659294128418
0.23953892290592194
0.22672410309314728
0.19007691740989685
0.13720554113388062
0.13048367202281952
0.15617698431015015
0.16079922020435333
0.14961500465869904
0.12577778100967407
0.09619516134262085
0.08551155030727386
0.08946257829666138
0.09847216308116913
0.11055643856525421
0.12010340392589569
0.1259690523147583
0.12862752377986908
0.1288941204547882
0.12763026356697083
0.1260216236114502
0.12551894783973694
0.12588387727737427
0.127489373087883
0.13039466738700867
0.13379961252212524
0.13717171549797058
0.14074942469596863
0.14458997547626495
0.14871250092983246
0.15322047472000122
0.1580541580915451
0.1630537211894989
0.16810041666030884
0.17296013236045837
0.17758767306804657
0.18199267983436584
0.18609286844730377
0.1898307353258133
0.1931924819946289
0.19620350003242493
0.19890089333057404
0.20130270719528198
0.20348873734474182
0.20553293824195862
0.20741873979568481
0.20918576419353485
0.2109164297580719
0.21271415054798126
0.21455994248390198
0.21653732657432556
0.21858370304107666
0.22072750329971313
0.2229115217924118
0.22511643171310425
0.22731193900108337
0.22950433194637299
0.2316613346338272
0.23372769355773926
0.2357129156589508
0.23762455582618713
0.23946328461170197
0.24123148620128632
0.24292083084583282
0.24454264342784882
0.24610774219036102
0.24760884046554565
0.24903686344623566
0.250411719083786
0.2517372667789459
0.25301891565322876
0.2542758882045746
0.25549107789993286
0.25664693117141724
0.2577287554740906
0.25874462723731995
0.2596578299999237
0.26046350598335266
0.2611151337623596
0.26162025332450867
0.26195961236953735
0.2621285915374756
0.26213008165359497
0.26195812225341797
0.2616198658943176
0.26110154390335083
0.2604098916053772
0.2595663070678711
0.2585930824279785
0.25755131244659424
0.25640830397605896
0.2551653981208801
0.25388553738594055
0.25261572003364563
0.25130343437194824
0.24995313584804535
0.24853484332561493
0.24706274271011353
0.24554036557674408
0.24395868182182312
0.24232876300811768
0.24063420295715332
0.23886919021606445
0.2370263636112213
0.2350919395685196
0.23307113349437714
0.2309611439704895
0.22878581285476685
0.22657449543476105
0.2243335247039795
0.2221360057592392
0.22004897892475128
0.21799391508102417
0.21598359942436218
0.214115709066391
0.21252451837062836
0.21113978326320648
0.2098054438829422
0.20837220549583435
0.20665724575519562
0.204554945230484
0.20194336771965027
0.19871056079864502
0.1948145478963852
0.19031131267547607
0.18537120521068573
0.1802138388156891
0.17513138055801392
0.1703401803970337
0.16605331003665924
0.16228139400482178
0.1586330235004425
0.15503950417041779
0.15131713449954987
0.14763224124908447
0.14425890147686005
0.14191238582134247
0.14143988490104675
0.142820805311203
0.1450725793838501
0.14588111639022827
0.14249660074710846
0.1340717077255249
0.12312619388103485
0.11480969190597534
0.11035840958356857
0.10713861882686615
0.10433577746152878
0.10414879024028778
0.11145894229412079
0.11993536353111267
0.11762026697397232
0.10163383185863495
0.08955409377813339
0.08995375037193298
0.0948028564453125
0.10848008096218109
0.12313781678676605
0.12558838725090027
0.11490637063980103
0.10219113528728485
0.09817774593830109
0.10245223343372345
0.11185382306575775
0.12372785806655884
0.12588827311992645
0.11646692454814911
0.1061815619468689
0.10386188328266144
0.10582540184259415
0.10837133228778839
0.11470319330692291
0.12433332204818726
0.13247790932655334
0.13711261749267578
0.13770364224910736
0.13601477444171906
0.1349649876356125
0.13612109422683716
0.1392691731452942
0.1435091197490692
0.14791494607925415
0.15218329429626465
0.1561146229505539
0.16006752848625183
0.1643354892730713
