0.22491763532161713
0.22490592300891876
0.22488059103488922
0.22483840584754944
0.22477255761623383
0.2246704250574112
0.22451362013816833
0.22426685690879822
0.22387272119522095
0.22322839498519897
0.22214581072330475
0.22026078402996063
0.21680444478988647
0.20990079641342163
0.19374945759773254
0.15642040967941284
0.11575085669755936
0.0927911177277565
0.10527493059635162
0.10729409754276276
0.09607679396867752
0.07469767332077026
0.04961959272623062
0.04085792228579521
0.040737785398960114
0.040721386671066284
0.04442543908953667
0.04771958291530609
0.04864480346441269
0.04707823693752289
0.04376862943172455
0.03975255787372589
0.03555510938167572
0.031696904450654984
0.028296759352087975
0.02579279989004135
0.02400318719446659
0.02283608540892601
0.021774061024188995
0.020792394876480103
0.01986362598836422
0.019054053351283073
0.01836748979985714
0.01781337521970272
0.017398487776517868
0.01710011437535286
0.016927294433116913
0.016834475100040436
0.016816290095448494
0.016846662387251854
0.016891200095415115
0.016924746334552765
0.016933850944042206
0.016928600147366524
0.016899127513170242
0.01684105582535267
0.016748439520597458
0.016613617539405823
0.01643538475036621
0.016218753531575203
0.015967413783073425
0.01568843051791191
0.015390829183161259
0.015069968067109585
0.014733807183802128
0.014394395984709263
0.014040404930710793
0.013678591698408127
0.013314691372215748
0.012968599796295166
0.012629367411136627
0.012299290858209133
0.011975632980465889
0.011658085510134697
0.011352989822626114
0.01107853651046753
0.010828054510056973
0.01060526818037033
0.01039995439350605
0.010200804099440575
0.01001320593059063
0.009838595986366272
0.00968187302350998
0.009533626958727837
0.009398149326443672
0.009275276213884354
0.009159917011857033
0.009049670770764351
0.00894218496978283
0.008842307142913342
0.008755091577768326
0.008675552904605865
0.008600838482379913
0.008533766493201256
0.008471813052892685
0.008413761854171753
0.008357997983694077
0.008307769894599915
0.00826122984290123
0.008216997608542442
0.008174827322363853
0.008134452626109123
0.008096182718873024
0.00805862806737423
0.008021675050258636
0.007985184900462627
0.007950888946652412
0.007917452603578568
0.007884778082370758
0.007852566428482533
0.007820893079042435
0.007791528012603521
0.0077628446742892265
0.007734554819762707
0.00770740769803524
0.007681414484977722
0.007655974477529526
0.007630869280546904
0.007606098428368568
0.007581648882478476
0.007557843346148729
0.00753440335392952
0.007512250915169716
0.0074903760105371475
0.007468718104064465
0.007447394542396069
0.007426675409078598
0.007406077813357115
0.007385585457086563
0.007365187630057335
0.0073449620977044106
0.007325548212975264
0.007307078689336777
0.007288780994713306
0.007270813453942537
0.007253714837133884
0.007237376645207405
0.007221108302474022
0.007205002009868622
0.00718921422958374
0.007173548452556133
0.007158058695495129
0.007143114693462849
0.007128349505364895
0.0071138301864266396
0.007099355570971966
0.007084905635565519
0.00707047525793314
0.0070560649037361145
0.0070416731759905815
0.00702734524384141
0.007013251073658466
0.006999313831329346
0.006985392887145281
0.006971477530896664
0.00695764971897006
0.006944463588297367
0.006931277923285961
0.006918103434145451
0.006904929876327515
0.006891762837767601
0.006878603249788284
0.006865447387099266
0.006852304097265005
0.006839175242930651
0.006826397031545639
0.006813612766563892
0.006800827104598284
0.0067883143201470375
0.006776226684451103
0.0067641278728842735
0.006752027198672295
0.006739908829331398
0.006727790925651789
0.006715667434036732
0.006703536957502365
0.006691401824355125
0.006679268088191748
0.006667126901447773
0.0066549889743328094
0.006642854772508144
0.006630714982748032
0.00661857333034277
0.006606556940823793
0.0065946620889008045
0.006582753732800484
0.006570836529135704
0.0065589239820837975
0.006546987220644951
0.0065350523218512535
0.006523112766444683
0.006511229556053877
0.006499412469565868
0.00648758839815855
0.006475752219557762
0.006463899742811918
0.0064520384185016155
0.006440163590013981
0.006428282707929611
0.006416405085474253
