0.11174517124891281
0.10100384056568146
0.08502090722322464
0.06745470315217972
0.04964005947113037
0.03526198863983154
0.032612577080726624
0.039405036717653275
0.04831390455365181
0.05721013993024826
0.06367737054824829
0.06767621636390686
0.06975144892930984
0.07028608024120331
0.0695420429110527
0.06776158511638641
0.0652167871594429
0.06219005212187767
0.058669786900281906
0.05495164170861244
0.05147954076528549
0.04809931293129921
0.044955212622880936
0.041918136179447174
0.039090923964977264
0.036244284361600876
0.03297177329659462
0.02978346310555935
0.027091242372989655
0.024652089923620224
0.022617576643824577
0.02146853692829609
0.021100498735904694
0.021192776039242744
0.021633027121424675
0.02229933813214302
0.023001084104180336
0.023692868649959564
0.024370793253183365
0.025083525106310844
0.02575312741100788
0.026391126215457916
0.02696283347904682
0.027445796877145767
0.027835914865136147
0.028134338557720184
0.028327416628599167
0.02847355790436268
0.028552232310175896
0.028559669852256775
0.028518827632069588
0.02845005691051483
0.028341233730316162
0.028209423646330833
0.0280721727758646
0.02792561799287796
0.02775871567428112
0.027598684653639793
0.027440978214144707
0.02726813778281212
0.027087589725852013
0.02689545229077339
0.026689773425459862
0.026474352926015854
0.02624361589550972
0.026002608239650726
0.02575645036995411
0.02549736201763153
0.025223225355148315
0.024943968281149864
0.024662770330905914
0.02437332458794117
0.02407778427004814
0.023771779611706734
0.023454047739505768
0.023143546655774117
0.0228495504707098
0.022567268460989
0.022286448627710342
0.021996498107910156
0.02170141600072384
0.02140970714390278
0.021131180226802826
0.020869987085461617
0.020616108551621437
0.02036876045167446
0.02012408711016178
0.019889920949935913
0.01966947875916958
0.019464151933789253
0.019264666363596916
0.01906883344054222
0.01887238584458828
0.01867707073688507
0.018495382741093636
0.01832776889204979
0.018159469589591026
0.017984967678785324
0.017807234078645706
0.01763831451535225
