0.1577221006155014
0.11304815113544464
0.11197807639837265
0.1108766496181488
0.10964025557041168
0.1081971526145935
0.10646715760231018
0.10436436533927917
0.10179251432418823
0.09864210337400436
0.09479080885648727
0.0901048481464386
0.08444653451442719
0.07775670289993286
0.07035207003355026
0.06235601752996445
0.053760115057229996
0.04472576454281807
0.03659345209598541
0.030407600104808807
0.026229415088891983
0.023649973794817924
0.022315828129649162
0.02231179177761078
0.02346372976899147
0.025492016226053238
0.027835533022880554
0.0299981776624918
0.031880635768175125
0.033613529056310654
0.035211097449064255
0.0366767980158329
0.03799315541982651
0.03911615163087845
0.04005509242415428
0.040834177285432816
0.041461165994405746
0.04195593297481537
0.04233502596616745
0.04261405020952225
0.04280100390315056
0.04290369898080826
0.04293089359998703
0.04289046302437782
0.042789019644260406
0.04263253137469292
0.04242652654647827
0.04217594861984253
0.04188505932688713
0.041557371616363525
0.04119635373353958
0.04080520197749138
0.04038657248020172
0.03994332626461983
0.03947710990905762
0.038989774882793427
0.038483504205942154
0.03796087205410004
0.03742356225848198
0.036872442811727524
0.03630844131112099
0.03573456406593323
0.035153549164533615
0.034563787281513214
0.03396933525800705
0.03336890786886215
0.03276572749018669
0.03216354921460152
0.03155989944934845
0.030955731868743896
0.030352722853422165
0.029749657958745956
0.029148291796445847
0.028551455587148666
0.02796146273612976
0.027379747480154037
0.02680199220776558
0.026231177151203156
0.025667941197752953
0.025108253583312035
0.02456701546907425
0.02404060587286949
0.023523405194282532
0.023027217015624046
0.02254078909754753
0.022076934576034546
0.02162610925734043
0.021196961402893066
0.020799610763788223
0.020418379455804825
0.02005774900317192
0.019721362739801407
0.019406937062740326
0.01911959797143936
0.018852021545171738
0.018596839159727097
0.01835714839398861
0.01813367009162903
0.017923101782798767
0.017728345468640327
