0.2842167615890503
0.2558952569961548
0.20921725034713745
0.1822851598262787
0.1827266961336136
0.19195637106895447
0.2018251121044159
0.20976275205612183
0.2153380811214447
0.21894708275794983
0.2210652381181717
0.22198712825775146
0.22188547253608704
0.22085608541965485
0.21894040703773499
0.21615774929523468
0.21255813539028168
0.20836274325847626
0.20428362488746643
0.20086397230625153
0.1976485699415207
0.1952672302722931
0.19381321966648102
0.1923428177833557
0.19054915010929108
0.18851535022258759
0.1864418238401413
0.18449459969997406
0.1827930361032486
0.18120665848255157
0.17958000302314758
0.17778123915195465
0.1758345663547516
0.17372897267341614
0.1714368611574173
0.1689615547657013
0.1663842648267746
0.16395525634288788
0.16223286092281342
0.16130951046943665
0.16134469211101532
0.16188861429691315
0.1629139930009842
0.1646299958229065
0.16676050424575806
0.1691005676984787
0.17140556871891022
0.1734067052602768
0.17500106990337372
0.17610090970993042
0.17663618922233582
0.17661210894584656
0.17605926096439362
0.17496871948242188
0.1734255850315094
0.17167137563228607
0.16988752782344818
0.1680474877357483
0.1662980020046234
0.16503283381462097
0.16440469026565552
0.16426855325698853
0.16462256014347076
0.1653907150030136
0.16628018021583557
0.16706834733486176
0.16765832901000977
0.16806349158287048
0.16829140484333038
0.16837111115455627
0.16837652027606964
0.16830648481845856
0.16819071769714355
0.16796746850013733
0.1676337569952011
0.16720566153526306
0.1667093187570572
0.16614753007888794
0.16552194952964783
0.16487546265125275
0.16423873603343964
0.16358481347560883
0.1629326194524765
0.16229917109012604
0.16172295808792114
0.16124732792377472
0.16082516312599182
0.16049104928970337
0.160237655043602
0.1600664108991623
0.15997444093227386
0.15996940433979034
0.16000963747501373
0.1600750833749771
0.16016100347042084
0.16027018427848816
0.16041214764118195
0.16057156026363373
0.1607416272163391
0.16090840101242065
