0.10598312318325043
0.08482017368078232
0.06124982237815857
0.04497980326414108
0.03752635046839714
0.034338124096393585
0.032557517290115356
0.031327445060014725
0.0303322896361351
0.02947838604450226
0.028774160891771317
0.028303220868110657
0.0281839482486248
0.028324004262685776
0.028661508113145828
0.029071174561977386
0.029470372945070267
0.029743943363428116
0.029800137504935265
0.029671940952539444
0.029346391558647156
0.02886218950152397
0.02825026959180832
0.027525871992111206
0.026709210127592087
0.025832802057266235
0.0249205082654953
0.023985672742128372
0.02303353324532509
0.022083742544054985
0.02114599198102951
0.020241551101207733
0.019388563930988312
0.018584035336971283
0.017836909741163254
0.017148029059171677
0.016527123749256134
0.015984948724508286
0.015514226630330086
0.015108776278793812
0.014770281501114368
0.014492216520011425
0.014259876683354378
0.014065966010093689
0.013902619481086731
0.013760295696556568
0.01363875437527895
0.013533735647797585
0.01344362273812294
0.013363438658416271
0.01329234428703785
0.013230575248599052
0.013178257271647453
0.013134033419191837
0.01309533603489399
0.013061650097370148
0.01303318701684475
0.01300876960158348
0.01298791728913784
0.012971455231308937
0.01295909471809864
0.012949461117386818
0.012941285036504269
0.012935034930706024
0.012930246070027351
0.012926234863698483
0.012922571040689945
0.012919029220938683
0.012915522791445255
0.012911884114146233
0.012908060103654861
0.012904413044452667
0.012900264002382755
0.012895740568637848
0.012890702113509178
0.01288485899567604
0.012878548353910446
0.012871876358985901
0.0128648541867733
0.012857292778789997
0.012849116697907448
0.01284030731767416
0.012830961495637894
0.012821206822991371
0.01281073410063982
0.012799719348549843
0.01278807781636715
0.012775992974638939
0.012763427570462227
0.012750288471579552
0.012736612930893898
0.01272234134376049
0.012707503512501717
0.012692134827375412
0.012676313519477844
0.012660106644034386
0.012643609195947647
0.012626716867089272
0.01260942779481411
0.0125918909907341
