0.031845930963754654
0.029946090653538704
0.027341041713953018
0.025109561160206795
0.02350700832903385
0.022373182699084282
0.02148720994591713
0.020704809576272964
0.0199456624686718
0.01916268654167652
0.018343105912208557
0.01749930903315544
0.016632022336125374
0.015896214172244072
0.015403233468532562
0.015139862895011902
0.01498769037425518
0.014910219237208366
0.014867745339870453
0.014825456775724888
0.014775549061596394
0.014717203564941883
0.014640930108726025
0.01457967422902584
0.01454093400388956
0.014511283487081528
0.014499833807349205
0.014490356668829918
0.014490860514342785
0.014496924355626106
0.014521784149110317
0.014556573703885078
0.014623872935771942
0.014703810214996338
0.014809437096118927
0.014920840039849281
0.01503754686564207
0.015161711722612381
0.015280285850167274
0.0153957549482584
0.015506573021411896
0.015613844618201256
0.015702147036790848
0.01577584631741047
0.015831246972084045
0.015868326649069786
0.015891272574663162
0.015894485637545586
0.015879403799772263
0.015849435701966286
0.015810651704669
0.01576380804181099
0.015706541016697884
0.015640530735254288
0.015566674992442131
0.015486003831028938
0.015399223193526268
0.015307463705539703
0.015211870893836021
0.015113262459635735
0.015012497082352638
0.014910319820046425
0.014807158149778843
0.01470337063074112
0.014599358662962914
0.014495426788926125
0.014391841366887093
0.014288811013102531
0.014186609536409378
0.014085296541452408
0.013985032215714455
0.01388595812022686
0.013788129203021526
0.013691595755517483
0.013596403412520885
0.013502606190741062
0.013410229235887527
0.013319255784153938
0.013229751959443092
0.013141668401658535
0.013055017217993736
0.012969758361577988
0.012885980308055878
0.012803571298718452
0.012722646817564964
0.012643225491046906
0.012565158307552338
0.012488419190049171
0.012412814423441887
0.01233864389359951
0.012266425415873528
0.012195511721074581
0.012125702574849129
0.012057293206453323
0.011991055682301521
0.011927052401006222
0.011864631436765194
0.011803852394223213
0.011745119467377663
0.011688186787068844
