0.3441205620765686
0.2536443769931793
0.11572737991809845
0.0895494595170021
0.11136895418167114
0.12834519147872925
0.13630366325378418
0.13833463191986084
0.13699045777320862
0.1338578760623932
0.1298738569021225
0.12558478116989136
0.1213117241859436
0.11723032593727112
0.11343781650066376
0.10997895151376724
0.10686181485652924
0.10408128052949905
0.10161665081977844
0.09945208579301834
0.09755651652812958
0.09590175002813339
0.09446140378713608
0.093215711414814
0.0921391025185585
0.09121303260326385
0.09041894227266312
0.08973872661590576
0.08916012942790985
0.088668592274189
0.0882570669054985
0.08791520446538925
0.08762984722852707
0.08739591389894485
0.08720926940441132
0.08706041425466537
0.08694425970315933
0.08685790002346039
0.08679855614900589
0.08675872534513474
0.08674370497465134
0.08673897385597229
0.08674637973308563
0.0867684856057167
0.08679984509944916
0.08684257417917252
0.08688846230506897
0.08694250136613846
0.08699902892112732
0.08706151694059372
0.0871260017156601
0.08719310909509659
0.08726122230291367
0.0873294398188591
0.08740232139825821
0.08747326582670212
0.08754413574934006
0.08761251717805862
0.0876835510134697
0.08775267004966736
0.0878184512257576
0.08788592368364334
0.08795195072889328
0.08801557123661041
0.08807782828807831
0.08813883364200592
0.08819885551929474
0.08825550973415375
0.08831119537353516
0.0883660838007927
0.08841775357723236
0.08846896886825562
0.08851711452007294
0.08856453001499176
0.08861038833856583
0.08865401148796082
0.08869584649801254
0.08873499184846878
0.08877506852149963
0.08881112188100815
0.08884793519973755
0.08888078480958939
0.08891120553016663
0.08894293010234833
0.0889718160033226
0.08900108188390732
0.08902706950902939
0.08905065059661865
0.08907504379749298
0.08909786492586136
0.08911781758069992
0.08913901448249817
0.08915717154741287
0.08917470276355743
0.08919113129377365
0.08920568972826004
0.0892186239361763
0.08923262357711792
0.08924492448568344
0.08925707638263702
