0.6237602233886719
-0.3259912133216858
-0.2984219193458557
-0.22047048807144165
-0.2108161747455597
-0.22783857583999634
-0.252215176820755
-0.27637779712677
-0.29766467213630676
-0.3153966963291168
-0.32971906661987305
-0.34105783700942993
-0.3498919606208801
-0.3566950857639313
-0.36186736822128296
-0.36575132608413696
-0.36860743165016174
-0.37066370248794556
-0.37209320068359375
-0.3730328679084778
-0.3735990822315216
-0.37387746572494507
-0.3739236891269684
-0.3738158345222473
-0.3735775053501129
-0.37324875593185425
-0.3728589415550232
-0.372422993183136
-0.3719671964645386
-0.3714958131313324
-0.3710182011127472
-0.3705417215824127
-0.37008240818977356
-0.369632363319397
-0.3692004382610321
-0.3687838613986969
-0.3683900535106659
-0.36801812052726746
-0.3676622211933136
-0.36734119057655334
-0.36702942848205566
-0.36674821376800537
-0.3664858043193817
-0.3662431538105011
-0.3660191297531128
-0.365816205739975
-0.36562880873680115
-0.36545971035957336
-0.36530548334121704
-0.36517274379730225
-0.36505126953125
-0.36493924260139465
-0.3648521900177002
-0.36477869749069214
-0.3647041320800781
-0.36464905738830566
-0.36460694670677185
-0.364570289850235
-0.36454805731773376
-0.3645225763320923
-0.3645162284374237
-0.36451593041419983
-0.3645199239253998
-0.3645322024822235
-0.36455726623535156
-0.3645792007446289
-0.3646089434623718
-0.36464905738830566
-0.364685982465744
-0.36473697423934937
-0.36478275060653687
-0.3648339807987213
-0.3648875653743744
-0.3649502992630005
-0.36502161622047424
-0.3650796711444855
-0.3651515245437622
-0.36522015929222107
-0.36529436707496643
-0.36536097526550293
-0.3654397428035736
-0.36552032828330994
-0.36559751629829407
-0.3656810224056244
-0.36575475335121155
-0.36583849787712097
-0.36592692136764526
-0.3660084009170532
-0.3660942316055298
-0.3661797344684601
-0.366264283657074
-0.36634546518325806
-0.36643174290657043
-0.3665253221988678
-0.3666040003299713
-0.3666946291923523
-0.3667798638343811
-0.36686936020851135
-0.3669512867927551
-0.36704021692276
