0.501737654209137
0.4987706243991852
0.4929860830307007
0.48505207896232605
0.4764825403690338
0.4690983295440674
0.4638698697090149
0.46061378717422485
0.458676815032959
0.457506388425827
0.45676708221435547
0.45627710223197937
0.455938458442688
0.4556940495967865
0.4555104076862335
0.4553639888763428
0.4552410840988159
0.4551299214363098
0.4550234377384186
0.45491698384284973
0.4548083543777466
0.4546937644481659
0.4545738697052002
0.4544467329978943
0.4543139636516571
0.45417410135269165
0.45402848720550537
0.4538774788379669
0.4537222981452942
0.4535629451274872
0.45340025424957275
0.4532347619533539
0.4530683755874634
0.4528988003730774
0.45272958278656006
0.45255911350250244
0.4523893892765045
0.45221978425979614
0.4520510137081146
0.4518835246562958
0.4517168402671814
0.4515523612499237
0.4513898491859436
0.4512287676334381
0.4510701894760132
0.45091408491134644
0.4507603347301483
0.45060935616493225
0.4504616856575012
0.4503156244754791
0.4501720368862152
0.45003199577331543
0.44989529252052307
0.44976070523262024
0.4496288299560547
0.44950029253959656
0.44937390089035034
0.4492507576942444
0.4491301476955414
0.44901221990585327
0.44889718294143677
0.44878530502319336
0.44867563247680664
0.4485679566860199
0.4484636187553406
0.44836148619651794
0.448262095451355
0.44816461205482483
0.44806939363479614
0.4479769766330719
0.4478863775730133
0.4477981925010681
0.44771212339401245
0.44762808084487915
0.4475463926792145
0.44746699929237366
0.4473889470100403
0.44731277227401733
0.447238564491272
0.4471665620803833
0.4470960199832916
0.44702717661857605
0.4469600021839142
0.4468941390514374
0.4468304216861725
0.4467679560184479
0.44670721888542175
0.4466472268104553
0.44658923149108887
0.4465324282646179
0.4464772939682007
0.44642317295074463
0.4463704824447632
0.4463191628456116
0.4462690055370331
0.4462200403213501
0.44617167115211487
0.44612544775009155
0.446078896522522
0.44603440165519714
