0.562748908996582
0.22735244035720825
0.06161116063594818
0.12108226120471954
0.15299154818058014
0.15947455167770386
0.15415894985198975
0.1441240757703781
0.13273632526397705
0.12157850712537766
0.11133719980716705
0.10228313505649567
0.09444208443164825
0.087751105427742
0.08210058510303497
0.07736307382583618
0.07341520488262177
0.070142462849617
0.06744106113910675
0.06522464752197266
0.06341573596000671
0.061946019530296326
0.06076705455780029
0.0598239004611969
0.05908609926700592
0.05851210653781891
0.05807913839817047
0.05775946378707886
0.05754353106021881
0.05740036070346832
0.057328000664711
0.057303428649902344
0.05732730031013489
0.057384565472602844
0.057472363114356995
0.05758592486381531
0.057711467146873474
0.057854101061820984
0.05800981819629669
0.05816812813282013
0.058334365487098694
0.05850289762020111
0.058673083782196045
0.05884167551994324
0.05900977551937103
0.05917517840862274
0.05933690071105957
0.0595007985830307
0.05965600907802582
0.05980624258518219
0.059953898191452026
0.060094401240348816
0.06022888422012329
0.060356587171554565
0.06048282980918884
0.06060732901096344
0.06071886420249939
0.06082877516746521
0.06093151867389679
0.06103256344795227
0.06112305819988251
0.061214759945869446
0.06129753589630127
0.061375558376312256
0.06145071983337402
0.061520472168922424
0.06158609688282013
0.06164915859699249
0.06170573830604553
0.06175796687602997
0.06180879473686218
0.06185553967952728
0.061900362372398376
0.06193700432777405
0.06197379529476166
0.06200580298900604
0.06203432381153107
0.062060579657554626
0.062085866928100586
0.06210707128047943
0.062126800417900085
0.062141790986061096
0.06215490400791168
0.06216984987258911
0.06218022108078003
0.06218528747558594
0.0621914267539978
0.062195584177970886
0.06219550967216492
0.06219896674156189
0.06219543516635895
0.06219080090522766
0.06218883395195007
0.06218007206916809
0.062172532081604004
0.06216369569301605
0.06215749680995941
0.06214597821235657
0.06213034689426422
0.062117576599121094
