0.7191206216812134
0.6286438703536987
0.49072760343551636
0.4645484685897827
0.48633021116256714
0.5032437443733215
0.511163055896759
0.5131798982620239
0.5118410587310791
0.5087246894836426
0.5047655701637268
0.5005090236663818
0.49627310037612915
0.4922334849834442
0.4884815812110901
0.4850602149963379
0.48197656869888306
0.47922590374946594
0.4767889678478241
0.47464117407798767
0.4727559983730316
0.4711105525493622
0.4696758985519409
0.46843236684799194
0.46735477447509766
0.4664264917373657
0.465625524520874
0.46494126319885254
0.4643579125404358
0.46386218070983887
0.46344318985939026
0.46309182047843933
0.4627988338470459
0.46255695819854736
0.46236106753349304
0.4622025489807129
0.4620790183544159
0.4619842767715454
0.46191662549972534
0.46186816692352295
0.46184661984443665
0.46183109283447266
0.461832731962204
0.4618484377861023
0.4618755578994751
0.46190983057022095
0.46194988489151
0.4619966745376587
0.4620506763458252
0.46210548281669617
0.4621659517288208
0.4622268080711365
0.46229124069213867
0.4623565077781677
0.4624236226081848
0.4624895751476288
0.4625564217567444
0.462623655796051
0.4626893997192383
0.46275463700294495
0.4628203511238098
0.4628840684890747
0.4629443287849426
0.463007390499115
0.46306756138801575
0.46312737464904785
0.4631831645965576
0.4632394313812256
0.4632922112941742
0.463344544172287
0.46339741349220276
0.4634454846382141
0.46349215507507324
0.46353793144226074
0.4635820686817169
0.4636247158050537
0.4636659026145935
0.4637041985988617
0.46374207735061646
0.46377745270729065
0.463811993598938
0.46384385228157043
0.46387702226638794
0.46390587091445923
0.46393394470214844
0.4639614224433899
0.46398764848709106
0.4640120267868042
0.464033842086792
0.4640573561191559
0.46407726407051086
0.4640967845916748
0.46411412954330444
0.46413227915763855
0.4641479551792145
0.46416279673576355
0.46417754888534546
0.46418994665145874
0.4642021954059601
0.4642148017883301
