0.5938771367073059
-0.05481371283531189
-0.12006339430809021
-0.03657261282205582
-0.014993317425251007
-0.022526443004608154
-0.04024549573659897
-0.06012360751628876
-0.07890286296606064
-0.09538950026035309
-0.1093246266245842
-0.12083498388528824
-0.13019131124019623
-0.1377258002758026
-0.14373603463172913
-0.14848583936691284
-0.15220600366592407
-0.15509682893753052
-0.15731248259544373
-0.15898752212524414
-0.16022521257400513
-0.1611100435256958
-0.16172069311141968
-0.16210415959358215
-0.16230833530426025
-0.16237616539001465
-0.16234171390533447
-0.1622169315814972
-0.16202396154403687
-0.16178524494171143
-0.1615116447210312
-0.16121283173561096
-0.160899356007576
-0.16057217121124268
-0.16024762392044067
-0.1599186211824417
-0.15959136188030243
-0.15926775336265564
-0.15896467864513397
-0.15866276621818542
-0.15837422013282776
-0.15809711813926697
-0.1578291952610016
-0.15757536888122559
-0.15734055638313293
-0.15710829198360443
-0.15689566731452942
-0.15669764578342438
-0.1565074622631073
-0.15633174777030945
-0.15616872906684875
-0.1560146063566208
-0.15586882829666138
-0.15573818981647491
-0.15561971068382263
-0.1555069535970688
-0.15540404617786407
-0.15531107783317566
-0.15522822737693787
-0.15515375137329102
-0.15508678555488586
-0.15502479672431946
-0.1549716591835022
-0.15492746233940125
-0.15489131212234497
-0.15485456585884094
-0.1548289805650711
-0.15480658411979675
-0.1547885239124298
-0.15477648377418518
-0.15476888418197632
-0.15476927161216736
-0.1547696888446808
-0.15477582812309265
-0.15478520095348358
-0.15479765832424164
-0.15480905771255493
-0.15482664108276367
-0.15484987199306488
-0.15487848222255707
-0.1549028754234314
-0.15493348240852356
-0.1549658179283142
-0.1550011932849884
-0.1550387591123581
-0.1550731062889099
-0.15511715412139893
-0.1551603525876999
-0.15519654750823975
-0.1552422046661377
-0.15529397130012512
-0.1553354263305664
-0.15538471937179565
-0.15543235838413239
-0.15548402070999146
-0.15553385019302368
-0.15558895468711853
-0.15563836693763733
-0.15569333732128143
-0.15574555099010468
