0.9066207408905029
0.8161431550979614
0.6782271265983582
0.6520487666130066
0.6738299131393433
0.6907430291175842
0.698662519454956
0.7006795406341553
0.6993409395217896
0.6962255239486694
0.692265510559082
0.6880086660385132
0.6837732791900635
0.679733157157898
0.6759820580482483
0.672560453414917
0.6694761514663696
0.6667265892028809
0.6642879247665405
0.6621411442756653
0.6602563858032227
0.6586105823516846
0.6571761965751648
0.6559323072433472
0.6548552513122559
0.6539260149002075
0.6531259417533875
0.6524412035942078
0.6518585681915283
0.6513627171516418
0.650943398475647
0.6505919694900513
0.6502992510795593
0.650056779384613
0.6498608589172363
0.6497025489807129
0.649579644203186
0.6494845747947693
0.6494163870811462
0.6493681073188782
0.6493468284606934
0.6493319869041443
0.6493335962295532
0.6493484377861023
0.6493762135505676
0.6494097709655762
0.6494503021240234
0.649496853351593
0.649550199508667
0.6496055126190186
0.6496658325195312
0.6497270464897156
0.6497915983200073
0.6498559713363647
0.6499240398406982
0.6499900817871094
0.6500562429428101
0.6501231789588928
0.6501889824867249
0.650255560874939
0.6503204703330994
0.6503841876983643
0.6504446864128113
0.6505076885223389
0.650567889213562
0.6506271362304688
0.6506832838058472
0.6507393717765808
0.6507924795150757
0.6508446931838989
0.6508969068527222
0.6509446501731873
0.6509931683540344
0.6510376930236816
0.6510822772979736
0.6511247158050537
0.6511656045913696
0.6512031555175781
0.6512420773506165
0.6512767672538757
0.6513129472732544
0.6513442397117615
0.6513768434524536
0.6514056921005249
0.6514342427253723
0.6514614820480347
0.6514875292778015
0.6515123248100281
0.6515348553657532
0.6515576243400574
0.6515768766403198
0.6515974998474121
0.6516141295433044
0.6516317129135132
0.6516482830047607
0.6516634225845337
0.6516779661178589
0.6516897678375244
0.6517021656036377
0.6517142057418823
