0.28794360160827637
0.27226391434669495
0.23764367401599884
0.19636932015419006
0.17519524693489075
0.17428195476531982
0.17997312545776367
0.18558301031589508
0.18953002989292145
0.19186615943908691
0.19298876821994781
0.193272203207016
0.1930031180381775
0.19235916435718536
0.1914713978767395
0.1904330998659134
0.18931643664836884
0.18816642463207245
0.18701313436031342
0.18587712943553925
0.18477509915828705
0.18371649086475372
0.18270595371723175
0.1817491054534912
0.18084703385829926
0.18000130355358124
0.17921175062656403
0.17847870290279388
0.17779776453971863
0.1771668642759323
0.17658814787864685
0.1760575771331787
0.17556898295879364
0.17512290179729462
0.17471879720687866
0.1743505597114563
0.17401686310768127
0.1737132966518402
0.1734360158443451
0.17318369448184967
0.1729552149772644
0.17274892330169678
0.17256268858909607
0.17239515483379364
0.17224448919296265
0.17210985720157623
0.1719905585050583
0.17188660800457
0.17179524898529053
0.171713724732399
0.1716424971818924
0.17157937586307526
0.17152424156665802
0.1714763045310974
0.17143476009368896
0.1714002639055252
0.17136946320533752
0.17134377360343933
0.17132271826267242
0.17130593955516815
0.17129357159137726
0.17128446698188782
0.1712789088487625
0.1712752878665924
0.17127515375614166
0.17127755284309387
0.17128168046474457
0.17128735780715942
0.17129398882389069
0.17130354046821594
0.17131425440311432
0.1713249683380127
0.17133700847625732
0.17135073244571686
0.1713644415140152
0.17137965559959412
0.17139506340026855
0.17141059041023254
0.17142707109451294
0.17144328355789185
0.17146022617816925
0.17147722840309143
0.17149388790130615
0.17151176929473877
0.1715291142463684
0.17154566943645477
0.17156319320201874
0.1715804487466812
0.1715971827507019
0.1716148406267166
0.17163118720054626
0.17164736986160278
0.17166481912136078
0.17168065905570984
0.1716962456703186
0.17171280086040497
0.17172814905643463
0.1717429757118225
0.17175865173339844
0.17177364230155945
