0.6563770771026611
0.007686391472816467
-0.057563379406929016
0.025927230715751648
0.047506868839263916
0.03997357189655304
0.02225460112094879
0.002376273274421692
-0.016402870416641235
-0.03288954496383667
-0.04682466387748718
-0.05833497643470764
-0.0676913857460022
-0.0752258151769638
-0.08123579621315002
-0.08598567545413971
-0.08970591425895691
-0.09259672462940216
-0.09481248259544373
-0.09648752212524414
-0.09772525727748871
-0.09861011803150177
-0.09922058880329132
-0.09960432350635529
-0.09980815649032593
-0.09987615048885345
-0.09984157979488373
-0.09971678256988525
-0.09952391684055328
-0.09928517043590546
-0.09901167452335358
-0.09871265292167664
-0.09839938580989838
-0.09807205200195312
-0.09774748980998993
-0.09741851687431335
-0.09709140658378601
-0.09676750004291534
-0.096464604139328
-0.09616276621818542
-0.09587408602237701
-0.09559713304042816
-0.09532913565635681
-0.09507539868354797
-0.09484051167964935
-0.09460820257663727
-0.09439577162265778
-0.09419770538806915
-0.09400750696659088
-0.09383174777030945
-0.09366859495639801
-0.0935145765542984
-0.09336893260478973
-0.09323814511299133
-0.0931197851896286
-0.09300696849822998
-0.09290404617786407
-0.0928109884262085
-0.0927283763885498
-0.09265367686748505
-0.09258680045604706
-0.09252466261386871
-0.09247162938117981
-0.0924273431301117
-0.09239131212234497
-0.09235456585884094
-0.09232904016971588
-0.09230659902095795
-0.09228858351707458
-0.09227651357650757
-0.09226877987384796
-0.09226924180984497
-0.0922696441411972
-0.09227573871612549
-0.09228520095348358
-0.09229762852191925
-0.09230907261371613
-0.09232671558856964
-0.09234972298145294
-0.09237843751907349
-0.09240277111530304
-0.09243349730968475
-0.09246586263179779
-0.09250104427337646
-0.09253866970539093
-0.0925731360912323
-0.09261706471443176
-0.09266044199466705
-0.09269648790359497
-0.09274205565452576
-0.09279400110244751
-0.09283550083637238
-0.09288474917411804
-0.09293229877948761
-0.09298408031463623
-0.09303371608257294
-0.09308898448944092
-0.09313829243183136
-0.09319339692592621
-0.09324562549591064
