0.5316206812858582
0.44114452600479126
0.3032275438308716
0.2770487666130066
0.29883038997650146
0.3157438635826111
0.3236631453037262
0.3256797790527344
0.3243410885334015
0.321224570274353
0.31726551055908203
0.3130088150501251
0.3087734282016754
0.304733008146286
0.30098140239715576
0.297559916973114
0.2944764494895935
0.2917257249355316
0.28928908705711365
0.28714096546173096
0.28525635600090027
0.2836107909679413
0.2821757197380066
0.28093254566192627
0.2798548936843872
0.27892613410949707
0.2781255841255188
0.27744174003601074
0.2768579423427582
0.27636244893074036
0.2759433090686798
0.275591641664505
0.27529942989349365
0.2750566005706787
0.2748607099056244
0.2747024893760681
0.27457886934280396
0.2744842767715454
0.274416446685791
0.27436864376068115
0.2743465006351471
0.27433085441589355
0.2743324637413025
0.2743483781814575
0.27437543869018555
0.2744098901748657
0.27444982528686523
0.2744966745376587
0.27455049753189087
0.27460527420043945
0.274665892124176
0.2747267782688141
0.2747911214828491
0.2748563289642334
0.2749236226081848
0.27498969435691833
0.27505654096603394
0.2751239538192749
0.2751893997192383
0.2752548158168793
0.2753201127052307
0.2753840386867523
0.27544471621513367
0.2755075991153717
0.27556753158569336
0.27562767267227173
0.2756831645965576
0.2757396101951599
0.2757919132709503
0.27584484219551086
0.2758968770503998
0.27594560384750366
0.27599188685417175
0.27603772282600403
0.27608218789100647
0.27612489461898804
0.2761661112308502
0.27620387077331543
0.27624189853668213
0.2762770652770996
0.276311993598938
0.27634406089782715
0.2763771414756775
0.27640607953071594
0.27643370628356934
0.27646130323410034
0.2764878273010254
0.27651214599609375
0.276533842086792
0.2765573561191559
0.2765769362449646
0.2765965461730957
0.27661436796188354
0.2766323387622833
0.27664828300476074
0.27666279673576355
0.2766778767108917
0.2766905426979065
0.27670222520828247
0.2767149806022644
