0.5129437446594238
0.49726420640945435
0.462643563747406
0.4213689863681793
0.400195837020874
0.39927706122398376
0.4049007296562195
0.4103686213493347
0.4141687750816345
0.41638511419296265
0.4174099862575531
0.4176012873649597
0.4172327220439911
0.41650062799453735
0.41554099321365356
0.41445162892341614
0.4132978320121765
0.41212549805641174
0.4109672009944916
0.4098413288593292
0.40876492857933044
0.4077438712120056
0.4067823588848114
0.4058833122253418
0.40504705905914307
0.40427008271217346
0.4035530984401703
0.40289124846458435
0.4022815227508545
0.40172213315963745
0.4012097716331482
0.40073952078819275
0.4003101885318756
0.3999174237251282
0.39955994486808777
0.3992343544960022
0.39893606305122375
0.3986671566963196
0.39842110872268677
0.3981989324092865
0.3979966640472412
0.3978132903575897
0.3976481854915619
0.3974979817867279
0.39736315608024597
0.3972419202327728
0.3971336781978607
0.39703553915023804
0.39694738388061523
0.3968694806098938
0.39679986238479614
0.39673858880996704
0.39668354392051697
0.3966357409954071
0.39659416675567627
0.3965572714805603
0.3965263366699219
0.39649856090545654
0.39647576212882996
0.3964570164680481
0.3964416980743408
0.3964289128780365
0.39641904830932617
0.39641207456588745
0.3964075744152069
0.39640504121780396
0.3964044153690338
0.3964046537876129
0.3964068591594696
0.3964114487171173
0.39641618728637695
0.396421879529953
0.39642953872680664
0.39643800258636475
0.3964459002017975
0.39645612239837646
0.39646610617637634
0.39647650718688965
0.3964872658252716
0.3964994549751282
0.39651092886924744
0.3965224325656891
0.3965347707271576
0.39654776453971863
0.39656031131744385
0.39657312631607056
0.3965858817100525
0.39659830927848816
0.3966115713119507
0.3966234624385834
0.3966365158557892
0.39664870500564575
0.3966608941555023
0.39667385816574097
0.396685928106308
0.39669668674468994
0.39670974016189575
0.39672136306762695
0.3967326879501343
0.39674365520477295
