0.737943708896637
0.7222636342048645
0.6876437664031982
0.6463692784309387
0.6251959800720215
0.624276876449585
0.6299015879631042
0.6353689432144165
0.639168381690979
0.6413847208023071
0.642410159111023
0.6426014304161072
0.6422331929206848
0.6415009498596191
0.6405406594276428
0.6394512057304382
0.6382977962493896
0.6371259093284607
0.6359670758247375
0.6348419785499573
0.6337648034095764
0.6327438950538635
0.6317824721336365
0.6308825612068176
0.6300467252731323
0.6292703747749329
0.6285527348518372
0.627891480922699
0.6272814869880676
0.6267222166061401
0.6262099742889404
0.6257399320602417
0.6253100037574768
0.6249174475669861
0.6245602369308472
0.6242341995239258
0.6239357590675354
0.6236671805381775
0.6234208345413208
0.6231988668441772
0.6229962706565857
0.6228135824203491
0.6226481199264526
0.6224976181983948
0.6223630309104919
0.622241735458374
0.6221333146095276
0.6220349669456482
0.6219475269317627
0.6218696236610413
0.6217995285987854
0.6217382550239563
0.6216835379600525
0.6216357946395874
0.6215940713882446
0.6215571761131287
0.6215258240699768
0.6214986443519592
0.6214760541915894
0.6214569807052612
0.6214415431022644
0.6214286684989929
0.6214192509651184
0.6214122772216797
0.6214075088500977
0.6214050054550171
0.6214042901992798
0.6214047074317932
0.6214067935943604
0.6214116215705872
0.6214157342910767
0.6214214563369751
0.621429443359375
0.6214374899864197
0.6214457750320435
0.6214561462402344
0.6214662194252014
0.6214765310287476
0.6214879155158997
0.6214993596076965
0.6215111017227173
0.6215227246284485
0.6215348243713379
0.6215481758117676
0.6215602159500122
0.6215729713439941
0.6215860247612
0.6215983629226685
0.6216117143630981
0.6216234564781189
0.6216360330581665
0.6216488480567932
0.6216609477996826
0.6216737031936646
0.6216855645179749
0.6216968297958374
0.6217095851898193
0.6217219829559326
0.6217324733734131
0.6217434406280518
