0.9629438519477844
0.9472635388374329
0.91264408826828
0.8713695406913757
0.8501948714256287
0.8492773771286011
0.8549015522003174
0.8603679537773132
0.8641687035560608
0.8663854598999023
0.8674095273017883
0.8676010966300964
0.8672323822975159
0.8665006756782532
0.8655411005020142
0.8644512891769409
0.8632982969284058
0.8621264100074768
0.8609673380851746
0.8598427772521973
0.8587650060653687
0.8577436208724976
0.8567834496498108
0.8558829426765442
0.8550461530685425
0.854270875453949
0.8535527586936951
0.852891206741333
0.8522812724113464
0.8517224788665771
0.8512102365493774
0.8507400751113892
0.8503110408782959
0.8499181270599365
0.8495593667030334
0.8492342233657837
0.8489363789558411
0.848667323589325
0.8484214544296265
0.8481983542442322
0.8479960560798645
0.8478130102157593
0.8476486206054688
0.8474978804588318
0.8473629355430603
0.8472424149513245
0.8471338748931885
0.8470340371131897
0.8469467163085938
0.846870481967926
0.8468000888824463
0.8467373847961426
0.8466830849647522
0.8466358184814453
0.8465945720672607
0.8465586304664612
0.8465253114700317
0.8464993834495544
0.8464761972427368
0.8464576005935669
0.8464423418045044
0.8464284539222717
0.8464193940162659
0.846412718296051
0.8464080691337585
0.8464052677154541
0.8464041352272034
0.8464043140411377
0.8464061617851257
0.8464109301567078
0.8464155197143555
0.8464211821556091
0.8464285135269165
0.8464372158050537
0.8464465141296387
0.8464577198028564
0.8464659452438354
0.8464773297309875
0.846487283706665
0.8464987277984619
0.8465107679367065
0.8465228080749512
0.8465355634689331
0.8465483784675598
0.8465605974197388
0.8465737104415894
0.8465855717658997
0.8465979695320129
0.846610963344574
0.8466233611106873
0.8466365933418274
0.8466486930847168
0.8466604948043823
0.8466734886169434
0.8466858863830566
0.8466982841491699
0.8467094898223877
0.8467216491699219
0.8467329740524292
0.8467445969581604
