0.812748908996582
0.4773527681827545
0.3116115629673004
0.37108200788497925
0.4029916524887085
0.40947484970092773
0.4041585624217987
0.3941236138343811
0.3827367126941681
0.37157806754112244
0.36133694648742676
0.3522835373878479
0.3444422483444214
0.3377513289451599
0.33210062980651855
0.32736295461654663
0.32341477274894714
0.3201415538787842
0.3174409866333008
0.3152247667312622
0.31341567635536194
0.31194615364074707
0.3107668459415436
0.30982381105422974
0.3090868592262268
0.3085116744041443
0.3080790042877197
0.30775946378707886
0.30754339694976807
0.3073997497558594
0.3073275089263916
0.307303249835968
0.3073272109031677
0.3073846995830536
0.30747267603874207
0.3075862526893616
0.3077116310596466
0.3078536093235016
0.30800938606262207
0.3081684410572052
0.30833470821380615
0.30850258469581604
0.30867308378219604
0.3088414669036865
0.3090093731880188
0.30917516350746155
0.30933666229248047
0.30950087308883667
0.3096553385257721
0.3098059296607971
0.30995357036590576
0.3100939393043518
0.31022876501083374
0.31035706400871277
0.31048280000686646
0.3106077015399933
0.31071871519088745
0.3108288645744324
0.3109317421913147
0.3110330104827881
0.3111228942871094
0.3112143278121948
0.3112971782684326
0.31137558817863464
0.3114507496356964
0.31152045726776123
0.31158626079559326
0.3116490840911865
0.31170573830604553
0.3117576539516449
0.3118085265159607
0.3118557035923004
0.3118997812271118
0.3119366765022278
0.31197404861450195
0.3120059370994568
0.3120352029800415
0.31206077337265015
0.31208598613739014
0.3121071755886078
0.3121275305747986
0.3121422231197357
0.31215518712997437
0.3121696412563324
0.3121799826622009
0.312185138463974
0.3121916353702545
0.312195360660553
0.3121955394744873
0.3121989071369171
0.3121960759162903
0.3121907413005829
0.3121885061264038
0.312179833650589
0.31217271089553833
0.31216397881507874
0.31215766072273254
0.3121461868286133
0.3121304512023926
0.31211739778518677
0.31210577487945557
0.31208816170692444
0.31207144260406494
0.312056303024292
0.3120364844799042
0.3120204210281372
0.3119996190071106
0.31198036670684814
0.3119584918022156
0.31193456053733826
0.3119143843650818
0.3118915557861328
0.311868816614151
0.311847448348999
0.31182029843330383
0.3117970824241638
0.3117702007293701
0.3117475211620331
0.31172341108322144
0.31169673800468445
0.3116685152053833
0.311644971370697
0.31161776185035706
0.3115873634815216
0.3115595281124115
0.3115338683128357
0.311504602432251
0.3114778995513916
0.3114510774612427
0.3114210069179535
0.3113934397697449
0.3113659620285034
0.3113355338573456
0.311309278011322
0.31128185987472534
0.31125134229660034
0.31122130155563354
0.3111933469772339
0.31116577982902527
0.3111339807510376
0.3111070692539215
0.3110780715942383
0.31105053424835205
0.3110198676586151
0.31099042296409607
0.31096363067626953
0.3109354078769684
0.31090641021728516
0.31087708473205566
0.3108467757701874
0.31081974506378174
0.3107930123806
0.31076568365097046
0.31073445081710815
0.3107060194015503
0.31067773699760437
0.3106490969657898
0.3106221556663513
0.3105948269367218
0.3105688691139221
0.31053948402404785
0.31051287055015564
0.31048405170440674
0.3104596734046936
0.3104311227798462
0.310404896736145
0.310377836227417
0.3103519082069397
0.31032443046569824
0.3103007674217224
0.31027257442474365
0.3102474808692932
0.31021928787231445
0.31019386649131775
0.3101676106452942
0.31014376878738403
0.3101177215576172
0.3100966513156891
0.31006866693496704
0.31004583835601807
0.3100207448005676
0.3099966049194336
0.30997103452682495
0.30994677543640137
0.30992352962493896
0.30989891290664673
0.3098742365837097
0.30985361337661743
0.3098296523094177
0.30980587005615234
0.3097820281982422
0.30975931882858276
0.3097364008426666
0.3097130060195923
0.3096916377544403
0.30966809391975403
0.30964648723602295
0.30962616205215454
0.3096015155315399
0.30958378314971924
0.30956000089645386
0.30953875184059143
0.3095153570175171
0.3094935119152069
0.3094775080680847
0.30945658683776855
0.3094353973865509
0.3094150424003601
0.3093944191932678
0.30937302112579346
0.3093554377555847
0.3093358278274536
0.30931556224823
0.3092973232269287
0.30927789211273193
0.30925583839416504
0.3092399835586548
0.309223473072052
0.3092029392719269
0.3091844916343689
0.30916425585746765
0.30914774537086487
0.30912864208221436
0.30910903215408325
0.3090915381908417
0.30907493829727173
0.3090568780899048
0.3090408444404602
0.30902379751205444
0.3090071678161621
0.3089914917945862
0.30897194147109985
0.30895593762397766
0.30893951654434204
0.3089216351509094
0.30890753865242004
0.3088918924331665
0.3088770806789398
0.30886197090148926
0.30884379148483276
0.30882930755615234
0.3088113069534302
0.3087974190711975
0.3087811768054962
0.30876708030700684
0.30875271558761597
0.3087388277053833
0.3087243437767029
0.3087089955806732
0.30869340896606445
0.30868154764175415
0.30866795778274536
0.3086516857147217
0.30863845348358154
0.3086249530315399
0.308611124753952
0.30859872698783875
0.3085857033729553
0.30857259035110474
0.30856001377105713
0.3085442781448364
0.3085295557975769
0.30851876735687256
0.3085048198699951
0.30849507451057434
0.30848240852355957
0.30846914649009705
0.30845609307289124
0.3084431290626526
0.30843478441238403
0.3084212839603424
0.30840983986854553
0.3083963990211487
0.30838292837142944
0.30837273597717285
0.308363139629364
0.30835068225860596
0.3083374798297882
0.30832892656326294
0.30831795930862427
0.30830734968185425
0.30829522013664246
0.30828428268432617
0.30827265977859497
0.3082643747329712
0.30825310945510864
0.30824142694473267
0.3082309365272522
0.3082225024700165
0.3082118034362793
0.3082021474838257
0.3081890940666199
0.3081824779510498
0.30816972255706787
0.3081616163253784
0.3081536293029785
0.30814290046691895
0.3081324100494385
0.3081247806549072
0.30811500549316406
0.3081064522266388
0.30809617042541504
0.30808380246162415
0.3080761730670929
0.3080715537071228
0.3080630600452423
0.3080524206161499
0.3080437183380127
0.30803629755973816
0.3080264627933502
0.30802085995674133
0.30801093578338623
0.3080021142959595
0.30799412727355957
0.3079838752746582
0.30797863006591797
0.3079671859741211
0.30796247720718384
0.30795252323150635
0.3079461455345154
0.3079379200935364
0.30793172121047974
0.3079233765602112
0.3079167306423187
0.30790895223617554
0.3079013526439667
0.30789420008659363
0.3078871965408325
0.30787891149520874
0.3078729510307312
0.3078649640083313
0.30785873532295227
0.30785104632377625
0.3078446686267853
0.30783700942993164
0.30783191323280334
0.30782437324523926
0.3078176975250244
0.30781060457229614
0.30780747532844543
0.3078003227710724
0.3077922463417053
0.3077888488769531
0.30778032541275024
0.30777281522750854
0.3077657222747803
0.3077625632286072
0.3077567219734192
0.30775052309036255
0.30774325132369995
0.3077383041381836
0.30773109197616577
0.30772626399993896
0.3077203035354614
0.30771583318710327
0.30770933628082275
0.30770641565322876
0.30769962072372437
0.30769413709640503
0.30768883228302
0.3076825737953186
0.30767735838890076
0.30767202377319336
0.3076702952384949
0.30766546726226807
0.30766069889068604
0.30765318870544434
0.307649165391922
0.30764371156692505
0.3076375126838684
0.30763423442840576
0.3076314330101013
0.3076249957084656
0.30762118101119995
0.3076152205467224
0.3076087534427643
0.3076070547103882
0.30760204792022705
0.30759578943252563
0.30759236216545105
0.3075881600379944
0.3075847327709198
0.3075799345970154
0.30757275223731995
0.3075723648071289
0.3075672388076782
0.3075605630874634
0.3075588047504425
0.3075530529022217
0.30754855275154114
0.3075447082519531
0.3075404167175293
0.3075390160083771
0.3075355291366577
0.30752989649772644
0.3075273334980011
0.30752289295196533
0.30751943588256836
0.3075159788131714
0.30751195549964905
