0.25423744320869446
0.2512706518173218
0.24548572301864624
0.2375524342060089
0.22898240387439728
0.2216184139251709
0.21643146872520447
0.21319010853767395
0.21124385297298431
0.2100590616464615
0.20929819345474243
0.2087845504283905
0.2084195762872696
0.20814776420593262
0.2079368680715561
0.20776644349098206
0.20762044191360474
0.20748990774154663
0.20736631751060486
0.20724579691886902
0.20712387561798096
0.2069997638463974
0.20687024295330048
0.2067360281944275
0.20659661293029785
0.2064521163702011
0.20630238950252533
0.20614802837371826
0.20599137246608734
0.2058335244655609
0.20567549765110016
0.20551978051662445
0.20536519587039948
0.20520959794521332
0.20505402982234955
0.20490090548992157
0.2047489434480667
0.2046012282371521
0.2044544816017151
0.20431001484394073
0.2041669487953186
0.2040252983570099
0.20388683676719666
0.20374999940395355
0.20361579954624176
0.20348504185676575
0.20335714519023895
0.2032337486743927
0.2031146138906479
0.2029990404844284
0.202885702252388
0.20277400314807892
0.2026645690202713
0.20255810022354126
0.20245599746704102
0.2023569643497467
0.20226150751113892
0.20216882228851318
0.20207859575748444
0.2019900381565094
0.20190392434597015
0.20182085037231445
0.20174004137516022
0.20166248083114624
0.20158745348453522
0.2015145868062973
0.20144298672676086
0.20137453079223633
0.2013075351715088
0.2012420892715454
0.20117826759815216
0.20111656188964844
0.20105651021003723
0.20099811255931854
0.20094193518161774
0.20088796317577362
0.20083557069301605
0.20078496634960175
0.20073643326759338
0.20068860054016113
0.2006419152021408
0.2005966454744339
0.2005523443222046
0.20050905644893646
0.20046763122081757
0.20042763650417328
0.2003888338804245
0.2003510743379593
0.20031510293483734
0.20028004050254822
0.20024576783180237
0.20021280646324158
0.2001802921295166
0.20014870166778564
0.20011812448501587
0.20008820295333862
0.2000592201948166
0.20003099739551544
0.20000411570072174
0.199977844953537
