0.7492375373840332
0.7462705969810486
0.740485429763794
0.7325519919395447
0.7239826917648315
0.7165982723236084
0.7113704085350037
0.7081144452095032
0.7061765789985657
0.7050062417984009
0.7042674422264099
0.7037770748138428
0.7034387588500977
0.7031943202018738
0.7030103206634521
0.7028636336326599
0.7027406096458435
0.702629566192627
0.7025231719017029
0.7024170160293579
0.702308177947998
0.7021942138671875
0.7020735740661621
0.7019467949867249
0.7018135190010071
0.7016737461090088
0.7015278935432434
0.7013773322105408
0.7012222409248352
0.7010635137557983
0.7009006142616272
0.7007352113723755
0.7005679607391357
0.7003990411758423
0.7002294063568115
0.700059175491333
0.6998888254165649
0.699720025062561
0.6995508670806885
0.6993833780288696
0.6992170214653015
0.6990528106689453
0.6988896131515503
0.6987294554710388
0.6985699534416199
0.698413610458374
0.6982609033584595
0.6981097459793091
0.6979618668556213
0.6978151798248291
0.6976726055145264
0.6975323557853699
0.6973953247070312
0.6972607374191284
0.6971288919448853
0.69700026512146
0.6968743205070496
0.6967505812644958
0.6966301798820496
0.6965123414993286
0.6963977813720703
0.6962854266166687
0.6961765289306641
0.6960679292678833
0.6959632635116577
0.6958613395690918
0.6957620978355408
0.6956647038459778
0.6955697536468506
0.695477306842804
0.6953863501548767
0.6952986717224121
0.6952124834060669
0.6951280236244202
0.6950460076332092
0.6949670314788818
0.6948890089988708
0.6948123574256897
0.6947383880615234
0.6946665644645691
0.6945966482162476
0.6945263147354126
0.694460928440094
0.694394052028656
0.6943311095237732
0.694267988204956
0.6942071318626404
0.694146990776062
0.6940887570381165
0.6940328478813171
0.6939771175384521
0.693922758102417
0.6938703656196594
0.6938192248344421
0.6937689781188965
0.6937205195426941
0.6936715841293335
0.6936253309249878
0.6935790777206421
0.6935344934463501
