0.6287602186203003
-0.3209912180900574
-0.2934219241142273
-0.21547049283981323
-0.20581619441509247
-0.22283855080604553
-0.24721519649028778
-0.2713778018951416
-0.29266464710235596
-0.3103967010974884
-0.32471904158592224
-0.3360578417778015
-0.3448919355869293
-0.35169506072998047
-0.35686737298965454
-0.36075136065483093
-0.3636074364185333
-0.36566370725631714
-0.36709320545196533
-0.36803287267684937
-0.3685990869998932
-0.36887747049331665
-0.36892369389533997
-0.3688158392906189
-0.3685774803161621
-0.36824876070022583
-0.3678589463233948
-0.3674229681491852
-0.36696720123291016
-0.366495817899704
-0.3660182058811188
-0.3655417263507843
-0.36508241295814514
-0.36463236808776855
-0.3642004430294037
-0.3637838363647461
-0.3633900284767151
-0.36301812529563904
-0.3626622259616852
-0.3623411953449249
-0.36202943325042725
-0.36174821853637695
-0.3614858090877533
-0.3612431585788727
-0.361019104719162
-0.36081621050834656
-0.36062881350517273
-0.36045971512794495
-0.36030545830726624
-0.36017274856567383
-0.3600512742996216
-0.35993924736976624
-0.3598521947860718
-0.3597787022590637
-0.3597041368484497
-0.35964906215667725
-0.35960695147514343
-0.35957029461860657
-0.35954806208610535
-0.35952258110046387
-0.3595162332057953
-0.3595159351825714
-0.35951992869377136
-0.3595322072505951
-0.35955724120140076
-0.3595792055130005
-0.3596089482307434
-0.35964906215667725
-0.3596859872341156
-0.35973697900772095
-0.35978272557258606
-0.3598339855670929
-0.3598875403404236
-0.35995030403137207
-0.36002159118652344
-0.36007964611053467
-0.3601515293121338
-0.36022016406059265
-0.360294371843338
-0.3603609800338745
-0.3604397177696228
-0.3605203330516815
-0.36059749126434326
-0.36068102717399597
-0.36075475811958313
-0.36083850264549255
-0.36092695593833923
-0.3610084056854248
-0.36109423637390137
-0.3611797094345093
-0.36126425862312317
-0.36134544014930725
-0.361431747674942
-0.3615253269672394
-0.3616040050983429
-0.3616946339607239
-0.3617798686027527
-0.36186933517456055
-0.3619512915611267
-0.3620402216911316
