0.687748908996582
0.35235244035720825
0.18661141395568848
0.24608217179775238
0.2779918313026428
0.2844744920730591
0.27915868163108826
0.26912403106689453
0.2577363848686218
0.2465784251689911
0.2363370656967163
0.2272832691669464
0.21944206953048706
0.21275122463703156
0.2071007490158081
0.2023628205060959
0.19841495156288147
0.19514212012290955
0.19244107604026794
0.19022436439990997
0.18841558694839478
0.18694613873958588
0.18576663732528687
0.18482404947280884
0.18408627808094025
0.18351207673549652
0.18307916820049286
0.18275947868824005
0.18254385888576508
0.18240021169185638
0.18232782185077667
0.1823035329580307
0.18232746422290802
0.18238422274589539
0.18247219920158386
0.1825859397649765
0.18271160125732422
0.1828538477420807
0.1830097734928131
0.1831682324409485
0.18333427608013153
0.18350288271903992
0.18367305397987366
0.1838417798280716
0.18400949239730835
0.18417507410049438
0.1843368262052536
0.18450085818767548
0.18465593457221985
0.18480587005615234
0.18495358526706696
0.18509429693222046
0.18522891402244568
0.18535640835762024
0.18548278510570526
0.18560749292373657
0.18571911752223969
0.18582884967327118
0.18593153357505798
0.18603253364562988
0.18612289428710938
0.18621443212032318
0.18629774451255798
0.18637573719024658
0.18645095825195312
0.18652059137821198
0.18658596277236938
0.18664903938770294
0.1867055892944336
0.1867579221725464
0.18680866062641144
0.18685564398765564
0.18690015375614166
0.18693722784519196
0.1869739592075348
0.18700586259365082
0.18703460693359375
0.1870606690645218
0.187085822224617
0.1871071457862854
0.1871269941329956
0.18714174628257751
0.18715517222881317
0.1871698498725891
0.1871800571680069
0.18718525767326355
0.18719175457954407
0.1871955543756485
0.1871955394744873
0.18719881772994995
0.18719561398029327
0.18719112873077393
0.18718893826007843
0.18718010187149048
0.187172532081604
0.1871635615825653
0.1871575117111206
0.18714603781700134
0.18713046610355377
0.18711750209331512
