0.7188771367073059
0.07018627226352692
0.004936665296554565
0.08842727541923523
0.11000682413578033
0.10247354209423065
0.08475428819656372
0.06487621366977692
0.046097055077552795
0.02961030602455139
0.01567557454109192
0.004164844751358032
-0.005191624164581299
-0.01272575557231903
-0.01873546838760376
-0.023485824465751648
-0.02720591425895691
-0.03009667992591858
-0.03231219947338104
-0.03398755192756653
-0.03522519767284393
-0.03611014783382416
-0.03672058880329132
-0.03710426390171051
-0.0373077392578125
-0.037376001477241516
-0.03734169900417328
-0.03721679747104645
-0.03702361881732941
-0.03678499162197113
-0.03651160001754761
-0.03621262311935425
-0.0358995646238327
-0.03557218611240387
-0.03524713218212128
-0.034918516874313354
-0.034591272473335266
-0.03426778316497803
-0.033964842557907104
-0.033662691712379456
-0.033373817801475525
-0.03309711813926697
-0.03282931447029114
-0.03257521986961365
-0.03234033286571503
-0.03210790455341339
-0.031895846128463745
-0.031697750091552734
-0.0315074622631073
-0.03133164346218109
-0.031168580055236816
-0.03101472556591034
-0.030868828296661377
-0.030738279223442078
-0.030619800090789795
-0.030506938695907593
-0.030404001474380493
-0.03031104803085327
-0.030228301882743835
-0.030154049396514893
-0.030086874961853027
-0.030024796724319458
-0.029971659183502197
-0.029927387833595276
-0.02989126741886139
-0.029854655265808105
-0.029829129576683044
-0.02980649471282959
-0.029788538813591003
-0.02977675199508667
-0.029768645763397217
-0.029769107699394226
-0.029769867658615112
-0.02977602183818817
-0.029785379767417908
-0.029797717928886414
-0.0298091322183609
-0.02982667088508606
-0.029849573969841003
-0.02987857162952423
-0.029902637004852295
-0.02993321418762207
-0.029965534806251526
-0.03000105917453766
-0.030038654804229736
-0.030073240399360657
-0.03011736273765564
-0.030160978436470032
-0.030196547508239746
-0.03024214506149292
-0.03029388189315796
-0.030335530638694763
-0.03038465976715088
-0.030432388186454773
-0.03048396110534668
-0.030533745884895325
-0.030589118599891663
-0.03063817322254181
-0.03069339692592621
-0.030745729804039
