[[0.39173513650894165, 0.2154618501663208], [0.20092463493347168, 0.297197163105011], [0.9411484003067017, 0.37079882621765137], [0.5435009598731995, 0.12866711616516113], [0.1000261902809143, 0.38704943656921387]]
[[0.3908042907714844, 0.21640218794345856], [0.19943802058696747, 0.2984514534473419], [0.9387093782424927, 0.37010952830314636], [0.5460407733917236, 0.12332240492105484], [0.0970950573682785, 0.3928355872631073]]
[[0.38895249366760254, 0.21824967861175537], [0.196553573012352, 0.30090799927711487], [0.9338998198509216, 0.36875244975090027], [0.5508689284324646, 0.11286717653274536], [0.09144629538059235, 0.40422338247299194]]
[[0.38627421855926514, 0.2209235429763794], [0.19246219098567963, 0.3044329881668091], [0.9269009828567505, 0.3668007254600525], [0.5574777722358704, 0.09784634411334991], [0.08351603150367737, 0.4207165241241455]]
[[0.3828549087047577, 0.22433553636074066], [0.18733468651771545, 0.3088674247264862], [0.9178688526153564, 0.36429938673973083], [0.5654332637786865, 0.07880964875221252], [0.07365884631872177, 0.44180920720100403]]
[[0.3787987530231476, 0.22838684916496277], [0.18140165507793427, 0.3140081763267517], [0.9070608019828796, 0.3613465130329132], [0.5742582082748413, 0.05647829920053482], [0.06233910098671913, 0.46675756573677063]]
[[0.3741622865200043, 0.23298189043998718], [0.17475461959838867, 0.31974899768829346], [0.8945236802101135, 0.35797765851020813], [0.5836800336837769, 0.031223999336361885], [0.04979325085878372, 0.49524980783462524]]
[[0.3689565062522888, 0.23807087540626526], [0.1673443764448166, 0.3260439336299896], [0.8801366090774536, 0.3541416525840759], [0.5936299562454224, 0.0031475499272346497], [0.0360589325428009, 0.5272055268287659]]
[[0.36317628622055054, 0.24362285435199738], [0.15909291803836823, 0.3328503668308258], [0.8639354109764099, 0.3498104512691498], [0.6041057109832764, -0.02748183161020279], [0.02130979672074318, 0.5621585845947266]]
[[0.3568107783794403, 0.24961096048355103], [0.14994755387306213, 0.34010061621665955], [0.8463606238365173, 0.34504052996635437], [0.6151323914527893, -0.0600084625184536], [0.005991574376821518, 0.5990117192268372]]
[[0.34981879591941833, 0.2560007572174072], [0.139914408326149, 0.3476957380771637], [0.8280649185180664, 0.33986029028892517], [0.6267865300178528, -0.09365203976631165], [-0.009477226994931698, 0.636597216129303]]
[[0.3421669900417328, 0.2627749741077423], [0.1289929896593094, 0.3555741012096405], [0.8096424341201782, 0.334270179271698], [0.6391862630844116, -0.1278482973575592], [-0.024819262325763702, 0.6740015745162964]]
[[0.33384114503860474, 0.2698719799518585], [0.1171770691871643, 0.3636941611766815], [0.7914211750030518, 0.3282822370529175], [0.652397096157074, -0.16228008270263672], [-0.03984207287430763, 0.7108193635940552]]
[[0.32486268877983093, 0.2772466540336609], [0.10447515547275543, 0.3720020353794098], [0.7734397649765015, 0.3218958377838135], [0.6664018630981445, -0.19688327610492706], [-0.05450042337179184, 0.7470577955245972]]
[[0.31525537371635437, 0.284859299659729], [0.09090576320886612, 0.3804467022418976], [0.7557241320610046, 0.3151187300682068], [0.6811707019805908, -0.23160605132579803], [-0.06875485926866531, 0.7827440500259399]]
[[0.30506542325019836, 0.29267385601997375], [0.0765213817358017, 0.38897520303726196], [0.7383914589881897, 0.30800753831863403], [0.6966215968132019, -0.266345351934433], [-0.0825486034154892, 0.8178521990776062]]
[[0.2944072484970093, 0.3006594777107239], [0.06152486801147461, 0.39753565192222595], [0.7219578623771667, 0.3008256256580353], [0.7125250101089478, -0.3007766604423523], [-0.09572361409664154, 0.8521081209182739]]
[[0.28343716263771057, 0.30879929661750793], [0.04625232517719269, 0.40610453486442566], [0.7072742581367493, 0.2940683662891388], [0.7285583019256592, -0.33443281054496765], [-0.10802385210990906, 0.8850640654563904]]
[[0.27226725220680237, 0.3170400857925415], [0.03094424307346344, 0.4146694839000702], [0.6949270963668823, 0.2881007194519043], [0.7445544600486755, -0.36698466539382935], [-0.11927064508199692, 0.9164993762969971]]
[[0.26101920008659363, 0.3253552317619324], [0.015763793140649796, 0.4232221841812134], [0.6852530241012573, 0.2831203043460846], [0.7604763507843018, -0.39826905727386475], [-0.1294066607952118, 0.9463086128234863]]
[[0.24974380433559418, 0.33373454213142395], [0.0007605487480759621, 0.43175360560417175], [0.6783141493797302, 0.27917593717575073], [0.7763462662696838, -0.42828962206840515], [-0.13845399022102356, 0.9745418429374695]]
[[0.23846830427646637, 0.34216246008872986], [-0.01402951404452324, 0.4402630627155304], [0.6741394400596619, 0.2763036787509918], [0.7921842336654663, -0.45705291628837585], [-0.1464272141456604, 1.0012675523757935]]
[[0.22720076143741608, 0.350632905960083], [-0.028605159372091293, 0.4487485885620117], [0.6726605892181396, 0.2744840681552887], [0.8080212473869324, -0.4846155643463135], [-0.15336667001247406, 1.0265847444534302]]
[[0.21593458950519562, 0.3591448962688446], [-0.0429849848151207, 0.4572077989578247], [0.6737682223320007, 0.273672491312027], [0.823884129524231, -0.511052668094635], [-0.15932044386863708, 1.050598382949829]]
[[0.20466496050357819, 0.36769741773605347], [-0.057184524834156036, 0.46563801169395447], [0.6773648262023926, 0.2738271653652191], [0.8397946357727051, -0.5364264845848083], [-0.16432897746562958, 1.0733941793441772]]
[[0.19338862597942352, 0.3762894868850708], [-0.07121678441762924, 0.47403639554977417], [0.6833640336990356, 0.2749091684818268], [0.8557707071304321, -0.5607884526252747], [-0.16842606663703918, 1.0950416326522827]]
[[0.18210363388061523, 0.3849201500415802], [-0.0850926861166954, 0.482400119304657], [0.6916900277137756, 0.2768823206424713], [0.8718273639678955, -0.5841808319091797], [-0.17163974046707153, 1.1155961751937866]]
[[0.17080917954444885, 0.3935885429382324], [-0.09882143139839172, 0.49072641134262085], [0.7022768259048462, 0.2797129452228546], [0.8879774212837219, -0.6066380143165588], [-0.17399297654628754, 1.1351011991500854]]
[[0.15950541198253632, 0.40229395031929016], [-0.11241080611944199, 0.4990125596523285], [0.7150672078132629, 0.28336963057518005], [0.9042320251464844, -0.6281876564025879], [-0.1755044311285019, 1.1535896062850952]]
[[0.14819331467151642, 0.4110357165336609], [-0.12586739659309387, 0.5072559714317322], [0.7300121188163757, 0.28782299160957336], [0.9206010699272156, -0.6488515138626099], [-0.17618897557258606, 1.171085238456726]]
[[0.13687455654144287, 0.41981327533721924], [-0.13919681310653687, 0.5154541730880737], [0.7470697164535522, 0.29304537177085876], [0.9370933771133423, -0.6686463356018066], [-0.17605826258659363, 1.1876035928726196]]
[[0.12555138766765594, 0.428626149892807], [-0.1524038314819336, 0.5236049294471741], [0.7662045955657959, 0.29901060461997986], [0.953717052936554, -0.6875845193862915], [-0.17512120306491852, 1.203153133392334]]
[[0.1142265647649765, 0.43747392296791077], [-0.1654924899339676, 0.5317060351371765], [0.7873870730400085, 0.30569371581077576], [0.9704796075820923, -0.7056745290756226], [-0.1733843982219696, 1.2177356481552124]]
[[0.10290326178073883, 0.44635623693466187], [-0.17846623063087463, 0.5397554039955139], [0.810592532157898, 0.31307074427604675], [0.9873879551887512, -0.7229213714599609], [-0.17085255682468414, 1.2313470840454102]]
[[0.09158501029014587, 0.45527276396751404], [-0.19132795929908752, 0.5477511882781982], [0.83580082654953, 0.32111844420433044], [1.0044485330581665, -0.7393271327018738], [-0.16752880811691284, 1.2439780235290527]]
[[0.08027563244104385, 0.4642232358455658], [-0.20408008992671967, 0.555691659450531], [0.8629955053329468, 0.3298141360282898], [1.02166748046875, -0.754891037940979], [-0.16341513395309448, 1.2556140422821045]]
[[0.06897920370101929, 0.47320738434791565], [-0.21672463417053223, 0.5635752081871033], [0.8921633958816528, 0.3391355872154236], [1.0390504598617554, -0.7696100473403931], [-0.15851259231567383, 1.2662360668182373]]
[[0.05769999325275421, 0.4822249710559845], [-0.22926318645477295, 0.5714003443717957], [0.9232938885688782, 0.34906071424484253], [1.0566027164459229, -0.7834787368774414], [-0.15282168984413147, 1.2758208513259888]]
[[0.04644244536757469, 0.49127572774887085], [-0.24169698357582092, 0.5791656970977783], [0.9563785791397095, 0.3595675826072693], [1.074329137802124, -0.7964898347854614], [-0.14634262025356293, 1.2843412160873413]]
[[0.035211145877838135, 0.5003593564033508], [-0.2540269196033478, 0.5868700742721558], [0.9914106130599976, 0.3706342577934265], [1.0922341346740723, -0.8086342811584473], [-0.13907556235790253, 1.2917661666870117]]
[[0.02401079051196575, 0.509475588798523], [-0.2662535607814789, 0.5945123434066772], [1.0283843278884888, 0.3822387754917145], [1.1103216409683228, -0.8199012875556946], [-0.13102087378501892, 1.298061490058899]]
[[0.01284616719931364, 0.5186240673065186], [-0.2783771753311157, 0.6020914912223816], [1.0672945976257324, 0.3943590223789215], [1.1285948753356934, -0.8302785754203796], [-0.12217937409877777, 1.3031898736953735]]
[[0.0017221393063664436, 0.527804434299469], [-0.29039767384529114, 0.6096066236495972], [1.108136534690857, 0.4069727957248688], [1.1470566987991333, -0.8397525548934937], [-0.11255248636007309, 1.3071112632751465]]
[[-0.009356377646327019, 0.5370162129402161], [-0.30231472849845886, 0.6170569658279419], [1.1509051322937012, 0.4200577735900879], [1.165709137916565, -0.8483084440231323], [-0.10214245319366455, 1.3097831010818481]]
[[-0.020384423434734344, 0.5462588667869568], [-0.3141276240348816, 0.6244417428970337], [1.1955946683883667, 0.4335915148258209], [1.1845533847808838, -0.8559302687644958], [-0.09095247089862823, 1.311160683631897]]
[[-0.03135700896382332, 0.5555317997932434], [-0.3258354365825653, 0.63176029920578], [1.2421984672546387, 0.4475516080856323], [1.2035900354385376, -0.8626011610031128], [-0.07898681610822678, 1.3111975193023682]]
[[-0.042270779609680176, 0.5648349523544312], [-0.3374401926994324, 0.6390120387077332], [1.29069983959198, 0.4619112014770508], [1.2228199243545532, -0.8683080077171326], [-0.06625355780124664, 1.309849739074707]]
[[-0.053134966641664505, 0.5741721391677856], [-0.3489653468132019, 0.646196186542511], [1.3410284519195557, 0.4766172170639038], [1.2422502040863037, -0.8730672001838684], [-0.0527787022292614, 1.3070982694625854]]
[[-0.06395599991083145, 0.5835452079772949], [-0.36042383313179016, 0.6533122658729553], [1.39313805103302, 0.4916278123855591], [1.261884331703186, -0.8768808841705322], [-0.03858332335948944, 1.302912950515747]]
[[-0.07475779950618744, 0.5929601192474365], [-0.37186282873153687, 0.6603608727455139], [1.4468780755996704, 0.50684654712677], [1.2817509174346924, -0.8798072934150696], [-0.02372482419013977, 1.297318696975708]]
[[-0.08555036783218384, 0.6024224758148193], [-0.3833175003528595, 0.6673424243927002], [1.5021263360977173, 0.5222054123878479], [1.3018678426742554, -0.881890594959259], [-0.008250942453742027, 1.2903318405151367]]
[[-0.09636463969945908, 0.6119371652603149], [-0.39484670758247375, 0.6742589473724365], [1.5586860179901123, 0.5376033186912537], [1.3222635984420776, -0.8832138776779175], [0.007768023759126663, 1.2820297479629517]]
[[-0.1072416827082634, 0.6215116381645203], [-0.40653130412101746, 0.6811110973358154], [1.616304636001587, 0.5529055595397949], [1.3429988622665405, -0.8838973045349121], [0.024240227416157722, 1.272520899772644]]
[[-0.11821053922176361, 0.6311479210853577], [-0.41843247413635254, 0.6879056692123413], [1.6747641563415527, 0.5680245161056519], [1.364107608795166, -0.8840544819831848], [0.04108201712369919, 1.2619116306304932]]
[[-0.1293080449104309, 0.6408506631851196], [-0.4306175112724304, 0.6946462392807007], [1.7338247299194336, 0.5828535556793213], [1.385646104812622, -0.8838043808937073], [0.05820918828248978, 1.2503366470336914]]
[[-0.140559583902359, 0.6506214737892151], [-0.44313570857048035, 0.7013408541679382], [1.793283224105835, 0.5973237752914429], [1.4076497554779053, -0.883254885673523], [0.07554769515991211, 1.237923502922058]]
[[-0.15197795629501343, 0.6604577898979187], [-0.45601359009742737, 0.7079951763153076], [1.8529551029205322, 0.6114063858985901], [1.4301207065582275, -0.8825128078460693], [0.09303084015846252, 1.2248262166976929]]
[[-0.16356851160526276, 0.670359194278717], [-0.46926558017730713, 0.7146108746528625], [1.9126956462860107, 0.6250866651535034], [1.4530552625656128, -0.8816643953323364], [0.1106029748916626, 1.2111810445785522]]
[[-0.17534828186035156, 0.6803245544433594], [-0.4829197824001312, 0.7211955189704895], [1.972340703010559, 0.6383314728736877], [1.4764727354049683, -0.8808140158653259], [0.12819921970367432, 1.1971328258514404]]
[[-0.18731509149074554, 0.6903480887413025], [-0.49697649478912354, 0.7277530431747437], [2.0317862033843994, 0.651154637336731], [1.5003491640090942, -0.8800321817398071], [0.14578276872634888, 1.1828163862228394]]
[[-0.1994638890028, 0.7004289031028748], [-0.5114383697509766, 0.7342932820320129], [2.0909159183502197, 0.6635716557502747], [1.5246597528457642, -0.8794064521789551], [0.1633071005344391, 1.1683849096298218]]
[[-0.21178893744945526, 0.7105649709701538], [-0.5262975692749023, 0.7408233880996704], [2.1496691703796387, 0.6756033301353455], [1.549382209777832, -0.8789861798286438], [0.1807451844215393, 1.1539349555969238]]
[[-0.22428202629089355, 0.7207537293434143], [-0.5415545701980591, 0.7473592162132263], [2.20796799659729, 0.6872677206993103], [1.5744963884353638, -0.8788381218910217], [0.19806016981601715, 1.1395841836929321]]
[[-0.23693129420280457, 0.7309907674789429], [-0.557214081287384, 0.7539224624633789], [2.265706777572632, 0.6985858678817749], [1.5999810695648193, -0.879057765007019], [0.21520467102527618, 1.1254909038543701]]
[[-0.24973410367965698, 0.7412777543067932], [-0.5732715129852295, 0.7605214715003967], [2.322861671447754, 0.7095650434494019], [1.6258333921432495, -0.8796748518943787], [0.23214779794216156, 1.1117030382156372]]
[[-0.2626816928386688, 0.7516101002693176], [-0.5897306203842163, 0.7671723961830139], [2.3793091773986816, 0.7202186584472656], [1.6520315408706665, -0.880808413028717], [0.24882391095161438, 1.098436951637268]]
[[-0.27576544880867004, 0.7619907259941101], [-0.6065807342529297, 0.7738872170448303], [2.4349756240844727, 0.7305687069892883], [1.6785471439361572, -0.8825423717498779], [0.2651815414428711, 1.0858551263809204]]
[[-0.28897929191589355, 0.772419810295105], [-0.6238141059875488, 0.7806739807128906], [2.489819288253784, 0.7406358122825623], [1.7053611278533936, -0.8849340081214905], [0.28118953108787537, 1.0740655660629272]]
[[-0.3023201525211334, 0.7828959822654724], [-0.6414247155189514, 0.7875412106513977], [2.543790340423584, 0.7504370212554932], [1.7324554920196533, -0.8880492448806763], [0.2968120872974396, 1.0631964206695557]]
[[-0.31578531861305237, 0.7934206128120422], [-0.6594074368476868, 0.7945001125335693], [2.5968658924102783, 0.7599900960922241], [1.759819746017456, -0.8919271230697632], [0.3120303452014923, 1.0533175468444824]]
[[-0.3293720483779907, 0.8039957880973816], [-0.6777520179748535, 0.8015574216842651], [2.649033546447754, 0.7693129777908325], [1.787441372871399, -0.8965983986854553], [0.3268277049064636, 1.0444903373718262]]
[[-0.34307926893234253, 0.8146235346794128], [-0.6964530944824219, 0.8087180852890015], [2.7003047466278076, 0.778414785861969], [1.815321922302246, -0.9020655751228333], [0.34119781851768494, 1.0367182493209839]]
[[-0.35690438747406006, 0.8253052830696106], [-0.7154990434646606, 0.8159890174865723], [2.750683069229126, 0.78731369972229], [1.8434487581253052, -0.9083409309387207], [0.3551362156867981, 1.0300325155258179]]
[[-0.3708442151546478, 0.836042046546936], [-0.734878420829773, 0.8233781456947327], [2.8001813888549805, 0.7960297465324402], [1.8718109130859375, -0.9154257774353027], [0.36864930391311646, 1.0244390964508057]]
[[-0.38489675521850586, 0.8468355536460876], [-0.7545859813690186, 0.8308891654014587], [2.848817825317383, 0.8045705556869507], [1.900410771369934, -0.9233109951019287], [0.38173776865005493, 1.0199205875396729]]
[[-0.39905717968940735, 0.8576859831809998], [-0.7746114134788513, 0.8385255932807922], [2.8966116905212402, 0.8129517436027527], [1.9292397499084473, -0.9319889545440674], [0.3944084346294403, 1.016467809677124]]
[[-0.41332173347473145, 0.8685932755470276], [-0.7949423789978027, 0.8462920188903809], [2.9435811042785645, 0.8211919665336609], [1.958284854888916, -0.9414530992507935], [0.40667229890823364, 1.0140748023986816]]
[[-0.4276859164237976, 0.8795569539070129], [-0.8155684471130371, 0.8541923761367798], [2.9897444248199463, 0.8293071389198303], [1.987534523010254, -0.9516952037811279], [0.4185389578342438, 1.0127332210540771]]
[[-0.44214534759521484, 0.8905760049819946], [-0.8364776968955994, 0.8622288107872009], [3.0351197719573975, 0.8373141884803772], [2.0169737339019775, -0.9627076387405396], [0.430019348859787, 1.0124387741088867]]
[[-0.456697940826416, 0.9016501307487488], [-0.8576627969741821, 0.8704026341438293], [3.0797224044799805, 0.8452228903770447], [2.046595811843872, -0.974481999874115], [0.44111955165863037, 1.013181209564209]]
[[-0.4713384807109833, 0.9127784371376038], [-0.87911057472229, 0.8787163496017456], [3.1235687732696533, 0.8530518412590027], [2.0763819217681885, -0.9870115518569946], [0.45185309648513794, 1.0149601697921753]]
[[-0.48606061935424805, 0.9239599704742432], [-0.9008085131645203, 0.8871724009513855], [3.166675090789795, 0.8608194589614868], [2.1063132286071777, -1.0002896785736084], [0.4622325897216797, 1.0177751779556274]]
[[-0.5008617639541626, 0.9351944923400879], [-0.922751247882843, 0.8957709074020386], [3.2090532779693604, 0.8685322403907776], [2.1363847255706787, -1.0143083333969116], [0.47226235270500183, 1.0216162204742432]]
[[-0.5157396197319031, 0.9464817643165588], [-0.9449306130409241, 0.9045119285583496], [3.250715494155884, 0.8761995434761047], [2.1665866374969482, -1.0290602445602417], [0.48194950819015503, 1.0264781713485718]]
[[-0.5306911468505859, 0.9578214883804321], [-0.9673381447792053, 0.9133948683738708], [3.2916738986968994, 0.8838309645652771], [2.196908473968506, -1.0445369482040405], [0.49130281805992126, 1.0323560237884521]]
[[-0.545712411403656, 0.9692129492759705], [-0.9899626970291138, 0.922419011592865], [3.331941843032837, 0.8914397954940796], [2.2273340225219727, -1.0607305765151978], [0.5003353357315063, 1.0392489433288574]]
[[-0.5607993602752686, 0.9806544184684753], [-1.0127947330474854, 0.9315841794013977], [3.3715322017669678, 0.8990395665168762], [2.2578468322753906, -1.0776337385177612], [0.5090610980987549, 1.0471547842025757]]
[[-0.5759453773498535, 0.9921444654464722], [-1.035820722579956, 0.9408888220787048], [3.410459041595459, 0.9066464900970459], [2.2884254455566406, -1.0952396392822266], [0.5174941420555115, 1.0560791492462158]]
[[-0.5911467671394348, 1.003682017326355], [-1.0590323209762573, 0.9503316879272461], [3.448732852935791, 0.9142701625823975], [2.3190572261810303, -1.1135412454605103], [0.5256436467170715, 1.0660203695297241]]
[[-0.6063990592956543, 1.015265703201294], [-1.0824179649353027, 0.9599114060401917], [3.486365556716919, 0.9219245910644531], [2.3497228622436523, -1.1325321197509766], [0.53352290391922, 1.0769819021224976]]
[[-0.6217004656791687, 1.0268945693969727], [-1.1059733629226685, 0.9696264266967773], [3.523364543914795, 0.9296139478683472], [2.3804166316986084, -1.1522048711776733], [0.5411379337310791, 1.0889567136764526]]
[[-0.6370471119880676, 1.0385669469833374], [-1.1296924352645874, 0.979473888874054], [3.5597386360168457, 0.937343955039978], [2.41113018989563, -1.1725506782531738], [0.5484972596168518, 1.1019392013549805]]
[[-0.6524366736412048, 1.0502816438674927], [-1.153569221496582, 0.9894516468048096], [3.5954952239990234, 0.9451202154159546], [2.44185471534729, -1.193562626838684], [0.5556080341339111, 1.1159261465072632]]
[[-0.6678679585456848, 1.062037706375122], [-1.1776018142700195, 0.9995573163032532], [3.630638837814331, 0.952942967414856], [2.472588539123535, -1.2152330875396729], [0.5624732971191406, 1.1309083700180054]]
[[-0.6833392977714539, 1.0738344192504883], [-1.2017861604690552, 1.0097883939743042], [3.665174961090088, 0.9608150124549866], [2.5033257007598877, -1.2375550270080566], [0.5690975189208984, 1.1468809843063354]]
[[-0.6988487243652344, 1.085670828819275], [-1.226118564605713, 1.0201419591903687], [3.6991090774536133, 0.9687389135360718], [2.53406023979187, -1.2605210542678833], [0.5754860043525696, 1.1638386249542236]]
[[-0.7143932580947876, 1.097546100616455], [-1.2505934238433838, 1.0306143760681152], [3.732447862625122, 0.9767188429832458], [2.5647833347320557, -1.284123420715332], [0.581645131111145, 1.181779146194458]]
[[-0.7299699783325195, 1.1094589233398438], [-1.275204062461853, 1.0412023067474365], [3.765197992324829, 0.9847602844238281], [2.595484495162964, -1.3083552122116089], [0.5875821709632874, 1.20070219039917]]
[[-0.7455764412879944, 1.121407389640808], [-1.2999472618103027, 1.051902174949646], [3.7973642349243164, 0.9928644895553589], [2.626159429550171, -1.333208680152893], [0.5933020710945129, 1.2206014394760132]]
[[-0.7612103819847107, 1.133390188217163], [-1.3248189687728882, 1.0627117156982422], [3.828951120376587, 1.0010347366333008], [2.656801700592041, -1.3586766719818115], [0.5988110899925232, 1.2414716482162476]]
