[-0.8326686024665833, 0.5538039207458496];0
[-0.8441520929336548, 0.5361400246620178];0
[-0.8740676641464233, 0.4858616292476654];0
[-0.8598632216453552, 0.5105687975883484];0
[-0.9020609259605408, 0.4316844642162323];0
[-0.8737903237342834, 0.48636409640312195];0
[-0.882904589176178, 0.46961772441864014];0
[-0.8851933479309082, 0.4652913510799408];0
[-0.8473523259162903, 0.5310713648796082];0
[-0.8879711627960205, 0.4599660336971283];0
[0.742618203163147, -0.6697080731391907];1
[0.8799358606338501, -0.4751279950141907];1
[0.7857787013053894, -0.6185058355331421];1
[0.7135100960731506, -0.7005952596664429];1
[0.8161871433258057, -0.5777775645256042];1
[0.7941542267799377, -0.607684850692749];1
[0.8301141262054443, -0.5576123595237732];1
[0.8266236186027527, -0.5627486705780029];1
[0.7778047323226929, -0.6285157203674316];1
[0.7524259090423584, -0.6585323214530945];1
[-0.17677412927150726, 0.9765089154243469];2
[-0.31166818737983704, 0.9422369599342346];2
[-0.05271623283624649, 0.9966943860054016];2
[0.055562879890203476, 0.9978883862495422];2
[-0.260883092880249, 0.9617959856987];2
[-0.18280625343322754, 0.9701778888702393];2
[0.15825924277305603, 0.9865008592605591];2
[-0.18689857423305511, 0.9695243239402771];2
[0.15286041796207428, 0.9880102276802063];2
[-0.10653109848499298, 0.9871398210525513];2
[0.7874795794487, 0.616352915763855];3
[0.7918834686279297, 0.6106886267662048];3
[0.7450326681137085, 0.6670230627059937];3
[0.7850382924079895, 0.6194562315940857];3
[0.7739527225494385, 0.6332494020462036];3
[0.837902307510376, 0.5458537340164185];3
[0.8452256321907043, 0.5344401001930237];3
[0.7999064326286316, 0.6001359820365906];3
[0.7520344257354736, 0.6591233611106873];3
[0.7489975094795227, 0.6625685095787048];3
