-0.488374 0.872608;0
-0.394099 0.919052;0
-0.379422 0.925131;0
-0.445119 0.895456;0
-0.521867 0.853011;0
-0.540049 0.841618;0
-0.515709 0.856747;0
-0.513298 0.858194;0
-0.361317 0.932416;0
-0.55163 0.834074;0
0.313054 -0.949147;1
0.259043 -0.965547;1
0.382733 -0.923102;1
0.32771 -0.944726;1
0.368921 -0.92936;1
0.351569 -0.936048;1
0.175553 -0.983808;1
0.350507 -0.936516;1
0.201828 -0.978394;1
0.299733 -0.950271;1
0.438881 0.890268;2
0.342844 0.912896;2
0.02169 0.980762;2
0.0816081 0.993557;2
0.0553152 0.98588;2
0.184352 0.976645;2
0.436285 0.879645;2
0.396079 0.903459;2
0.337637 0.934428;2
0.413013 0.886125;2
0.969179 -0.246305;3
0.938814 -0.34439;3
0.959177 -0.282758;3
0.95052 -0.310617;3
0.971412 -0.237345;3
0.955441 -0.295123;3
0.965158 -0.261475;3
0.94224 -0.334897;3
0.973645 -0.228016;3
0.950796 -0.309593;3