-0.404224 0.722251;0
-0.339384 0.791454;0
-0.294907 0.719062;0
-0.387194 0.778926;0
-0.459147 0.750492;0
-0.492765 0.767931;0
-0.45306 0.752665;0
-0.455834 0.76212;0
-0.297338 0.767313;0
-0.488895 0.739219;0
0.221899 -0.672773;1
0.189542 -0.706491;1
0.267756 -0.645791;1
0.260928 -0.752207;1
0.285291 -0.718683;1
0.270354 -0.719814;1
0.123327 -0.691129;1
0.281194 -0.751317;1
0.138111 -0.669515;1
0.187217 -0.593549;1
0.256899 0.521117;2
0.17564 0.467678;2
0.0114823 0.5192;2
0.0515705 0.627857;2
0.0306869 0.54693;2
0.109919 0.582324;2
0.232279 0.468326;2
0.217964 0.497176;2
0.200319 0.554392;2
0.214392 0.459982;2
0.850275 -0.216086;3
0.816864 -0.299656;3
0.836317 -0.24654;3
0.821072 -0.268315;3
0.907095 -0.22163;3
0.807711 -0.249492;3
0.768423 -0.208177;3
0.816586 -0.290237;3
0.906309 -0.212246;3
0.7456 -0.242778;3