[-0.9445412755012512, 0.32849422097206116];0
[-0.8796311616897583, 0.4726855456829071];0
[-0.8669375777244568, 0.49746420979499817];0
[-0.8768242001533508, 0.480758935213089];0
[-0.9050478935241699, 0.42490068078041077];0
[-0.8603128790855408, 0.5094940066337585];0
[-0.8892141580581665, 0.4575434625148773];0
[-0.8606760501861572, 0.5092819929122925];0
[-0.9159994721412659, 0.40118396282196045];0
[-0.9141411781311035, 0.40537986159324646];0
[0.8495745062828064, -0.5256832838058472];1
[0.8170709013938904, -0.5741821527481079];1
[0.8506583571434021, -0.5241919159889221];1
[0.816541850566864, -0.5735790133476257];1
[0.779801607131958, -0.6251550912857056];1
[0.8457849621772766, -0.5323249697685242];1
[0.8164619207382202, -0.5737436413764954];1
[0.8774716258049011, -0.4572206735610962];1
[0.7051122188568115, -0.7067880034446716];1
[0.8343141078948975, -0.5491529107093811];1
[-0.11160293966531754, 0.9748167991638184];2
[-0.07966399192810059, 0.9331011772155762];2
[0.11552660167217255, 0.9682800769805908];2
[-0.0809902772307396, 0.8675969839096069];2
[0.08969635516405106, 0.9605058431625366];2
[0.02439144067466259, 0.9594656229019165];2
[-0.18615522980690002, 0.9163040518760681];2
[-0.17397215962409973, 0.9377231597900391];2
[-0.16415579617023468, 0.9003949761390686];2
[-0.01397953275591135, 0.9260441660881042];2
[0.7685691714286804, 0.6370656490325928];3
[0.8215262293815613, 0.5679037570953369];3
[0.792401134967804, 0.605212390422821];3
[0.737752377986908, 0.6750501990318298];3
[0.8691301345825195, 0.47974294424057007];3
[0.8075035810470581, 0.5871484279632568];3
[0.8021217584609985, 0.594765841960907];3
[0.8118640184402466, 0.5813279151916504];3
[0.8557913303375244, 0.514545202255249];3
[0.8457708358764648, 0.5320326089859009];3
