[-0.9378873705863953, 0.32613396644592285];0
[-0.8529418706893921, 0.4582895338535309];0
[-0.8504889011383057, 0.4879639446735382];0
[-0.8687571883201599, 0.4762703478336334];0
[-0.8929985165596008, 0.4191874861717224];0
[-0.8496731519699097, 0.5031265020370483];0
[-0.8827011585235596, 0.4541289806365967];0
[-0.8561063408851624, 0.5065045356750488];0
[-0.9084168076515198, 0.39780938625335693];0
[-0.9063584208488464, 0.4018729627132416];0
[0.8280346393585205, -0.5122938752174377];1
[0.79273921251297, -0.5570176243782043];1
[0.8305468559265137, -0.5117356777191162];1
[0.7866672277450562, -0.5525298714637756];1
[0.7641906142234802, -0.6125625967979431];1
[0.8276399970054626, -0.520840048789978];1
[0.7867976427078247, -0.5528331995010376];1
[0.811166524887085, -0.4226275384426117];1
[0.6822940111160278, -0.6838355660438538];1
[0.8110091090202332, -0.5337490439414978];1
[-0.10074067860841751, 0.8798497319221497];2
[-0.06690241396427155, 0.7835544347763062];2
[0.10286617279052734, 0.8620834350585938];2
[-0.0642065703868866, 0.687745988368988];2
[0.078317791223526, 0.8385822772979736];2
[0.021128639578819275, 0.8310418128967285];2
[-0.15607160329818726, 0.7681549787521362];2
[-0.14935272932052612, 0.8049482107162476];2
[-0.13483880460262299, 0.7395271062850952];2
[-0.011607887223362923, 0.7688718438148499];2
[0.7430367469787598, 0.6158302426338196];3
[0.7975755929946899, 0.5512813925743103];3
[0.7589990496635437, 0.5796357989311218];3
[0.7314660549163818, 0.6692052483558655];3
[0.8136058449745178, 0.44904619455337524];3
[0.7816031575202942, 0.5682486891746521];3
[0.7776572108268738, 0.5765566229820251];3
[0.7867956757545471, 0.5633116364479065];3
[0.8296390771865845, 0.4987622797489166];3
[0.825744092464447, 0.5193707942962646];3
