[-0.9445071816444397, 0.32849082350730896];0
[-0.8808684349060059, 0.473361074924469];0
[-0.867344081401825, 0.49770888686180115];0
[-0.8768407106399536, 0.4807809591293335];0
[-0.9052013158798218, 0.42498305439949036];0
[-0.8604267239570618, 0.5095741748809814];0
[-0.889187753200531, 0.45754244923591614];0
[-0.8606134057044983, 0.5092588663101196];0
[-0.9159934520721436, 0.40119320154190063];0
[-0.9141432046890259, 0.40539148449897766];0
[0.850368320941925, -0.5261878967285156];1
[0.818173885345459, -0.5749708414077759];1
[0.8513357043266296, -0.524621307849884];1
[0.8182834386825562, -0.5748149156570435];1
[0.7802203297615051, -0.6255047917366028];1
[0.8463203310966492, -0.5326743125915527];1
[0.8181793093681335, -0.5749631524085999];1
[0.8868260383605957, -0.4621034264564514];1
[0.7062593102455139, -0.7079532742500305];1
[0.8352910280227661, -0.5498080849647522];1
[-0.11374117434024811, 0.993510365486145];2
[-0.08506487309932709, 0.9963753819465637];2
[0.11846894770860672, 0.9929577708244324];2
[-0.09294473379850388, 0.995671272277832];2
[0.09297837316989899, 0.9956681132316589];2
[0.025413306429982185, 0.9996770620346069];2
[-0.1990891695022583, 0.9799814224243164];2
[-0.1824108213186264, 0.9832223653793335];2
[-0.1793564260005951, 0.9837841987609863];2
[-0.015094018541276455, 0.9998860955238342];2
[0.7698909640312195, 0.6381754279136658];3
[0.822581946849823, 0.5686466693878174];3
[0.7947100400924683, 0.6069892644882202];3
[0.7377541661262512, 0.6750695109367371];3
[0.8754790425300598, 0.48325613141059875];3
[0.8087906241416931, 0.5880966186523438];3
[0.8032625317573547, 0.5956251621246338];3
[0.8130519986152649, 0.5821911096572876];3
[0.857014536857605, 0.5152921676635742];3
[0.8464481830596924, 0.5324710011482239];3
