[-0.8326189517974854, 0.5538463592529297];0
[-0.8441002368927002, 0.5361854434013367];0
[-0.8740136027336121, 0.48590150475502014];0
[-0.8598102927207947, 0.5106136202812195];0
[-0.9020084142684937, 0.4317183792591095];0
[-0.8737325668334961, 0.4864066243171692];0
[-0.8828479051589966, 0.4696589708328247];0
[-0.8851320147514343, 0.46534016728401184];0
[-0.84730064868927, 0.5311136245727539];0
[-0.8879156708717346, 0.4600061774253845];0
[0.7425804138183594, -0.6697568893432617];1
[0.8798966407775879, -0.4751652479171753];1
[0.7857421636581421, -0.6185541152954102];1
[0.7134946584701538, -0.7006606459617615];1
[0.8161594867706299, -0.5778266787528992];1
[0.7941348552703857, -0.6077415943145752];1
[0.8300734162330627, -0.5576542019844055];1
[0.8265953063964844, -0.5627967119216919];1
[0.7777565717697144, -0.6285656094551086];1
[0.7524625062942505, -0.6586350798606873];1
[-0.17811809480190277, 0.9840091466903687];2
[-0.3140193819999695, 0.9494165778160095];2
[-0.05281246826052666, 0.998604416847229];2
[0.05558896064758301, 0.998453676700592];2
[-0.2617659866809845, 0.965131402015686];2
[-0.18515439331531525, 0.9827094674110413];2
[0.15838523209095, 0.987377405166626];2
[-0.18927548825740814, 0.9819239974021912];2
[0.15288077294826508, 0.9882446527481079];2
[-0.10728774219751358, 0.994227945804596];2
[0.7874323129653931, 0.6164010763168335];3
[0.7918363213539124, 0.6107333898544312];3
[0.7449878454208374, 0.6670780777931213];3
[0.7849940061569214, 0.619503378868103];3
[0.7739092707633972, 0.6332964897155762];3
[0.8378528356552124, 0.5458961129188538];3
[0.845181405544281, 0.5344794988632202];3
[0.799863874912262, 0.6001813411712646];3
[0.7519879937171936, 0.659176766872406];3
[0.7489517331123352, 0.6626245379447937];3
