-0.467878 0.835985;0
-0.383233 0.893711;0
-0.353295 0.861425;0
-0.434303 0.873697;0
-0.511015 0.835271;0
-0.534022 0.832224;0
-0.504756 0.838551;0
-0.504009 0.842665;0
-0.34533 0.89116;0
-0.541335 0.818506;0
0.277166 -0.840337;1
0.233604 -0.870727;1
0.336201 -0.810872;1
0.308689 -0.889894;1
0.342648 -0.863173;1
0.32561 -0.866932;1
0.154598 -0.866373;1
0.331308 -0.885216;1
0.174894 -0.847831;1
0.244565 -0.775368;1
0.341988 0.69372;2
0.241543 0.643159;2
0.0156751 0.708786;2
0.0671224 0.817197;2
0.041426 0.738335;2
0.145578 0.771234;2
0.31668 0.638496;2
0.294829 0.672508;2
0.265675 0.735268;2
0.293981 0.630738;2
0.948191 -0.240971;3
0.916082 -0.336052;3
0.936581 -0.276097;3
0.925278 -0.302369;3
0.965167 -0.235819;3
0.922948 -0.285087;3
0.909113 -0.246292;3
0.918224 -0.326362;3
0.966821 -0.226418;3
0.889176 -0.289528;3