0.9240601658821106 0.6898794174194336 0.28516000509262085 0.9729997515678406 0.12333154678344727 0.27454042434692383 0.41217678785324097 0.6495658755302429 0.5643144249916077 0.20413118600845337 0.10324633121490479 0.8774212002754211 0.8101027607917786 0.6614651679992676 0.5890644788742065 0.41526442766189575 
0.6010659337043762 0.9734827876091003 0.2686716914176941 0.03264576196670532 0.08011424541473389 0.42793816328048706 0.7477461099624634 0.44593316316604614 0.4198915958404541 0.1444913148880005 0.28353917598724365 0.760273814201355 0.4995766878128052 0.21036887168884277 0.4269635081291199 0.24750638008117676 
0.15611809492111206 0.5672131180763245 0.30109989643096924 0.15592175722122192 0.016334831714630127 0.08575969934463501 0.18302452564239502 0.12955844402313232 0.6464051604270935 0.6135615110397339 0.7740991115570068 0.5884294509887695 0.9971925616264343 0.3569853901863098 0.46214014291763306 0.31133830547332764 
0.9254285097122192 0.3781740069389343 0.9200214743614197 0.9024810791015625 0.42074811458587646 0.6138797402381897 0.9055085778236389 0.13430476188659668 0.5466503500938416 0.061957478523254395 0.5259843468666077 0.949459969997406 0.7717040777206421 0.6252996921539307 0.07820749282836914 0.5707899332046509 
0.6864093542098999 0.29570966958999634 0.3460215926170349 0.8418380618095398 0.05278366804122925 0.9267370700836182 0.43536508083343506 0.9212577939033508 0.6639901399612427 0.012922286987304688 0.5014210939407349 0.3471658229827881 0.04647016525268555 0.9514301419258118 0.7521582245826721 0.546436607837677 
0.7719843983650208 0.8882190585136414 0.7231049537658691 0.6740977764129639 0.8398661017417908 0.925620436668396 0.8762175440788269 0.35386139154434204 0.3538062572479248 0.14915990829467773 0.9951531887054443 0.08598822355270386 0.973671555519104 0.9348918199539185 0.6581022143363953 0.37972575426101685 
0.43129390478134155 0.47314453125 0.2659817337989807 0.635556161403656 0.15048372745513916 0.5002065896987915 0.1163826584815979 0.29026228189468384 0.8986018300056458 0.7268563508987427 0.35765838623046875 0.9630078673362732 0.6773574352264404 0.6299002170562744 0.10224586725234985 0.9702045917510986 
0.44589507579803467 0.572658896446228 0.5249744057655334 0.5455278754234314 0.09793853759765625 0.9337899684906006 0.2231208086013794 0.2862815856933594 0.4670947790145874 0.9867357015609741 0.06738948822021484 0.27943915128707886 0.8140064477920532 0.9112502932548523 0.5531066656112671 0.1670939326286316 
0.6149360537528992 0.37530022859573364 0.38691484928131104 0.34265756607055664 0.3922962546348572 0.5288446545600891 0.7224312424659729 0.9153205752372742 0.7049642205238342 0.7179536819458008 0.9168340563774109 0.4685683250427246 0.20925027132034302 0.11250704526901245 0.938316822052002 0.1292743682861328 
0.9883053302764893 0.8968854546546936 0.44519007205963135 0.14969360828399658 0.5522564649581909 0.41156721115112305 0.3029649257659912 0.03631502389907837 0.7210276126861572 0.11051076650619507 0.04423755407333374 0.9781641960144043 0.8676517009735107 0.3647134304046631 0.8509949445724487 0.041240811347961426 
0.4026128649711609 0.23771947622299194 0.6798655390739441 0.8070981502532959 0.41947507858276367 0.7163623571395874 0.3321900963783264 0.9668447971343994 0.45194023847579956 0.41742706298828125 0.1758251190185547 0.3915688395500183 0.8424056172370911 0.03297579288482666 0.06460016965866089 0.24076664447784424 
0.8316304683685303 0.9519837498664856 0.05451500415802002 0.15339058637619019 0.5824978351593018 0.9138187766075134 0.04818844795227051 0.4562642574310303 0.9383764863014221 0.5354019403457642 0.37464648485183716 0.48017245531082153 0.5433856844902039 0.26253610849380493 0.802602231502533 0.9296606183052063 
0.049204230308532715 0.02015477418899536 0.18009722232818604 0.15231740474700928 0.46279847621917725 0.0591164231300354 0.2537389397621155 0.15941625833511353 0.6595957279205322 0.6788141131401062 0.4255070090293884 0.9735774993896484 0.43648308515548706 0.09944802522659302 0.7353334426879883 0.799692690372467 
0.9991702437400818 0.29422664642333984 0.6354269981384277 0.16826379299163818 0.42515814304351807 0.268703818321228 0.3576542139053345 0.5717332363128662 0.2612995505332947 0.8839084506034851 0.821797788143158 0.8203180432319641 0.969323992729187 0.35850799083709717 0.5769967436790466 0.20361924171447754 
0.316963791847229 0.3272525668144226 0.3483230471611023 0.8881911039352417 0.7619564533233643 0.012159585952758789 0.20394331216812134 0.9603779315948486 0.6961637139320374 0.19156616926193237 0.26143985986709595 0.618603527545929 0.8964217901229858 0.152673602104187 0.9980005025863647 0.6329420208930969 
0.2655741572380066 0.7892221808433533 0.8976594805717468 0.2717227339744568 0.618340253829956 0.7167012691497803 0.5808252096176147 0.662042498588562 0.7008496522903442 0.9259722232818604 0.21432411670684814 0.5304595828056335 0.29194575548171997 0.1812264323234558 0.9744254946708679 0.5590613484382629 
0.4968937039375305 0.7892221808433533 0.8976594805717468 0.2717227339744568 0.618340253829956 0.7167012691497803 0.5808252096176147 0.662042498588562 0.7008496522903442 0.9259722232818604 0.21432411670684814 0.5304595828056335 0.29194575548171997 0.1812264323234558 0.9744254946708679 0.5590613484382629 
0.5283215641975403 0.7892221808433533 0.8976594805717468 0.2717227339744568 0.618340253829956 0.7167012691497803 0.5808252096176147 0.662042498588562 0.7008496522903442 0.9259722232818604 0.21432411670684814 0.5304595828056335 0.29194575548171997 0.1812264323234558 0.9744254946708679 0.5590613484382629 
0.8300167918205261 0.7892221808433533 0.8976594805717468 0.2717227339744568 0.618340253829956 0.7167012691497803 0.5808252096176147 0.662042498588562 0.7008496522903442 0.9259722232818604 0.21432411670684814 0.5304595828056335 0.29194575548171997 0.1812264323234558 0.9744254946708679 0.5590613484382629 
0.4851890206336975 0.7892221808433533 0.8976594805717468 0.2717227339744568 0.618340253829956 0.7167012691497803 0.5808252096176147 0.662042498588562 0.7008496522903442 0.9259722232818604 0.21432411670684814 0.5304595828056335 0.29194575548171997 0.1812264323234558 0.9744254946708679 0.5590613484382629 
0.22095704078674316 0.7892221808433533 0.8976594805717468 0.2717227339744568 0.618340253829956 0.7167012691497803 0.5808252096176147 0.662042498588562 0.7008496522903442 0.9259722232818604 0.21432411670684814 0.5304595828056335 0.29194575548171997 0.1812264323234558 0.9744254946708679 0.5590613484382629 
0.11197656393051147 0.7892221808433533 0.8976594805717468 0.2717227339744568 0.618340253829956 0.7167012691497803 0.5808252096176147 0.662042498588562 0.7008496522903442 0.9259722232818604 0.21432411670684814 0.5304595828056335 0.29194575548171997 0.1812264323234558 0.9744254946708679 0.5590613484382629 
0.03856533765792847 0.7892221808433533 0.8976594805717468 0.2717227339744568 0.618340253829956 0.7167012691497803 0.5808252096176147 0.662042498588562 0.7008496522903442 0.9259722232818604 0.21432411670684814 0.5304595828056335 0.29194575548171997 0.1812264323234558 0.9744254946708679 0.5590613484382629 
0.8619068264961243 0.7892221808433533 0.8976594805717468 0.2717227339744568 0.618340253829956 0.7167012691497803 0.5808252096176147 0.662042498588562 0.7008496522903442 0.9259722232818604 0.21432411670684814 0.5304595828056335 0.29194575548171997 0.1812264323234558 0.9744254946708679 0.5590613484382629 
0.7991861701011658 0.7892221808433533 0.8976594805717468 0.2717227339744568 0.618340253829956 0.7167012691497803 0.5808252096176147 0.662042498588562 0.7008496522903442 0.9259722232818604 0.21432411670684814 0.5304595828056335 0.29194575548171997 0.1812264323234558 0.9744254946708679 0.5590613484382629 
0.6541581749916077 0.7892221808433533 0.8976594805717468 0.2717227339744568 0.618340253829956 0.7167012691497803 0.5808252096176147 0.662042498588562 0.7008496522903442 0.9259722232818604 0.21432411670684814 0.5304595828056335 0.29194575548171997 0.1812264323234558 0.9744254946708679 0.5590613484382629 
0.12373548746109009 0.7892221808433533 0.8976594805717468 0.2717227339744568 0.618340253829956 0.7167012691497803 0.5808252096176147 0.662042498588562 0.7008496522903442 0.9259722232818604 0.21432411670684814 0.5304595828056335 0.29194575548171997 0.1812264323234558 0.9744254946708679 0.5590613484382629 
0.4969250559806824 0.7892221808433533 0.8976594805717468 0.2717227339744568 0.618340253829956 0.7167012691497803 0.5808252096176147 0.662042498588562 0.7008496522903442 0.9259722232818604 0.21432411670684814 0.5304595828056335 0.29194575548171997 0.1812264323234558 0.9744254946708679 0.5590613484382629 
0.21068990230560303 0.7892221808433533 0.8976594805717468 0.2717227339744568 0.618340253829956 0.7167012691497803 0.5808252096176147 0.662042498588562 0.7008496522903442 0.9259722232818604 0.21432411670684814 0.5304595828056335 0.29194575548171997 0.1812264323234558 0.9744254946708679 0.5590613484382629 
0.47471708059310913 0.7892221808433533 0.8976594805717468 0.2717227339744568 0.618340253829956 0.7167012691497803 0.5808252096176147 0.662042498588562 0.7008496522903442 0.9259722232818604 0.21432411670684814 0.5304595828056335 0.29194575548171997 0.1812264323234558 0.9744254946708679 0.5590613484382629 
0.4058430790901184 0.7892221808433533 0.8976594805717468 0.2717227339744568 0.618340253829956 0.7167012691497803 0.5808252096176147 0.662042498588562 0.7008496522903442 0.9259722232818604 0.21432411670684814 0.5304595828056335 0.29194575548171997 0.1812264323234558 0.9744254946708679 0.5590613484382629 
0.44139355421066284 0.7892221808433533 0.8976594805717468 0.2717227339744568 0.618340253829956 0.7167012691497803 0.5808252096176147 0.662042498588562 0.7008496522903442 0.9259722232818604 0.21432411670684814 0.5304595828056335 0.29194575548171997 0.1812264323234558 0.9744254946708679 0.5590613484382629 
