0.398568332195282 0.7692217230796814 0.009061217308044434 0.3457416892051697 0.21679240465164185 0.776671290397644 0.08102720975875854 0.23052483797073364 
0.9146645069122314 0.35618674755096436 0.11234015226364136 0.733303964138031 0.8094360828399658 0.44563496112823486 0.9232646226882935 0.04914045333862305 
0.09908545017242432 0.1654583215713501 0.0729493498802185 0.8848005533218384 0.9196389317512512 0.7959592342376709 0.5228014588356018 0.7371082305908203 
0.569654643535614 0.009468555450439453 0.44905245304107666 0.14970505237579346 0.7505795955657959 0.6464420557022095 0.5268722176551819 0.7684034109115601 
0.6753082275390625 0.7609203457832336 0.7478547692298889 0.8526491522789001 0.2999885678291321 0.9172918796539307 0.6593821048736572 0.4436953663825989 
0.08815550804138184 0.566450297832489 0.03686016798019409 0.9155935645103455 0.16996550559997559 0.10741913318634033 0.7875145077705383 0.25234454870224 
0.39128416776657104 0.9572635889053345 0.026760518550872803 0.7526060938835144 0.607865571975708 0.9931982159614563 0.1470339298248291 0.3454110026359558 
0.9424088597297668 0.8362164497375488 0.9969978332519531 0.3052537441253662 0.7194790840148926 0.7405478358268738 0.5160780549049377 0.2294710874557495 
0.657887876033783 0.8362164497375488 0.9969978332519531 0.3052537441253662 0.7194790840148926 0.7405478358268738 0.5160780549049377 0.2294710874557495 
0.6258745193481445 0.8362164497375488 0.9969978332519531 0.3052537441253662 0.7194790840148926 0.7405478358268738 0.5160780549049377 0.2294710874557495 
0.6752498149871826 0.8362164497375488 0.9969978332519531 0.3052537441253662 0.7194790840148926 0.7405478358268738 0.5160780549049377 0.2294710874557495 
0.9991450309753418 0.8362164497375488 0.9969978332519531 0.3052537441253662 0.7194790840148926 0.7405478358268738 0.5160780549049377 0.2294710874557495 
0.3206639289855957 0.8362164497375488 0.9969978332519531 0.3052537441253662 0.7194790840148926 0.7405478358268738 0.5160780549049377 0.2294710874557495 
0.16196036338806152 0.8362164497375488 0.9969978332519531 0.3052537441253662 0.7194790840148926 0.7405478358268738 0.5160780549049377 0.2294710874557495 
0.5958616733551025 0.8362164497375488 0.9969978332519531 0.3052537441253662 0.7194790840148926 0.7405478358268738 0.5160780549049377 0.2294710874557495 
0.3295498490333557 0.8362164497375488 0.9969978332519531 0.3052537441253662 0.7194790840148926 0.7405478358268738 0.5160780549049377 0.2294710874557495 
