19
19
19
19
19
19
19
19
19
19
198
198
198
198
198
198
198
198
198
198
403
403
403
403
403
403
403
403
403
403
89
89
89
89
89
89
89
89
89
89
89
89
89
89
89
89
89
89
89
89
40
40
40
40
40
40
40
40
40
40
19
19
19
19
19
19
19
19
19
19
730
730
730
730
730
730
730
730
730
730
730
730
730
730
730
730
730
730
730
730
730
730
730
730
730
730
730
730
730
730
78
78
78
78
78
78
78
78
78
78
78
78
78
78
78
78
78
78
78
78
2952
2952
2952
2952
2952
2952
2952
2952
2952
2952
2952
2952
2952
2952
2952
2952
2952
2952
2952
2952
2952
2952
2952
2952
2952
2952
2952
2952
2952
2952
26
26
26
26
26
26
26
26
26
26
26
26
26
26
26
26
26
26
26
26
103
103
103
103
103
103
103
103
103
103
103
103
103
103
103
103
103
103
103
103
2436
2436
2436
2436
2436
2436
2436
2436
2436
2436
2436
2436
2436
2436
2436
2436
2436
2436
2436
2436
2436
2436
2436
2436
2436
2436
2436
2436
2436
2436
83
83
83
83
83
83
83
83
83
83
6019
6019
6019
6019
6019
6019
6019
6019
6019
6019
32
32
32
32
32
32
32
32
32
32
3807
3807
3807
3807
3807
3807
3807
3807
3807
3807
3807
3807
3807
3807
3807
3807
3807
3807
3807
3807
2136
2136
2136
2136
2136
2136
2136
2136
2136
2136
2136
2136
2136
2136
2136
2136
2136
2136
2136
2136
2136
2136
2136
2136
2136
2136
2136
2136
2136
2136
3983
3983
3983
3983
3983
3983
3983
3983
3983
3983
2836
2836
2836
2836
2836
2836
2836
2836
2836
2836
2836
2836
2836
2836
2836
2836
2836
2836
2836
2836
3983
3983
3983
3983
3983
3983
3983
3983
3983
3983
1578
1578
1578
1578
1578
1578
1578
1578
1578
1578
4214
4214
4214
4214
4214
4214
4214
4214
4214
4214
2911
2911
2911
2911
2911
2911
2911
2911
2911
2911
5322
5322
5322
5322
5322
5322
5322
5322
5322
5322
5322
5322
5322
5322
5322
5322
5322
5322
5322
5322
5322
5322
5322
5322
5322
5322
5322
5322
5322
5322
7148
7148
7148
7148
7148
7148
7148
7148
7148
7148
3242
3242
3242
3242
3242
3242
3242
3242
3242
3242
3112
3112
3112
3112
3112
3112
3112
3112
3112
3112
3112
3112
3112
3112
3112
3112
3112
3112
3112
3112
83
83
83
83
83
83
83
83
83
83
1970
1970
1970
1970
1970
1970
1970
1970
1970
1970
4051
4051
4051
4051
4051
4051
4051
4051
4051
4051
4051
4051
4051
4051
4051
4051
4051
4051
4051
4051
4051
4051
4051
4051
4051
4051
4051
4051
4051
4051
4160
4160
4160
4160
4160
4160
4160
4160
4160
4160
4160
4160
4160
4160
4160
4160
4160
4160
4160
4160
3235
3235
3235
3235
3235
3235
3235
3235
3235
3235
83
83
83
83
83
83
83
83
83
83
4137
4137
4137
4137
4137
4137
4137
4137
4137
4137
4137
4137
4137
4137
4137
4137
4137
4137
4137
4137
3664
3664
3664
3664
3664
3664
3664
3664
3664
3664
254
254
254
254
254
254
254
254
254
254
2911
2911
2911
2911
2911
2911
2911
2911
2911
2911
3830
3830
3830
3830
3830
3830
3830
3830
3830
3830
3830
3830
3830
3830
3830
3830
3830
3830
3830
3830
3830
3830
3830
3830
3830
3830
3830
3830
3830
3830
3830
3830
3830
3830
3830
3830
5778
5778
5778
5778
5778
5778
5778
5778
5778
5778
4297
4297
4297
4297
4297
4297
4297
4297
4297
4297
4297
4297
4297
4297
4297
4297
4297
4297
4297
4297
3947
3947
3947
3947
3947
3947
3947
3947
3947
3947
3947
3947
3947
3947
3947
3947
3947
3947
3947
3947
5339
5339
5339
5339
5339
5339
5339
5339
5339
5339
5339
5339
5339
5339
5339
5339
5339
5339
5339
5339
4160
4160
4160
4160
4160
4160
4160
4160
4160
4160
2911
2911
2911
2911
2911
2911
2911
2911
2911
2911
2911
2911
2911
2911
2911
2911
2911
2911
2911
2911
4340
4340
4340
4340
4340
4340
4340
4340
4340
4340
4362
4362
4362
4362
4362
4362
4362
4362
4362
4362
4397
4397
4397
4397
4397
4397
4397
4397
4397
4397
4397
4397
4397
4397
4397
4397
4397
4397
4397
4397
4397
4397
4397
4397
4397
4397
4397
4397
4397
4397
5688
5688
5688
5688
5688
5688
5688
5688
5688
5688
4680
4680
4680
4680
4680
4680
4680
4680
4680
4680
4680
4680
4680
4680
4680
4680
4680
4680
4680
4680
4680
4680
4680
4680
4680
4680
4680
4680
4680
4680
4406
4406
4406
4406
4406
4406
4406
4406
4406
4406
4406
4406
4406
4406
4406
4406
4406
4406
4406
4406
4481
4481
4481
4481
4481
4481
4481
4481
4481
4481
4481
4481
4481
4481
4481
4481
4481
4481
4481
4481
1447
1447
1447
1447
1447
1447
1447
1447
1447
1447
4195
4195
4195
4195
4195
4195
4195
4195
4195
4195
5163
5163
5163
5163
5163
5163
5163
5163
5163
5163
4640
4640
4640
4640
4640
4640
4640
4640
4640
4640
4640
4640
4640
4640
4640
4640
4640
4640
4640
4640
4640
4640
4640
4640
4640
4640
4640
4640
4640
4640
5514
5514
5514
5514
5514
5514
5514
5514
5514
5514
5514
5514
5514
5514
5514
5514
5514
5514
5514
5514
5652
5652
5652
5652
5652
5652
5652
5652
5652
5652
5393
5393
5393
5393
5393
5393
5393
5393
5393
5393
5393
5393
5393
5393
5393
5393
5393
5393
5393
5393
5192
5192
5192
5192
5192
5192
5192
5192
5192
5192
5192
5192
5192
5192
5192
5192
5192
5192
5192
5192
3699
3699
3699
3699
3699
3699
3699
3699
3699
3699
3699
3699
3699
3699
3699
3699
3699
3699
3699
3699
4898
4898
4898
4898
4898
4898
4898
4898
4898
4898
32
32
32
32
32
32
32
32
32
32
32
32
32
32
32
32
32
32
32
32
32
32
32
32
32
32
32
32
32
32
4859
4859
4859
4859
4859
4859
4859
4859
4859
4859
5390
5390
5390
5390
5390
5390
5390
5390
5390
5390
5456
5456
5456
5456
5456
5456
5456
5456
5456
5456
4830
4830
4830
4830
4830
4830
4830
4830
4830
4830
4830
4830
4830
4830
4830
4830
4830
4830
4830
4830
5049
5049
5049
5049
5049
5049
5049
5049
5049
5049
1970
1970
1970
1970
1970
1970
1970
1970
1970
1970
4859
4859
4859
4859
4859
4859
4859
4859
4859
4859
4853
4853
4853
4853
4853
4853
4853
4853
4853
4853
4853
4853
4853
4853
4853
4853
4853
4853
4853
4853
254
254
254
254
254
254
254
254
254
254
1970
1970
1970
1970
1970
1970
1970
1970
1970
1970
3235
3235
3235
3235
3235
3235
3235
3235
3235
3235
3235
3235
3235
3235
3235
3235
3235
3235
3235
3235
4898
4898
4898
4898
4898
4898
4898
4898
4898
4898
3607
3607
3607
3607
3607
3607
3607
3607
3607
3607
4859
4859
4859
4859
4859
4859
4859
4859
4859
4859
5022
5022
5022
5022
5022
5022
5022
5022
5022
5022
5022
5022
5022
5022
5022
5022
5022
5022
5022
5022
4853
4853
4853
4853
4853
4853
4853
4853
4853
4853
5390
5390
5390
5390
5390
5390
5390
5390
5390
5390
5390
5390
5390
5390
5390
5390
5390
5390
5390
5390
5104
5104
5104
5104
5104
5104
5104
5104
5104
5104
5104
5104
5104
5104
5104
5104
5104
5104
5104
5104
6209
6209
6209
6209
6209
6209
6209
6209
6209
6209
6209
6209
6209
6209
6209
6209
6209
6209
6209
6209
6209
6209
6209
6209
6209
6209
6209
6209
6209
6209
6147
6147
6147
6147
6147
6147
6147
6147
6147
6147
6147
6147
6147
6147
6147
6147
6147
6147
6147
6147
6147
6147
6147
6147
6147
6147
6147
6147
6147
6147
7178
7178
7178
7178
7178
7178
7178
7178
7178
7178
7178
7178
7178
7178
7178
7178
7178
7178
7178
7178
6385
6385
6385
6385
6385
6385
6385
6385
6385
6385
6385
6385
6385
6385
6385
6385
6385
6385
6385
6385
5750
5750
5750
5750
5750
5750
5750
5750
5750
5750
2764
2764
2764
2764
2764
2764
2764
2764
2764
2764
2764
2764
2764
2764
2764
2764
2764
2764
2764
2764
2764
2764
2764
2764
2764
2764
2764
2764
2764
2764
5463
5463
5463
5463
5463
5463
5463
5463
5463
5463
5463
5463
5463
5463
5463
5463
5463
5463
5463
5463
5561
5561
5561
5561
5561
5561
5561
5561
5561
5561
5163
5163
5163
5163
5163
5163
5163
5163
5163
5163
5652
5652
5652
5652
5652
5652
5652
5652
5652
5652
1355
1355
1355
1355
1355
1355
1355
1355
1355
1355
5688
5688
5688
5688
5688
5688
5688
5688
5688
5688
587
587
587
587
587
587
587
587
587
587
5561
5561
5561
5561
5561
5561
5561
5561
5561
5561
5561
5561
5561
5561
5561
5561
5561
5561
5561
5561
587
587
587
587
587
587
587
587
587
587
6081
6081
6081
6081
6081
6081
6081
6081
6081
6081
6081
6081
6081
6081
6081
6081
6081
6081
6081
6081
6081
6081
6081
6081
6081
6081
6081
6081
6081
6081
5678
5678
5678
5678
5678
5678
5678
5678
5678
5678
5678
5678
5678
5678
5678
5678
5678
5678
5678
5678
5678
5678
5678
5678
5678
5678
5678
5678
5678
5678
5703
5703
5703
5703
5703
5703
5703
5703
5703
5703
5703
5703
5703
5703
5703
5703
5703
5703
5703
5703
3699
3699
3699
3699
3699
3699
3699
3699
3699
3699
118
118
118
118
118
118
118
118
118
118
5808
5808
5808
5808
5808
5808
5808
5808
5808
5808
5867
5867
5867
5867
5867
5867
5867
5867
5867
5867
6078
6078
6078
6078
6078
6078
6078
6078
6078
6078
6078
6078
6078
6078
6078
6078
6078
6078
6078
6078
587
587
587
587
587
587
587
587
587
587
5808
5808
5808
5808
5808
5808
5808
5808
5808
5808
5778
5778
5778
5778
5778
5778
5778
5778
5778
5778
6000
6000
6000
6000
6000
6000
6000
6000
6000
6000
6064
6064
6064
6064
6064
6064
6064
6064
6064
6064
6064
6064
6064
6064
6064
6064
6064
6064
6064
6064
5789
5789
5789
5789
5789
5789
5789
5789
5789
5789
5789
5789
5789
5789
5789
5789
5789
5789
5789
5789
6476
6476
6476
6476
6476
6476
6476
6476
6476
6476
5456
5456
5456
5456
5456
5456
5456
5456
5456
5456
7148
7148
7148
7148
7148
7148
7148
7148
7148
7148
7402
7402
7402
7402
7402
7402
7402
7402
7402
7402
6531
6531
6531
6531
6531
6531
6531
6531
6531
6531
6836
6836
6836
6836
6836
6836
6836
6836
6836
6836
6836
6836
6836
6836
6836
6836
6836
6836
6836
6836
5456
5456
5456
5456
5456
5456
5456
5456
5456
5456
5456
5456
5456
5456
5456
5456
5456
5456
5456
5456
6529
6529
6529
6529
6529
6529
6529
6529
6529
6529
6529
6529
6529
6529
6529
6529
6529
6529
6529
6529
6563
6563
6563
6563
6563
6563
6563
6563
6563
6563
6367
6367
6367
6367
6367
6367
6367
6367
6367
6367
6437
6437
6437
6437
6437
6437
6437
6437
6437
6437
6437
6437
6437
6437
6437
6437
6437
6437
6437
6437
3242
3242
3242
3242
3242
3242
3242
3242
3242
3242
3242
3242
3242
3242
3242
3242
3242
3242
3242
3242
6818
6818
6818
6818
6818
6818
6818
6818
6818
6818
6272
6272
6272
6272
6272
6272
6272
6272
6272
6272
6272
6272
6272
6272
6272
6272
6272
6272
6272
6272
6272
6272
6272
6272
6272
6272
6272
6272
6272
6272
5789
5789
5789
5789
5789
5789
5789
5789
5789
5789
4267
4267
4267
4267
4267
4267
4267
4267
4267
4267
6367
6367
6367
6367
6367
6367
6367
6367
6367
6367
7067
7067
7067
7067
7067
7067
7067
7067
7067
7067
7067
7067
7067
7067
7067
7067
7067
7067
7067
7067
6848
6848
6848
6848
6848
6848
6848
6848
6848
6848
4441
4441
4441
4441
4441
4441
4441
4441
4441
4441
4441
4441
4441
4441
4441
4441
4441
4441
4441
4441
4441
4441
4441
4441
4441
4441
4441
4441
4441
4441
6818
6818
6818
6818
6818
6818
6818
6818
6818
6818
6836
6836
6836
6836
6836
6836
6836
6836
6836
6836
7059
7059
7059
7059
7059
7059
7059
7059
7059
7059
7059
7059
7059
7059
7059
7059
7059
7059
7059
7059
4267
4267
4267
4267
4267
4267
4267
4267
4267
4267
6925
6925
6925
6925
6925
6925
6925
6925
6925
6925
7148
7148
7148
7148
7148
7148
7148
7148
7148
7148
7505
7505
7505
7505
7505
7505
7505
7505
7505
7505
7113
7113
7113
7113
7113
7113
7113
7113
7113
7113
6000
6000
6000
6000
6000
6000
6000
6000
6000
6000
7367
7367
7367
7367
7367
7367
7367
7367
7367
7367
7302
7302
7302
7302
7302
7302
7302
7302
7302
7302
7302
7302
7302
7302
7302
7302
7302
7302
7302
7302
7226
7226
7226
7226
7226
7226
7226
7226
7226
7226
7226
7226
7226
7226
7226
7226
7226
7226
7226
7226
7059
7059
7059
7059
7059
7059
7059
7059
7059
7059
7190
7190
7190
7190
7190
7190
7190
7190
7190
7190
7190
7190
7190
7190
7190
7190
7190
7190
7190
7190
7402
7402
7402
7402
7402
7402
7402
7402
7402
7402
7278
7278
7278
7278
7278
7278
7278
7278
7278
7278
7447
7447
7447
7447
7447
7447
7447
7447
7447
7447
7447
7447
7447
7447
7447
7447
7447
7447
7447
7447
4788
4788
4788
4788
4788
4788
4788
4788
4788
4788
7264
7264
7264
7264
7264
7264
7264
7264
7264
7264
7264
7264
7264
7264
7264
7264
7264
7264
7264
7264
7264
7264
7264
7264
7264
7264
7264
7264
7264
7264
7312
7312
7312
7312
7312
7312
7312
7312
7312
7312
696
696
696
696
696
696
696
696
696
696
696
696
696
696
696
696
696
696
696
696
6454
6454
6454
6454
6454
6454
6454
6454
6454
6454
4788
4788
4788
4788
4788
4788
4788
4788
4788
4788
6476
6476
6476
6476
6476
6476
6476
6476
6476
6476
5750
5750
5750
5750
5750
5750
5750
5750
5750
5750
7517
7517
7517
7517
7517
7517
7517
7517
7517
7517
7517
7517
7517
7517
7517
7517
7517
7517
7517
7517
7517
7517
7517
7517
7517
7517
7517
7517
7517
7517
6415
6415
6415
6415
6415
6415
6415
6415
6415
6415
7511
7511
7511
7511
7511
7511
7511
7511
7511
7511
7511
7511
7511
7511
7511
7511
7511
7511
7511
7511
7859
7859
7859
7859
7859
7859
7859
7859
7859
7859
7859
7859
7859
7859
7859
7859
7859
7859
7859
7859
7859
7859
7859
7859
7859
7859
7859
7859
7859
7859
4018
4018
4018
4018
4018
4018
4018
4018
4018
4018
7278
7278
7278
7278
7278
7278
7278
7278
7278
7278
7635
7635
7635
7635
7635
7635
7635
7635
7635
7635
7635
7635
7635
7635
7635
7635
7635
7635
7635
7635
4018
4018
4018
4018
4018
4018
4018
4018
4018
4018
4018
4018
4018
4018
4018
4018
4018
4018
4018
4018
6454
6454
6454
6454
6454
6454
6454
6454
6454
6454
6415
6415
6415
6415
6415
6415
6415
6415
6415
6415
8014
8014
8014
8014
8014
8014
8014
8014
8014
8014
8014
8014
8014
8014
8014
8014
8014
8014
8014
8014
6415
6415
6415
6415
6415
6415
6415
6415
6415
6415
8051
8051
8051
8051
8051
8051
8051
8051
8051
8051
8051
8051
8051
8051
8051
8051
8051
8051
8051
8051
6454
6454
6454
6454
6454
6454
6454
6454
6454
6454
40
40
40
40
40
40
40
40
40
40
60
60
60
60
60
60
60
60
60
60
1034
1034
1034
1034
1034
1034
1034
1034
1034
1034
125
125
125
125
125
125
125
125
125
125
125
125
125
125
125
125
125
125
125
125
87
87
87
87
87
87
87
87
87
87
289
289
289
289
289
289
289
289
289
289
289
289
289
289
289
289
289
289
289
289
118
118
118
118
118
118
118
118
118
118
163
163
163
163
163
163
163
163
163
163
39
39
39
39
39
39
39
39
39
39
39
39
39
39
39
39
39
39
39
39
39
39
39
39
39
39
39
39
39
39
196
196
196
196
196
196
196
196
196
196
196
196
196
196
196
196
196
196
196
196
196
196
196
196
196
196
196
196
196
196
201
201
201
201
201
201
201
201
201
201
211
211
211
211
211
211
211
211
211
211
211
211
211
211
211
211
211
211
211
211
226
226
226
226
226
226
226
226
226
226
1502
1502
1502
1502
1502
1502
1502
1502
1502
1502
1502
1502
1502
1502
1502
1502
1502
1502
1502
1502
426
426
426
426
426
426
426
426
426
426
426
426
426
426
426
426
426
426
426
426
426
426
426
426
426
426
426
426
426
426
163
163
163
163
163
163
163
163
163
163
887
887
887
887
887
887
887
887
887
887
887
887
887
887
887
887
887
887
887
887
887
887
887
887
887
887
887
887
887
887
27
27
27
27
27
27
27
27
27
27
446
446
446
446
446
446
446
446
446
446
446
446
446
446
446
446
446
446
446
446
302
302
302
302
302
302
302
302
302
302
302
302
302
302
302
302
302
302
302
302
302
302
302
302
302
302
302
302
302
302
481
481
481
481
481
481
481
481
481
481
481
481
481
481
481
481
481
481
481
481
445
445
445
445
445
445
445
445
445
445
445
445
445
445
445
445
445
445
445
445
200
200
200
200
200
200
200
200
200
200
200
200
200
200
200
200
200
200
200
200
322
322
322
322
322
322
322
322
322
322
322
322
322
322
322
322
322
322
322
322
311
311
311
311
311
311
311
311
311
311
1246
1246
1246
1246
1246
1246
1246
1246
1246
1246
1246
1246
1246
1246
1246
1246
1246
1246
1246
1246
1183
1183
1183
1183
1183
1183
118
118
118
118
118
118
118
118
118
118
27
27
27
27
27
27
27
27
27
27
1081
1081
1081
1081
1081
1081
1081
1081
1081
1081
150
150
150
150
150
150
150
150
150
150
150
150
150
150
150
150
150
150
150
150
458
458
458
458
458
458
458
458
458
458
458
458
458
458
458
458
458
458
458
458
458
458
458
458
458
458
458
458
458
458
200
200
200
200
200
200
200
200
200
200
298
298
298
298
298
298
298
298
298
298
298
298
298
298
298
298
298
298
298
298
198
198
198
198
198
198
198
198
198
198
403
403
403
403
403
403
403
403
403
403
412
412
412
412
412
412
412
412
412
412
307
307
307
307
307
307
307
307
307
307
307
307
307
307
307
307
307
307
307
307
307
307
307
307
307
307
307
307
307
307
254
254
254
254
254
254
254
254
254
254
201
201
201
201
201
201
201
201
201
201
403
403
403
403
403
403
403
403
403
403
1081
1081
1081
1081
1081
1081
1081
1081
1081
1081
1183
1183
1183
1183
1183
1183
1183
1183
1183
1183
911
911
911
911
911
911
911
911
911
911
441
441
441
441
441
441
441
441
441
441
332
332
332
332
332
332
332
332
332
332
441
441
441
441
441
441
441
441
441
441
669
669
669
669
669
669
669
669
669
669
669
669
669
669
669
669
669
669
669
669
1088
1088
1088
1088
1088
1088
1088
1088
1088
1088
328
328
328
328
328
328
328
328
328
328
198
198
198
198
198
198
198
198
198
198
441
441
441
441
441
441
441
441
441
441
1447
1447
1447
1447
1447
1447
1447
1447
1447
1447
1447
1447
1447
1447
1447
1447
1447
1447
1447
1447
1447
1447
1447
1447
1447
1447
1447
1447
1447
1447
911
911
911
911
911
911
911
911
911
911
248
248
248
248
248
248
248
248
248
248
248
248
248
248
248
248
248
248
248
248
248
248
248
248
248
248
248
248
248
248
831
831
831
831
831
831
831
831
831
831
831
831
831
831
831
831
831
831
831
831
229
229
229
229
229
229
229
229
229
229
405
405
405
405
405
405
405
405
405
405
405
405
405
405
405
405
405
405
405
405
839
839
839
839
839
839
839
839
839
839
909
909
909
909
909
909
909
909
909
909
909
909
909
909
909
909
909
909
909
909
909
909
909
909
909
909
909
909
909
909
2910
2910
2910
2910
2910
2910
2910
2910
2910
2910
3240
3240
3240
3240
3240
3240
3240
3240
3240
3240
3240
3240
3240
3240
3240
3240
3240
3240
3240
3240
226
226
226
226
226
226
226
226
226
226
226
226
226
226
226
226
226
226
226
226
625
625
625
625
625
625
625
625
625
625
625
625
625
625
625
625
625
625
625
625
2007
2007
2007
2007
2007
2007
2007
2007
2007
2007
150
150
150
150
150
150
150
150
150
150
1116
1116
1116
1116
1116
1116
1116
1116
1116
1116
1116
1116
1116
1116
1116
1116
1116
1116
1116
1116
1183
1183
1183
1183
1183
1183
1183
1183
1183
1183
1183
1183
1183
1183
1183
1183
1183
1183
1183
1183
1040
1040
1040
1040
1040
1040
1040
1040
1040
1040
1098
1098
1098
1098
1098
1098
1098
1098
1098
1098
1069
1069
1069
1069
1069
1069
1069
1069
1069
1069
1069
1069
1069
1069
1069
1069
1069
1069
1069
1069
1088
1088
1088
1088
1088
1088
1088
1088
1088
1088
1088
1088
1088
1088
1088
1088
1088
1088
1088
1088
1455
1455
1455
1455
1455
1455
1455
1455
1455
1455
233
233
233
233
233
233
233
233
233
233
1334
1334
1334
1334
1334
1334
1334
1334
1334
1334
1246
1246
1246
1246
1246
1246
1246
1246
1246
1246
1363
1363
1363
1363
1363
1363
1363
1363
1363
1363
1235
1235
1235
1235
1235
1235
1235
1235
1235
1235
1235
1235
1235
1235
1235
1235
1235
1235
1235
1235
1235
1235
1235
1235
1235
1235
1235
1235
1235
1235
1594
1594
1594
1594
1594
1594
1594
1594
1594
1594
3607
3607
3607
3607
3607
3607
3607
3607
3607
3607
1116
1116
1116
1116
1116
1116
1116
1116
1116
1116
2989
2989
2989
2989
2989
2989
2989
2989
2989
2989
2989
2989
2989
2989
2989
2989
2989
2989
2989
2989
1263
1263
1263
1263
1263
1263
1263
1263
1263
1263
1455
1455
1455
1455
1455
1455
1455
1455
1455
1455
1363
1363
1363
1363
1363
1363
1363
1363
1363
1363
2893
2893
2893
2893
2893
2893
2893
2893
2893
2893
2893
2893
2893
2893
2893
2893
2893
2893
2893
2893
2002
2002
2002
2002
2002
2002
2002
2002
2002
2002
1263
1263
1263
1263
1263
1263
1263
1263
1263
1263
1578
1578
1578
1578
1578
1578
1578
1578
1578
1578
1553
1553
1553
1553
1553
1553
1553
1553
1553
1553
1553
1553
1553
1553
1553
1553
1553
1553
1553
1553
1578
1578
1578
1578
1578
1578
1578
1578
1578
1578
250
250
250
250
250
250
250
250
250
250
1723
1723
1723
1723
1723
1723
1723
1723
1723
1723
1992
1992
1992
1992
1992
1992
1992
1992
1992
1992
1263
1263
1263
1263
1263
1263
1263
1263
1263
1263
250
250
250
250
250
250
250
250
250
250
250
250
250
250
250
250
250
250
250
250
2817
2817
2817
2817
2817
2817
2817
2817
2817
2817
2817
2817
2817
2817
2817
2817
2817
2817
2817
2817
1963
1963
1963
1963
1963
1963
1963
1963
1963
1963
1737
1737
1737
1737
1737
1737
1737
1737
1737
1737
1737
1737
1737
1737
1737
1737
1737
1737
1737
1737
1963
1963
1963
1963
1963
1963
1963
1963
1963
1963
1743
1743
1743
1743
1743
1743
1743
1743
1743
1743
1743
1743
1743
1743
1743
1743
1743
1743
1743
1743
1743
1743
1743
1743
1743
1743
1743
1743
1743
1743
1624
1624
1624
1624
1624
1624
1624
1624
1624
1624
1926
1926
1926
1926
1926
1926
1926
1926
1926
1926
2391
2391
2391
2391
2391
2391
2391
2391
2391
2391
254
254
254
254
254
254
254
254
254
254
1898
1898
1898
1898
1898
1898
1898
1898
1898
1898
2092
2092
2092
2092
2092
2092
2092
2092
2092
2092
2092
2092
2092
2092
2092
2092
2092
2092
2092
2092
1898
1898
1898
1898
1898
1898
1898
1898
1898
1898
1898
1898
1898
1898
1898
1898
1898
1898
1898
1898
1898
1898
1898
1898
1898
1898
1898
1898
1898
1898
1737
1737
1737
1737
1737
1737
1737
1737
1737
1737
1963
1963
1963
1963
1963
1963
1963
1963
1963
1963
1926
1926
1926
1926
1926
1926
1926
1926
1926
1926
1926
1926
1926
1926
1926
1926
1926
1926
1926
1926
1867
1867
1867
1867
1867
1867
1867
1867
1867
1867
1737
1737
1737
1737
1737
1737
1737
1737
1737
1737
2514
2514
2514
2514
2514
2514
2514
2514
2514
2514
2007
2007
2007
2007
2007
2007
2007
2007
2007
2007
2182
2182
2182
2182
2182
2182
2182
2182
2182
2182
1841
1841
1841
1841
1841
1841
1841
1841
1841
1841
2416
2416
2416
2416
2416
2416
2416
2416
2416
2416
2416
2416
2416
2416
2416
2416
2416
2416
2416
2416
2289
2289
2289
2289
2289
2289
2289
2289
2289
2289
2289
2289
2289
2289
2289
2289
2289
2289
2289
2289
2289
2289
2289
2289
2289
2289
2289
2289
2289
2289
2289
2289
2289
2289
2289
2289
2289
2289
2289
2289
2384
2384
2384
2384
2384
2384
2384
2384
2384
2384
2843
2843
2843
2843
2843
2843
2843
2843
2843
2843
1867
1867
1867
1867
1867
1867
1867
1867
1867
1867
1867
1867
1867
1867
1867
1867
1867
1867
1867
1867
2518
2518
2518
2518
2518
2518
2518
2518
2518
2518
2518
2518
2518
2518
2518
2518
2518
2518
2518
2518
233
233
233
233
233
233
233
233
233
233
2691
2691
2691
2691
2691
2691
2691
2691
2691
2691
2691
2691
2691
2691
2691
2691
2691
2691
2691
2691
2691
2691
2691
2691
2691
2691
2691
2691
2691
2691
4088
4088
4088
4088
4088
4088
4088
4088
4088
4088
4088
4088
4088
4088
4088
4088
4088
4088
4088
4088
3259
3259
3259
3259
3259
3259
3259
3259
3259
3259
1841
1841
1841
1841
1841
1841
1841
1841
1841
1841
3486
3486
3486
3486
3486
3486
3486
3486
3486
3486
3486
3486
3486
3486
3486
3486
3486
3486
3486
3486
3214
3214
3214
3214
3214
3214
3214
3214
3214
3214
3214
3214
3214
3214
3214
3214
3214
3214
3214
3214
3214
3214
3214
3214
3214
3214
3214
3214
3214
3214
1624
1624
1624
1624
1624
1624
1624
1624
1624
1624
2196
2196
2196
2196
2196
2196
2196
2196
2196
2196
2196
2196
2196
2196
2196
2196
2196
2196
2196
2196
3440
3440
3440
3440
3440
3440
3440
3440
3440
3440
3440
3440
3440
3440
3440
3440
3440
3440
3440
3440
3723
3723
3723
3723
3723
3723
3723
3723
3723
3723
3723
3723
3723
3723
3723
3723
3723
3723
3723
3723
3436
3436
3436
3436
3436
3436
3436
3436
3436
3436
3436
3436
3436
3436
3436
3436
3436
3436
3436
3436
460
460
460
460
460
460
460
460
460
460
460
460
460
460
460
460
460
460
460
460
3168
3168
3168
3168
3168
3168
3168
3168
3168
3168
3168
3168
3168
3168
3168
3168
3168
3168
3168
3168
3879
3879
3879
3879
3879
3879
3879
3879
3879
3879
2196
2196
2196
2196
2196
2196
2196
2196
2196
2196
3879
3879
3879
3879
3879
3879
3879
3879
3879
3879
3526
3526
3526
3526
3526
3526
3526
3526
3526
3526
3699
3699
3699
3699
3699
3699
3699
3699
3699
3699
3526
3526
3526
3526
3526
3526
3526
3526
3526
3526
3526
3526
3526
3526
3526
3526
3526
3526
3526
3526
3664
3664
3664
3664
3664
3664
3664
3664
3664
3664
3664
3664
3664
3664
3664
3664
3664
3664
3664
3664
3982
3982
3982
3982
3982
3982
3982
3982
3982
3982
2159
2159
2159
2159
2159
2159
2159
2159
2159
2159
2159
2159
2159
2159
2159
2159
2159
2159
2159
2159
2159
2159
2159
2159
2159
2159
2159
2159
2159
2159
1841
1841
1841
1841
1841
1841
1841
1841
1841
1841
374
374
374
374
374
374
374
374
374
374
374
374
374
374
374
374
374
374
374
374
3857
3857
3857
3857
3857
3857
3857
3857
3857
3857
2182
2182
2182
2182
2182
2182
2182
2182
2182
2182
2182
2182
2182
2182
2182
2182
2182
2182
2182
2182
3982
3982
3982
3982
3982
3982
3982
3982
3982
3982
3857
3857
3857
3857
3857
3857
3857
3857
3857
3857
3857
3857
3857
3857
3857
3857
3857
3857
3857
3857
4014
4014
4014
4014
4014
4014
4014
4014
4014
4014
4014
4014
4014
4014
4014
4014
4014
4014
4014
4014
4014
4014
4014
4014
4014
4014
4014
4014
4014
4014
4014
4014
4014
4014
4014
4014
4014
4014
4014
4014
4195
4195
4195
4195
4195
4195
4195
4195
4195
4195
4195
4195
4195
4195
4195
4195
4195
4195
4195
4195
4195
4195
4195
4195
4195
4195
4195
4195
4195
4195
6880
6880
6880
6880
6880
6880
6880
6880
6880
6880
6181
6181
6181
6181
6181
6181
6181
6181
6181
6181
6385
6385
6385
6385
6385
6385
6385
6385
6385
6385
8465
8465
8465
8465
8465
8465
8465
8465
8465
8465
8465
8465
8465
8465
8465
8465
8465
8465
8465
8465
8465
8465
8465
8465
8465
8465
8465
8465
8465
8465
8465
8465
8465
8465
8465
8465
8465
8465
8465
8465
7278
7278
7278
7278
7278
7278
7278
7278
7278
7278
8425
8425
8425
8425
8425
8425
8425
8425
8425
8425
4813
4813
4813
4813
4813
4813
4813
4813
4813
4813
4813
4813
4813
4813
4813
4813
4813
4813
4813
4813
6848
6848
6848
6848
6848
6848
6848
6848
6848
6848
6848
6848
6848
6848
6848
6848
6848
6848
6848
6848
7505
7505
7505
7505
7505
7505
7505
7505
7505
7505
7505
7505
7505
7505
7505
7505
7505
7505
7505
7505
8629
8629
8629
8629
8629
8629
8629
8629
8629
8629
8629
8629
8629
8629
8629
8629
8629
8629
8629
8629
8609
8609
8609
8609
8609
8609
8609
8609
8609
8609
8975
8975
8975
8975
8975
8975
8975
8975
8975
8975
7078
7078
7078
7078
7078
7078
7078
7078
7078
7078
8063
8063
8063
8063
8063
8063
8063
8063
8063
8063
8063
8063
8063
8063
8063
8063
8063
8063
8063
8063
8063
8063
8063
8063
8063
8063
8063
8063
8063
8063
8063
8063
8063
8063
8063
8063
8063
8063
8063
8063
8108
8108
8108
8108
8108
8108
8108
8108
8108
8108
8095
8095
8095
8095
8095
8095
8095
8095
8095
8095
8095
8095
8095
8095
8095
8095
8095
8095
8095
8095
8095
8095
8095
8095
8095
8095
8095
8095
8095
8095
8226
8226
8226
8226
8226
8226
8226
8226
8226
8226
8226
8226
8226
8226
8226
8226
8226
8226
8226
8226
8238
8238
8238
8238
8238
8238
8238
8238
8238
8238
7780
7780
7780
7780
7780
7780
7780
7780
7780
7780
8098
8098
8098
8098
8098
8098
8098
8098
8098
8098
8123
8123
8123
8123
8123
8123
8123
8123
8123
8123
8123
8123
8123
8123
8123
8123
8123
8123
8123
8123
8123
8123
8123
8123
8123
8123
8123
8123
8123
8123
8098
8098
8098
8098
8098
8098
8098
8098
8098
8098
8098
8098
8098
8098
8098
8098
8098
8098
8098
8098
8312
8312
8312
8312
8312
8312
8312
8312
8312
8312
8312
8312
8312
8312
8312
8312
8312
8312
8312
8312
8108
8108
8108
8108
8108
8108
8108
8108
8108
8108
8108
8108
8108
8108
8108
8108
8108
8108
8108
8108
8014
8014
8014
8014
8014
8014
8014
8014
8014
8014
8609
8609
8609
8609
8609
8609
8609
8609
8609
8609
8238
8238
8238
8238
8238
8238
8238
8238
8238
8238
7800
7800
7800
7800
7800
7800
7800
7800
7800
7800
7800
7800
7800
7800
7800
7800
7800
7800
7800
7800
7800
7800
7800
7800
7800
7800
7800
7800
7800
7800
8088
8088
8088
8088
8088
8088
8088
8088
8088
8088
6563
6563
6563
6563
6563
6563
6563
6563
6563
6563
8419
8419
8419
8419
8419
8419
8419
8419
8419
8419
8468
8468
8468
8468
8468
8468
8468
8468
8468
8468
8419
8419
8419
8419
8419
8419
8419
8419
8419
8419
8324
8324
8324
8324
8324
8324
8324
8324
8324
8324
8324
8324
8324
8324
8324
8324
8324
8324
8324
8324
8324
8324
8324
8324
8324
8324
8324
8324
8324
8324
8580
8580
8580
8580
8580
8580
8580
8580
8580
8580
8580
8580
8580
8580
8580
8580
8580
8580
8580
8580
4267
4267
4267
4267
4267
4267
4267
4267
4267
4267
8425
8425
8425
8425
8425
8425
8425
8425
8425
8425
8425
8425
8425
8425
8425
8425
8425
8425
8425
8425
8425
8425
8425
8425
8425
8425
8425
8425
8425
8425
8419
8419
8419
8419
8419
8419
8419
8419
8419
8419
8419
8419
8419
8419
8419
8419
8419
8419
8419
8419
8747
8747
8747
8747
8747
8747
8747
8747
8747
8747
8797
8797
8797
8797
8797
8797
8797
8797
8797
8797
4788
4788
4788
4788
4788
4788
4788
4788
4788
4788
8468
8468
8468
8468
8468
8468
8468
8468
8468
8468
8468
8468
8468
8468
8468
8468
8468
8468
8468
8468
8051
8051
8051
8051
8051
8051
8051
8051
8051
8051
8770
8770
8770
8770
8770
8770
8770
8770
8770
8770
8770
8770
8770
8770
8770
8770
8770
8770
8770
8770
8770
8770
8770
8770
8770
8770
8770
8770
8770
8770
7794
7794
7794
7794
7794
7794
7794
7794
7794
7794
7794
7794
7794
7794
7794
7794
7794
7794
7794
7794
7794
7794
7794
7794
7794
7794
7794
7794
7794
7794
3374
3374
3374
3374
3374
3374
3374
3374
3374
3374
3374
3374
3374
3374
3374
3374
3374
3374
3374
3374
3374
3374
3374
3374
3374
3374
3374
3374
3374
3374
8838
8838
8838
8838
8838
8838
8838
8838
8838
8838
8838
8838
8838
8838
8838
8838
8838
8838
8838
8838
6064
6064
6064
6064
6064
6064
6064
6064
6064
6064
8630
8630
8630
8630
8630
8630
8630
8630
8630
8630
8630
8630
8630
8630
8630
8630
8630
8630
8630
8630
