110
110
110
110
110
110
110
110
110
110
4174
4174
4174
4174
4174
4174
4174
4174
4174
4174
173
173
173
173
173
173
173
173
173
173
44
44
44
44
44
44
44
44
44
44
92
92
92
92
92
92
92
92
92
92
20
20
20
20
20
20
20
20
20
20
37
37
37
37
37
37
37
37
37
37
728
728
728
728
728
728
728
728
728
728
66
66
66
66
66
66
66
66
66
66
6533
6533
6533
6533
6533
6533
6533
6533
6533
6533
3595
3595
3595
3595
3595
3595
3595
3595
3595
3595
2825
2825
2825
2825
2825
2825
2825
2825
2825
2825
3779
3779
3779
3779
3779
3779
3779
3779
3779
3779
3871
3871
3871
3871
3871
3871
3871
3871
3871
3871
3553
3553
3553
3553
3553
3553
3553
3553
3553
3553
3959
3959
3959
3959
3959
3959
3959
3959
3959
3959
4463
4463
4463
4463
4463
4463
4463
4463
4463
4463
3992
3992
3992
3992
3992
3992
3992
3992
3992
3992
3433
3433
3433
3433
3433
3433
3433
3433
3433
3433
3962
3962
3962
3962
3962
3962
3962
3962
3962
3962
75
75
75
75
75
75
75
75
75
75
331
331
331
331
331
331
331
331
331
331
3020
3020
3020
3020
3020
3020
3020
3020
3020
3020
3926
3926
3926
3926
3926
3926
3926
3926
3926
3926
4352
4352
4352
4352
4352
4352
4352
4352
4352
4352
4594
4594
4594
4594
4594
4594
4594
4594
4594
4594
4710
4710
4710
4710
4710
4710
4710
4710
4710
4710
1107
1107
1107
1107
1107
1107
1107
1107
1107
1107
1298
1298
1298
1298
1298
1298
1298
1298
1298
1298
1230
1230
1230
1230
1230
1230
1230
1230
1230
1230
1430
1430
1430
1430
1430
1430
1430
1430
1430
1430
5023
5023
5023
5023
5023
5023
5023
5023
5023
5023
3885
3885
3885
3885
3885
3885
3885
3885
3885
3885
5045
5045
5045
5045
5045
5045
5045
5045
5045
5045
1505
1505
1505
1505
1505
1505
1505
1505
1505
1505
5893
5893
5893
5893
5893
5893
5893
5893
5893
5893
6281
6281
6281
6281
6281
6281
6281
6281
6281
6281
1920
1920
1920
1920
1920
1920
1920
1920
1920
1920
4487
4487
4487
4487
4487
4487
4487
4487
4487
4487
4520
4520
4520
4520
4520
4520
4520
4520
4520
4520
4757
4757
4757
4757
4757
4757
4757
4757
4757
4757
4766
4766
4766
4766
4766
4766
4766
4766
4766
4766
2133
2133
2133
2133
2133
2133
2133
2133
2133
2133
6084
6084
6084
6084
6084
6084
6084
6084
6084
6084
5248
5248
5248
5248
5248
5248
5248
5248
5248
5248
1868
1868
1868
1868
1868
1868
1868
1868
1868
1868
7009
7009
7009
7009
7009
7009
7009
7009
7009
7009
7079
7079
7079
7079
7079
7079
7079
7079
7079
7079
7150
7150
7150
7150
7150
7150
7150
7150
7150
7150
6127
6127
6127
6127
6127
6127
6127
6127
6127
6127
7135
7135
7135
7135
7135
7135
7135
7135
7135
7135
5181
5181
5181
5181
5181
5181
5181
5181
5181
5181
5009
5009
5009
5009
5009
5009
5009
5009
5009
5009
4442
4442
4442
4442
4442
4442
4442
4442
4442
4442
453
453
453
453
453
453
453
453
453
453
4059
4059
4059
4059
4059
4059
4059
4059
4059
4059
4402
4402
4402
4402
4402
4402
4402
4402
4402
4402
2544
2544
2544
2544
2544
2544
2544
2544
2544
2544
5278
5278
5278
5278
5278
5278
5278
5278
5278
5278
2712
2712
2712
2712
2712
2712
2712
2712
2712
2712
2270
2270
2270
2270
2270
2270
2270
2270
2270
2270
94
94
94
94
94
94
94
94
94
94
4211
4211
4211
4211
4211
4211
4211
4211
4211
4211
3912
3912
3912
3912
3912
3912
3912
3912
3912
3912
8148
8148
8148
8148
8148
8148
8148
8148
8148
8148
5245
5245
5245
5245
5245
5245
5245
5245
5245
5245
4443
4443
4443
4443
4443
4443
4443
4443
4443
4443
3148
3148
3148
3148
3148
3148
3148
3148
3148
3148
3793
3793
3793
3793
3793
3793
3793
3793
3793
3793
4327
4327
4327
4327
4327
4327
4327
4327
4327
4327
5230
5230
5230
5230
5230
5230
5230
5230
5230
5230
5252
5252
5252
5252
5252
5252
5252
5252
5252
5252
5487
5487
5487
5487
5487
5487
5487
5487
5487
5487
4015
4015
4015
4015
4015
4015
4015
4015
4015
4015
2967
2967
2967
2967
2967
2967
2967
2967
2967
2967
3192
3192
3192
3192
3192
3192
3192
3192
3192
3192
123
123
123
123
123
123
123
123
123
123
2930
2930
2930
2930
2930
2930
2930
2930
2930
2930
5136
5136
5136
5136
5136
5136
5136
5136
5136
5136
4192
4192
4192
4192
4192
4192
4192
4192
4192
4192
3098
3098
3098
3098
3098
3098
3098
3098
3098
3098
3088
3088
3088
3088
3088
3088
3088
3088
3088
3088
3006
3006
3006
3006
3006
3006
3006
3006
3006
3006
4034
4034
4034
4034
4034
4034
4034
4034
4034
4034
4420
4420
4420
4420
4420
4420
4420
4420
4420
4420
4991
4991
4991
4991
4991
4991
4991
4991
4991
4991
3245
3245
3245
3245
3245
3245
3245
3245
3245
3245
3796
3796
3796
3796
3796
3796
3796
3796
3796
3796
4771
4771
4771
4771
4771
4771
4771
4771
4771
4771
614
614
614
614
614
614
614
614
614
614
3417
3417
3417
3417
3417
3417
3417
3417
3417
3417
4428
4428
4428
4428
4428
4428
4428
4428
4428
4428
2990
2990
2990
2990
2990
2990
2990
2990
2990
2990
4017
4017
4017
4017
4017
4017
4017
4017
4017
4017
3894
3894
3894
3894
3894
3894
3894
3894
3894
3894
3606
3606
3606
3606
3606
3606
3606
3606
3606
3606
3895
3895
3895
3895
3895
3895
3895
3895
3895
3895
3641
3641
3641
3641
3641
3641
3641
3641
3641
3641
3969
3969
3969
3969
3969
3969
3969
3969
3969
3969
6221
6221
6221
6221
6221
6221
6221
6221
6221
6221
2148
2148
2148
2148
2148
2148
2148
2148
2148
2148
3179
3179
3179
3179
3179
3179
3179
3179
3179
3179
3909
3909
3909
3909
3909
3909
3909
3909
3909
3909
3288
3288
3288
3288
3288
3288
3288
3288
3288
3288
4005
4005
4005
4005
4005
4005
4005
4005
4005
4005
2919
2919
2919
2919
2919
2919
2919
2919
2919
2919
3567
3567
3567
3567
3567
3567
3567
3567
3567
3567
2405
2405
2405
2405
2405
2405
2405
2405
2405
2405
2988
2988
2988
2988
2988
2988
2988
2988
2988
2988
3394
3394
3394
3394
3394
3394
3394
3394
3394
3394
3346
3346
3346
3346
3346
3346
3346
3346
3346
3346
4078
4078
4078
4078
4078
4078
4078
4078
4078
4078
4235
4235
4235
4235
4235
4235
4235
4235
4235
4235
4345
4345
4345
4345
4345
4345
4345
4345
4345
4345
2407
2407
2407
2407
2407
2407
2407
2407
2407
2407
7208
7208
7208
7208
7208
7208
7208
7208
7208
7208
4894
4894
4894
4894
4894
4894
4894
4894
4894
4894
3557
3557
3557
3557
3557
3557
3557
3557
3557
3557
3547
3547
3547
3547
3547
3547
3547
3547
3547
3547
4480
4480
4480
4480
4480
4480
4480
4480
4480
4480
2297
2297
2297
2297
2297
2297
2297
2297
2297
2297
1421
1421
1421
1421
1421
1421
1421
1421
1421
1421
3665
3665
3665
3665
3665
3665
3665
3665
3665
3665
5321
5321
5321
5321
5321
5321
5321
5321
5321
5321
7749
7749
7749
7749
7749
7749
7749
7749
7749
7749
2895
2895
2895
2895
2895
2895
2895
2895
2895
2895
5952
5952
5952
5952
5952
5952
5952
5952
5952
5952
5340
5340
5340
5340
5340
5340
5340
5340
5340
5340
6121
6121
6121
6121
6121
6121
6121
6121
6121
6121
3911
3911
3911
3911
3911
3911
3911
3911
3911
3911
4344
4344
4344
4344
4344
4344
4344
4344
4344
4344
3845
3845
3845
3845
3845
3845
3845
3845
3845
3845
4019
4019
4019
4019
4019
4019
4019
4019
4019
4019
4492
4492
4492
4492
4492
4492
4492
4492
4492
4492
4217
4217
4217
4217
4217
4217
4217
4217
4217
4217
4545
4545
4545
4545
4545
4545
4545
4545
4545
4545
1341
1341
1341
1341
1341
1341
1341
1341
1341
1341
1815
1815
1815
1815
1815
1815
1815
1815
1815
1815
3381
3381
3381
3381
3381
3381
3381
3381
3381
3381
4313
4313
4313
4313
4313
4313
4313
4313
4313
4313
6506
6506
6506
6506
6506
6506
6506
6506
6506
6506
2208
2208
2208
2208
2208
2208
2208
2208
2208
2208
3928
3928
3928
3928
3928
3928
3928
3928
3928
3928
4216
4216
4216
4216
4216
4216
4216
4216
4216
4216
6323
6323
6323
6323
6323
6323
6323
6323
6323
6323
7155
7155
7155
7155
7155
7155
7155
7155
7155
7155
3675
3675
3675
3675
3675
3675
3675
3675
3675
3675
3244
3244
3244
3244
3244
3244
3244
3244
3244
3244
5355
5355
5355
5355
5355
5355
5355
5355
5355
5355
5271
5271
5271
5271
5271
5271
5271
5271
5271
5271
6126
6126
6126
6126
6126
6126
6126
6126
6126
6126
2588
2588
2588
2588
2588
2588
2588
2588
2588
2588
1492
1492
1492
1492
1492
1492
1492
1492
1492
1492
243
243
243
243
243
243
243
243
243
243
4085
4085
4085
4085
4085
4085
4085
4085
4085
4085
4958
4958
4958
4958
4958
4958
4958
4958
4958
4958
4122
4122
4122
4122
4122
4122
4122
4122
4122
4122
4205
4205
4205
4205
4205
4205
4205
4205
4205
4205
4156
4156
4156
4156
4156
4156
4156
4156
4156
4156
413
413
413
413
413
413
413
413
413
413
7001
7001
7001
7001
7001
7001
7001
7001
7001
7001
6853
6853
6853
6853
6853
6853
6853
6853
6853
6853
4042
4042
4042
4042
4042
4042
4042
4042
4042
4042
4659
4659
4659
4659
4659
4659
4659
4659
4659
4659
4699
4699
4699
4699
4699
4699
4699
4699
4699
4699
4750
4750
4750
4750
4750
4750
4750
4750
4750
4750
4104
4104
4104
4104
4104
4104
4104
4104
4104
4104
4063
4063
4063
4063
4063
4063
4063
4063
4063
4063
4407
4407
4407
4407
4407
4407
4407
4407
4407
4407
3990
3990
3990
3990
3990
3990
3990
3990
3990
3990
1614
1614
1614
1614
1614
1614
1614
1614
1614
1614
4910
4910
4910
4910
4910
4910
4910
4910
4910
4910
4263
4263
4263
4263
4263
4263
4263
4263
4263
4263
4474
4474
4474
4474
4474
4474
4474
4474
4474
4474
4591
4591
4591
4591
4591
4591
4591
4591
4591
4591
4262
4262
4262
4262
4262
4262
4262
4262
4262
4262
4411
4411
4411
4411
4411
4411
4411
4411
4411
4411
4396
4396
4396
4396
4396
4396
4396
4396
4396
4396
4455
4455
4455
4455
4455
4455
4455
4455
4455
4455
4310
4310
4310
4310
4310
4310
4310
4310
4310
4310
3290
3290
3290
3290
3290
3290
3290
3290
3290
3290
4447
4447
4447
4447
4447
4447
4447
4447
4447
4447
1166
1166
1166
1166
1166
1166
1166
1166
1166
1166
4701
4701
4701
4701
4701
4701
4701
4701
4701
4701
4321
4321
4321
4321
4321
4321
4321
4321
4321
4321
167
167
167
167
167
167
167
167
167
167
4305
4305
4305
4305
4305
4305
4305
4305
4305
4305
4422
4422
4422
4422
4422
4422
4422
4422
4422
4422
5060
5060
5060
5060
5060
5060
5060
5060
5060
5060
5379
5379
5379
5379
5379
5379
5379
5379
5379
5379
5038
5038
5038
5038
5038
5038
5038
5038
5038
5038
8432
8432
8432
8432
8432
8432
8432
8432
8432
8432
4423
4423
4423
4423
4423
4423
4423
4423
4423
4423
5082
5082
5082
5082
5082
5082
5082
5082
5082
5082
4513
4513
4513
4513
4513
4513
4513
4513
4513
4513
4583
4583
4583
4583
4583
4583
4583
4583
4583
4583
4705
4705
4705
4705
4705
4705
4705
4705
4705
4705
36
36
36
36
36
36
36
36
36
36
4415
4415
4415
4415
4415
4415
4415
4415
4415
4415
4546
4546
4546
4546
4546
4546
4546
4546
4546
4546
3798
3798
3798
3798
3798
3798
3798
3798
3798
3798
2140
2140
2140
2140
2140
2140
2140
2140
2140
2140
1096
1096
1096
1096
1096
1096
1096
1096
1096
1096
4693
4693
4693
4693
4693
4693
4693
4693
4693
4693
4706
4706
4706
4706
4706
4706
4706
4706
4706
4706
5460
5460
5460
5460
5460
5460
5460
5460
5460
5460
4379
4379
4379
4379
4379
4379
4379
4379
4379
4379
5036
5036
5036
5036
5036
5036
5036
5036
5036
5036
5199
5199
5199
5199
5199
5199
5199
5199
5199
5199
3657
3657
3657
3657
3657
3657
3657
3657
3657
3657
5164
5164
5164
5164
5164
5164
5164
5164
5164
5164
4773
4773
4773
4773
4773
4773
4773
4773
4773
4773
5405
5405
5405
5405
5405
5405
5405
5405
5405
5405
5993
5993
5993
5993
5993
5993
5993
5993
5993
5993
3465
3465
3465
3465
3465
3465
3465
3465
3465
3465
4930
4930
4930
4930
4930
4930
4930
4930
4930
4930
4872
4872
4872
4872
4872
4872
4872
4872
4872
4872
4179
4179
4179
4179
4179
4179
4179
4179
4179
4179
4599
4599
4599
4599
4599
4599
4599
4599
4599
4599
5445
5445
5445
5445
5445
5445
5445
5445
5445
5445
5005
5005
5005
5005
5005
5005
5005
5005
5005
5005
5567
5567
5567
5567
5567
5567
5567
5567
5567
5567
5628
5628
5628
5628
5628
5628
5628
5628
5628
5628
5980
5980
5980
5980
5980
5980
5980
5980
5980
5980
6177
6177
6177
6177
6177
6177
6177
6177
6177
6177
2026
2026
2026
2026
2026
2026
2026
2026
2026
2026
107
107
107
107
107
107
107
107
107
107
3906
3906
3906
3906
3906
3906
3906
3906
3906
3906
4172
4172
4172
4172
4172
4172
4172
4172
4172
4172
4196
4196
4196
4196
4196
4196
4196
4196
4196
4196
5217
5217
5217
5217
5217
5217
5217
5217
5217
5217
5671
5671
5671
5671
5671
5671
5671
5671
5671
5671
4863
4863
4863
4863
4863
4863
4863
4863
4863
4863
3227
3227
3227
3227
3227
3227
3227
3227
3227
3227
5185
5185
5185
5185
5185
5185
5185
5185
5185
5185
4660
4660
4660
4660
4660
4660
4660
4660
4660
4660
4791
4791
4791
4791
4791
4791
4791
4791
4791
4791
4748
4748
4748
4748
4748
4748
4748
4748
4748
4748
4799
4799
4799
4799
4799
4799
4799
4799
4799
4799
4563
4563
4563
4563
4563
4563
4563
4563
4563
4563
4836
4836
4836
4836
4836
4836
4836
4836
4836
4836
3681
3681
3681
3681
3681
3681
3681
3681
3681
3681
4979
4979
4979
4979
4979
4979
4979
4979
4979
4979
5269
5269
5269
5269
5269
5269
5269
5269
5269
5269
5132
5132
5132
5132
5132
5132
5132
5132
5132
5132
4841
4841
4841
4841
4841
4841
4841
4841
4841
4841
5296
5296
5296
5296
5296
5296
5296
5296
5296
5296
6370
6370
6370
6370
6370
6370
6370
6370
6370
6370
5141
5141
5141
5141
5141
5141
5141
5141
5141
5141
6242
6242
6242
6242
6242
6242
6242
6242
6242
6242
1989
1989
1989
1989
1989
1989
1989
1989
1989
1989
4821
4821
4821
4821
4821
4821
4821
4821
4821
4821
5361
5361
5361
5361
5361
5361
5361
5361
5361
5361
5886
5886
5886
5886
5886
5886
5886
5886
5886
5886
4652
4652
4652
4652
4652
4652
4652
4652
4652
4652
4741
4741
4741
4741
4741
4741
4741
4741
4741
4741
4965
4965
4965
4965
4965
4965
4965
4965
4965
4965
4948
4948
4948
4948
4948
4948
4948
4948
4948
4948
4687
4687
4687
4687
4687
4687
4687
4687
4687
4687
3848
3848
3848
3848
3848
3848
3848
3848
3848
3848
4931
4931
4931
4931
4931
4931
4931
4931
4931
4931
4955
4955
4955
4955
4955
4955
4955
4955
4955
4955
2733
2733
2733
2733
2733
2733
2733
2733
2733
2733
5233
5233
5233
5233
5233
5233
5233
5233
5233
5233
5043
5043
5043
5043
5043
5043
5043
5043
5043
5043
4936
4936
4936
4936
4936
4936
4936
4936
4936
4936
2694
2694
2694
2694
2694
2694
2694
2694
2694
2694
4959
4959
4959
4959
4959
4959
4959
4959
4959
4959
5183
5183
5183
5183
5183
5183
5183
5183
5183
5183
252
252
252
252
252
252
252
252
252
252
3698
3698
3698
3698
3698
3698
3698
3698
3698
3698
5152
5152
5152
5152
5152
5152
5152
5152
5152
5152
5172
5172
5172
5172
5172
5172
5172
5172
5172
5172
4964
4964
4964
4964
4964
4964
4964
4964
4964
4964
5044
5044
5044
5044
5044
5044
5044
5044
5044
5044
5000
5000
5000
5000
5000
5000
5000
5000
5000
5000
5013
5013
5013
5013
5013
5013
5013
5013
5013
5013
5439
5439
5439
5439
5439
5439
5439
5439
5439
5439
5791
5791
5791
5791
5791
5791
5791
5791
5791
5791
5641
5641
5641
5641
5641
5641
5641
5641
5641
5641
1618
1618
1618
1618
1618
1618
1618
1618
1618
1618
753
753
753
753
753
753
753
753
753
753
5682
5682
5682
5682
5682
5682
5682
5682
5682
5682
5661
5661
5661
5661
5661
5661
5661
5661
5661
5661
4484
4484
4484
4484
4484
4484
4484
4484
4484
4484
5299
5299
5299
5299
5299
5299
5299
5299
5299
5299
6088
6088
6088
6088
6088
6088
6088
6088
6088
6088
6610
6610
6610
6610
6610
6610
6610
6610
6610
6610
6224
6224
6224
6224
6224
6224
6224
6224
6224
6224
6668
6668
6668
6668
6668
6668
6668
6668
6668
6668
6377
6377
6377
6377
6377
6377
6377
6377
6377
6377
7008
7008
7008
7008
7008
7008
7008
7008
7008
7008
2909
2909
2909
2909
2909
2909
2909
2909
2909
2909
5224
5224
5224
5224
5224
5224
5224
5224
5224
5224
4824
4824
4824
4824
4824
4824
4824
4824
4824
4824
5325
5325
5325
5325
5325
5325
5325
5325
5325
5325
5784
5784
5784
5784
5784
5784
5784
5784
5784
5784
6232
6232
6232
6232
6232
6232
6232
6232
6232
6232
6227
6227
6227
6227
6227
6227
6227
6227
6227
6227
5665
5665
5665
5665
5665
5665
5665
5665
5665
5665
5077
5077
5077
5077
5077
5077
5077
5077
5077
5077
3955
3955
3955
3955
3955
3955
3955
3955
3955
3955
5019
5019
5019
5019
5019
5019
5019
5019
5019
5019
5287
5287
5287
5287
5287
5287
5287
5287
5287
5287
4549
4549
4549
4549
4549
4549
4549
4549
4549
4549
6159
6159
6159
6159
6159
6159
6159
6159
6159
6159
5983
5983
5983
5983
5983
5983
5983
5983
5983
5983
6418
6418
6418
6418
6418
6418
6418
6418
6418
6418
6368
6368
6368
6368
6368
6368
6368
6368
6368
6368
6333
6333
6333
6333
6333
6333
6333
6333
6333
6333
6548
6548
6548
6548
6548
6548
6548
6548
6548
6548
6625
6625
6625
6625
6625
6625
6625
6625
6625
6625
5412
5412
5412
5412
5412
5412
5412
5412
5412
5412
5837
5837
5837
5837
5837
5837
5837
5837
5837
5837
4295
4295
4295
4295
4295
4295
4295
4295
4295
4295
7609
7609
7609
7609
7609
7609
7609
7609
7609
7609
5375
5375
5375
5375
5375
5375
5375
5375
5375
5375
4234
4234
4234
4234
4234
4234
4234
4234
4234
4234
5118
5118
5118
5118
5118
5118
5118
5118
5118
5118
5101
5101
5101
5101
5101
5101
5101
5101
5101
5101
5620
5620
5620
5620
5620
5620
5620
5620
5620
5620
5569
5569
5569
5569
5569
5569
5569
5569
5569
5569
5649
5649
5649
5649
5649
5649
5649
5649
5649
5649
5565
5565
5565
5565
5565
5565
5565
5565
5565
5565
4993
4993
4993
4993
4993
4993
4993
4993
4993
4993
5913
5913
5913
5913
5913
5913
5913
5913
5913
5913
6196
6196
6196
6196
6196
6196
6196
6196
6196
6196
4218
4218
4218
4218
4218
4218
4218
4218
4218
4218
1544
1544
1544
1544
1544
1544
1544
1544
1544
1544
5719
5719
5719
5719
5719
5719
5719
5719
5719
5719
5459
5459
5459
5459
5459
5459
5459
5459
5459
5459
5480
5480
5480
5480
5480
5480
5480
5480
5480
5480
4742
4742
4742
4742
4742
4742
4742
4742
4742
4742
5636
5636
5636
5636
5636
5636
5636
5636
5636
5636
5285
5285
5285
5285
5285
5285
5285
5285
5285
5285
6135
6135
6135
6135
6135
6135
6135
6135
6135
6135
5979
5979
5979
5979
5979
5979
5979
5979
5979
5979
5772
5772
5772
5772
5772
5772
5772
5772
5772
5772
5468
5468
5468
5468
5468
5468
5468
5468
5468
5468
4009
4009
4009
4009
4009
4009
4009
4009
4009
4009
4191
4191
4191
4191
4191
4191
4191
4191
4191
4191
5890
5890
5890
5890
5890
5890
5890
5890
5890
5890
5700
5700
5700
5700
5700
5700
5700
5700
5700
5700
5725
5725
5725
5725
5725
5725
5725
5725
5725
5725
4511
4511
4511
4511
4511
4511
4511
4511
4511
4511
5653
5653
5653
5653
5653
5653
5653
5653
5653
5653
2198
2198
2198
2198
2198
2198
2198
2198
2198
2198
5977
5977
5977
5977
5977
5977
5977
5977
5977
5977
584
584
584
584
584
584
584
584
584
584
6962
6962
6962
6962
6962
6962
6962
6962
6962
6962
1901
1901
1901
1901
1901
1901
1901
1901
1901
1901
4193
4193
4193
4193
4193
4193
4193
4193
4193
4193
6199
6199
6199
6199
6199
6199
6199
6199
6199
6199
6583
6583
6583
6583
6583
6583
6583
6583
6583
6583
5720
5720
5720
5720
5720
5720
5720
5720
5720
5720
5911
5911
5911
5911
5911
5911
5911
5911
5911
5911
5735
5735
5735
5735
5735
5735
5735
5735
5735
5735
5929
5929
5929
5929
5929
5929
5929
5929
5929
5929
5826
5826
5826
5826
5826
5826
5826
5826
5826
5826
5796
5796
5796
5796
5796
5796
5796
5796
5796
5796
4712
4712
4712
4712
4712
4712
4712
4712
4712
4712
7205
7205
7205
7205
7205
7205
7205
7205
7205
7205
6967
6967
6967
6967
6967
6967
6967
6967
6967
6967
5756
5756
5756
5756
5756
5756
5756
5756
5756
5756
6087
6087
6087
6087
6087
6087
6087
6087
6087
6087
5825
5825
5825
5825
5825
5825
5825
5825
5825
5825
5854
5854
5854
5854
5854
5854
5854
5854
5854
5854
6076
6076
6076
6076
6076
6076
6076
6076
6076
6076
2854
2854
2854
2854
2854
2854
2854
2854
2854
2854
5545
5545
5545
5545
5545
5545
5545
5545
5545
5545
6236
6236
6236
6236
6236
6236
6236
6236
6236
6236
5781
5781
5781
5781
5781
5781
5781
5781
5781
5781
5906
5906
5906
5906
5906
5906
5906
5906
5906
5906
5874
5874
5874
5874
5874
5874
5874
5874
5874
5874
5910
5910
5910
5910
5910
5910
5910
5910
5910
5910
6749
6749
6749
6749
6749
6749
6749
6749
6749
6749
6947
6947
6947
6947
6947
6947
6947
6947
6947
6947
3588
3588
3588
3588
3588
3588
3588
3588
3588
3588
2587
2587
2587
2587
2587
2587
2587
2587
2587
2587
5840
5840
5840
5840
5840
5840
5840
5840
5840
5840
5244
5244
5244
5244
5244
5244
5244
5244
5244
5244
5970
5970
5970
5970
5970
5970
5970
5970
5970
5970
6051
6051
6051
6051
6051
6051
6051
6051
6051
6051
5949
5949
5949
5949
5949
5949
5949
5949
5949
5949
6072
6072
6072
6072
6072
6072
6072
6072
6072
6072
6145
6145
6145
6145
6145
6145
6145
6145
6145
6145
4779
4779
4779
4779
4779
4779
4779
4779
4779
4779
5733
5733
5733
5733
5733
5733
5733
5733
5733
5733
177
177
177
177
177
177
177
177
177
177
6077
6077
6077
6077
6077
6077
6077
6077
6077
6077
6102
6102
6102
6102
6102
6102
6102
6102
6102
6102
6025
6025
6025
6025
6025
6025
6025
6025
6025
6025
6726
6726
6726
6726
6726
6726
6726
6726
6726
6726
7092
7092
7092
7092
7092
7092
7092
7092
7092
7092
6713
6713
6713
6713
6713
6713
6713
6713
6713
6713
6010
6010
6010
6010
6010
6010
6010
6010
6010
6010
6131
6131
6131
6131
6131
6131
6131
6131
6131
6131
5951
5951
5951
5951
5951
5951
5951
5951
5951
5951
3925
3925
3925
3925
3925
3925
3925
3925
3925
3925
6009
6009
6009
6009
6009
6009
6009
6009
6009
6009
6030
6030
6030
6030
6030
6030
6030
6030
6030
6030
6184
6184
6184
6184
6184
6184
6184
6184
6184
6184
4738
4738
4738
4738
4738
4738
4738
4738
4738
4738
6035
6035
6035
6035
6035
6035
6035
6035
6035
6035
6106
6106
6106
6106
6106
6106
6106
6106
6106
6106
4969
4969
4969
4969
4969
4969
4969
4969
4969
4969
6003
6003
6003
6003
6003
6003
6003
6003
6003
6003
6411
6411
6411
6411
6411
6411
6411
6411
6411
6411
6733
6733
6733
6733
6733
6733
6733
6733
6733
6733
3268
3268
3268
3268
3268
3268
3268
3268
3268
3268
4703
4703
4703
4703
4703
4703
4703
4703
4703
4703
6153
6153
6153
6153
6153
6153
6153
6153
6153
6153
6111
6111
6111
6111
6111
6111
6111
6111
6111
6111
7391
7391
7391
7391
7391
7391
7391
7391
7391
7391
6945
6945
6945
6945
6945
6945
6945
6945
6945
6945
6211
6211
6211
6211
6211
6211
6211
6211
6211
6211
6346
6346
6346
6346
6346
6346
6346
6346
6346
6346
6254
6254
6254
6254
6254
6254
6254
6254
6254
6254
5076
5076
5076
5076
5076
5076
5076
5076
5076
5076
6276
6276
6276
6276
6276
6276
6276
6276
6276
6276
6540
6540
6540
6540
6540
6540
6540
6540
6540
6540
6402
6402
6402
6402
6402
6402
6402
6402
6402
6402
6284
6284
6284
6284
6284
6284
6284
6284
6284
6284
6353
6353
6353
6353
6353
6353
6353
6353
6353
6353
7239
7239
7239
7239
7239
7239
7239
7239
7239
7239
7246
7246
7246
7246
7246
7246
7246
7246
7246
7246
6311
6311
6311
6311
6311
6311
6311
6311
6311
6311
6251
6251
6251
6251
6251
6251
6251
6251
6251
6251
6324
6324
6324
6324
6324
6324
6324
6324
6324
6324
6943
6943
6943
6943
6943
6943
6943
6943
6943
6943
5894
5894
5894
5894
5894
5894
5894
5894
5894
5894
2234
2234
2234
2234
2234
2234
2234
2234
2234
2234
6689
6689
6689
6689
6689
6689
6689
6689
6689
6689
6590
6590
6590
6590
6590
6590
6590
6590
6590
6590
6534
6534
6534
6534
6534
6534
6534
6534
6534
6534
7376
7376
7376
7376
7376
7376
7376
7376
7376
7376
6351
6351
6351
6351
6351
6351
6351
6351
6351
6351
6641
6641
6641
6641
6641
6641
6641
6641
6641
6641
6332
6332
6332
6332
6332
6332
6332
6332
6332
6332
5860
5860
5860
5860
5860
5860
5860
5860
5860
5860
6364
6364
6364
6364
6364
6364
6364
6364
6364
6364
6557
6557
6557
6557
6557
6557
6557
6557
6557
6557
6391
6391
6391
6391
6391
6391
6391
6391
6391
6391
3488
3488
3488
3488
3488
3488
3488
3488
3488
3488
6906
6906
6906
6906
6906
6906
6906
6906
6906
6906
6488
6488
6488
6488
6488
6488
6488
6488
6488
6488
4576
4576
4576
4576
4576
4576
4576
4576
4576
4576
7197
7197
7197
7197
7197
7197
7197
7197
7197
7197
6535
6535
6535
6535
6535
6535
6535
6535
6535
6535
6539
6539
6539
6539
6539
6539
6539
6539
6539
6539
4767
4767
4767
4767
4767
4767
4767
4767
4767
4767
6735
6735
6735
6735
6735
6735
6735
6735
6735
6735
6883
6883
6883
6883
6883
6883
6883
6883
6883
6883
6407
6407
6407
6407
6407
6407
6407
6407
6407
6407
6484
6484
6484
6484
6484
6484
6484
6484
6484
6484
6513
6513
6513
6513
6513
6513
6513
6513
6513
6513
6627
6627
6627
6627
6627
6627
6627
6627
6627
6627
6614
6614
6614
6614
6614
6614
6614
6614
6614
6614
6512
6512
6512
6512
6512
6512
6512
6512
6512
6512
6568
6568
6568
6568
6568
6568
6568
6568
6568
6568
6594
6594
6594
6594
6594
6594
6594
6594
6594
6594
5220
5220
5220
5220
5220
5220
5220
5220
5220
5220
6849
6849
6849
6849
6849
6849
6849
6849
6849
6849
7467
7467
7467
7467
7467
7467
7467
7467
7467
7467
7522
7522
7522
7522
7522
7522
7522
7522
7522
7522
5506
5506
5506
5506
5506
5506
5506
5506
5506
5506
6459
6459
6459
6459
6459
6459
6459
6459
6459
6459
6912
6912
6912
6912
6912
6912
6912
6912
6912
6912
6652
6652
6652
6652
6652
6652
6652
6652
6652
6652
6685
6685
6685
6685
6685
6685
6685
6685
6685
6685
6549
6549
6549
6549
6549
6549
6549
6549
6549
6549
6674
6674
6674
6674
6674
6674
6674
6674
6674
6674
6695
6695
6695
6695
6695
6695
6695
6695
6695
6695
6676
6676
6676
6676
6676
6676
6676
6676
6676
6676
6758
6758
6758
6758
6758
6758
6758
6758
6758
6758
6636
6636
6636
6636
6636
6636
6636
6636
6636
6636
6746
6746
6746
6746
6746
6746
6746
6746
6746
6746
6743
6743
6743
6743
6743
6743
6743
6743
6743
6743
6707
6707
6707
6707
6707
6707
6707
6707
6707
6707
5933
5933
5933
5933
5933
5933
5933
5933
5933
5933
6792
6792
6792
6792
6792
6792
6792
6792
6792
6792
6358
6358
6358
6358
6358
6358
6358
6358
6358
6358
7097
7097
7097
7097
7097
7097
7097
7097
7097
7097
7138
7138
7138
7138
7138
7138
7138
7138
7138
7138
6794
6794
6794
6794
6794
6794
6794
6794
6794
6794
6724
6724
6724
6724
6724
6724
6724
6724
6724
6724
6709
6709
6709
6709
6709
6709
6709
6709
6709
6709
6821
6821
6821
6821
6821
6821
6821
6821
6821
6821
7189
7189
7189
7189
7189
7189
7189
7189
7189
7189
6705
6705
6705
6705
6705
6705
6705
6705
6705
6705
7065
7065
7065
7065
7065
7065
7065
7065
7065
7065
6752
6752
6752
6752
6752
6752
6752
6752
6752
6752
7265
7265
7265
7265
7265
7265
7265
7265
7265
7265
2104
2104
2104
2104
2104
2104
2104
2104
2104
2104
7012
7012
7012
7012
7012
7012
7012
7012
7012
7012
7062
7062
7062
7062
7062
7062
7062
7062
7062
7062
489
489
489
489
489
489
489
489
489
489
7131
7131
7131
7131
7131
7131
7131
7131
7131
7131
6773
6773
6773
6773
6773
6773
6773
6773
6773
6773
6753
6753
6753
6753
6753
6753
6753
6753
6753
6753
6747
6747
6747
6747
6747
6747
6747
6747
6747
6747
6784
6784
6784
6784
6784
6784
6784
6784
6784
6784
6954
6954
6954
6954
6954
6954
6954
6954
6954
6954
7198
7198
7198
7198
7198
7198
7198
7198
7198
7198
6173
6173
6173
6173
6173
6173
6173
6173
6173
6173
6846
6846
6846
6846
6846
6846
6846
6846
6846
6846
6777
6777
6777
6777
6777
6777
6777
6777
6777
6777
6875
6875
6875
6875
6875
6875
6875
6875
6875
6875
6482
6482
6482
6482
6482
6482
6482
6482
6482
6482
6798
6798
6798
6798
6798
6798
6798
6798
6798
6798
7220
7220
7220
7220
7220
7220
7220
7220
7220
7220
6804
6804
6804
6804
6804
6804
6804
6804
6804
6804
6951
6951
6951
6951
6951
6951
6951
6951
6951
6951
6741
6741
6741
6741
6741
6741
6741
6741
6741
6741
6882
6882
6882
6882
6882
6882
6882
6882
6882
6882
7147
7147
7147
7147
7147
7147
7147
7147
7147
7147
6913
6913
6913
6913
6913
6913
6913
6913
6913
6913
7096
7096
7096
7096
7096
7096
7096
7096
7096
7096
7046
7046
7046
7046
7046
7046
7046
7046
7046
7046
7218
7218
7218
7218
7218
7218
7218
7218
7218
7218
6963
6963
6963
6963
6963
6963
6963
6963
6963
6963
7338
7338
7338
7338
7338
7338
7338
7338
7338
7338
6923
6923
6923
6923
6923
6923
6923
6923
6923
6923
7073
7073
7073
7073
7073
7073
7073
7073
7073
7073
7199
7199
7199
7199
7199
7199
7199
7199
7199
7199
7756
7756
7756
7756
7756
7756
7756
7756
7756
7756
8044
8044
8044
8044
8044
8044
8044
8044
8044
8044
6670
6670
6670
6670
6670
6670
6670
6670
6670
6670
365
365
365
365
365
365
365
365
365
365
7055
7055
7055
7055
7055
7055
7055
7055
7055
7055
7331
7331
7331
7331
7331
7331
7331
7331
7331
7331
6178
6178
6178
6178
6178
6178
6178
6178
6178
6178
6978
6978
6978
6978
6978
6978
6978
6978
6978
6978
7315
7315
7315
7315
7315
7315
7315
7315
7315
7315
7263
7263
7263
7263
7263
7263
7263
7263
7263
7263
7360
7360
7360
7360
7360
7360
7360
7360
7360
7360
6950
6950
6950
6950
6950
6950
6950
6950
6950
6950
7250
7250
7250
7250
7250
7250
7250
7250
7250
7250
7348
7348
7348
7348
7348
7348
7348
7348
7348
7348
7121
7121
7121
7121
7121
7121
7121
7121
7121
7121
7026
7026
7026
7026
7026
7026
7026
7026
7026
7026
2607
2607
2607
2607
2607
2607
2607
2607
2607
2607
5831
5831
5831
5831
5831
5831
5831
5831
5831
5831
7125
7125
7125
7125
7125
7125
7125
7125
7125
7125
7492
7492
7492
7492
7492
7492
7492
7492
7492
7492
7552
7552
7552
7552
7552
7552
7552
7552
7552
7552
7354
7354
7354
7354
7354
7354
7354
7354
7354
7354
152
152
152
152
152
152
152
152
152
152
5765
5765
5765
5765
5765
5765
5765
5765
5765
5765
25
25
25
25
25
25
25
25
25
25
2624
2624
2624
2624
2624
2624
2624
2624
2624
2624
7299
7299
7299
7299
7299
7299
7299
7299
7299
7299
7143
7143
7143
7143
7143
7143
7143
7143
7143
7143
7423
7423
7423
7423
7423
7423
7423
7423
7423
7423
6902
6902
6902
6902
6902
6902
6902
6902
6902
6902
7433
7433
7433
7433
7433
7433
7433
7433
7433
7433
7337
7337
7337
7337
7337
7337
7337
7337
7337
7337
2724
2724
2724
2724
2724
2724
2724
2724
2724
2724
7607
7607
7607
7607
7607
7607
7607
7607
7607
7607
7223
7223
7223
7223
7223
7223
7223
7223
7223
7223
1593
1593
1593
1593
1593
1593
1593
1593
1593
1593
7238
7238
7238
7238
7238
7238
7238
7238
7238
7238
6248
6248
6248
6248
6248
6248
6248
6248
6248
6248
7215
7215
7215
7215
7215
7215
7215
7215
7215
7215
7346
7346
7346
7346
7346
7346
7346
7346
7346
7346
7307
7307
7307
7307
7307
7307
7307
7307
7307
7307
4697
4697
4697
4697
4697
4697
4697
4697
4697
4697
7301
7301
7301
7301
7301
7301
7301
7301
7301
7301
4667
4667
4667
4667
4667
4667
4667
4667
4667
4667
7700
7700
7700
7700
7700
7700
7700
7700
7700
7700
6138
6138
6138
6138
6138
6138
6138
6138
6138
6138
7320
7320
7320
7320
7320
7320
7320
7320
7320
7320
7327
7327
7327
7327
7327
7327
7327
7327
7327
7327
7556
7556
7556
7556
7556
7556
7556
7556
7556
7556
7480
7480
7480
7480
7480
7480
7480
7480
7480
7480
7357
7357
7357
7357
7357
7357
7357
7357
7357
7357
7392
7392
7392
7392
7392
7392
7392
7392
7392
7392
7333
7333
7333
7333
7333
7333
7333
7333
7333
7333
7387
7387
7387
7387
7387
7387
7387
7387
7387
7387
7702
7702
7702
7702
7702
7702
7702
7702
7702
7702
8394
8394
8394
8394
8394
8394
8394
8394
8394
8394
7585
7585
7585
7585
7585
7585
7585
7585
7585
7585
7559
7559
7559
7559
7559
7559
7559
7559
7559
7559
7514
7514
7514
7514
7514
7514
7514
7514
7514
7514
7463
7463
7463
7463
7463
7463
7463
7463
7463
7463
7672
7672
7672
7672
7672
7672
7672
7672
7672
7672
7326
7326
7326
7326
7326
7326
7326
7326
7326
7326
572
572
572
572
572
572
572
572
572
572
7649
7649
7649
7649
7649
7649
7649
7649
7649
7649
7436
7436
7436
7436
7436
7436
7436
7436
7436
7436
6660
6660
6660
6660
6660
6660
6660
6660
6660
6660
7835
7835
7835
7835
7835
7835
7835
7835
7835
7835
7228
7228
7228
7228
7228
7228
7228
7228
7228
7228
7424
7424
7424
7424
7424
7424
7424
7424
7424
7424
7512
7512
7512
7512
7512
7512
7512
7512
7512
7512
7769
7769
7769
7769
7769
7769
7769
7769
7769
7769
8058
8058
8058
8058
8058
8058
8058
8058
8058
8058
7507
7507
7507
7507
7507
7507
7507
7507
7507
7507
7502
7502
7502
7502
7502
7502
7502
7502
7502
7502
7565
7565
7565
7565
7565
7565
7565
7565
7565
7565
7584
7584
7584
7584
7584
7584
7584
7584
7584
7584
7597
7597
7597
7597
7597
7597
7597
7597
7597
7597
7618
7618
7618
7618
7618
7618
7618
7618
7618
7618
3934
3934
3934
3934
3934
3934
3934
3934
3934
3934
7640
7640
7640
7640
7640
7640
7640
7640
7640
7640
6249
6249
6249
6249
6249
6249
6249
6249
6249
6249
7823
7823
7823
7823
7823
7823
7823
7823
7823
7823
7683
7683
7683
7683
7683
7683
7683
7683
7683
7683
8156
8156
8156
8156
8156
8156
8156
8156
8156
8156
8033
8033
8033
8033
8033
8033
8033
8033
8033
8033
7644
7644
7644
7644
7644
7644
7644
7644
7644
7644
6436
6436
6436
6436
6436
6436
6436
6436
6436
6436
7746
7746
7746
7746
7746
7746
7746
7746
7746
7746
7277
7277
7277
7277
7277
7277
7277
7277
7277
7277
7699
7699
7699
7699
7699
7699
7699
7699
7699
7699
7795
7795
7795
7795
7795
7795
7795
7795
7795
7795
6807
6807
6807
6807
6807
6807
6807
6807
6807
6807
7912
7912
7912
7912
7912
7912
7912
7912
7912
7912
7713
7713
7713
7713
7713
7713
7713
7713
7713
7713
7764
7764
7764
7764
7764
7764
7764
7764
7764
7764
7871
7871
7871
7871
7871
7871
7871
7871
7871
7871
6754
6754
6754
6754
6754
6754
6754
6754
6754
6754
7826
7826
7826
7826
7826
7826
7826
7826
7826
7826
7687
7687
7687
7687
7687
7687
7687
7687
7687
7687
8246
8246
8246
8246
8246
8246
8246
8246
8246
8246
7691
7691
7691
7691
7691
7691
7691
7691
7691
7691
6065
6065
6065
6065
6065
6065
6065
6065
6065
6065
7898
7898
7898
7898
7898
7898
7898
7898
7898
7898
7839
7839
7839
7839
7839
7839
7839
7839
7839
7839
2062
2062
2062
2062
2062
2062
2062
2062
2062
2062
7843
7843
7843
7843
7843
7843
7843
7843
7843
7843
8071
8071
8071
8071
8071
8071
8071
8071
8071
8071
7886
7886
7886
7886
7886
7886
7886
7886
7886
7886
7491
7491
7491
7491
7491
7491
7491
7491
7491
7491
6609
6609
6609
6609
6609
6609
6609
6609
6609
6609
7923
7923
7923
7923
7923
7923
7923
7923
7923
7923
7997
7997
7997
7997
7997
7997
7997
7997
7997
7997
8040
8040
8040
8040
8040
8040
8040
8040
8040
8040
7448
7448
7448
7448
7448
7448
7448
7448
7448
7448
7925
7925
7925
7925
7925
7925
7925
7925
7925
7925
7946
7946
7946
7946
7946
7946
7946
7946
7946
7946
7737
7737
7737
7737
7737
7737
7737
7737
7737
7737
8015
8015
8015
8015
8015
8015
8015
8015
8015
8015
7883
7883
7883
7883
7883
7883
7883
7883
7883
7883
7988
7988
7988
7988
7988
7988
7988
7988
7988
7988
7679
7679
7679
7679
7679
7679
7679
7679
7679
7679
8005
8005
8005
8005
8005
8005
8005
8005
8005
8005
8042
8042
8042
8042
8042
8042
8042
8042
8042
8042
4915
4915
4915
4915
4915
4915
4915
4915
4915
4915
8273
8273
8273
8273
8273
8273
8273
8273
8273
8273
7608
7608
7608
7608
7608
7608
7608
7608
7608
7608
4189
4189
4189
4189
4189
4189
4189
4189
4189
4189
7786
7786
7786
7786
7786
7786
7786
7786
7786
7786
713
713
713
713
713
713
713
713
713
713
8240
8240
8240
8240
8240
8240
8240
8240
8240
8240
3470
3470
3470
3470
3470
3470
3470
3470
3470
3470
8168
8168
8168
8168
8168
8168
8168
8168
8168
8168
8215
8215
8215
8215
8215
8215
8215
8215
8215
8215
8087
8087
8087
8087
8087
8087
8087
8087
8087
8087
8169
8169
8169
8169
8169
8169
8169
8169
8169
8169
8199
8199
8199
8199
8199
8199
8199
8199
8199
8199
6914
6914
6914
6914
6914
6914
6914
6914
6914
6914
6687
6687
6687
6687
6687
6687
6687
6687
6687
6687
8334
8334
8334
8334
8334
8334
8334
8334
8334
8334
8389
8389
8389
8389
8389
8389
8389
8389
8389
8389
8441
8441
8441
8441
8441
8441
8441
8441
8441
8441
7177
7177
7177
7177
7177
7177
7177
7177
7177
7177
8307
8307
8307
8307
8307
8307
8307
8307
8307
8307
45
45
45
45
45
45
45
45
45
45
49
49
49
49
49
49
49
49
49
49
51
51
51
51
51
51
51
51
51
51
52
52
52
52
52
52
52
52
52
52
57
57
57
57
57
57
57
57
57
57
58
58
58
58
58
58
58
58
58
58
62
62
62
62
62
62
62
62
62
62
65
65
65
65
65
65
65
65
65
65
544
544
544
544
544
544
544
544
544
544
263
263
263
263
263
263
263
263
263
263
264
264
264
264
264
264
264
264
264
264
1485
1485
1485
1485
1485
1485
1485
1485
1485
1485
1353
1353
1353
1353
1353
1353
1353
1353
1353
1353
3285
3285
3285
3285
3285
3285
3285
3285
3285
3285
1646
1646
1646
1646
1646
1646
1646
1646
1646
1646
3021
3021
3021
3021
3021
3021
3021
3021
3021
3021
77
77
77
77
77
77
77
77
77
77
255
255
255
255
255
255
255
255
255
255
82
82
82
82
82
82
82
82
82
82
85
85
85
85
85
85
85
85
85
85
622
622
622
622
622
622
622
622
622
622
517
517
517
517
517
517
517
517
517
517
161
161
161
161
161
161
161
161
161
161
228
228
228
228
228
228
228
228
228
228
1274
1274
1274
1274
1274
1274
1274
1274
1274
1274
613
613
613
613
613
613
613
613
613
613
937
937
937
937
937
937
937
937
937
937
128
128
128
128
128
128
128
128
128
128
31
31
31
31
31
31
31
31
31
31
951
951
951
951
951
951
951
951
951
951
1878
1878
1878
1878
1878
1878
1878
1878
1878
1878
238
238
238
238
238
238
238
238
238
238
265
265
265
265
265
265
265
265
265
265
1664
1664
1664
1664
1664
1664
1664
1664
1664
1664
245
245
245
245
245
245
245
245
245
245
432
432
432
432
432
432
432
432
432
432
47
47
47
47
47
47
47
47
47
47
215
215
215
215
215
215
215
215
215
215
448
448
448
448
448
448
448
448
448
448
313
313
313
313
313
313
313
313
313
313
277
277
277
277
277
277
277
277
277
277
202
202
202
202
202
202
202
202
202
202
29
29
29
29
29
29
29
29
29
29
608
608
608
608
608
608
608
608
608
608
273
273
273
273
273
273
273
273
273
273
886
886
886
886
886
886
886
886
886
886
104
104
104
104
104
104
104
104
104
104
470
470
470
470
470
470
470
470
470
470
737
737
737
737
737
737
737
737
737
737
168
168
168
168
168
168
168
168
168
168
91
91
91
91
91
91
91
91
91
91
712
712
712
712
712
712
712
712
712
712
779
779
779
779
779
779
779
779
779
779
807
807
807
807
807
807
807
807
807
807
253
253
253
253
253
253
253
253
253
253
421
421
421
421
421
421
421
421
421
421
727
727
727
727
727
727
727
727
727
727
726
726
726
726
726
726
726
726
726
726
964
964
964
964
964
964
964
964
964
964
483
483
483
483
483
483
483
483
483
483
978
978
978
978
978
978
978
978
978
978
960
960
960
960
960
960
960
960
960
960
505
505
505
505
505
505
505
505
505
505
542
542
542
542
542
542
542
542
542
542
147
147
147
147
147
147
147
147
147
147
149
149
149
149
149
149
149
149
149
149
151
151
151
151
151
151
151
151
151
151
336
336
336
336
336
336
336
336
336
336
428
428
428
428
428
428
428
428
428
428
402
402
402
402
402
402
402
402
402
402
985
985
985
985
985
985
985
985
985
985
111
111
111
111
111
111
111
111
111
111
876
876
876
876
876
876
876
876
876
876
568
568
568
568
568
568
568
568
568
568
569
569
569
569
569
569
569
569
569
569
1152
1152
1152
1152
1152
1152
1152
1152
1152
1152
153
153
153
153
153
153
153
153
153
153
366
366
366
366
366
366
366
366
366
366
778
778
778
778
778
778
778
778
778
778
780
780
780
780
780
780
780
780
780
780
782
782
782
782
782
782
782
782
782
782
3503
3503
3503
3503
3503
3503
3503
3503
3503
3503
797
797
797
797
797
797
797
797
797
797
766
766
766
766
766
766
766
766
766
766
317
317
317
317
317
317
317
317
317
317
791
791
791
791
791
791
791
791
791
791
792
792
792
792
792
792
792
792
792
792
1261
1261
1261
1261
1261
1261
1261
1261
1261
1261
2625
2625
2625
2625
2625
2625
2625
2625
2625
2625
956
956
956
956
956
956
956
956
956
956
774
774
774
774
774
774
774
774
774
774
921
921
921
921
921
921
921
921
921
921
567
567
567
567
567
567
567
567
567
567
46
46
46
46
46
46
46
46
46
46
348
348
348
348
348
348
348
348
348
348
742
742
742
742
742
742
742
742
742
742
1757
1757
1757
1757
1757
1757
1757
1757
1757
1757
1579
1579
1579
1579
1579
1579
1579
1579
1579
1579
3054
3054
3054
3054
3054
3054
3054
3054
3054
3054
1474
1474
1474
1474
1474
1474
1474
1474
1474
1474
2574
2574
2574
2574
2574
2574
2574
2574
2574
2574
551
551
551
551
551
551
551
551
551
551
310
310
310
310
310
310
310
310
310
310
444
444
444
444
444
444
444
444
444
444
102
102
102
102
102
102
102
102
102
102
377
377
377
377
377
377
377
377
377
377
127
127
127
127
127
127
127
127
127
127
1225
1225
1225
1225
1225
1225
1225
1225
1225
1225
1094
1094
1094
1094
1094
1094
1094
1094
1094
1094
557
557
557
557
557
557
557
557
557
557
884
884
884
884
884
884
884
884
884
884
294
294
294
294
294
294
294
294
294
294
1154
1154
1154
1154
1154
1154
1154
1154
1154
1154
810
810
810
810
810
810
810
810
810
810
3411
3411
3411
3411
3411
3411
3411
3411
3411
3411
4021
4021
4021
4021
4021
4021
4021
4021
4021
4021
2606
2606
2606
2606
2606
2606
2606
2606
2606
2606
811
811
811
811
811
811
811
811
811
811
1384
1384
1384
1384
1384
1384
1384
1384
1384
1384
1342
1342
1342
1342
1342
1342
1342
1342
1342
1342
1636
1636
1636
1636
1636
1636
1636
1636
1636
1636
1414
1414
1414
1414
1414
1414
1414
1414
1414
1414
1403
1403
1403
1403
1403
1403
1403
1403
1403
1403
283
283
283
283
283
283
283
283
283
283
3033
3033
3033
3033
3033
3033
3033
3033
3033
3033
1171
1171
1171
1171
1171
1171
1171
1171
1171
1171
845
845
845
845
845
845
845
845
845
845
846
846
846
846
846
846
846
846
846
846
199
199
199
199
199
199
199
199
199
199
851
851
851
851
851
851
851
851
851
851
976
976
976
976
976
976
976
976
976
976
826
826
826
826
826
826
826
826
826
826
218
218
218
218
218
218
218
218
218
218
392
392
392
392
392
392
392
392
392
392
684
684
684
684
684
684
684
684
684
684
1804
1804
1804
1804
1804
1804
1804
1804
1804
1804
2276
2276
2276
2276
2276
2276
2276
2276
2276
2276
2246
2246
2246
2246
2246
2246
2246
2246
2246
2246
3090
3090
3090
3090
3090
3090
3090
3090
3090
3090
404
404
404
404
404
404
404
404
404
404
2552
2552
2552
2552
2552
2552
2552
2552
2552
2552
1373
1373
1373
1373
1373
1373
1373
1373
1373
1373
923
923
923
923
923
923
923
923
923
923
927
927
927
927
927
927
927
927
927
927
2834
2834
2834
2834
2834
2834
2834
2834
2834
2834
3564
3564
3564
3564
3564
3564
3564
3564
3564
3564
3356
3356
3356
3356
3356
3356
3356
3356
3356
3356
1924
1924
1924
1924
1924
1924
1924
1924
1924
1924
3125
3125
3125
3125
3125
3125
3125
3125
3125
3125
1595
1595
1595
1595
1595
1595
1595
1595
1595
1595
1665
1665
1665
1665
1665
1665
1665
1665
1665
1665
1124
1124
1124
1124
1124
1124
1124
1124
1124
1124
2152
2152
2152
2152
2152
2152
2152
2152
2152
2152
1977
1977
1977
1977
1977
1977
1977
1977
1977
1977
2089
2089
2089
2089
2089
2089
2089
2089
2089
2089
982
982
982
982
982
982
982
982
982
982
1444
1444
1444
1444
1444
1444
1444
1444
1444
1444
1566
1566
1566
1566
1566
1566
1566
1566
1566
1566
1710
1710
1710
1710
1710
1710
1710
1710
1710
1710
1049
1049
1049
1049
1049
1049
1049
1049
1049
1049
844
844
844
844
844
844
844
844
844
844
1374
1374
1374
1374
1374
1374
1374
1374
1374
1374
1051
1051
1051
1051
1051
1051
1051
1051
1051
1051
3757
3757
3757
3757
3757
3757
3757
3757
3757
3757
3819
3819
3819
3819
3819
3819
3819
3819
3819
3819
466
466
466
466
466
466
466
466
466
466
969
969
969
969
969
969
969
969
969
969
3238
3238
3238
3238
3238
3238
3238
3238
3238
3238
3500
3500
3500
3500
3500
3500
3500
3500
3500
3500
3896
3896
3896
3896
3896
3896
3896
3896
3896
3896
3647
3647
3647
3647
3647
3647
3647
3647
3647
3647
2301
2301
2301
2301
2301
2301
2301
2301
2301
2301
1092
1092
1092
1092
1092
1092
1092
1092
1092
1092
1065
1065
1065
1065
1065
1065
1065
1065
1065
1065
2042
2042
2042
2042
2042
2042
2042
2042
2042
2042
2491
2491
2491
2491
2491
2491
2491
2491
2491
2491
474
474
474
474
474
474
474
474
474
474
1756
1756
1756
1756
1756
1756
1756
1756
1756
1756
1110
1110
1110
1110
1110
1110
1110
1110
1110
1110
1168
1168
1168
1168
1168
1168
1168
1168
1168
1168
319
319
319
319
319
319
319
319
319
319
1252
1252
1252
1252
1252
1252
1252
1252
1252
1252
1200
1200
1200
1200
1200
1200
1200
1200
1200
1200
1258
1258
1258
1258
1258
1258
1258
1258
1258
1258
1280
1280
1280
1280
1280
1280
1280
1280
1280
1280
1161
1161
1161
1161
1161
1161
1161
1161
1161
1161
1006
1006
1006
1006
1006
1006
1006
1006
1006
1006
2545
2545
2545
2545
2545
2545
2545
2545
2545
2545
2541
2541
2541
2541
2541
2541
2541
2541
2541
2541
1184
1184
1184
1184
1184
1184
1184
1184
1184
1184
1772
1772
1772
1772
1772
1772
1772
1772
1772
1772
1750
1750
1750
1750
1750
1750
1750
1750
1750
1750
1250
1250
1250
1250
1250
1250
1250
1250
1250
1250
1266
1266
1266
1266
1266
1266
1266
1266
1266
1266
1347
1347
1347
1347
1347
1347
1347
1347
1347
1347
2284
2284
2284
2284
2284
2284
2284
2284
2284
2284
3314
3314
3314
3314
3314
3314
3314
3314
3314
3314
1187
1187
1187
1187
1187
1187
1187
1187
1187
1187
895
895
895
895
895
895
895
895
895
895
1179
1179
1179
1179
1179
1179
1179
1179
1179
1179
1601
1601
1601
1601
1601
1601
1601
1601
1601
1601
2096
2096
2096
2096
2096
2096
2096
2096
2096
2096
1097
1097
1097
1097
1097
1097
1097
1097
1097
1097
1563
1563
1563
1563
1563
1563
1563
1563
1563
1563
2361
2361
2361
2361
2361
2361
2361
2361
2361
2361
1495
1495
1495
1495
1495
1495
1495
1495
1495
1495
1643
1643
1643
1643
1643
1643
1643
1643
1643
1643
1291
1291
1291
1291
1291
1291
1291
1291
1291
1291
1239
1239
1239
1239
1239
1239
1239
1239
1239
1239
1494
1494
1494
1494
1494
1494
1494
1494
1494
1494
1370
1370
1370
1370
1370
1370
1370
1370
1370
1370
3063
3063
3063
3063
3063
3063
3063
3063
3063
3063
1132
1132
1132
1132
1132
1132
1132
1132
1132
1132
2100
2100
2100
2100
2100
2100
2100
2100
2100
2100
1733
1733
1733
1733
1733
1733
1733
1733
1733
1733
1084
1084
1084
1084
1084
1084
1084
1084
1084
1084
1260
1260
1260
1260
1260
1260
1260
1260
1260
1260
1559
1559
1559
1559
1559
1559
1559
1559
1559
1559
1773
1773
1773
1773
1773
1773
1773
1773
1773
1773
2288
2288
2288
2288
2288
2288
2288
2288
2288
2288
1647
1647
1647
1647
1647
1647
1647
1647
1647
1647
3587
3587
3587
3587
3587
3587
3587
3587
3587
3587
1569
1569
1569
1569
1569
1569
1569
1569
1569
1569
2279
2279
2279
2279
2279
2279
2279
2279
2279
2279
1699
1699
1699
1699
1699
1699
1699
1699
1699
1699
1828
1828
1828
1828
1828
1828
1828
1828
1828
1828
2046
2046
2046
2046
2046
2046
2046
2046
2046
2046
1653
1653
1653
1653
1653
1653
1653
1653
1653
1653
2448
2448
2448
2448
2448
2448
2448
2448
2448
2448
1633
1633
1633
1633
1633
1633
1633
1633
1633
1633
1621
1621
1621
1621
1621
1621
1621
1621
1621
1621
2262
2262
2262
2262
2262
2262
2262
2262
2262
2262
1572
1572
1572
1572
1572
1572
1572
1572
1572
1572
1674
1674
1674
1674
1674
1674
1674
1674
1674
1674
1679
1679
1679
1679
1679
1679
1679
1679
1679
1679
1736
1736
1736
1736
1736
1736
1736
1736
1736
1736
1680
1680
1680
1680
1680
1680
1680
1680
1680
1680
1714
1714
1714
1714
1714
1714
1714
1714
1714
1714
1690
1690
1690
1690
1690
1690
1690
1690
1690
1690
1784
1784
1784
1784
1784
1784
1784
1784
1784
1784
1691
1691
1691
1691
1691
1691
1691
1691
1691
1691
1564
1564
1564
1564
1564
1564
1564
1564
1564
1564
1681
1681
1681
1681
1681
1681
1681
1681
1681
1681
1693
1693
1693
1693
1693
1693
1693
1693
1693
1693
1813
1813
1813
1813
1813
1813
1813
1813
1813
1813
1717
1717
1717
1717
1717
1717
1717
1717
1717
1717
1704
1704
1704
1704
1704
1704
1704
1704
1704
1704
1695
1695
1695
1695
1695
1695
1695
1695
1695
1695
1696
1696
1696
1696
1696
1696
1696
1696
1696
1696
1715
1715
1715
1715
1715
1715
1715
1715
1715
1715
1726
1726
1726
1726
1726
1726
1726
1726
1726
1726
1721
1721
1721
1721
1721
1721
1721
1721
1721
1721
1863
1863
1863
1863
1863
1863
1863
1863
1863
1863
1795
1795
1795
1795
1795
1795
1795
1795
1795
1795
1708
1708
1708
1708
1708
1708
1708
1708
1708
1708
2762
2762
2762
2762
2762
2762
2762
2762
2762
2762
3100
3100
3100
3100
3100
3100
3100
3100
3100
3100
133
133
133
133
133
133
133
133
133
133
1767
1767
1767
1767
1767
1767
1767
1767
1767
1767
1760
1760
1760
1760
1760
1760
1760
1760
1760
1760
1765
1765
1765
1765
1765
1765
1765
1765
1765
1765
1746
1746
1746
1746
1746
1746
1746
1746
1746
1746
1809
1809
1809
1809
1809
1809
1809
1809
1809
1809
2003
2003
2003
2003
2003
2003
2003
2003
2003
2003
1780
1780
1780
1780
1780
1780
1780
1780
1780
1780
2067
2067
2067
2067
2067
2067
2067
2067
2067
2067
2485
2485
2485
2485
2485
2485
2485
2485
2485
2485
2676
2676
2676
2676
2676
2676
2676
2676
2676
2676
4225
4225
4225
4225
4225
4225
4225
4225
4225
4225
2792
2792
2792
2792
2792
2792
2792
2792
2792
2792
3109
3109
3109
3109
3109
3109
3109
3109
3109
3109
1819
1819
1819
1819
1819
1819
1819
1819
1819
1819
1846
1846
1846
1846
1846
1846
1846
1846
1846
1846
1985
1985
1985
1985
1985
1985
1985
1985
1985
1985
1844
1844
1844
1844
1844
1844
1844
1844
1844
1844
2001
2001
2001
2001
2001
2001
2001
2001
2001
2001
1648
1648
1648
1648
1648
1648
1648
1648
1648
1648
2143
2143
2143
2143
2143
2143
2143
2143
2143
2143
1968
1968
1968
1968
1968
1968
1968
1968
1968
1968
2068
2068
2068
2068
2068
2068
2068
2068
2068
2068
1685
1685
1685
1685
1685
1685
1685
1685
1685
1685
2090
2090
2090
2090
2090
2090
2090
2090
2090
2090
2522
2522
2522
2522
2522
2522
2522
2522
2522
2522
2013
2013
2013
2013
2013
2013
2013
2013
2013
2013
2312
2312
2312
2312
2312
2312
2312
2312
2312
2312
1870
1870
1870
1870
1870
1870
1870
1870
1870
1870
2063
2063
2063
2063
2063
2063
2063
2063
2063
2063
2445
2445
2445
2445
2445
2445
2445
2445
2445
2445
3053
3053
3053
3053
3053
3053
3053
3053
3053
3053
2122
2122
2122
2122
2122
2122
2122
2122
2122
2122
2185
2185
2185
2185
2185
2185
2185
2185
2185
2185
2275
2275
2275
2275
2275
2275
2275
2275
2275
2275
705
705
705
705
705
705
705
705
705
705
2292
2292
2292
2292
2292
2292
2292
2292
2292
2292
2195
2195
2195
2195
2195
2195
2195
2195
2195
2195
2341
2341
2341
2341
2341
2341
2341
2341
2341
2341
2351
2351
2351
2351
2351
2351
2351
2351
2351
2351
3196
3196
3196
3196
3196
3196
3196
3196
3196
3196
2975
2975
2975
2975
2975
2975
2975
2975
2975
2975
2380
2380
2380
2380
2380
2380
2380
2380
2380
2380
2309
2309
2309
2309
2309
2309
2309
2309
2309
2309
2346
2346
2346
2346
2346
2346
2346
2346
2346
2346
2237
2237
2237
2237
2237
2237
2237
2237
2237
2237
2273
2273
2273
2273
2273
2273
2273
2273
2273
2273
681
681
681
681
681
681
681
681
681
681
2985
2985
2985
2985
2985
2985
2985
2985
2985
2985
789
789
789
789
789
789
789
789
789
789
2437
2437
2437
2437
2437
2437
2437
2437
2437
2437
3479
3479
3479
3479
3479
3479
3479
3479
3479
3479
2051
2051
2051
2051
2051
2051
2051
2051
2051
2051
3400
3400
3400
3400
3400
3400
3400
3400
3400
3400
2504
2504
2504
2504
2504
2504
2504
2504
2504
2504
3261
3261
3261
3261
3261
3261
3261
3261
3261
3261
2660
2660
2660
2660
2660
2660
2660
2660
2660
2660
2730
2730
2730
2730
2730
2730
2730
2730
2730
2730
2356
2356
2356
2356
2356
2356
2356
2356
2356
2356
2488
2488
2488
2488
2488
2488
2488
2488
2488
2488
679
679
679
679
679
679
679
679
679
679
2374
2374
2374
2374
2374
2374
2374
2374
2374
2374
1331
1331
1331
1331
1331
1331
1331
1331
1331
1331
3045
3045
3045
3045
3045
3045
3045
3045
3045
3045
2526
2526
2526
2526
2526
2526
2526
2526
2526
2526
2496
2496
2496
2496
2496
2496
2496
2496
2496
2496
2568
2568
2568
2568
2568
2568
2568
2568
2568
2568
2979
2979
2979
2979
2979
2979
2979
2979
2979
2979
1931
1931
1931
1931
1931
1931
1931
1931
1931
1931
2050
2050
2050
2050
2050
2050
2050
2050
2050
2050
2671
2671
2671
2671
2671
2671
2671
2671
2671
2671
2339
2339
2339
2339
2339
2339
2339
2339
2339
2339
3679
3679
3679
3679
3679
3679
3679
3679
3679
3679
2735
2735
2735
2735
2735
2735
2735
2735
2735
2735
1545
1545
1545
1545
1545
1545
1545
1545
1545
1545
2998
2998
2998
2998
2998
2998
2998
2998
2998
2998
2748
2748
2748
2748
2748
2748
2748
2748
2748
2748
3142
3142
3142
3142
3142
3142
3142
3142
3142
3142
3143
3143
3143
3143
3143
3143
3143
3143
3143
3143
2754
2754
2754
2754
2754
2754
2754
2754
2754
2754
2740
2740
2740
2740
2740
2740
2740
2740
2740
2740
2487
2487
2487
2487
2487
2487
2487
2487
2487
2487
2925
2925
2925
2925
2925
2925
2925
2925
2925
2925
644
644
644
644
644
644
644
644
644
644
2997
2997
2997
2997
2997
2997
2997
2997
2997
2997
915
915
915
915
915
915
915
915
915
915
2946
2946
2946
2946
2946
2946
2946
2946
2946
2946
1469
1469
1469
1469
1469
1469
1469
1469
1469
1469
3137
3137
3137
3137
3137
3137
3137
3137
3137
3137
3060
3060
3060
3060
3060
3060
3060
3060
3060
3060
3132
3132
3132
3132
3132
3132
3132
3132
3132
3132
3554
3554
3554
3554
3554
3554
3554
3554
3554
3554
2553
2553
2553
2553
2553
2553
2553
2553
2553
2553
3079
3079
3079
3079
3079
3079
3079
3079
3079
3079
3318
3318
3318
3318
3318
3318
3318
3318
3318
3318
3097
3097
3097
3097
3097
3097
3097
3097
3097
3097
3559
3559
3559
3559
3559
3559
3559
3559
3559
3559
3144
3144
3144
3144
3144
3144
3144
3144
3144
3144
3172
3172
3172
3172
3172
3172
3172
3172
3172
3172
3467
3467
3467
3467
3467
3467
3467
3467
3467
3467
3135
3135
3135
3135
3135
3135
3135
3135
3135
3135
3272
3272
3272
3272
3272
3272
3272
3272
3272
3272
3409
3409
3409
3409
3409
3409
3409
3409
3409
3409
3656
3656
3656
3656
3656
3656
3656
3656
3656
3656
3650
3650
3650
3650
3650
3650
3650
3650
3650
3650
3257
3257
3257
3257
3257
3257
3257
3257
3257
3257
3271
3271
3271
3271
3271
3271
3271
3271
3271
3271
2021
2021
2021
2021
2021
2021
2021
2021
2021
2021
2943
2943
2943
2943
2943
2943
2943
2943
2943
2943
3319
3319
3319
3319
3319
3319
3319
3319
3319
3319
3334
3334
3334
3334
3334
3334
3334
3334
3334
3334
8430
8430
8430
8430
8430
8430
8430
8430
8430
8430
3598
3598
3598
3598
3598
3598
3598
3598
3598
3598
3867
3867
3867
3867
3867
3867
3867
3867
3867
3867
3138
3138
3138
3138
3138
3138
3138
3138
3138
3138
3592
3592
3592
3592
3592
3592
3592
3592
3592
3592
3571
3571
3571
3571
3571
3571
3571
3571
3571
3571
720
720
720
720
720
720
720
720
720
720
3747
3747
3747
3747
3747
3747
3747
3747
3747
3747
3541
3541
3541
3541
3541
3541
3541
3541
3541
3541
3373
3373
3373
3373
3373
3373
3373
3373
3373
3373
7389
7389
7389
7389
7389
7389
7389
7389
7389
7389
8664
8664
8664
8664
8664
8664
8664
8664
8664
8664
3618
3618
3618
3618
3618
3618
3618
3618
3618
3618
1938
1938
1938
1938
1938
1938
1938
1938
1938
1938
3783
3783
3783
3783
3783
3783
3783
3783
3783
3783
3843
3843
3843
3843
3843
3843
3843
3843
3843
3843
3744
3744
3744
3744
3744
3744
3744
3744
3744
3744
3780
3780
3780
3780
3780
3780
3780
3780
3780
3780
3691
3691
3691
3691
3691
3691
3691
3691
3691
3691
4020
4020
4020
4020
4020
4020
4020
4020
4020
4020
4090
4090
4090
4090
4090
4090
4090
4090
4090
4090
4161
4161
4161
4161
4161
4161
4161
4161
4161
4161
4277
4277
4277
4277
4277
4277
4277
4277
4277
4277
4280
4280
4280
4280
4280
4280
4280
4280
4280
4280
4273
4273
4273
4273
4273
4273
4273
4273
4273
4273
5198
5198
5198
5198
5198
5198
5198
5198
5198
5198
5328
5328
5328
5328
5328
5328
5328
5328
5328
5328
5280
5280
5280
5280
5280
5280
5280
5280
5280
5280
5350
5350
5350
5350
5350
5350
5350
5350
5350
5350
5429
5429
5429
5429
5429
5429
5429
5429
5429
5429
8625
8625
8625
8625
8625
8625
8625
8625
8625
8625
8356
8356
8356
8356
8356
8356
8356
8356
8356
8356
8536
8536
8536
8536
8536
8536
8536
8536
8536
8536
8346
8346
8346
8346
8346
8346
8346
8346
8346
8346
7107
7107
7107
7107
7107
7107
7107
7107
7107
7107
8632
8632
8632
8632
8632
8632
8632
8632
8632
8632
8778
8778
8778
8778
8778
8778
8778
8778
8778
8778
8631
8631
8631
8631
8631
8631
8631
8631
8631
8631
7408
7408
7408
7408
7408
7408
7408
7408
7408
7408
6892
6892
6892
6892
6892
6892
6892
6892
6892
6892
8208
8208
8208
8208
8208
8208
8208
8208
8208
8208
8499
8499
8499
8499
8499
8499
8499
8499
8499
8499
8422
8422
8422
8422
8422
8422
8422
8422
8422
8422
8500
8500
8500
8500
8500
8500
8500
8500
8500
8500
8590
8590
8590
8590
8590
8590
8590
8590
8590
8590
6974
6974
6974
6974
6974
6974
6974
6974
6974
6974
7654
7654
7654
7654
7654
7654
7654
7654
7654
7654
7561
7561
7561
7561
7561
7561
7561
7561
7561
7561
8321
8321
8321
8321
8321
8321
8321
8321
8321
8321
8644
8644
8644
8644
8644
8644
8644
8644
8644
8644
8296
8296
8296
8296
8296
8296
8296
8296
8296
8296
8476
8476
8476
8476
8476
8476
8476
8476
8476
8476
7796
7796
7796
7796
7796
7796
7796
7796
7796
7796
8799
8799
8799
8799
8799
8799
8799
8799
8799
8799
6356
6356
6356
6356
6356
6356
6356
6356
6356
6356
8012
8012
8012
8012
8012
8012
8012
8012
8012
8012
7879
7879
7879
7879
7879
7879
7879
7879
7879
7879
8245
8245
8245
8245
8245
8245
8245
8245
8245
8245
8466
8466
8466
8466
8466
8466
8466
8466
8466
8466
7603
7603
7603
7603
7603
7603
7603
7603
7603
7603
8180
8180
8180
8180
8180
8180
8180
8180
8180
8180
8443
8443
8443
8443
8443
8443
8443
8443
8443
8443
7848
7848
7848
7848
7848
7848
7848
7848
7848
7848
7242
7242
7242
7242
7242
7242
7242
7242
7242
7242
8291
8291
8291
8291
8291
8291
8291
8291
8291
8291
8322
8322
8322
8322
8322
8322
8322
8322
8322
8322
8259
8259
8259
8259
8259
8259
8259
8259
8259
8259
8200
8200
8200
8200
8200
8200
8200
8200
8200
8200
8197
8197
8197
8197
8197
8197
8197
8197
8197
8197
8143
8143
8143
8143
8143
8143
8143
8143
8143
8143
6399
6399
6399
6399
6399
6399
6399
6399
6399
6399
8262
8262
8262
8262
8262
8262
8262
8262
8262
8262
8367
8367
8367
8367
8367
8367
8367
8367
8367
8367
8164
8164
8164
8164
8164
8164
8164
8164
8164
8164
8242
8242
8242
8242
8242
8242
8242
8242
8242
8242
8250
8250
8250
8250
8250
8250
8250
8250
8250
8250
8272
8272
8272
8272
8272
8272
8272
8272
8272
8272
8470
8470
8470
8470
8470
8470
8470
8470
8470
8470
8316
8316
8316
8316
8316
8316
8316
8316
8316
8316
5424
5424
5424
5424
5424
5424
5424
5424
5424
5424
8337
8337
8337
8337
8337
8337
8337
8337
8337
8337
5471
5471
5471
5471
5471
5471
5471
5471
5471
5471
8543
8543
8543
8543
8543
8543
8543
8543
8543
8543
8678
8678
8678
8678
8678
8678
8678
8678
8678
8678
7762
7762
7762
7762
7762
7762
7762
7762
7762
7762
8328
8328
8328
8328
8328
8328
8328
8328
8328
8328
8544
8544
8544
8544
8544
8544
8544
8544
8544
8544
8587
8587
8587
8587
8587
8587
8587
8587
8587
8587
8445
8445
8445
8445
8445
8445
8445
8445
8445
8445
8302
8302
8302
8302
8302
8302
8302
8302
8302
8302
8295
8295
8295
8295
8295
8295
8295
8295
8295
8295
8444
8444
8444
8444
8444
8444
8444
8444
8444
8444
8424
8424
8424
8424
8424
8424
8424
8424
8424
8424
7255
7255
7255
7255
7255
7255
7255
7255
7255
7255
7170
7170
7170
7170
7170
7170
7170
7170
7170
7170
8172
8172
8172
8172
8172
8172
8172
8172
8172
8172
8112
8112
8112
8112
8112
8112
8112
8112
8112
8112
9000
9000
9000
9000
9000
9000
9000
9000
9000
9000
7510
7510
7510
7510
7510
7510
7510
7510
7510
7510
8009
8009
8009
8009
8009
8009
8009
8009
8009
8009
8531
8531
8531
8531
8531
8531
8531
8531
8531
8531
8675
8675
8675
8675
8675
8675
8675
8675
8675
8675
8808
8808
8808
8808
8808
8808
8808
8808
8808
8808
7942
7942
7942
7942
7942
7942
7942
7942
7942
7942
8415
8415
8415
8415
8415
8415
8415
8415
8415
8415
8447
8447
8447
8447
8447
8447
8447
8447
8447
8447
8413
8413
8413
8413
8413
8413
8413
8413
8413
8413
8072
8072
8072
8072
8072
8072
8072
8072
8072
8072
8414
8414
8414
8414
8414
8414
8414
8414
8414
8414
8671
8671
8671
8671
8671
8671
8671
8671
8671
8671
8576
8576
8576
8576
8576
8576
8576
8576
8576
8576
8382
8382
8382
8382
8382
8382
8382
8382
8382
8382
8392
8392
8392
8392
8392
8392
8392
8392
8392
8392
8023
8023
8023
8023
8023
8023
8023
8023
8023
8023
8710
8710
8710
8710
8710
8710
8710
8710
8710
8710
7708
7708
7708
7708
7708
7708
7708
7708
7708
7708
8565
8565
8565
8565
8565
8565
8565
8565
8565
8565
1367
1367
1367
1367
1367
1367
1367
1367
1367
1367
6097
6097
6097
6097
6097
6097
6097
6097
6097
6097
8666
8666
8666
8666
8666
8666
8666
8666
8666
8666
7892
7892
7892
7892
7892
7892
7892
7892
7892
7892
8867
8867
8867
8867
8867
8867
8867
8867
8867
8867
8897
8897
8897
8897
8897
8897
8897
8897
8897
8897
585
585
585
585
585
585
585
585
585
585
8765
8765
8765
8765
8765
8765
8765
8765
8765
8765
8803
8803
8803
8803
8803
8803
8803
8803
8803
8803
8753
8753
8753
8753
8753
8753
8753
8753
8753
8753
8846
8846
8846
8846
8846
8846
8846
8846
8846
8846
