[0.9605293273925781, 1.9458061456680298, 2.719578266143799]
[1.3351352214813232, 2.170942783355713, 3.2580196857452393]
[0.2579938769340515, 2.1635615825653076, 2.935931444168091]
[1.14690101146698, 2.3710832595825195, 3.221311569213867]
[0.2806885242462158, 2.362191677093506, 2.762357473373413]
[0.44503509998321533, 2.5597758293151855, 2.558584213256836]
[0.6341972351074219, 1.778688907623291, 2.718696117401123]
[0.22923427820205688, 2.039808511734009, 2.989295482635498]
[1.3047776222229004, 1.7107449769973755, 3.398881673812866]
[1.36552095413208, 2.3701722621917725, 2.1442177295684814]
[-0.20724278688430786, -1.3403067588806152, -3.060396194458008]
[-1.6608328819274902, -1.7680940628051758, -3.0696022510528564]
[-0.9900451302528381, -1.3844709396362305, -2.883312702178955]
[-0.3801182508468628, -2.2296502590179443, -3.449155330657959]
[-1.2700600624084473, -1.9303812980651855, -2.9356844425201416]
[-1.072351336479187, -1.558298110961914, -3.3260607719421387]
[-1.1608573198318481, -1.8912147283554077, -3.378230094909668]
[-1.247563123703003, -2.410024404525757, -3.277263879776001]
[-1.7067890167236328, -1.9954535961151123, -2.9163317680358887]
[-1.1100314855575562, -1.699550747871399, -2.517664909362793]
[-0.6552300453186035, -0.10335686057806015, 3.6831846237182617]
[-0.3173065185546875, 0.7397779226303101, 3.1369924545288086]
[0.06789932399988174, -0.1312219351530075, 2.3188276290893555]
[0.3022949993610382, 0.09671647846698761, 3.136000871658325]
[-0.16511890292167664, -0.18947969377040863, 2.638007402420044]
[-0.48132607340812683, 0.020155584439635277, 3.372358798980713]
[0.34803301095962524, -0.5304829478263855, 2.908344268798828]
[-0.30626189708709717, -0.1883029341697693, 3.286128044128418]
[-0.4794701933860779, 0.29122161865234375, 3.5851945877075195]
[-0.27121591567993164, 0.7142093181610107, 2.961531400680542]
[-0.46297067403793335, 0.1979585886001587, 3.008906364440918]
[0.006185584701597691, -0.43918362259864807, 2.4264626502990723]
[-0.018967323005199432, -0.1981753706932068, 2.790236473083496]
[-0.11230620741844177, -0.07354652881622314, 2.5192770957946777]
[-0.5558016300201416, 0.07128849625587463, 3.5961151123046875]
[-0.33317065238952637, 0.4912608563899994, 2.78474760055542]
[0.3237442672252655, -0.09147388488054276, 2.9357099533081055]
[-0.107176773250103, 0.1345735341310501, 2.4420251846313477]
[-0.20125415921211243, 0.0337526872754097, 3.9046471118927]
[0.7875252962112427, 0.012297564186155796, 2.2595338821411133]
