0.3744141459465027
0.3740151822566986
0.3728891611099243
0.369072824716568
0.3400864005088806
0.20031540095806122
0.14814265072345734
0.1704820990562439
0.20973056554794312
0.21813341975212097
0.13947854936122894
0.19939273595809937
0.13516509532928467
0.12125295400619507
0.12545554339885712
0.1914283037185669
0.13389725983142853
0.11606276035308838
0.19957517087459564
0.14108124375343323
0.11985787749290466
0.11778625100851059
0.15528754889965057
0.1925984025001526
0.1309366673231125
0.1745520979166031
0.16139522194862366
0.18011008203029633
0.17972666025161743
0.06465133279561996
0.10819805413484573
0.16592109203338623
0.12009286880493164
0.0915822759270668
0.09372766315937042
0.20243623852729797
0.11507831513881683
0.1405206173658371
0.16404598951339722
0.12259996682405472
0.1441495418548584
0.1055297926068306
0.13199426233768463
0.14448410272598267
0.09258762001991272
0.13875757157802582
0.12558066844940186
0.1439385861158371
0.17388096451759338
0.16653764247894287
0.12819603085517883
0.09593286365270615
0.14569097757339478
0.2470930516719818
0.16677823662757874
0.1791149377822876
0.16760648787021637
0.10385973751544952
0.1445736587047577
0.09859813749790192
0.07557260990142822
0.09586246311664581
0.08968260139226913
0.09838467836380005
0.07977109402418137
0.20041559636592865
0.1398869752883911
0.08868240565061569
0.11714014410972595
0.11754604429006577
0.09264756739139557
0.07840827852487564
0.09129169583320618
0.09325602650642395
0.07539261877536774
0.1198895201086998
0.1982199251651764
0.16718018054962158
0.10293565690517426
0.11782808601856232
0.1093582734465599
0.10526560992002487
0.11548373848199844
0.11648304760456085
0.09435012936592102
0.18503719568252563
0.12132226675748825
0.10298784077167511
0.08319498598575592
0.10287094861268997
0.09499591588973999
0.08971953392028809
0.11066955327987671
0.1942012459039688
0.09741498529911041
0.10705485939979553
0.10442960262298584
0.14914491772651672
0.23113247752189636
0.09235760569572449
0.08978432416915894
0.17894133925437927
0.1495848149061203
0.10388174653053284
0.10019467771053314
0.0641050636768341
0.1873392015695572
0.09472103416919708
0.18021604418754578
0.09398198127746582
0.08850296586751938
0.156675785779953
0.13797926902770996
0.11325479298830032
0.20169979333877563
0.09979337453842163
0.09436539560556412
0.10016526281833649
0.07042250782251358
0.09581203758716583
0.14300434291362762
0.16461628675460815
0.1584911197423935
0.08479897677898407
0.13087353110313416
0.1581469476222992
0.11202822625637054
0.0810844674706459
0.07488782703876495
0.11702409386634827
0.1255188137292862
0.1214831992983818
0.1315518617630005
0.07830406725406647
0.11932164430618286
0.095457062125206
0.10741455852985382
0.08858364820480347
0.1587931364774704
0.13061925768852234
0.07162414491176605
0.13089491426944733
0.10524508357048035
0.0931611955165863
0.12469137459993362
0.13836979866027832
0.08411087095737457
0.0941237211227417
0.1473814696073532
0.114021897315979
0.08026602119207382
0.11773281544446945
0.09479431807994843
0.08339481800794601
0.13637936115264893
0.11747013032436371
0.23708955943584442
0.13828495144844055
0.0904739648103714
0.08480976521968842
0.08762065321207047
0.10246318578720093
0.09244200587272644
0.08878657966852188
0.12603627145290375
0.09492788463830948
0.16272085905075073
0.10601142048835754
0.09434247016906738
0.09715402871370316
0.08854207396507263
0.08118115365505219
0.09005719423294067
0.10585525631904602
0.10901820659637451
0.07192578166723251
0.142078697681427
0.08126597851514816
0.07404185086488724
0.10822521150112152
0.08329791575670242
0.09811832010746002
0.10158190131187439
0.11850748211145401
0.14787377417087555
0.07102487981319427
0.15593956410884857
0.07846631109714508
0.08705580234527588
0.11560659110546112
0.11011244356632233
0.12232829630374908
0.1832302063703537
0.09746630489826202
0.11212534457445145
0.13971155881881714
0.07299249619245529
0.08918901532888412
0.08656396716833115
0.08368217945098877
0.13038748502731323
0.1068514883518219
0.13388609886169434
0.1349371075630188
0.11654891073703766
0.08198265731334686
0.10855431109666824
0.12328201532363892
0.050809767097234726
0.094152070581913
0.09619983285665512
0.1456407904624939
0.18488624691963196
0.05605962127447128
0.10503236949443817
0.08494102954864502
0.12919723987579346
0.13471472263336182
0.0789528638124466
0.11283505707979202
0.09151982516050339
0.1494964212179184
0.07834545522928238
0.07885706424713135
0.15179258584976196
0.09399107843637466
0.11158004403114319
0.12641483545303345
0.15034180879592896
0.11986705660820007
0.21830439567565918
0.08775268495082855
0.09077783674001694
0.08766655623912811
0.13729949295520782
0.14521950483322144
0.10324715822935104
0.11009091138839722
0.0978318452835083
0.09461688250303268
0.12524208426475525
0.089785136282444
0.11626148968935013
0.06906133145093918
0.07125277817249298
0.11073869466781616
0.080290786921978
0.06364002823829651
0.17638441920280457
0.10516202449798584
0.125168114900589
0.10935340821743011
0.08917224407196045
0.10518747568130493
0.1089639812707901
0.12151628732681274
0.09766241163015366
0.13966268301010132
0.10394436120986938
0.057682931423187256
0.11181312799453735
0.08364119380712509
0.1072574257850647
0.13340860605239868
0.07133710384368896
0.06750006228685379
0.10640145093202591
0.09405908733606339
0.11496134847402573
0.1254836916923523
0.09184545278549194
0.08408134430646896
0.10311198234558105
0.12302961945533752
0.09908904135227203
0.07001277059316635
0.0971483439207077
0.16207869350910187
0.06546726822853088
0.13636139035224915
0.10634209215641022
0.15796855092048645
0.10548297315835953
0.14849431812763214
0.08623120933771133
0.06990566849708557
0.15956595540046692
0.10059671849012375
0.1212565004825592
0.08144708722829819
0.11322887241840363
0.10571819543838501
0.08786001056432724
0.07688664644956589
0.07694488763809204
0.10587989538908005
0.14974655210971832
0.17015278339385986
0.1419583410024643
0.08337824046611786
0.06978057324886322
0.11494418233633041
0.12446421384811401
0.12069743126630783
0.06021444499492645
0.1351698487997055
0.11843409389257431
0.10314986109733582
0.16802677512168884
0.09334312379360199
0.1310632824897766
0.09098567068576813
0.09158432483673096
0.07505249232053757
0.11826379597187042
0.11238697171211243
0.06518043577671051
0.13485930860042572
0.10661172866821289
0.09756648540496826
0.08525846898555756
0.10830750316381454
0.12959928810596466
0.12063461542129517
0.0695786327123642
0.11898280680179596
0.09442077577114105
0.1330079734325409
0.08870459347963333
0.11909715086221695
0.10486586391925812
0.07769563049077988
0.0951075628399849
0.19970618188381195
0.09101997315883636
0.07131320983171463
0.10850544273853302
0.09900931268930435
0.07750513404607773
0.06649243831634521
0.08554451912641525
0.15915323793888092
0.13126571476459503
0.0678563117980957
0.11657574772834778
0.08532872796058655
0.08362646400928497
0.16771483421325684
0.1056826263666153
0.11803671717643738
0.08328597992658615
0.10368502140045166
0.23289307951927185
0.08201353996992111
0.08053574711084366
0.06986880302429199
0.11337439715862274
0.08274322003126144
0.09632565081119537
0.08743353188037872
0.08848971128463745
0.13164076209068298
0.1037016212940216
0.10716834664344788
0.062299590557813644
0.09707190096378326
0.12125802040100098
0.14134714007377625
0.0772022157907486
0.12352368235588074
0.1047862321138382
0.09555502235889435
0.10244673490524292
0.0731809139251709
0.0957857295870781
0.1078047901391983
0.10272933542728424
0.09105034917593002
0.07242419570684433
0.09006650745868683
0.10020814090967178
0.0804479569196701
0.1677549183368683
0.10425299406051636
0.1955583691596985
0.08784317225217819
0.12044215947389603
0.12494759261608124
0.09145084023475647
0.1282663643360138
0.15519042313098907
0.098300039768219
0.14585267007350922
0.07262235879898071
0.13056370615959167
0.09123819321393967
0.1380854845046997
0.09279350191354752
0.08306585252285004
0.0944790244102478
0.15329423546791077
0.07662808895111084
0.09094838798046112
0.07774624973535538
0.07709497958421707
0.12210464477539062
0.2158084362745285
0.06198091059923172
0.0907200276851654
0.09273909032344818
0.11552415788173676
0.12369698286056519
0.08250731229782104
0.08425326645374298
0.08553814142942429
0.07337570190429688
0.1036505401134491
0.07587580382823944
0.10447287559509277
0.14755511283874512
0.07330655306577682
0.1698993742465973
0.12817782163619995
0.0853186696767807
0.08076798915863037
0.09574887901544571
0.07751204073429108
0.09843474626541138
0.08084522187709808
0.13058385252952576
0.17421376705169678
0.13277587294578552
0.13196125626564026
0.11026616394519806
0.10423059016466141
0.10599999874830246
0.11046327650547028
0.07932691276073456
0.07459267973899841
0.08126696199178696
0.11781814694404602
0.08055095374584198
0.08108210563659668
0.11371400207281113
0.09955470263957977
0.137192964553833
0.07200012356042862
0.12115195393562317
0.08543021976947784
0.09356299787759781
0.14333699643611908
0.1057501956820488
0.07833199948072433
0.15622657537460327
0.09803842008113861
0.051042042672634125
0.060845181345939636
0.08750016987323761
0.05785335972905159
0.15403470396995544
0.11718451976776123
0.17084810137748718
0.09098982810974121
0.08631698042154312
0.07939586043357849
0.07451237738132477
0.1505279690027237
0.09209728240966797
0.15201380848884583
0.10526726394891739
0.09031981229782104
0.08533687144517899
0.11178897321224213
0.09380131214857101
0.06735722720623016
0.12687797844409943
0.09934909641742706
0.13377657532691956
0.12656983733177185
0.09428571909666061
0.08692929893732071
0.10846719890832901
0.11105963587760925
0.0755472481250763
0.09290169179439545
0.09930101037025452
0.07814362645149231
0.08861202001571655
0.11025957763195038
0.11781466752290726
0.10134586691856384
0.11978232860565186
0.1167365312576294
0.0978734940290451
0.10213751345872879
0.12867248058319092
0.0880494937300682
0.09758132696151733
0.08323115110397339
0.18901482224464417
0.07634200155735016
0.11897891759872437
0.08974982053041458
0.049056269228458405
0.07424621284008026
0.11901560425758362
0.10983380675315857
0.08638329803943634
0.0892883911728859
0.1174231469631195
0.09475931525230408
0.08135993778705597
0.14243385195732117
0.21257111430168152
0.0987706407904625
0.13060125708580017
0.09176523238420486
0.21020756661891937
0.09731359779834747
0.05815155804157257
0.13950404524803162
0.08755521476268768
0.09249702095985413
0.16923439502716064
0.1048920750617981
0.161034494638443
0.1017015278339386
0.13287927210330963
0.14522530138492584
0.10153384506702423
0.11299000680446625
0.0986022800207138
0.061756037175655365
0.12210443615913391
0.12348699569702148
0.10878288745880127
0.08515046536922455
0.16524818539619446
0.0959206223487854
0.10356809943914413
0.1071614921092987
0.07582458108663559
0.09287887811660767
0.08899368345737457
0.07487347722053528
0.09603952616453171
0.08002160489559174
0.10389822721481323
0.06926566362380981
0.058250054717063904
0.11011937260627747
0.07640456408262253
0.10725295543670654
0.08228692412376404
0.10256381332874298
0.0939234048128128
0.06981882452964783
0.11053779721260071
0.08595450967550278
0.10607919842004776
0.08793149888515472
0.0851077139377594
0.10616154968738556
0.10632312297821045
0.10799767822027206
0.0741536021232605
0.10953748226165771
0.08483324944972992
0.08894920349121094
0.10158401727676392
0.07604183256626129
0.0740063488483429
0.068267822265625
0.09687748551368713
0.10629341006278992
0.09489379078149796
0.11370735615491867
0.0760951042175293
0.11172918975353241
0.06773514300584793
0.17477640509605408
0.06080186739563942
0.11939159035682678
0.11504963785409927
0.10085847973823547
0.11163158714771271
0.06788383424282074
0.07569237053394318
0.1046244353055954
0.11336885392665863
0.09697796404361725
0.1324545443058014
0.14339901506900787
0.11750999093055725
0.11583393812179565
0.09763630479574203
0.0953017845749855
0.11206366121768951
0.08002769947052002
0.12459211051464081
0.1688966602087021
0.09089022129774094
0.16207122802734375
0.0836145281791687
0.07267848402261734
0.13366034626960754
0.08836501836776733
0.10733118653297424
0.08712625503540039
0.07994028180837631
0.07532075047492981
0.09304898977279663
0.11558330059051514
0.12192489206790924
0.07981543242931366
0.05182657390832901
0.12557896971702576
0.07645459473133087
0.05404780060052872
0.11755431443452835
0.0745762437582016
0.05496352165937424
0.09092076122760773
0.07329276204109192
0.12942096590995789
0.1438833326101303
0.10482518374919891
0.10187724232673645
0.21332955360412598
0.06489776074886322
0.08039042353630066
0.08708325028419495
0.06881177425384521
0.09209665656089783
0.08393160253763199
0.07021097093820572
0.12032879889011383
0.09857569634914398
0.10168671607971191
0.13970550894737244
0.07258069515228271
0.11203634738922119
0.07849463075399399
0.11101411283016205
0.15308386087417603
0.08897210657596588
0.0861855298280716
0.11474751681089401
0.12251560389995575
0.054748229682445526
0.06186266615986824
0.12601527571678162
0.05622243508696556
0.08181115984916687
0.13073156774044037
0.14481095969676971
0.09515300393104553
0.07620499283075333
0.08769523352384567
0.04894877225160599
0.09836366772651672
0.06898844242095947
0.09733057022094727
0.08791127800941467
0.10836350172758102
0.20183517038822174
0.07251732051372528
0.12316872924566269
0.0756186991930008
0.13180309534072876
0.075156569480896
0.06841535866260529
0.06302401423454285
0.10083051025867462
0.09714747965335846
0.09890499711036682
0.1145390123128891
0.103437140583992
0.08795852214097977
0.08270753920078278
0.10066276788711548
0.12138326466083527
0.08013971149921417
0.0553431436419487
0.08360084891319275
0.10913097858428955
0.15672974288463593
0.07759746164083481
0.09910037368535995
0.16467174887657166
0.15449680387973785
0.11879605054855347
0.08667423576116562
0.15118923783302307
0.1693262755870819
0.09876710176467896
0.10188374668359756
0.08085756003856659
0.10230457782745361
0.0733543187379837
0.07466055452823639
0.06796100735664368
0.07985500991344452
0.10419520735740662
0.09222807735204697
0.07900004088878632
0.0707385316491127
0.07419373095035553
0.06899705529212952
0.09462001919746399
0.13671472668647766
0.09172697365283966
0.09372840076684952
0.1094900593161583
0.09560631960630417
0.13062816858291626
0.12537696957588196
0.09309491515159607
0.12184667587280273
0.0746489018201828
0.08711536228656769
0.08976192772388458
0.07243324816226959
0.0729096308350563
0.13490073382854462
0.13112691044807434
0.08890940994024277
0.1512463241815567
0.09392795711755753
0.15965884923934937
0.10241658985614777
0.08970589935779572
0.06788146495819092
0.055914100259542465
0.09688477218151093
0.11776614189147949
0.11051550507545471
0.1125500500202179
0.05809752270579338
0.11216506361961365
0.08737652003765106
0.06825830787420273
0.1379750669002533
0.06264311820268631
0.07628100365400314
0.06354811787605286
0.10023048520088196
0.08977431058883667
0.08879029005765915
0.13912604749202728
0.10830400884151459
0.1245117038488388
0.07810260355472565
0.09059753268957138
0.09124717116355896
0.1550711840391159
0.12821273505687714
0.14049342274665833
0.07960419356822968
0.07318415492773056
0.07797597348690033
0.11282116174697876
0.062329329550266266
0.12971600890159607
0.1283135712146759
0.10838604718446732
0.09775173664093018
0.05547281354665756
0.08250033855438232
0.09814427047967911
0.07726235687732697
0.06240014731884003
0.09745224565267563
0.12226393073797226
0.07835251837968826
0.13265934586524963
0.08618934452533722
0.09551551938056946
0.13632935285568237
0.07039912790060043
0.07522813975811005
0.10481135547161102
0.07397715747356415
0.08323496580123901
0.09200287610292435
0.07219988852739334
0.10329277813434601
0.0765741765499115
0.08897662907838821
0.1779990792274475
0.06600727885961533
0.08101268857717514
0.05333700776100159
0.0963650569319725
0.09578339755535126
0.05599027872085571
0.06234703212976456
0.0944928228855133
0.08646562695503235
0.12672831118106842
0.11707466840744019
0.09219038486480713
0.09604822099208832
0.10603252053260803
0.07402149587869644
0.14167124032974243
0.06687282025814056
0.09922540187835693
0.11662522703409195
0.08447447419166565
0.12862256169319153
0.07389713823795319
0.11162805557250977
0.06895346939563751
0.0789211094379425
0.09065902978181839
0.07813848555088043
0.0808490514755249
0.09475206583738327
0.07543544471263885
0.08848008513450623
0.096894770860672
0.10452629625797272
0.09400028735399246
0.08825312554836273
0.07000138610601425
0.0666198804974556
0.11822135001420975
0.0978734940290451
0.10085716843605042
0.07861290127038956
0.11855168640613556
0.08346608281135559
0.07146595418453217
0.101716548204422
0.08473477512598038
0.0699361264705658
0.16618530452251434
0.09880281984806061
0.11888451874256134
0.08328777551651001
0.10246878117322922
0.057983964681625366
0.09088671207427979
0.11175146698951721
0.062299929559230804
0.07979851961135864
0.14052511751651764
0.09614772349596024
0.0999729335308075
0.08267031610012054
0.0729774534702301
0.09503541886806488
0.07489366084337234
0.09723705053329468
0.09684175997972488
0.10835244506597519
0.09144122898578644
0.07320094108581543
0.1279151737689972
0.10684053599834442
0.09514164924621582
0.10708123445510864
0.08179213106632233
0.07111266255378723
0.10604608803987503
0.05832592397928238
0.06861711293458939
0.1258479803800583
0.06355324387550354
0.06135876476764679
0.08150461316108704
0.054839715361595154
0.10835553705692291
0.07333225011825562
0.07433106750249863
0.08834521472454071
0.06889741867780685
0.06814859807491302
0.11331719160079956
0.14448347687721252
0.10710161924362183
0.06082107871770859
0.0842418521642685
0.10159385949373245
0.06828272342681885
0.058899879455566406
0.12936092913150787
0.13879582285881042
0.08044308423995972
0.08309352397918701
0.07667367160320282
0.06533250957727432
0.0935763567686081
0.1478392332792282
0.0639098733663559
0.07491584867238998
0.07359720766544342
0.05617344751954079
0.10294589400291443
0.12447743117809296
0.14486569166183472
0.1323067843914032
0.08427231013774872
0.08098332583904266
0.06698872894048691
0.061608754098415375
0.05502573028206825
0.0543648824095726
0.08053188025951385
0.07627590000629425
0.11029061675071716
0.09609513729810715
0.10017076134681702
0.10497540980577469
0.13989683985710144
0.09078046679496765
0.10434329509735107
0.09871354699134827
0.09476466476917267
0.10827526450157166
0.11824126541614532
0.10217392444610596
0.09619970619678497
0.07510688900947571
0.0710289254784584
0.0713464543223381
0.08899802714586258
0.095121368765831
0.09961600601673126
0.07695026695728302
0.12260624766349792
0.08995140343904495
0.09706391394138336
0.055291615426540375
0.09688734263181686
0.07672566175460815
0.0946015864610672
0.1609969437122345
0.09061636030673981
0.08093857765197754
0.10293133556842804
0.06324425339698792
0.08688370883464813
0.0881885290145874
0.08637063205242157
0.11706547439098358
0.08799358457326889
0.08534687012434006
0.0772654116153717
0.08807465434074402
0.085221067070961
0.08482031524181366
0.05057494714856148
0.08046814799308777
0.1375860571861267
0.12625309824943542
0.08494570851325989
0.09570404887199402
0.08743959665298462
0.07311592996120453
0.08338382840156555
0.08048491179943085
0.0874495655298233
0.09122518450021744
0.07360100746154785
0.08229725062847137
0.0676373764872551
0.049046434462070465
0.143578439950943
0.09088665246963501
0.1618081033229828
0.10466987639665604
0.059392862021923065
0.09139128774404526
0.12907613813877106
0.05249173194169998
0.07776400446891785
0.07138524949550629
0.08663085103034973
0.05419245362281799
0.12880106270313263
0.08685075491666794
0.11314249038696289
0.10277493298053741
0.07023460417985916
0.08041945844888687
0.06900720298290253
0.06485395133495331
0.08250494301319122
0.06259872764348984
0.08862116932868958
0.07589532434940338
0.11219392716884613
0.08703762292861938
0.12929654121398926
0.09033744037151337
0.1248028576374054
0.0800093412399292
0.1039348617196083
0.06840932369232178
0.08417437225580215
0.07911656051874161
0.0990372747182846
0.1114022433757782
0.08536866307258606
0.05880829691886902
0.08537964522838593
0.07968239486217499
0.10037633776664734
0.13926759362220764
0.09656889736652374
0.08168359845876694
0.05702682584524155
0.11792755872011185
0.14161795377731323
0.10871569812297821
0.07168462872505188
0.11630700528621674
0.12839259207248688
0.06334609538316727
0.1140078753232956
0.09305217117071152
0.07657186686992645
0.07089859247207642
0.08933507651090622
0.12849003076553345
0.06892427802085876
0.07943808287382126
0.05948850139975548
0.09653354436159134
0.08099685609340668
0.08039915561676025
0.05628485232591629
0.2381669133901596
0.10886166989803314
0.06587372720241547
0.0918106883764267
0.08933228254318237
0.08830959349870682
0.07570227980613708
0.12555252015590668
0.060891292989254
0.09836360812187195
0.11367426067590714
0.07214801013469696
0.10934863984584808
0.08153989911079407
0.09769060462713242
0.07396817207336426
0.0895543247461319
0.10028884559869766
0.11168457567691803
0.07773441076278687
0.0877988189458847
0.12066509574651718
0.13372480869293213
0.09277576208114624
0.08932100981473923
0.07240069657564163
0.1300521343946457
0.08418607711791992
0.12385142594575882
0.057342804968357086
0.1035863533616066
0.07485173642635345
0.07187540829181671
0.06925024837255478
0.0603022426366806
0.12978366017341614
0.08571422100067139
0.14581045508384705
0.08314051479101181
0.09673120081424713
0.12398043274879456
0.10660427808761597
0.0680953711271286
0.11605602502822876
0.07463139295578003
0.07223426550626755
0.06509245932102203
0.08473508059978485
0.08226285874843597
0.0699915811419487
0.0903618335723877
0.0758550614118576
0.08443910628557205
0.0711388885974884
0.08753238618373871
0.11412503570318222
0.07399450987577438
0.09971019625663757
0.07872772961854935
0.07925364375114441
0.10824479162693024
0.09721234440803528
0.061643894761800766
0.07933569699525833
0.11892671883106232
0.08155637979507446
0.1000833660364151
0.07180261611938477
0.08960326015949249
0.1781136840581894
0.12798365950584412
0.11973399668931961
0.09808036684989929
0.09648770093917847
0.07868452370166779
0.07689984142780304
0.08136217296123505
0.10788048803806305
0.09401589632034302
0.09202836453914642
0.08120027184486389
0.08715156465768814
0.08768442273139954
0.08660098910331726
0.1217697337269783
0.09290167689323425
0.07395007461309433
0.10952526330947876
0.07364241033792496
0.11605921387672424
0.11467441916465759
0.12906311452388763
0.10500380396842957
0.0692376047372818
0.08558230102062225
0.07662294059991837
0.08612751960754395
0.09497560560703278
0.07605382055044174
0.09916040301322937
0.0773337334394455
0.10196497291326523
0.08847054094076157
0.1087207943201065
0.10652881860733032
0.07281118631362915
0.12585578858852386
0.12386961281299591
0.06962934881448746
0.049871549010276794
0.09664881229400635
0.16082972288131714
0.0892072319984436
0.11507561802864075
0.126222163438797
0.07644402235746384
0.07198134809732437
0.10119019448757172
0.08955392986536026
0.05655767768621445
0.08439736068248749
0.12922435998916626
0.07603268325328827
0.06960568577051163
0.10429355502128601
0.1502196192741394
0.11999206990003586
0.16371458768844604
0.08604259788990021
0.08298850059509277
0.054931528866291046
0.13660390675067902
0.08294706046581268
0.11479254066944122
0.07704167813062668
0.13158461451530457
0.09865251183509827
0.11457286775112152
0.06936005502939224
0.11148647218942642
0.06674455106258392
0.11243985593318939
0.05427971109747887
0.11935491859912872
0.10627701878547668
0.12000364065170288
0.12335197627544403
0.06794644892215729
0.09279648214578629
0.07875369489192963
0.07817116379737854
0.1153126209974289
0.1564696729183197
0.08030211925506592
0.10809732228517532
0.08063419163227081
0.09664559364318848
0.07695670425891876
0.06449587643146515
0.09877806901931763
0.0860283374786377
0.13378563523292542
0.09944108128547668
0.10902909934520721
0.05507124960422516
0.10366317629814148
