0.44917210936546326
0.44855114817619324
0.44629815220832825
0.4378430247306824
0.36155760288238525
0.09450603276491165
0.17372368276119232
0.16096872091293335
0.18216343224048615
0.19369426369667053
0.10473506152629852
0.18989843130111694
0.14852817356586456
0.08893048763275146
0.10377871245145798
0.15482324361801147
0.08794721961021423
0.0866890475153923
0.1453101485967636
0.10999415069818497
0.09832441806793213
0.09362062066793442
0.1542174071073532
0.17108599841594696
0.1276201605796814
0.13623380661010742
0.10221142321825027
0.1967257708311081
0.1401042342185974
0.0542120598256588
0.09648295491933823
0.12623628973960876
0.10064847022294998
0.08182264864444733
0.09524080902338028
0.1735510379076004
0.0824398398399353
0.13539476692676544
0.13670460879802704
0.11094235628843307
0.14505252242088318
0.10045625269412994
0.11338753998279572
0.11028721183538437
0.08412828296422958
0.10229142755270004
0.11689703911542892
0.10377731174230576
0.14172865450382233
0.10404530167579651
0.11031576991081238
0.08469546586275101
0.11875475943088531
0.18852996826171875
0.15870928764343262
0.1524445116519928
0.08044728636741638
0.0749337449669838
0.12026505917310715
0.07524719834327698
0.06162787601351738
0.07872088998556137
0.09399749338626862
0.0995917096734047
0.05835653841495514
0.16542071104049683
0.08640917390584946
0.0766059085726738
0.08924396336078644
0.11404784023761749
0.07758387923240662
0.0628146082162857
0.07433675974607468
0.06307245045900345
0.06937442719936371
0.0912097916007042
0.16542789340019226
0.11954287439584732
0.07542415708303452
0.12324409186840057
0.06817981600761414
0.07626534253358841
0.07222598791122437
0.10108663886785507
0.07380218058824539
0.17077668011188507
0.08436942100524902
0.06947460770606995
0.06430065631866455
0.06980293989181519
0.07643704116344452
0.07220572233200073
0.08742813766002655
0.16536185145378113
0.09075982868671417
0.08954014629125595
0.09684251248836517
0.11479617655277252
0.1308632791042328
0.07452612370252609
0.07945510745048523
0.1306128054857254
0.10828623175621033
0.07589145749807358
0.06241898611187935
0.045946668833494186
0.14266656339168549
0.08609607070684433
0.1611078977584839
0.055199023336172104
0.06434259563684464
0.10780731588602066
0.08512414991855621
0.07424942404031754
0.13867618143558502
0.07320068031549454
0.07168574631214142
0.0850323736667633
0.047816768288612366
0.06906628608703613
0.0903589278459549
0.12331566214561462
0.10267049074172974
0.05802677571773529
0.10731566697359085
0.12375879287719727
0.06496889144182205
0.06096662953495979
0.07027899473905563
0.09847445785999298
0.0732308104634285
0.08015766739845276
0.08126705884933472
0.047638099640607834
0.08070400357246399
0.08009997755289078
0.0623897910118103
0.07198374718427658
0.11536683887243271
0.0796060711145401
0.05384951829910278
0.0678408071398735
0.08989068865776062
0.06022920459508896
0.1098322868347168
0.11463677883148193
0.05983249098062515
0.06968244910240173
0.10043634474277496
0.08856117725372314
0.04570993408560753
0.11098941415548325
0.07249747961759567
0.04663979634642601
0.09680943191051483
0.08812664449214935
0.16240236163139343
0.10552972555160522
0.0768280029296875
0.05641641095280647
0.07006490230560303
0.08200827240943909
0.0559966117143631
0.06168678030371666
0.07477383315563202
0.07291325181722641
0.09425859153270721
0.06407533586025238
0.0705619528889656
0.07628078013658524
0.07385338842868805
0.05625608190894127
0.061724040657281876
0.09220881760120392
0.08721210062503815
0.06373526901006699
0.12150038033723831
0.070636086165905
0.05408480018377304
0.0667254701256752
0.07312053442001343
0.09517038613557816
0.08479920029640198
0.07290870696306229
0.09250031411647797
0.04484575241804123
0.14747270941734314
0.0665292739868164
0.06035246700048447
0.0670400932431221
0.09637545049190521
0.07160119712352753
0.1478925198316574
0.06687812507152557
0.07078011333942413
0.09860572218894958
0.06349071860313416
0.07228824496269226
0.06900401413440704
0.05459143966436386
0.10496537387371063
0.06248806416988373
0.11643717437982559
0.09916920214891434
0.08215147256851196
0.06722363829612732
0.08197425305843353
0.08536825329065323
0.024945979937911034
0.060449086129665375
0.06544876098632812
0.1018146201968193
0.12447167932987213
0.045280635356903076
0.07403377443552017
0.07011577486991882
0.062097929418087006
0.08976557850837708
0.06201817840337753
0.0767010748386383
0.0721234455704689
0.07872650027275085
0.052431583404541016
0.04565616697072983
0.11755886673927307
0.07127700746059418
0.09418676048517227
0.10394401848316193
0.10719885677099228
0.07220610231161118
0.14231665432453156
0.05417473986744881
0.06025931239128113
0.06615196168422699
0.11496970802545547
0.0783495083451271
0.06673696637153625
0.062062934041023254
0.06548484414815903
0.06818258762359619
0.06235908716917038
0.05160709097981453
0.09504488110542297
0.05504615604877472
0.059925056993961334
0.08735662698745728
0.04407007247209549
0.03613352030515671
0.12699095904827118
0.09326465427875519
0.07545440644025803
0.06691606342792511
0.050680093467235565
0.061891134828329086
0.0671938806772232
0.078914575278759
0.06064381077885628
0.12324608117341995
0.05601079389452934
0.039151765406131744
0.08637212961912155
0.06693083047866821
0.08325180411338806
0.0843261182308197
0.05373705178499222
0.043447792530059814
0.06961015611886978
0.08142197132110596
0.10073253512382507
0.11289595812559128
0.059527091681957245
0.059654299169778824
0.07567587494850159
0.08276481926441193
0.06807778775691986
0.041878629475831985
0.08944974839687347
0.11386130750179291
0.04849889129400253
0.09069488197565079
0.07953910529613495
0.11549833416938782
0.07539571076631546
0.0989089086651802
0.06281433999538422
0.045769840478897095
0.13731421530246735
0.06968546658754349
0.08190809935331345
0.06276004761457443
0.07525646686553955
0.0738905817270279
0.04933192953467369
0.04855554923415184
0.056804358959198
0.07999298721551895
0.0972985029220581
0.12236288189888
0.10759885609149933
0.05719942972064018
0.04688815772533417
0.06808054447174072
0.09967788308858871
0.1372065246105194
0.042875368148088455
0.1019989401102066
0.0951453372836113
0.05465223640203476
0.10279606282711029
0.0647255927324295
0.07619462162256241
0.06439431011676788
0.06222881004214287
0.06009123474359512
0.07552434504032135
0.07313348352909088
0.05471597611904144
0.09193111211061478
0.060422979295253754
0.06587275862693787
0.06494958698749542
0.07419445365667343
0.07705897837877274
0.09577325731515884
0.05108062922954559
0.06653402000665665
0.07228614389896393
0.08060579746961594
0.0650826171040535
0.08268667757511139
0.07671380788087845
0.060689158737659454
0.060159727931022644
0.11859223991632462
0.07198775559663773
0.04296048730611801
0.0776386484503746
0.06356164067983627
0.05945048853754997
0.05711949244141579
0.07111803442239761
0.1238139271736145
0.08422552794218063
0.051801666617393494
0.0790676698088646
0.05705937743186951
0.05127707123756409
0.10099302232265472
0.09561847150325775
0.09286558628082275
0.0665699765086174
0.08314919471740723
0.17305094003677368
0.04928874224424362
0.05617976933717728
0.040511518716812134
0.08150166273117065
0.05653175711631775
0.05956755951046944
0.07240930199623108
0.06524728238582611
0.09317724406719208
0.07035233825445175
0.07785327732563019
0.049537528306245804
0.06487990915775299
0.08550895005464554
0.16255949437618256
0.056141648441553116
0.07418034225702286
0.07069143652915955
0.06028662621974945
0.0744071677327156
0.05145286023616791
0.07231207937002182
0.07865069061517715
0.07021431624889374
0.058587588369846344
0.05827052518725395
0.06413932144641876
0.06346558779478073
0.05753424018621445
0.13250812888145447
0.0631643757224083
0.15561823546886444
0.05245042219758034
0.0883718878030777
0.0857422947883606
0.06546451151371002
0.08935380727052689
0.1344706118106842
0.07763746380805969
0.11028967797756195
0.043774303048849106
0.11381055414676666
0.061505671590566635
0.09607164561748505
0.07176879048347473
0.040952373296022415
0.062272459268569946
0.09720802307128906
0.046834371984004974
0.07078611850738525
0.05130312591791153
0.05325831100344658
0.07896624505519867
0.16712799668312073
0.043476443737745285
0.05665188282728195
0.07947912812232971
0.09001763164997101
0.10063330084085464
0.06694626808166504
0.0692092701792717
0.05506578087806702
0.048508767038583755
0.0731988474726677
0.06345454603433609
0.07563751190900803
0.09925436973571777
0.049293436110019684
0.1287706047296524
0.0976528748869896
0.0530330091714859
0.06679058820009232
0.06790772825479507
0.06648733466863632
0.06497397273778915
0.06604751199483871
0.08380026370286942
0.09251242876052856
0.0983196273446083
0.10239756107330322
0.05674070864915848
0.060689087957143784
0.0747900903224945
0.059026096016168594
0.055004071444272995
0.062310025095939636
0.05105329304933548
0.0650157481431961
0.06335516273975372
0.06541530042886734
0.06098000705242157
0.06565070897340775
0.08650065958499908
0.059967298060655594
0.08322019875049591
0.0541570819914341
0.06084858253598213
0.12383951246738434
0.0798414796590805
0.05346911773085594
0.11549918353557587
0.07983554899692535
0.03876909613609314
0.04794417694211006
0.07317789644002914
0.0352279469370842
0.09988656640052795
0.0799999013543129
0.14701814949512482
0.04706161841750145
0.06756091117858887
0.04199729487299919
0.05816507339477539
0.10599566251039505
0.058033835142850876
0.07860030978918076
0.08352096378803253
0.051377009600400925
0.06356193870306015
0.07142043113708496
0.061963941901922226
0.04361148178577423
0.10380565375089645
0.060311947017908096
0.13035689294338226
0.11111874133348465
0.05901739001274109
0.05258585512638092
0.0737256333231926
0.08508837968111038
0.05000535398721695
0.06816431879997253
0.05404815450310707
0.04963170737028122
0.07137079536914825
0.08310633897781372
0.06553320586681366
0.08094758540391922
0.08038230240345001
0.07332678139209747
0.0997108444571495
0.05891255661845207
0.08418705314397812
0.05258108675479889
0.07112522423267365
0.06158053129911423
0.12319382280111313
0.058121975511312485
0.08565770834684372
0.04952134191989899
0.03558221459388733
0.04915572330355644
0.08622176200151443
0.08701225370168686
0.056528352200984955
0.06920292228460312
0.07148285210132599
0.056953031569719315
0.05449917912483215
0.10098136961460114
0.13216793537139893
0.06704973429441452
0.07964564859867096
0.05735793337225914
0.13198602199554443
0.07606911659240723
0.04051917791366577
0.0722297728061676
0.06635288894176483
0.07353369146585464
0.10854102671146393
0.05159730464220047
0.08087199926376343
0.07196648418903351
0.08921408653259277
0.09175863116979599
0.07832489162683487
0.08346118777990341
0.06954078376293182
0.03993707522749901
0.07314305007457733
0.07108583301305771
0.08228825777769089
0.06631956994533539
0.11407333612442017
0.06448749452829361
0.08550427854061127
0.0704185739159584
0.0504746213555336
0.0600445494055748
0.08137591928243637
0.04904162883758545
0.06549398601055145
0.05007406696677208
0.05898866429924965
0.03995174169540405
0.04627927392721176
0.08541332930326462
0.047933973371982574
0.0670086145401001
0.06207430735230446
0.06577952206134796
0.08289065957069397
0.050688356161117554
0.09112085402011871
0.05439052730798721
0.06805381178855896
0.0612415075302124
0.055516429245471954
0.05890428647398949
0.08253318816423416
0.07731268554925919
0.052520934492349625
0.061991237103939056
0.04574885219335556
0.05823180824518204
0.06569230556488037
0.05470576137304306
0.05408712103962898
0.06962272524833679
0.06558132916688919
0.08666600286960602
0.07099619507789612
0.07699976116418839
0.057584263384342194
0.07582090049982071
0.038335565477609634
0.08970014750957489
0.0397363118827343
0.0830019935965538
0.08120667934417725
0.06983370333909988
0.07603341341018677
0.05546838045120239
0.05301515385508537
0.05971423536539078
0.07447101175785065
0.06382373720407486
0.09338139742612839
0.1088656634092331
0.07442304491996765
0.07421742379665375
0.06426624953746796
0.07604382187128067
0.09118784964084625
0.06250109523534775
0.0758553296327591
0.1104772761464119
0.059355173259973526
0.09337661415338516
0.06638060510158539
0.04755823314189911
0.09430676698684692
0.0465855747461319
0.07478326559066772
0.06230193376541138
0.060377586632966995
0.04959290102124214
0.06338649243116379
0.10340549796819687
0.09286234527826309
0.051867928355932236
0.033068444579839706
0.0993100181221962
0.04672197252511978
0.03873610496520996
0.10928007960319519
0.03631240129470825
0.03597607836127281
0.06028784066438675
0.049857087433338165
0.0892578586935997
0.11016982793807983
0.07488521933555603
0.06770104169845581
0.1409616768360138
0.038395561277866364
0.0447004996240139
0.067923903465271
0.04726092517375946
0.06327603757381439
0.05217960104346275
0.05458906292915344
0.10562896728515625
0.071404829621315
0.06421008706092834
0.09303681552410126
0.0405476875603199
0.09408426284790039
0.04756980016827583
0.059292979538440704
0.09702908992767334
0.05906134843826294
0.05641060322523117
0.0772806853055954
0.0691329836845398
0.039601512253284454
0.042116425931453705
0.09276173263788223
0.03524542972445488
0.049009788781404495
0.07726707309484482
0.08260032534599304
0.0626608207821846
0.0513269267976284
0.06495784968137741
0.03698328137397766
0.05590822175145149
0.04153960943222046
0.07727108150720596
0.053181566298007965
0.06890425831079483
0.1284608691930771
0.06028203293681145
0.07444698363542557
0.05048061162233353
0.09498617798089981
0.03708426654338837
0.04423452913761139
0.04621989652514458
0.06363646686077118
0.062014125287532806
0.06940547376871109
0.05947469547390938
0.06656132638454437
0.058829884976148605
0.054790347814559937
0.0752817839384079
0.07647038996219635
0.05989653617143631
0.04401163384318352
0.05077219754457474
0.08093038946390152
0.10786142945289612
0.053036101162433624
0.05497802421450615
0.132268488407135
0.09976235032081604
0.07286004722118378
0.05570771545171738
0.06046413630247116
0.10473954677581787
0.08105264604091644
0.06573721766471863
0.05053156986832619
0.06653843820095062
0.043769873678684235
0.05233324319124222
0.045019712299108505
0.04931338131427765
0.06552055478096008
0.060927122831344604
0.06102215498685837
0.048050057142972946
0.05047251284122467
0.04586225375533104
0.06419231742620468
0.09911669790744781
0.05286206305027008
0.0617494061589241
0.07882761210203171
0.05968974158167839
0.07115902751684189
0.08166840672492981
0.06568890064954758
0.08391126245260239
0.058729737997055054
0.055910926312208176
0.05613168701529503
0.052930235862731934
0.04505867511034012
0.08524587750434875
0.08830999583005905
0.05859816446900368
0.1033124327659607
0.07464557141065598
0.09712205827236176
0.06077468395233154
0.0702238529920578
0.050011441111564636
0.03432402014732361
0.08346094936132431
0.08815304189920425
0.06526536494493484
0.08144359290599823
0.04415544494986534
0.08426973223686218
0.05080283433198929
0.04858855903148651
0.10480525344610214
0.04360416904091835
0.0620720349252224
0.04880543053150177
0.07141801714897156
0.05036090314388275
0.04855288937687874
0.08134256303310394
0.05133597552776337
0.10167211294174194
0.05304618179798126
0.06259039044380188
0.0681896060705185
0.09972124546766281
0.0881771445274353
0.07624620944261551
0.05786594748497009
0.05006842687726021
0.05020192265510559
0.07472149282693863
0.048167333006858826
0.0846017524600029
0.09725622087717056
0.07049892842769623
0.0696452409029007
0.03259899467229843
0.0611579492688179
0.07016047090291977
0.0625942051410675
0.041124872863292694
0.0775214284658432
0.09253551065921783
0.04905271530151367
0.11176897585391998
0.05835543945431709
0.058139294385910034
0.09093938767910004
0.049414802342653275
0.05168605595827103
0.06626772880554199
0.05352688953280449
0.05485768988728523
0.0685405433177948
0.04821106418967247
0.0705452561378479
0.05690319091081619
0.06204688176512718
0.13318733870983124
0.05323559418320656
0.05071265622973442
0.03271156921982765
0.06738810241222382
0.06916651874780655
0.043009210377931595
0.03608705475926399
0.058603331446647644
0.06293459236621857
0.10695720463991165
0.0662527084350586
0.06695298850536346
0.07005129009485245
0.06664735078811646
0.03369048237800598
0.10579268634319305
0.04320646449923515
0.08450162410736084
0.09639069437980652
0.05821073427796364
0.07840611040592194
0.04617789387702942
0.06991099566221237
0.053987305611371994
0.052486851811409
0.07104641199111938
0.04868070408701897
0.052357640117406845
0.06796702742576599
0.04053707793354988
0.05682690441608429
0.0515851154923439
0.0662677213549614
0.052356407046318054
0.04620650038123131
0.05699475482106209
0.03592812269926071
0.07920880615711212
0.06458956748247147
0.07143086194992065
0.06526295840740204
0.11064793169498444
0.05260450765490532
0.03936202451586723
0.07121291011571884
0.05865533649921417
0.05756561830639839
0.10474041849374771
0.06672708690166473
0.07568901777267456
0.05695117264986038
0.06582961231470108
0.04696463793516159
0.06108107417821884
0.0882532075047493
0.03881645202636719
0.056712713092565536
0.09730677306652069
0.05798584222793579
0.06371473520994186
0.064679354429245
0.04542237147688866
0.05540869012475014
0.05368494987487793
0.05814017355442047
0.06757158786058426
0.07338042557239532
0.05208590254187584
0.05115394666790962
0.09931597858667374
0.07790865749120712
0.06254471093416214
0.0692514181137085
0.06273671239614487
0.04786384478211403
0.08168230950832367
0.03693295270204544
0.04601658508181572
0.07695278525352478
0.03882400318980217
0.042088571935892105
0.0721924677491188
0.034700293093919754
0.0662652775645256
0.048476703464984894
0.03952277451753616
0.059210099279880524
0.040521040558815
0.05095161125063896
0.08673860132694244
0.11022621393203735
0.09173823893070221
0.04565073549747467
0.06328927725553513
0.0687035471200943
0.03966563194990158
0.04942756146192551
0.08708630502223969
0.10031776130199432
0.06110183894634247
0.05219876766204834
0.055407050997018814
0.05008178576827049
0.08273150026798248
0.09100557863712311
0.04300208389759064
0.05328253284096718
0.047965604811906815
0.0333075150847435
0.06818044185638428
0.08700842410326004
0.0991317480802536
0.09174863994121552
0.05401909723877907
0.05392644554376602
0.044329870492219925
0.04105468839406967
0.03934723511338234
0.03486444801092148
0.06080610677599907
0.05466373264789581
0.08085086196660995
0.05864998698234558
0.057860709726810455
0.059112079441547394
0.06298656761646271
0.0640910416841507
0.06953760981559753
0.05626782029867172
0.06294461339712143
0.0750117376446724
0.07553218305110931
0.06574160605669022
0.06398254632949829
0.05547457933425903
0.04462152719497681
0.04234547168016434
0.06220819801092148
0.07296597212553024
0.060544177889823914
0.05446179583668709
0.0921991690993309
0.055187683552503586
0.061072975397109985
0.036982983350753784
0.07068884372711182
0.06254839152097702
0.0677884891629219
0.10527098923921585
0.06201988086104393
0.05410455912351608
0.06282033026218414
0.044426511973142624
0.059452448040246964
0.06366865336894989
0.06645633280277252
0.0819866955280304
0.05248705670237541
0.05858740955591202
0.06467995047569275
0.060236379504203796
0.05005344748497009
0.05250105634331703
0.043038882315158844
0.05654360353946686
0.06628908216953278
0.110221728682518
0.05490667372941971
0.07120127975940704
0.05697494000196457
0.04194851964712143
0.05421235039830208
0.05655422806739807
0.060273632407188416
0.055008016526699066
0.051703065633773804
0.05076541751623154
0.04730072617530823
0.03142835199832916
0.09634453803300858
0.06095924228429794
0.10031498223543167
0.0606401264667511
0.039703018963336945
0.06254388391971588
0.08020791411399841
0.03807482495903969
0.04797285795211792
0.05514286458492279
0.05698704719543457
0.029108967632055283
0.09620693325996399
0.06395453959703445
0.08694344013929367
0.06588803231716156
0.048812784254550934
0.04698929935693741
0.049745336174964905
0.04502745717763901
0.058025065809488297
0.0431518480181694
0.05858796089887619
0.04876385256648064
0.0742817223072052
0.052628293633461
0.08343075215816498
0.06566043943166733
0.11086277663707733
0.05043884366750717
0.0759412869811058
0.05430217087268829
0.03934021294116974
0.04463569447398186
0.04785817489027977
0.09177584201097488
0.059377796947956085
0.038754839450120926
0.0593964084982872
0.05022043734788895
0.06615762412548065
0.10257501900196075
0.05326146259903908
0.06073148921132088
0.040027547627687454
0.07900071144104004
0.08861320465803146
0.05525899678468704
0.05183398351073265
0.08394946902990341
0.08058544993400574
0.043689243495464325
0.07757332175970078
0.062246762216091156
0.058742836117744446
0.043782420456409454
0.06741208583116531
0.08331694453954697
0.0528605654835701
0.047740355134010315
0.04029849171638489
0.06652279198169708
0.05728331208229065
0.06809801608324051
0.04038117080926895
0.13896401226520538
0.06398504972457886
0.04395313560962677
0.06336171180009842
0.06086743623018265
0.05994470790028572
0.044938988983631134
0.05383425951004028
0.0413694754242897
0.06414825469255447
0.07828594744205475
0.04189388081431389
0.06048966199159622
0.04910546541213989
0.06248339265584946
0.0510169081389904
0.05101046711206436
0.056334130465984344
0.06381155550479889
0.051616765558719635
0.06149089336395264
0.07502276450395584
0.09057311713695526
0.056683044880628586
0.049797073006629944
0.052728455513715744
0.07729802280664444
0.04915406554937363
0.0740843266248703
0.03222739323973656
0.05866244435310364
0.04728788882493973
0.047359123826026917
0.045540884137153625
0.036639243364334106
0.07450391352176666
0.05649644881486893
0.1174134910106659
0.05447673052549362
0.05966413766145706
0.06974431872367859
0.0708964467048645
0.04459981992840767
0.082877978682518
0.04769390448927879
0.04897803068161011
0.04831603914499283
0.04979497194290161
0.04365561157464981
0.0500013642013073
0.06148723512887955
0.05624029040336609
0.04556938260793686
0.04913909733295441
0.0621679350733757
0.07279965281486511
0.05170726031064987
0.058818843215703964
0.05298324674367905
0.038917820900678635
0.08850261569023132
0.06680640578269958
0.04102490097284317
0.05332393944263458
0.09250003844499588
0.04711619392037392
0.06911913305521011
0.05021359771490097
0.06160440668463707
0.10354362428188324
0.06978172063827515
0.10681265592575073
0.0537138506770134
0.06816279888153076
0.0759090855717659
0.05662078037858009
0.05880352482199669
0.06434322148561478
0.06048603355884552
0.05098380893468857
0.06459201127290726
0.0490887351334095
0.06738362461328506
0.04770760238170624
0.0880611464381218
0.06273726373910904
0.04667854681611061
0.07146526128053665
0.04904302954673767
0.0757138580083847
0.07657449692487717
0.06635187566280365
0.06350409984588623
0.0404481403529644
0.0521061085164547
0.05033281445503235
0.05493540316820145
0.05386572331190109
0.052132006734609604
0.06020300090312958
0.05715175345540047
0.07029040157794952
0.07083255052566528
0.05434881150722504
0.051770418882369995
0.04909329116344452
0.09441828727722168
0.08090813457965851
0.04671580716967583
0.03455432504415512
0.058919355273246765
0.1002291887998581
0.04026951640844345
0.07460588961839676
0.06746363639831543
0.054953522980213165
0.047786109149456024
0.07172995805740356
0.07486346364021301
0.041881684213876724
0.0649711936712265
0.08774212747812271
0.04607173427939415
0.033927202224731445
0.06646151840686798
0.07302511483430862
0.06994656473398209
0.1133752092719078
0.041263364255428314
0.05078838765621185
0.04018143191933632
0.10597106069326401
0.05039576441049576
0.09746720641851425
0.05168519169092178
0.062099702656269073
0.05640342831611633
0.07083682715892792
0.046875230967998505
0.06880751252174377
0.04634794965386391
0.06745274364948273
0.036047663539648056
0.07119078934192657
0.07539664208889008
0.08040057867765427
0.10972213000059128
0.047281209379434586
0.0576191246509552
0.04887571558356285
0.044060129672288895
0.0869041383266449
0.10045092552900314
0.06663117557764053
0.06720706820487976
0.049589864909648895
0.048218611627817154
0.03692525997757912
0.05035020038485527
0.06165385991334915
0.06701035797595978
0.07137513905763626
0.06628216803073883
0.07761120796203613
0.0380457267165184
0.06511992961168289
