0.1251513510942459
0.12506867945194244
0.1251523196697235
0.12513990700244904
0.12526282668113708
0.12522682547569275
0.12515364587306976
0.12514470517635345
0.1251947432756424
0.12512867152690887
0.1251857876777649
0.12517349421977997
0.1252918392419815
0.12523922324180603
0.12524740397930145
0.12519650161266327
0.12511473894119263
0.12521477043628693
0.12511204183101654
0.12525466084480286
0.12508812546730042
0.12512491643428802
0.12511305510997772
0.12509700655937195
0.1251223087310791
0.125191792845726
0.1252179592847824
0.1251543164253235
0.12520577013492584
0.12518629431724548
0.12521208822727203
0.12510670721530914
0.12533704936504364
0.1250605583190918
0.12506930530071259
0.12512250244617462
0.12501540780067444
0.12491641938686371
0.1250482052564621
0.12500391900539398
0.12507940828800201
0.1250315010547638
0.12489639967679977
0.1250232458114624
0.12489441782236099
0.12481477856636047
0.1250692903995514
0.1249932199716568
0.1249353289604187
0.12491480261087418
0.1247209683060646
0.12477458268404007
0.12474174052476883
0.124660924077034
0.12447488307952881
0.12467546761035919
0.12449991703033447
0.12442197650671005
0.12435971200466156
0.12422424554824829
0.12413711100816727
0.12406917661428452
0.1239393800497055
0.12380926311016083
0.12389181554317474
0.12337050586938858
0.1234980896115303
0.1236691027879715
0.12350206077098846
0.12303011864423752
0.12312721461057663
0.12318705767393112
0.12305887788534164
0.12208833545446396
0.1224871426820755
0.1214667558670044
0.12141729146242142
0.12095195800065994
0.1209622323513031
0.12064921855926514
0.11999582499265671
0.11892042309045792
0.1172494888305664
0.11787685751914978
0.11627382040023804
0.11705214530229568
0.11544483155012131
0.1132674589753151
0.11596164852380753
0.11343786120414734
0.11107870936393738
0.10936658829450607
0.1069054901599884
0.10332106053829193
0.10032965242862701
0.09157774597406387
0.09509562700986862
0.09158923476934433
0.07954777777194977
0.0775766372680664
0.07156059145927429
0.08094355463981628
0.0743788331747055
0.07341299951076508
0.0708339586853981
0.055281057953834534
0.11386886239051819
0.07078388333320618
0.05370667576789856
0.07699985802173615
0.07731285691261292
0.07864440977573395
0.07655267417430878
0.0745810866355896
0.06888756155967712
0.06345656514167786
0.060855682939291
0.06731921434402466
0.0788634866476059
0.06663130968809128
0.07072305679321289
0.06264770776033401
0.058401647955179214
0.06656816601753235
0.05860939994454384
0.05521541088819504
0.06789155304431915
0.08376722037792206
0.06652840971946716
0.06412304937839508
0.07338550686836243
0.0753268450498581
0.06899941712617874
0.07560595124959946
0.07318363338708878
0.07095476984977722
0.07545561343431473
0.08214620500802994
0.07935045659542084
0.07581132650375366
0.07723209261894226
0.07101856917142868
0.07224897295236588
0.07155046612024307
0.07080952823162079
0.07547032833099365
0.07969582080841064
0.07611095905303955
0.0809715986251831
0.0717330351471901
0.07392776757478714
0.06462931632995605
0.07165864109992981
0.07405383139848709
0.06096426025032997
0.07714410126209259
0.07370948791503906
0.058402955532073975
0.07209540158510208
0.07758629322052002
0.06241195276379585
0.06723693013191223
0.06246551126241684
0.05945664644241333
0.055426597595214844
0.05736631527543068
0.06770294904708862
0.05835309624671936
0.05806177854537964
0.060048192739486694
0.0604584738612175
0.06204402819275856
0.061530113220214844
0.0548979751765728
0.04703082889318466
0.06274877488613129
0.0637197270989418
0.054459333419799805
0.06838482618331909
0.06222411245107651
0.050056092441082
0.06817151606082916
0.06637084484100342
0.050891656428575516
0.06363984197378159
0.052303098142147064
0.08633792400360107
0.05563642829656601
0.059332214295864105
0.05533686652779579
0.05344614014029503
0.07286057621240616
0.06672856211662292
0.05735545605421066
0.055733855813741684
0.06610682606697083
0.06142367422580719
0.05446508899331093
0.04717106372117996
0.04515555873513222
0.06557360291481018
0.05826196074485779
0.06370341777801514
0.054979413747787476
0.0665585845708847
0.06538960337638855
0.07633257657289505
0.04886049032211304
0.061177074909210205
0.059974540024995804
0.06730052083730698
0.05702216178178787
0.06440196931362152
0.06688331067562103
0.053344305604696274
0.07091058045625687
0.06372211873531342
0.04615270346403122
0.047720011323690414
0.06630308926105499
0.055962927639484406
0.04589935764670372
0.0551920011639595
0.04631047323346138
0.06815491616725922
0.05652311444282532
0.05029682815074921
0.05014786496758461
0.05518568679690361
0.05611420422792435
0.04611455649137497
0.05254485830664635
0.050915516912937164
0.05030492693185806
0.05752340704202652
0.05003419518470764
0.05294101685285568
0.05139768868684769
0.06278999149799347
0.049491748213768005
0.05025529861450195
0.05017220228910446
0.05633871257305145
0.061488375067710876
0.04750644788146019
0.05266076326370239
0.0544811487197876
0.05131378769874573
0.05038086324930191
0.06243467703461647
0.043347958475351334
0.054022349417209625
0.050059787929058075
0.053866930305957794
0.05530492216348648
0.05152826011180878
0.06445355713367462
0.04836708679795265
0.053625911474227905
0.048679955303668976
0.055322401225566864
0.06302886456251144
0.04898717999458313
0.04934950917959213
0.0578039325773716
0.0541960671544075
0.052467167377471924
0.053662560880184174
0.05250777676701546
0.05168456956744194
0.048905935138463974
0.05001203343272209
0.054553136229515076
0.06747063994407654
0.05171871930360794
0.05406980961561203
0.05225783586502075
0.053625401109457016
0.051944389939308167
0.04754342883825302
0.05338962376117706
0.05413595587015152
0.05459272861480713
0.0552704818546772
0.0701967254281044
0.06362492591142654
0.056974321603775024
0.05378761515021324
0.04919750988483429
0.06574074923992157
0.04495091736316681
0.05034308135509491
0.052696190774440765
0.05316384136676788
0.05241541564464569
0.056457050144672394
0.05736946314573288
0.05788379907608032
0.04929875582456589
0.05661515146493912
0.04822906106710434
0.04666660726070404
0.058442551642656326
0.04840261489152908
0.05767647176980972
0.04744972288608551
0.06512600183486938
0.051011599600315094
0.0523882657289505
0.054890938103199005
0.045875679701566696
0.05058823525905609
0.050801292061805725
0.05434674397110939
0.05472920835018158
0.04203668236732483
0.05410005524754524
0.049776408821344376
0.04295209050178528
0.04875832796096802
0.04340413585305214
0.0459456592798233
0.054604433476924896
0.053722675889730453
0.04729129374027252
0.05291806906461716
0.04251115769147873
0.04664270952343941
0.04758552461862564
0.055445440113544464
0.04308503866195679
0.053319383412599564
0.03854278475046158
0.04681410640478134
0.05205560848116875
0.052231986075639725
0.04880548641085625
0.04810953885316849
0.05191768705844879
0.04692992568016052
0.04458867758512497
0.049340371042490005
0.058182552456855774
0.048458345234394073
0.05048976093530655
0.04465482383966446
0.04405108839273453
0.04522322118282318
0.038783103227615356
0.046444594860076904
0.044730670750141144
0.052118346095085144
0.042603421956300735
0.05256563425064087
0.04179710894823074
0.042756494134664536
0.045272115617990494
0.044024914503097534
0.03618764877319336
0.05223832651972771
0.051733918488025665
0.04464433342218399
0.043392546474933624
0.05430854111909866
0.04466885328292847
0.0364629402756691
0.050828270614147186
0.03919823840260506
0.04621026664972305
0.05123567581176758
0.03948647528886795
0.053343385457992554
0.03770344704389572
0.0434657447040081
0.04970385134220123
0.04724568501114845
0.045712340623140335
0.07452903687953949
0.039783649146556854
0.05613115802407265
0.041650161147117615
0.05288533866405487
0.03981800377368927
0.04783874377608299
0.0391354002058506
0.046100419014692307
0.04258644953370094
0.04368599131703377
0.05221405625343323
0.04268690198659897
0.04928705468773842
0.05584126338362694
0.04980453476309776
0.03560798987746239
0.047342270612716675
0.04647967964410782
0.04340806230902672
0.03977908939123154
0.035923223942518234
0.04874981567263603
0.04735565558075905
0.04123392701148987
0.049314048141241074
0.042814064770936966
0.03835104778409004
0.0582735538482666
0.050101522356271744
0.045059412717819214
0.041845884174108505
0.0476369634270668
0.038901761174201965
0.041671641170978546
0.04447885975241661
0.03511714190244675
0.04281186684966087
0.06877144426107407
0.048044782131910324
0.04347898066043854
0.05119483917951584
0.038070447742938995
0.05550745502114296
0.04802985489368439
0.04314352571964264
0.03892789036035538
0.05277436599135399
0.042759303003549576
0.05949651822447777
0.043485406786203384
0.040674980729818344
0.04508066177368164
0.047933004796504974
0.046414565294981
0.03917517140507698
0.04755662381649017
0.037339963018894196
0.037343721836805344
0.0632956400513649
0.05086357146501541
0.044254787266254425
0.03991331160068512
0.03956855833530426
0.044836293905973434
0.040820591151714325
0.044823646545410156
0.03526286780834198
0.03831789270043373
0.0574805811047554
0.04710347205400467
0.04177447780966759
0.05076215788722038
0.06646369397640228
0.04104044660925865
0.0468747653067112
0.04638348147273064
0.037894513458013535
0.05134662985801697
0.045950185507535934
0.05696118623018265
0.03478296101093292
0.04224672541022301
0.048915695399045944
0.0357963927090168
0.036668844521045685
0.038456082344055176
0.03926709294319153
0.04242568463087082
0.03466072306036949
0.05036548897624016
0.04487382620573044
0.04444866627454758
0.05218232423067093
0.04019205644726753
0.04543864727020264
0.048870932310819626
0.039361726492643356
0.036580175161361694
0.043390482664108276
0.042373791337013245
0.06521563231945038
0.04881897568702698
0.0482998825609684
0.04267042875289917
0.04394982382655144
0.05149928852915764
0.044808320701122284
0.045026104897260666
0.0305517315864563
0.04713146388530731
0.04037958383560181
0.04013275355100632
0.03910204395651817
0.048554036766290665
0.0377524234354496
0.0357033833861351
0.03634129837155342
0.039799753576517105
0.045431509613990784
0.04196464270353317
0.04438457638025284
0.04706283286213875
