0.08904635906219482
0.0884028896689415
0.08573365956544876
0.0730331763625145
0.0306540634483099
0.028264036402106285
0.060132063925266266
0.029979757964611053
0.030949721112847328
0.034608393907547
0.014926835894584656
0.01069197990000248
0.05290968716144562
0.05140051245689392
0.011840948835015297
0.05736188590526581
0.02454390749335289
0.019660985097289085
0.016538206487894058
0.02058575674891472
0.030870284885168076
0.031114941462874413
0.03042677417397499
0.02142210677266121
0.03544804826378822
0.016044285148382187
0.028476569801568985
0.021240118891000748
0.06016719713807106
0.021268002688884735
0.02560274861752987
0.03343317285180092
0.02863510511815548
0.02416115626692772
0.022133974358439445
0.026033880189061165
0.02951362356543541
0.01840638555586338
0.0191557165235281
0.03036016970872879
0.03154938295483589
0.0149746835231781
0.023732885718345642
0.015911346301436424
0.04768415540456772
0.01920434646308422
0.022426756098866463
0.015329945832490921
0.02307659387588501
0.013949044048786163
0.03822144865989685
0.013522347435355186
0.014256782829761505
0.015642667189240456
0.009870893321931362
0.021155044436454773
0.013730064034461975
0.01130506582558155
0.0174456425011158
0.0206002164632082
0.03588756546378136
0.016513291746377945
0.024283574894070625
0.01176919974386692
0.03147953003644943
0.015353679656982422
0.015698445960879326
0.01459707971662283
0.01667751558125019
0.022858990356326103
0.017736891284585
0.022318407893180847
0.017132647335529327
0.027140699326992035
0.012462826445698738
0.024072974920272827
0.015933338552713394
0.04668901860713959
0.015579815953969955
0.01983867958188057
0.01534795667976141
0.02409461699426174
0.01903851516544819
0.017122656106948853
0.02256547473371029
0.02295232191681862
0.014491676352918148
0.015928788110613823
0.024243012070655823
0.025323960930109024
0.019226448610424995
0.01965091936290264
0.012122257612645626
0.037557732313871384
0.016472525894641876
0.017589334398508072
0.01193235069513321
0.02098381705582142
0.011262066662311554
0.033948227763175964
0.01302789431065321
0.012451594695448875
0.014111872762441635
0.00793452002108097
0.018712418153882027
0.010948882438242435
0.009263829328119755
0.014313401654362679
0.017246492207050323
0.033499449491500854
0.009532030671834946
0.02235802449285984
0.00988675095140934
0.028107739984989166
0.012699808925390244
0.013043084181845188
0.011932830326259136
0.014560392126441002
0.02111182175576687
0.015306336805224419
0.016483493149280548
0.014687739312648773
0.023952150717377663
0.009825613349676132
0.021478142589330673
0.013754823245108128
0.04142236337065697
0.01371096819639206
0.017174670472741127
0.01315811276435852
0.02279198169708252
0.01708056777715683
0.015166930854320526
0.021694790571928024
0.020080026239156723
0.013057952746748924
0.014665786176919937
0.02167118899524212
0.02260645665228367
0.0170634463429451
0.010772301815450191
0.010393043048679829
0.03347638249397278
0.015211174264550209
0.01544300839304924
0.010621725581586361
0.02007802575826645
0.009992690756917
0.03225519880652428
0.011847343295812607
0.009005587548017502
0.013401903212070465
0.007102377247065306
0.017242899164557457
0.009661734104156494
0.008337804116308689
0.012781098484992981
0.01570901833474636
0.03211237117648125
0.008648218587040901
0.012570886872708797
0.008905851282179356
0.026644151657819748
0.011568029411137104
0.011814053170382977
0.01059010811150074
0.013548744842410088
0.020202411338686943
0.013990253210067749
0.015606522560119629
0.017270604148507118
0.022424709051847458
0.008364054374396801
0.020009906962513924
0.012784112244844437
0.03838092088699341
0.012917943298816681
0.015839070081710815
0.011912420392036438
0.021435245871543884
0.02153686061501503
0.014142769388854504
0.02143079787492752
0.01857810840010643
0.012413401156663895
0.014031771570444107
0.020277239382267
0.021100739017128944
0.015850339084863663
0.010235963389277458
0.016837242990732193
0.031007938086986542
0.014552650973200798
0.014261485077440739
0.009973741136491299
0.019670523703098297
0.009319309145212173
0.03129987418651581
0.011334987357258797
0.008434103801846504
0.011391798034310341
0.0066521428525447845
0.016397623345255852
0.008953573182225227
0.007874010130763054
0.011948449537158012
0.014917779713869095
0.031256068497896194
0.008213618770241737
0.011966144666075706
0.021215900778770447
0.025859255343675613
0.010945647954940796
0.011122670024633408
0.009731934405863285
0.013079121708869934
0.019636977463960648
0.013273783028125763
0.015085244551301003
0.01636054366827011
0.012681246735155582
0.007539066020399332
0.01911141909658909
0.012245988473296165
0.03645559772849083
0.012532465159893036
0.015050815418362617
0.011141177266836166
0.020457711070775986
0.02109658718109131
0.015576484613120556
0.021301185712218285
0.017660312354564667
0.012102649547159672
0.0136278560385108
0.019478168338537216
0.020088082179427147
0.015112417750060558
0.009919971227645874
0.01625640317797661
0.008844048716127872
0.014182735234498978
0.01353202573955059
0.009576290845870972
0.019432242959737778
0.008887812495231628
0.0305589959025383
0.011076115071773529
0.008087893016636372
0.01117867324501276
0.01275235041975975
0.015851158648729324
0.008554084226489067
0.007609467953443527
0.011469676159322262
0.014394030906260014
0.030663978308439255
0.007953425869345665
0.011635057628154755
0.02102484554052353
0.00815473310649395
0.010533418506383896
0.010667741298675537
0.009162354283034801
0.012820987030863762
0.01922174170613289
0.01280115731060505
0.014704880304634571
0.015754802152514458
0.012189491651952267
0.020918022841215134
0.018457263708114624
0.011910121887922287
0.035164088010787964
0.012293407693505287
0.014537942595779896
0.010597960092127323
0.019697073847055435
0.02075093798339367
0.015186071395874023
0.013211805373430252
0.017045436426997185
0.011926745995879173
0.01334167830646038
0.018906962126493454
0.019354941323399544
0.014624131843447685
0.009699858725070953
0.015864674001932144
0.00846530869603157
0.028300534933805466
0.013027695007622242
0.009299516677856445
0.01926540955901146
0.008607818745076656
0.02992236614227295
0.010925437323749065
0.00786521565169096
0.010995612479746342
0.012545214965939522
0.006185869686305523
0.008292293176054955
0.0074460506439208984
0.011174297891557217
0.014028409495949745
0.03018120676279068
0.007799022831022739
0.011421957984566689
0.02086949534714222
0.007988215424120426
0.02501814253628254
0.010377282276749611
0.00877807755023241
0.012661665678024292
0.01888086274266243
0.012415137141942978
0.01442368607968092
0.015304243192076683
0.011845026165246964
0.020519696176052094
0.006701192818582058
0.011677989736199379
0.034170955419540405
0.012126727029681206
0.014153825119137764
0.010180331766605377
0.019099712371826172
0.02046460285782814
0.014882453717291355
0.012949928641319275
0.021157577633857727
0.011793186888098717
0.013136764988303185
0.018484903499484062
0.018786629661917686
0.014263372868299484
0.009556999430060387
0.015562359243631363
0.008183267898857594
0.027514241635799408
0.01374376006424427
0.009088278748095036
0.019136572256684303
0.00840191449970007
0.02934776246547699
0.010815957561135292
0.0076965331099927425
0.010848731733858585
0.01238260604441166
0.006065736524760723
0.01515233889222145
0.007341875694692135
0.010971618816256523
0.013757290318608284
0.029769103974103928
0.007692424580454826
0.011273731477558613
0.02074570022523403
0.007865709252655506
0.024747543036937714
0.010042177513241768
0.008508960716426373
0.012551570311188698
0.018576648086309433
0.012104920111596584
0.014211594127118587
0.014960999600589275
0.011578947305679321
0.020215293392539024
0.0064550600945949554
0.01757456734776497
0.03336670249700546
0.011998113244771957
0.013849243521690369
0.009854095056653023
0.018671471625566483
0.020217381417751312
0.014634344726800919
0.012757733464241028
0.02109375223517418
0.01625501550734043
0.012984259985387325
0.018144484609365463
0.018304232507944107
0.013977021910250187
0.00944473221898079
0.015320094302296638
0.007964893244206905
0.026895709335803986
0.013610782101750374
0.012456958182156086
0.0190209299325943
0.008241270668804646
0.028809353709220886
0.010727694258093834
0.007567912340164185
0.010722247883677483
0.012258244678378105
0.005981196649372578
0.014925140887498856
0.007997704669833183
0.010816381312906742
0.013551278039813042
0.029400430619716644
0.0076095471158623695
0.011178432032465935
0.02064487151801586
0.007772489450871944
0.024509010836482048
0.009883085265755653
0.010062044486403465
0.012467121705412865
0.018310856074094772
0.011855575256049633
0.014034333638846874
0.014668388292193413
0.011370314285159111
0.019955454394221306
0.0062729367054998875
0.017262274399399757
0.011386880651116371
0.011901311576366425
0.013604722917079926
0.00960543006658554
0.018319077789783478
0.019988510757684708
0.014421071857213974
0.012604566290974617
0.021023990586400032
0.015995433554053307
0.011607440188527107
0.01786939986050129
0.017885994166135788
0.013745076954364777
0.00935705192387104
0.01512698270380497
0.0077919065952301025
0.02636059746146202
0.013500366359949112
0.012294774875044823
0.008800146169960499
0.00811121053993702
0.028300952166318893
0.010661087930202484
0.007466441486030817
0.010605810210108757
0.0121552012860775
0.005915224086493254
0.014745630323886871
0.00791349820792675
0.007191235199570656
0.013391928747296333
0.029060855507850647
0.007544868625700474
0.011110275983810425
0.020559193566441536
0.007696555927395821
0.024292699992656708
0.0097500616684556
0.009955351240932941
0.008121326565742493
0.018063662573695183
0.011648409068584442
0.01387157291173935
0.014414106495678425
0.01119848620146513
0.019739674404263496
0.006132323294878006
0.017007436603307724
0.011293347924947739
0.03214242309331894
0.013406939804553986
0.009418567642569542
0.018022246658802032
0.019782938063144684
0.014236638322472572
0.012475123628973961
0.02095617540180683
0.015790529549121857
0.011542216874659061
0.012761672958731651
0.01752917841076851
0.013552570715546608
0.009286913089454174
0.014965247362852097
0.0076604196801781654
0.02591603435575962
0.01340674888342619
0.012166352942585945
0.00869813747704029
0.018826786428689957
0.027819782495498657
0.010600831359624863
0.0073825158178806305
0.010506266728043556
0.012060282751917839
0.00586409866809845
0.01458963192999363
0.007843971252441406
0.007136586122214794
0.010583626106381416
0.028749216347932816
0.007491429336369038
0.011057423427700996
0.020485006272792816
0.007634235080331564
0.024098793044686317
0.009637799113988876
0.009867207147181034
0.007983867079019547
0.012348160147666931
0.011472245678305626
0.013727224431931973
0.014195181429386139
0.011052463203668594
0.019551020115613937
0.006019969005137682
0.01679355464875698
0.011215167120099068
0.03167174383997917
0.011768579483032227
0.009271284565329552
0.017757251858711243
0.01959962025284767
0.014074781909584999
0.012366055510938168
0.020890001207590103
0.015616415068507195
0.011486692354083061
0.012677785009145737
0.017441529780626297
0.013390688225626945
0.009225104004144669
0.01482144370675087
0.007560099475085735
0.025552060455083847
0.013326363638043404
0.012056432664394379
0.008609171025454998
0.018755361437797546
0.007920942269265652
0.010543420910835266
0.0073113334365189075
0.010415008291602135
0.011970648542046547
0.005819684360176325
0.01446249894797802
0.00778171606361866
0.007089736871421337
0.010495482012629509
0.01313861459493637
0.007446194067597389
0.011012871749699116
0.020413503050804138
0.007579386699944735
0.023925412446260452
0.00953705981373787
0.009792272001504898
0.007873534224927425
0.012303121387958527
0.017624054104089737
0.013603920117020607
0.014015202410519123
0.010929221287369728
0.019382033497095108
0.005928652826696634
0.01660534180700779
0.011148888617753983
0.03124566189944744
0.011722613126039505
0.013114670291543007
0.017525866627693176
0.019432414323091507
0.013931452296674252
0.012272384949028492
0.02082715928554535
0.015467677265405655
0.011439161375164986
0.012599887326359749
0.017276454716920853
0.016969360411167145
0.009169665165245533
0.014693288132548332
0.0074793314561247826
0.025232844054698944
0.013255296275019646
0.011959757655858994
0.008530907332897186
0.018690627068281174
0.007848215289413929
0.02700350619852543
0.0072475336492061615
0.010335071012377739
0.011887195520102978
0.00578046590089798
0.014357076957821846
0.0077300299890339375
0.007045483682304621
0.010421291925013065
0.013034513220191002
0.02825665846467018
0.010977493599057198
0.02034822478890419
0.0075321802869439125
0.023770621046423912
0.009450309909880161
0.009728100150823593
0.00778375007212162
0.012264534831047058
0.017436008900403976
0.011199885047972202
0.013864723965525627
0.010820817202329636
0.01923472061753273
0.005852880887687206
0.016433976590633392
0.011088796891272068
0.03086111880838871
0.011682147160172462
0.01300263311713934
0.009062420576810837
0.019277725368738174
0.013802170753479004
0.012191004119813442
0.02076173946261406
0.01533542200922966
0.011395009234547615
0.012532329186797142
0.01712876744568348
0.01674206554889679
0.01314042042940855
0.014582338742911816
0.007414750289171934
0.024952486157417297
0.013191424310207367
0.011876152828335762
0.008465646766126156
0.018628081306815147
0.0077847870998084545
0.026661448180675507
0.01044222991913557
0.0102611742913723
0.011810828000307083
0.0057458532974123955
0.014267757534980774
0.007685146294534206
0.0070067644119262695
0.01035582646727562
0.01293947733938694
0.02805279940366745
0.007378882262855768
0.020284146070480347
0.007492023520171642
0.023627735674381256
0.009375510737299919
0.009675979614257812
0.007708956487476826
0.012229081243276596
0.017253709957003593
0.01109103299677372
0.013397474773228168
0.01072465069591999
0.019100507721304893
0.00578717328608036
0.01627993956208229
0.01103660836815834
0.030510857701301575
0.011643903329968452
0.012904061004519463
0.008977923542261124
0.017125366255640984
0.013686459511518478
0.012119986116886139
0.020694708451628685
0.015223173424601555
0.01135365478694439
0.012473877519369125
0.01700003817677498
0.016533054411411285
0.013039646670222282
0.009070904925465584
0.007360371761023998
0.02470119670033455
0.013134485110640526
0.011801159009337425
0.008406547829508781
0.018567102029919624
0.007728653959929943
0.026340022683143616
0.010401914827525616
0.007141530513763428
0.011739879846572876
0.005716411396861076
0.014189345762133598
0.00764449592679739
0.006970090791583061
0.010300682857632637
0.012851057574152946
0.027865495532751083
0.00735554751008749
0.010925066657364368
0.007455253042280674
0.02349896728992462
0.009307527914643288
0.00963161326944828
0.007644997909665108
0.012197146192193031
0.01708053983747959
0.010995054617524147
0.01330755464732647
0.013613582588732243
0.018979087471961975
0.005729016847908497
0.01613849774003029
0.010989725589752197
0.030188117176294327
0.011608000844717026
0.012812994420528412
0.008904426358640194
0.016954749822616577
0.019003480672836304
0.012056848034262657
0.020626742392778397
0.015125541016459465
0.01131401862949133
0.01241990551352501
0.01688353717327118
0.016341982409358025
0.012949568219482899
0.009029518812894821
0.014396479353308678
0.024468887597322464
0.01308287400752306
0.011732055805623531
0.008352158591151237
0.01850815862417221
0.007678079418838024
0.026031147688627243
0.010363593697547913
0.007097162306308746
0.010135708376765251
0.005691462196409702
0.01411765068769455
0.007606912404298782
0.006936173886060715
0.010252617299556732
0.012770663015544415
0.027694743126630783
0.007336083333939314
0.010903304442763329
0.02016725391149521
0.0233786478638649
0.009244847111403942
0.009595397859811783
0.007588818669319153
0.012168469838798046
0.016920125111937523
0.010908151976764202
0.013225029222667217
0.01351078785955906
0.010567566379904747
0.005676181986927986
0.016009310260415077
0.010947166010737419
0.029892228543758392
0.01157425157725811
0.012730639427900314
0.008840683847665787
0.016797566786408424
0.018885232508182526
0.013486332260072231
0.020558185875415802
0.015039254911243916
0.011277787387371063
0.012369530275464058
0.016777772456407547
0.01616514101624489
0.012868538498878479
0.008992034941911697
0.01431596465408802
0.007279504090547562
0.013035820797085762
0.011668814346194267
0.00830182246863842
0.01845279149711132
0.007632623892277479
0.025731923058629036
0.010327668860554695
0.007057527080178261
0.010077500715851784
0.01161663606762886
0.014051701873540878
0.007575326599180698
0.006904532667249441
0.010209733620285988
0.012700118124485016
0.027535084635019302
0.007318948395550251
0.01088283583521843
0.020118653774261475
0.007392647676169872
0.009187178686261177
0.009564897045493126
0.007538202218711376
0.01214350201189518
0.016766484826803207
0.010828763246536255
0.013146216981112957
0.013419561088085175
0.010500647127628326
0.018769782036542892
0.015890005975961685
0.010908645577728748
0.029619645327329636
0.011543497443199158
0.012657377868890762
0.008781053125858307
0.016653859987854958
0.018774472177028656
0.013399751856923103
0.011951563879847527
0.014961082488298416
0.011244500987231731
0.012322412803769112
0.016681505367159843
0.016002386808395386
0.012796783819794655
0.00895677600055933
0.014240007847547531
0.007248919457197189
0.024058055132627487
0.011610710062086582
0.008255730383098125
0.018401023000478745
0.007591933477669954
0.02544466033577919
0.010293086990714073
0.007020825054496527
0.010021131485700607
0.011564111337065697
0.005647934973239899
0.007546585984528065
0.006874242331832647
0.010170412249863148
0.012635847553610802
0.027384404093027115
0.00730480719357729
0.010863316245377064
0.02007196471095085
0.007367367390543222
0.023158930242061615
0.00953708030283451
0.007492085453122854
0.012120321393013
0.016617435961961746
0.010755874216556549
0.013072725385427475
0.013336561620235443
0.010439710691571236
0.018677279353141785
0.005587171763181686
0.010873334482312202
0.02936430275440216
0.011514125391840935
0.012591028586030006
0.008726656436920166
0.01651855930685997
0.018667735159397125
0.013317747041583061
0.01190761849284172
0.020428895950317383
0.011214252561330795
0.012280650436878204
0.016593903303146362
0.01584932580590248
0.012731073424220085
0.008926047012209892
0.01416823547333479
0.007222119718790054
0.023884546011686325
0.012950576841831207
0.008213995024561882
0.018351536244153976
0.007554600480943918
0.025172561407089233
0.010259797796607018
0.006986803375184536
0.00996667891740799
0.011514872312545776
0.005629576742649078
0.01393386535346508
0.0068465908989310265
0.010135654360055923
0.012579211965203285
0.027240999042987823
0.007292021997272968
0.010845286771655083
0.020025374367833138
0.007344060577452183
0.023060817271471024
0.009086012840270996
0.0074520418420434
0.012098830193281174
0.01647580787539482
0.010687395930290222
0.013002424500882626
0.013260002247989178
0.010382367298007011
0.018590563908219337
0.005550275556743145
0.015681397169828415
0.029125448316335678
0.011486280709505081
0.012528558261692524
0.008676293306052685
0.016393061727285385
0.01856568083167076
0.01324000395834446
0.011865893378853798
0.020368769764900208
0.014826081693172455
0.012239987030625343
0.01651419699192047
0.015710007399320602
0.012669777497649193
0.008898626081645489
0.014102477580308914
0.0071981665678322315
0.023721937090158463
0.012913119979202747
0.011514351703226566
0.01830470561981201
0.007519466336816549
0.024910688400268555
0.010227713733911514
0.0069550881162285805
0.009914014488458633
0.011467600241303444
0.005612639710307121
0.013881577178835869
0.007495615631341934
0.010104028508067131
0.012527345679700375
0.027105286717414856
0.007280178368091583
0.010828107595443726
0.019979136064648628
0.00732222106307745
0.02296552062034607
0.009041503071784973
0.009490405209362507
0.012079061940312386
0.016340481117367744
0.010623395442962646
0.01293487474322319
0.013187985867261887
0.010328283533453941
0.018507637083530426
0.005516652949154377
0.015591248869895935
0.010808881372213364
0.011460699141025543
0.012470820918679237
0.008628806099295616
0.016273774206638336
0.01846756972372532
0.013167878612875938
0.011827346868813038
0.020309243351221085
0.01476915180683136
0.01115893293172121
0.016440942883491516
0.015582095831632614
0.012612605467438698
0.008872637525200844
0.014040769077837467
0.007176192477345467
0.023568078875541687
0.012878366746008396
0.011474872007966042
0.008143177255988121
0.007486335933208466
0.02465776726603508
0.010197901166975498
0.006925376132130623
0.009863069280982018
0.011421979404985905
0.0055974265560507774
0.013832159340381622
0.007473661098629236
0.006799668539315462
0.012478918768465519
0.0269743874669075
0.007269266061484814
0.010812051594257355
0.019934330135583878
0.007301690988242626
0.022872554138302803
0.008999202400445938
0.009470964781939983
