0.5619139075279236
0.5615155100822449
0.56038898229599
0.556572675704956
0.5275864005088806
0.3796044886112213
0.3401067852973938
0.35010653734207153
0.37076085805892944
0.3505070209503174
0.23932990431785583
0.33060234785079956
0.2167525589466095
0.20650823414325714
0.21811851859092712
0.33706599473953247
0.22501523792743683
0.1940656155347824
0.3168077766895294
0.23980523645877838
0.21327368915081024
0.21719114482402802
0.23570159077644348
0.3043181598186493
0.2252158522605896
0.2711338400840759
0.32665005326271057
0.25447195768356323
0.2838209867477417
0.1607353389263153
0.1970812827348709
0.29983875155448914
0.22095762193202972
0.17809778451919556
0.17658254504203796
0.3218752145767212
0.20702531933784485
0.20892204344272614
0.23586450517177582
0.22781488299369812
0.2383437156677246
0.18973863124847412
0.23994234204292297
0.23177197575569153
0.180528923869133
0.2852019965648651
0.22582361102104187
0.23783694207668304
0.27623602747917175
0.27811768651008606
0.23931430280208588
0.19537901878356934
0.2520035207271576
0.35211658477783203
0.26257801055908203
0.27949219942092896
0.2696337103843689
0.21173322200775146
0.2384358048439026
0.18862751126289368
0.16663426160812378
0.17839287221431732
0.1890568733215332
0.1783914417028427
0.16650107502937317
0.3084626793861389
0.2527414560317993
0.1849130541086197
0.21497701108455658
0.2040098011493683
0.17391112446784973
0.17873965203762054
0.16964417695999146
0.18354934453964233
0.15106043219566345
0.20397616922855377
0.3136986494064331
0.25737807154655457
0.204835444688797
0.19625520706176758
0.2046438604593277
0.20718270540237427
0.19387835264205933
0.21597646176815033
0.1991400122642517
0.2609418034553528
0.22242000699043274
0.18244381248950958
0.16833728551864624
0.20827165246009827
0.18600159883499146
0.16228926181793213
0.19731459021568298
0.3045963943004608
0.17854611575603485
0.1937422752380371
0.1939527988433838
0.24140246212482452
0.34408190846443176
0.17945927381515503
0.1551625281572342
0.3152323365211487
0.27703356742858887
0.1988871693611145
0.19339831173419952
0.14226394891738892
0.30118393898010254
0.17111803591251373
0.2885470390319824
0.1833597868680954
0.17281721532344818
0.26657581329345703
0.23786993324756622
0.22085070610046387
0.32153555750846863
0.1839035451412201
0.1740683615207672
0.19471806287765503
0.15863583981990814
0.19385960698127747
0.2503741979598999
0.2862324118614197
0.24922403693199158
0.16842739284038544
0.24158601462841034
0.2666719853878021
0.21884101629257202
0.16610725224018097
0.14232313632965088
0.22387558221817017
0.23850642144680023
0.19068777561187744
0.22641736268997192
0.1718188226222992
0.22257736325263977
0.1793876737356186
0.1807519942522049
0.1580050140619278
0.2922212779521942
0.21805426478385925
0.15157924592494965
0.209992915391922
0.18638519942760468
0.17941828072071075
0.22027653455734253
0.21999619901180267
0.17852944135665894
0.1905972957611084
0.2564694583415985
0.20708289742469788
0.16001535952091217
0.19564466178417206
0.19295243918895721
0.16233879327774048
0.23573845624923706
0.22287878394126892
0.35480600595474243
0.23147112131118774
0.17447075247764587
0.18418624997138977
0.16604997217655182
0.1808548867702484
0.17509783804416656
0.1710883527994156
0.2173641324043274
0.18104346096515656
0.2928895056247711
0.2127300202846527
0.18469560146331787
0.1817961186170578
0.1661570519208908
0.16554869711399078
0.17308562994003296
0.17546111345291138
0.18693654239177704
0.13873319327831268
0.23712129890918732
0.15287312865257263
0.15996341407299042
0.21578016877174377
0.18192601203918457
0.17402547597885132
0.20150214433670044
0.2648727297782898
0.25170662999153137
0.15752224624156952
0.24635542929172516
0.16439783573150635
0.15612667798995972
0.21856464445590973
0.1815062016248703
0.22387799620628357
0.2917955219745636
0.18752478063106537
0.2224591076374054
0.2587117552757263
0.14584140479564667
0.1498674601316452
0.17165479063987732
0.1677381545305252
0.21977442502975464
0.1876256763935089
0.22961309552192688
0.24889220297336578
0.2246532142162323
0.16117125749588013
0.19541539251804352
0.22931471467018127
0.1234922930598259
0.17458119988441467
0.2002384066581726
0.24585840106010437
0.3246719241142273
0.1330682784318924
0.18859848380088806
0.1517293006181717
0.26280635595321655
0.22409209609031677
0.15455767512321472
0.18607956171035767
0.16668818891048431
0.25033870339393616
0.15968114137649536
0.1502722203731537
0.2731359004974365
0.16574765741825104
0.20307490229606628
0.21698373556137085
0.2524873912334442
0.22278845310211182
0.345961332321167
0.15847954154014587
0.1714974045753479
0.17734526097774506
0.22498860955238342
0.2792433202266693
0.18778306245803833
0.2098349928855896
0.16865180432796478
0.18379423022270203
0.23009659349918365
0.18224778771400452
0.20306812226772308
0.13691502809524536
0.14476504921913147
0.18469740450382233
0.16969451308250427
0.13733714818954468
0.2848036289215088
0.18373361229896545
0.25296685099601746
0.20547235012054443
0.17791295051574707
0.19162435829639435
0.20296338200569153
0.22729086875915527
0.18730968236923218
0.2316584438085556
0.20101210474967957
0.13116642832756042
0.19091923534870148
0.16505227982997894
0.17921657860279083
0.25302252173423767
0.1482657939195633
0.1311207115650177
0.21437014639377594
0.15947580337524414
0.19363756477832794
0.23767799139022827
0.1693115383386612
0.16364996135234833
0.19981834292411804
0.21971789002418518
0.18119511008262634
0.13668246567249298
0.16876140236854553
0.27745550870895386
0.1339995115995407
0.24143710732460022
0.206332266330719
0.2669546604156494
0.17890766263008118
0.2886691391468048
0.15706126391887665
0.13574889302253723
0.24871328473091125
0.18539993464946747
0.21605336666107178
0.15986917912960052
0.22112730145454407
0.20576904714107513
0.17047688364982605
0.14333225786685944
0.15101441740989685
0.18077002465724945
0.26668697595596313
0.2820141613483429
0.23578794300556183
0.1616695523262024
0.14468999207019806
0.22885355353355408
0.2175205945968628
0.19485437870025635
0.12177471816539764
0.2683027386665344
0.26653751730918884
0.19140955805778503
0.2845880389213562
0.18375176191329956
0.2529357075691223
0.16645829379558563
0.15938256680965424
0.13924142718315125
0.20592768490314484
0.19374045729637146
0.14035573601722717
0.22639110684394836
0.20516854524612427
0.16683703660964966
0.15645946562290192
0.20200859010219574
0.23248732089996338
0.201086163520813
0.13991114497184753
0.22699487209320068
0.17102830111980438
0.2491421103477478
0.175215482711792
0.23058956861495972
0.1814309060573578
0.15337088704109192
0.19135230779647827
0.34759655594825745
0.17397263646125793
0.150726780295372
0.22729995846748352
0.22497807443141937
0.15105579793453217
0.12733066082000732
0.17079852521419525
0.2544249892234802
0.2199522852897644
0.12829184532165527
0.2204108089208603
0.1567380577325821
0.19607599079608917
0.29056477546691895
0.1923113465309143
0.21847549080848694
0.1506163626909256
0.1828598827123642
0.3834790885448456
0.15904399752616882
0.16264785826206207
0.14571663737297058
0.2034207284450531
0.15810322761535645
0.1831638664007187
0.1802065074443817
0.1795940399169922
0.25708842277526855
0.19412364065647125
0.17902876436710358
0.13917966187000275
0.1899736374616623
0.23242485523223877
0.2348557859659195
0.14661316573619843
0.22504934668540955
0.1962413340806961
0.19099754095077515
0.1994629055261612
0.14736826717853546
0.17246291041374207
0.19324195384979248
0.18747569620609283
0.17071397602558136
0.13979724049568176
0.16459301114082336
0.19681908190250397
0.15293054282665253
0.3219873905181885
0.2015618532896042
0.3599812388420105
0.17212623357772827
0.26036548614501953
0.21745142340660095
0.18058522045612335
0.22011809051036835
0.2737203538417816
0.1978496015071869
0.2509123384952545
0.1481887400150299
0.23390428721904755
0.16856303811073303
0.2299586683511734
0.18716458976268768
0.1792493760585785
0.18967454135417938
0.2857930660247803
0.15324349701404572
0.16823279857635498
0.15035560727119446
0.14756299555301666
0.21106798946857452
0.3399198353290558
0.14519178867340088
0.1595371514558792
0.1730748862028122
0.18169553577899933
0.2175399512052536
0.16092810034751892
0.16502584517002106
0.17051580548286438
0.15141408145427704
0.18322312831878662
0.15525290369987488
0.21047182381153107
0.24904286861419678
0.1503470242023468
0.28075385093688965
0.20799042284488678
0.16614550352096558
0.14608865976333618
0.18472184240818024
0.1491815745830536
0.18894244730472565
0.15603655576705933
0.23160023987293243
0.3410872220993042
0.23558807373046875
0.2437622994184494
0.23018580675125122
0.1777803897857666
0.19991610944271088
0.241092249751091
0.1639445424079895
0.14049659669399261
0.15194016695022583
0.2087416797876358
0.155237078666687
0.15558183193206787
0.22196254134178162
0.18790248036384583
0.23527996242046356
0.14055068790912628
0.22782418131828308
0.1549227386713028
0.17984238266944885
0.23357005417346954
0.1860494464635849
0.14881370961666107
0.28973719477653503
0.18702083826065063
0.11042235791683197
0.12521040439605713
0.15705075860023499
0.1385173350572586
0.2660294771194458
0.20746847987174988
0.26089799404144287
0.20356065034866333
0.1626390963792801
0.16170959174633026
0.15045195817947388
0.24304012954235077
0.1806693971157074
0.2757114768028259
0.18712031841278076
0.19686120748519897
0.16503536701202393
0.17348673939704895
0.175603985786438
0.13950225710868835
0.2142268270254135
0.1845085322856903
0.25205686688423157
0.20524483919143677
0.17252425849437714
0.1662183403968811
0.21570536494255066
0.2040308117866516
0.16864918172359467
0.16792508959770203
0.1785428822040558
0.16986942291259766
0.1563093364238739
0.19767911732196808
0.22352799773216248
0.20014409720897675
0.22247184813022614
0.19836950302124023
0.1746489703655243
0.20018699765205383
0.23268964886665344
0.18230432271957397
0.1781264990568161
0.16578000783920288
0.309142529964447
0.15669332444667816
0.2368430197238922
0.1738300621509552
0.10765089094638824
0.15303008258342743
0.19070297479629517
0.19144564867019653
0.16212758421897888
0.15968170762062073
0.20495304465293884
0.19678303599357605
0.14197956025600433
0.21068701148033142
0.3713112771511078
0.17933820188045502
0.2513088285923004
0.1857547014951706
0.32634127140045166
0.16883215308189392
0.13036923110485077
0.3039124011993408
0.17357298731803894
0.18791696429252625
0.2894096374511719
0.21497893333435059
0.2937195301055908
0.1776086390018463
0.23024624586105347
0.2513299882411957
0.19486498832702637
0.19725222885608673
0.1534743756055832
0.12978801131248474
0.24292953312397003
0.22667382657527924
0.19977402687072754
0.16539783775806427
0.29303789138793945
0.17947319149971008
0.20060652494430542
0.20201866328716278
0.174704909324646
0.17116564512252808
0.17495232820510864
0.1512666940689087
0.17695310711860657
0.16448667645454407
0.1903301626443863
0.15236413478851318
0.12556758522987366
0.18251141905784607
0.15529592335224152
0.21037383377552032
0.14736756682395935
0.19510893523693085
0.15911313891410828
0.16088268160820007
0.18408462405204773
0.18080775439739227
0.17981328070163727
0.1760043501853943
0.16286993026733398
0.2034946233034134
0.1811424344778061
0.2009095698595047
0.13891659677028656
0.21677850186824799
0.16887971758842468
0.16016820073127747
0.18516603112220764
0.1578293889760971
0.1414053738117218
0.1485469937324524
0.16664937138557434
0.18582192063331604
0.17786453664302826
0.21080359816551208
0.1506526619195938
0.1990494728088379
0.1599661111831665
0.32249778509140015
0.12889577448368073
0.24787837266921997
0.22343787550926208
0.1864892840385437
0.21229997277259827
0.1357089877128601
0.15691226720809937
0.18208083510398865
0.2424924522638321
0.18787699937820435
0.26280173659324646
0.24074329435825348
0.21228520572185516
0.19842925667762756
0.185065358877182
0.1820661425590515
0.19659516215324402
0.16405349969863892
0.22549253702163696
0.2797350287437439
0.16746339201927185
0.3003808856010437
0.14202329516410828
0.15651366114616394
0.23028437793254852
0.22382047772407532
0.1921384036540985
0.17178496718406677
0.1552930772304535
0.1579790711402893
0.1637512445449829
0.1911243051290512
0.21739912033081055
0.13815250992774963
0.1166965663433075
0.21625658869743347
0.1565837562084198
0.10989326238632202
0.19964782893657684
0.1538933962583542
0.11734183132648468
0.1600729078054428
0.1538379043340683
0.21264031529426575
0.24201026558876038
0.20132699608802795
0.1881682425737381
0.35882508754730225
0.14054398238658905
0.16969363391399384
0.1623000204563141
0.14403872191905975
0.1821213960647583
0.1824231743812561
0.15251782536506653
0.202902689576149
0.19136564433574677
0.18246594071388245
0.27773717045783997
0.1526087075471878
0.19592973589897156
0.1424330174922943
0.24544435739517212
0.31330472230911255
0.16729788482189178
0.1646648645401001
0.20077472925186157
0.2488393634557724
0.113076351583004
0.12731091678142548
0.223082035779953
0.13501043617725372
0.15665434300899506
0.2136746644973755
0.25376176834106445
0.20865243673324585
0.15231049060821533
0.16410315036773682
0.10725769400596619
0.18491342663764954
0.14618000388145447
0.17863234877586365
0.17605796456336975
0.21108458936214447
0.3201037049293518
0.14512278139591217
0.25539225339889526
0.15739047527313232
0.21907880902290344
0.1424349844455719
0.1504431664943695
0.14103372395038605
0.19098824262619019
0.1746320277452469
0.1729501187801361
0.2261294722557068
0.17962759733200073
0.1642560511827469
0.15629246830940247
0.18504934012889862
0.21552151441574097
0.16405422985553741
0.10394765436649323
0.16670840978622437
0.19216784834861755
0.28903964161872864
0.15311099588871002
0.18988823890686035
0.28019386529922485
0.2915167510509491
0.2011246383190155
0.1757981777191162
0.31758010387420654
0.3063487410545349
0.1700478047132492
0.18840919435024261
0.15841463208198547
0.18833237886428833
0.15803946554660797
0.15324565768241882
0.12987981736660004
0.1605333387851715
0.19231756031513214
0.1595606803894043
0.15190856158733368
0.14331816136837006
0.15727324783802032
0.15492653846740723
0.19768980145454407
0.24327251315116882
0.20292744040489197
0.17013484239578247
0.1910950392484665
0.19576552510261536
0.21426215767860413
0.23096796870231628
0.1789485216140747
0.23306792974472046
0.1436280459165573
0.16070377826690674
0.18395838141441345
0.14920209348201752
0.1397095024585724
0.234365776181221
0.2303842157125473
0.17344103753566742
0.26476895809173584
0.20508109033107758
0.2802428901195526
0.18965283036231995
0.18469840288162231
0.15571554005146027
0.1185419037938118
0.17398908734321594
0.18848632276058197
0.23345309495925903
0.19645904004573822
0.1304471790790558
0.1975654661655426
0.15960422158241272
0.14074380695819855
0.24250155687332153
0.1402340680360794
0.15057304501533508
0.13283522427082062
0.1954653561115265
0.1726277619600296
0.18774224817752838
0.25855377316474915
0.21474501490592957
0.21811288595199585
0.1612165868282318
0.16814357042312622
0.17691728472709656
0.2903721332550049
0.20553800463676453
0.2555813789367676
0.14164015650749207
0.13974031805992126
0.15026125311851501
0.21034081280231476
0.13121867179870605
0.24440021812915802
0.22439906001091003
0.21900811791419983
0.18906089663505554
0.11867296695709229
0.1519688367843628
0.1967545598745346
0.14333155751228333
0.1366031914949417
0.1973854899406433
0.25647997856140137
0.15759971737861633
0.21632763743400574
0.18199005722999573
0.18336310982704163
0.26100486516952515
0.13643968105316162
0.1563926488161087
0.19200335443019867
0.13901560008525848
0.1619051843881607
0.1704317331314087
0.1532115936279297
0.18102413415908813
0.14757417142391205
0.16870415210723877
0.27810367941856384
0.1337433159351349
0.1574835479259491
0.10925284773111343
0.17267420887947083
0.17882709205150604
0.12897171080112457
0.14967890083789825
0.18557670712471008
0.16803202033042908
0.23294883966445923
0.23784774541854858
0.17706137895584106
0.18949465453624725
0.21426533162593842
0.1567249298095703
0.23490145802497864
0.1293151080608368
0.17753666639328003
0.2058005928993225
0.16087915003299713
0.24677890539169312
0.14933434128761292
0.2049524039030075
0.1397562175989151
0.16251640021800995
0.16446976363658905
0.15973225235939026
0.16218242049217224
0.17639610171318054
0.16903278231620789
0.16813386976718903
0.20097458362579346
0.19357830286026
0.1650344431400299
0.1913050413131714
0.1560002863407135
0.13453440368175507
0.23486031591892242
0.19105131924152374
0.1776198297739029
0.15471799671649933
0.2205917239189148
0.16920490562915802
0.14169761538505554
0.17801198363304138
0.14894211292266846
0.13040846586227417
0.28394389152526855
0.18178290128707886
0.19702638685703278
0.16938111186027527
0.1826939880847931
0.13062140345573425
0.16288848221302032
0.19029957056045532
0.13834983110427856
0.1518295854330063
0.2385650873184204
0.2005523443222046
0.20401988923549652
0.14459019899368286
0.15047016739845276
0.1917179673910141
0.14742672443389893
0.17509835958480835
0.19295063614845276
0.19143915176391602
0.17755797505378723
0.1508094072341919
0.19494733214378357
0.19337975978851318
0.18395410478115082
0.1789078712463379
0.15358851850032806
0.1484198421239853
0.18674875795841217
0.13421615958213806
0.14808820188045502
0.2611735761165619
0.1318846195936203
0.14265969395637512
0.15575753152370453
0.12195698916912079
0.2096402645111084
0.14710357785224915
0.17318685352802277
0.16768819093704224
0.14962005615234375
0.13764148950576782
0.2073972225189209
0.2410764992237091
0.18564170598983765
0.13364383578300476
0.15735869109630585
0.19461031258106232
0.13293875753879547
0.11924056708812714
0.23925630748271942
0.2317282110452652
0.15306541323661804
0.16241605579853058
0.15039299428462982
0.14095088839530945
0.16859102249145508
0.24787048995494843
0.1366470754146576
0.1501130908727646
0.15070047974586487
0.1259463131427765
0.19656752049922943
0.22556674480438232
0.24825705587863922
0.22980041801929474
0.170955091714859
0.14751210808753967
0.14258897304534912
0.12602123618125916
0.12273795157670975
0.12469085305929184
0.15788356959819794
0.15745629370212555
0.19877095520496368
0.1818966418504715
0.19091852009296417
0.20730283856391907
0.31082412600517273
0.17819947004318237
0.21085375547409058
0.20247597992420197
0.1742478609085083
0.20082537829875946
0.2326563000679016
0.20152178406715393
0.1731605976819992
0.14654316008090973
0.14231155812740326
0.14368486404418945
0.17441290616989136
0.17118418216705322
0.18754678964614868
0.16222688555717468
0.22399799525737762
0.1788540482521057
0.19014175236225128
0.1182214617729187
0.1873084008693695
0.1339903473854065
0.17400731146335602
0.26492685079574585
0.18469999730587006
0.16635054349899292
0.19232167303562164
0.13317172229290009
0.16709595918655396
0.16620588302612305
0.17489437758922577
0.2153826653957367
0.16874490678310394
0.17821304500102997
0.1537143439054489
0.16222383081912994
0.17029888927936554
0.16059204936027527
0.11080233752727509
0.17133334279060364
0.26640406250953674
0.21399718523025513
0.17950765788555145
0.17698198556900024
0.15944746136665344
0.14790666103363037
0.1698305308818817
0.15011316537857056
0.16357028484344482
0.1754298359155655
0.14245344698429108
0.15323472023010254
0.1325826644897461
0.1169372946023941
0.28695499897003174
0.17904645204544067
0.32723426818847656
0.19992198050022125
0.11832325160503387
0.18628455698490143
0.2566462755203247
0.11595217138528824
0.1508837193250656
0.14435574412345886
0.16738735139369965
0.1340358704328537
0.21026277542114258
0.15436893701553345
0.19063697755336761
0.18825431168079376
0.13796508312225342
0.1732671856880188
0.12739986181259155
0.12783308327198029
0.15754279494285583
0.14005573093891144
0.17478811740875244
0.15193141996860504
0.1960340440273285
0.1741539090871811
0.2409159541130066
0.17065072059631348
0.2119697481393814
0.1576283574104309
0.18782655894756317
0.14938385784626007
0.1717272698879242
0.1534176766872406
0.1964651197195053
0.20089659094810486
0.1743960976600647
0.12721331417560577
0.16626664996147156
0.16926313936710358
0.21778178215026855
0.25792211294174194
0.1855233907699585
0.14700445532798767
0.12371326982975006
0.22950699925422668
0.23349520564079285
0.19550395011901855
0.1532718539237976
0.21767914295196533
0.22816212475299835
0.13169319927692413
0.21053221821784973
0.17283126711845398
0.13075333833694458
0.1533757895231247
0.15955674648284912
0.22525262832641602
0.13511885702610016
0.15928630530834198
0.11800163984298706
0.1791878491640091
0.15550857782363892
0.14859889447689056
0.12260523438453674
0.3875333070755005
0.2043573260307312
0.1389370560646057
0.1630275994539261
0.17458157241344452
0.1842673122882843
0.1449129283428192
0.2914964556694031
0.12831811606884003
0.18546488881111145
0.21925696730613708
0.1472482681274414
0.21698354184627533
0.1590198427438736
0.19112564623355865
0.15544790029525757
0.20460830628871918
0.19338637590408325
0.21349814534187317
0.16460390388965607
0.16299809515476227
0.20133239030838013
0.22939327359199524
0.16663026809692383
0.15762241184711456
0.14489112794399261
0.22486452758312225
0.1602289080619812
0.2531389594078064
0.12954872846603394
0.20992536842823029
0.14966364204883575
0.14846688508987427
0.13634929060935974
0.13318583369255066
0.2634842097759247
0.16259515285491943
0.29029765725135803
0.16097214818000793
0.1819356381893158
0.24034638702869415
0.20725297927856445
0.14174863696098328
0.2120436280965805
0.16049151122570038
0.15506990253925323
0.1262337565422058
0.15890812873840332
0.16404199600219727
0.13424403965473175
0.17937755584716797
0.14322641491889954
0.1775483340024948
0.14099565148353577
0.1664222627878189
0.20745758712291718
0.15366367995738983
0.1950908899307251
0.15605604648590088
0.15726099908351898
0.1840488612651825
0.16893020272254944
0.1388031542301178
0.1616329401731491
0.21344810724258423
0.15426264703273773
0.19845925271511078
0.13719771802425385
0.1762167066335678
0.3072461485862732
0.25385141372680664
0.1897616684436798
0.20287422835826874
0.19256001710891724
0.13731783628463745
0.14085744321346283
0.17014284431934357
0.20284909009933472
0.19036909937858582
0.19254440069198608
0.15706375241279602
0.1639077067375183
0.1692095249891281
0.1851094514131546
0.2030068039894104
0.17447349429130554
0.12850862741470337
0.2099805325269699
0.13679693639278412
0.21921080350875854
0.20469889044761658
0.24283367395401
0.1864156424999237
0.13548420369625092
0.16449177265167236
0.14930203557014465
0.1662810742855072
0.16841211915016174
0.13512876629829407
0.17259131371974945
0.14733588695526123
0.18351510167121887
0.15584704279899597
0.21560034155845642
0.23435209691524506
0.1550092101097107
0.20187196135520935
0.19819088280200958
0.15245260298252106
0.11356669664382935
0.18275585770606995
0.2663974463939667
0.18226492404937744
0.21820911765098572
0.23082469403743744
0.15224981307983398
0.13805027306079865
0.18991093337535858
0.15816718339920044
0.12447278201580048
0.14991171658039093
0.2432326078414917
0.1558835208415985
0.1583602875471115
0.19670508801937103
0.26575177907943726
0.24486932158470154
0.28552010655403137
0.18758100271224976
0.15445372462272644
0.1267993301153183
0.2033063769340515
0.19778862595558167
0.20653998851776123
0.1534539759159088
0.2630736827850342
0.19094479084014893
0.22133058309555054
0.1372881531715393
0.1942048966884613
0.13508418202400208
0.18505504727363586
0.11166118085384369
0.2080969363451004
0.18913964927196503
0.2300354391336441
0.21605999767780304
0.13998030126094818
0.1866675168275833
0.15452232956886292
0.16394177079200745
0.19249659776687622
0.2657085657119751
0.16179907321929932
0.20806927978992462
0.16896110773086548
0.1818508803844452
0.15342220664024353
0.13928575813770294
0.21912354230880737
0.15773630142211914
0.22122244536876678
0.18549279868602753
0.19794271886348724
0.11211494356393814
0.19035868346691132
