0.010608169250190258
0.010523456148803234
0.01058844942599535
0.010522319935262203
0.010452715680003166
0.010614540427923203
0.010555656626820564
0.010688203386962414
0.010994349606335163
0.01107688806951046
0.01114773377776146
0.012105826288461685
0.01160928513854742
0.010800138115882874
0.011201570741832256
0.011873058043420315
0.011759686283767223
0.012461729347705841
0.012254394590854645
0.011299977079033852
0.011811412870883942
0.013195223174989223
0.011816553771495819
0.011867859400808811
0.011825129389762878
0.012080811895430088
0.011342372745275497
0.013255885802209377
0.011356503702700138
0.0110662542283535
0.011580769903957844
0.011122575961053371
0.011274795979261398
0.011087276041507721
0.01154222059994936
0.011463806964457035
0.011381651274859905
0.011892245151102543
0.011672727763652802
0.01132242102175951
0.011398211121559143
0.010943550616502762
0.011352356523275375
0.012061778455972672
0.011483770795166492
0.011313283815979958
0.01084174495190382
0.011959762312471867
0.011273661628365517
0.012141327373683453
0.011217095889151096
0.011121461167931557
0.011529579758644104
0.01174708642065525
0.012136579491198063
0.01254357025027275
0.011081453412771225
0.011013336479663849
0.011159006506204605
0.011047719977796078
0.011005323380231857
0.011150355450809002
0.011470990255475044
0.010886707343161106
0.01117635890841484
0.010613610036671162
0.010910398326814175
0.011167330667376518
0.010993238538503647
0.010884086601436138
0.010685861110687256
0.010570325888693333
0.011320499703288078
0.010589233599603176
0.010611183941364288
0.011022309772670269
0.01142643392086029
0.010937981307506561
0.01070086844265461
0.011102343909442425
0.010816188529133797
0.010777986608445644
0.010718077421188354
0.010982906445860863
0.010952281765639782
0.011333394795656204
0.010735057294368744
0.010666943155229092
0.010568744502961636
0.010747890919446945
0.010517287999391556
0.010694634169340134
0.010609644465148449
0.010599417611956596
0.010935616679489613
0.010736694559454918
0.010529646649956703
0.01054682582616806
0.010715505108237267
0.010491915047168732
0.010909649543464184
0.010662299580872059
0.010784291662275791
0.010537505149841309
0.010736322030425072
0.01031399704515934
0.010621489025652409
0.010850726626813412
0.0109650744125247
0.010450797155499458
0.010582653805613518
0.010586079210042953
0.01078097801655531
0.010692673735320568
0.010594313964247704
0.010666037909686565
0.010572541505098343
0.010515299625694752
0.01046241819858551
0.010509474202990532
0.01051118690520525
0.010632437653839588
0.010558049194514751
0.010476067662239075
0.010502357967197895
0.010655868798494339
0.010494624264538288
0.010847797617316246
0.010449276305735111
0.010445937514305115
0.010471160523593426
0.01046991441398859
0.010432036593556404
0.010305617935955524
0.010492638684809208
0.010371524840593338
0.010345278307795525
0.01040493045002222
0.010513604618608952
0.010312930680811405
0.01066576223820448
0.010204295627772808
0.01059839129447937
0.010371338576078415
0.010390760377049446
0.010377835482358932
0.01126705389469862
0.010629075579345226
0.010427657514810562
0.010540814138948917
0.010430081747472286
0.010453825816512108
0.010234987363219261
0.010272092185914516
0.010328521020710468
0.01044588815420866
0.010355762206017971
0.010485369712114334
0.010553782805800438
0.010266561061143875
0.010393748059868813
0.010557315312325954
0.010415422730147839
0.010239914990961552
0.010406332090497017
0.010508070699870586
0.0103687085211277
0.010392098687589169
0.01038461085408926
0.01051973644644022
0.010316495783627033
0.010379175655543804
0.010313393548130989
0.01037417259067297
0.010387090034782887
0.01034904271364212
0.010374539531767368
0.010481983423233032
0.010277103632688522
0.01036456972360611
0.01021826732903719
0.010356485843658447
0.010585547424852848
0.0103958984836936
0.01046088244765997
0.010261647403240204
0.010608519427478313
0.01023896224796772
0.010331667959690094
0.010402889922261238
0.010448676533997059
0.01044422760605812
0.010432797484099865
0.010434227995574474
0.010423113591969013
0.010666701942682266
0.010321547277271748
0.010446358472108841
0.010302062146365643
0.010202155448496342
0.01039706077426672
0.01062438078224659
0.01058040652424097
0.010363046079874039
0.010263518430292606
0.010208705440163612
0.010680675506591797
0.010373451747000217
0.010282743722200394
0.010293680243194103
0.0104059474542737
0.010332619771361351
0.010504267178475857
0.010216549970209599
0.01042800210416317
0.010299754329025745
0.01026985328644514
0.010261686518788338
0.010211476124823093
0.010308394208550453
0.010298019275069237
0.010263694450259209
0.01015229057520628
0.010239888913929462
0.010376636870205402
0.010302082635462284
0.010270381346344948
0.0104273222386837
0.010339268483221531
0.01035525556653738
0.010294823907315731
0.01025374885648489
0.010365648195147514
0.010303329676389694
0.01035425253212452
0.010372725315392017
0.010252258740365505
0.010396968573331833
0.010374288074672222
0.010286064818501472
0.01041356846690178
0.010214434005320072
0.01037880964577198
0.010295609943568707
0.01029365137219429
0.01021728478372097
0.010243911296129227
0.010222487151622772
0.010271024890244007
0.010340177454054356
0.010346273891627789
0.010249454528093338
0.010336123406887054
0.010310022160410881
0.010297602042555809
0.010293123312294483
0.01026957854628563
0.010290698148310184
0.010211034677922726
0.010225844569504261
0.010331817902624607
0.010213600471615791
0.010320795699954033
0.010288462042808533
0.010218239389359951
0.010165928862988949
0.010239530354738235
0.01034821942448616
0.010255938395857811
0.010257324203848839
0.010368957184255123
0.010236410424113274
0.010317769832909107
0.01031205989420414
0.010237087495625019
0.010253219865262508
0.010251236148178577
0.01029567327350378
0.010268300771713257
0.01027725636959076
0.010219861753284931
0.0102913286536932
0.0102441580966115
0.010237043723464012
0.010271523147821426
0.0102242985740304
0.010316521860659122
0.010291356593370438
0.010281169787049294
0.010364172980189323
0.010231123305857182
0.010345693677663803
0.010400219820439816
0.0102417366579175
0.010155239142477512
0.010254365392029285
0.010204211808741093
0.010376831516623497
0.010281634517014027
0.01018111314624548
0.010199719108641148
0.010209279134869576
0.010395899415016174
0.010337176732718945
0.010232125408947468
0.010301556438207626
0.010290904901921749
0.010199213400483131
0.01033064629882574
0.010228097438812256
0.010235975496470928
0.010210596024990082
0.010440615937113762
0.0102793388068676
0.010301732458174229
0.01021299883723259
0.010211312212049961
0.010216780006885529
0.010218990035355091
0.01020753849297762
0.010347653180360794
0.010175098665058613
0.010336445644497871
0.010300258174538612
0.010186973959207535
0.010257765650749207
0.010205460712313652
0.010137696750462055
0.010220915079116821
0.01023466233164072
0.01021524891257286
0.010199612937867641
0.010241866111755371
0.010180247016251087
0.010145610198378563
0.010181735269725323
0.010252386331558228
0.010216806083917618
0.01020024437457323
0.010196764953434467
0.010250940918922424
0.010177353397011757
0.010298523120582104
0.010197215713560581
0.010266236029565334
0.010187249630689621
0.010172411799430847
0.0102698914706707
0.010206777602434158
0.010237284936010838
0.010225237347185612
0.010266796685755253
0.010272842831909657
0.010182792320847511
0.010241396725177765
0.010139423422515392
0.010251999832689762
0.010182471945881844
0.010192803107202053
0.010215304791927338
0.010160199366509914
0.010220724157989025
0.010178910568356514
0.01026473194360733
0.010191243141889572
0.010202175937592983
0.01034613512456417
0.010164123959839344
0.010098055005073547
0.010171640664339066
0.010319429449737072
0.010190999135375023
0.010245388373732567
0.010202907957136631
0.010194605216383934
0.010193552821874619
0.010211236774921417
0.010183138772845268
0.010161262936890125
0.010197905823588371
0.010216261260211468
0.010226068086922169
0.01030079647898674
0.01026005670428276
0.010284158401191235
0.010189725086092949
0.010199364274740219
0.010217828676104546
0.010198328644037247
0.01027821097522974
0.010203227400779724
0.010219057090580463
0.010225942358374596
0.010205362923443317
0.010437184013426304
0.010173114947974682
0.010221545584499836
0.010203936137259007
0.010161998681724072
0.010181901045143604
0.01021095272153616
0.010142158716917038
0.01016013789921999
0.010144452564418316
0.010261374525725842
0.010156247764825821
0.010197952389717102
0.01017235592007637
0.01012942660599947
0.010196681134402752
0.01021445170044899
0.010229966603219509
0.01016711350530386
0.010172928683459759
0.010183467529714108
0.01018090546131134
0.010161790065467358
0.010229471139609814
0.010161209851503372
0.010274296626448631
0.01022303942590952
0.01015859842300415
0.01016097143292427
0.010319005697965622
0.01016573328524828
0.010142941027879715
0.010178091935813427
0.010185721330344677
0.010129425674676895
0.010164485312998295
0.010188957676291466
0.010197829455137253
0.01016855426132679
0.010173730552196503
0.010185759514570236
0.010201520286500454
0.010175489820539951
0.010156898759305477
0.01020045205950737
0.010194581933319569
0.01017509214580059
0.010102733038365841
0.010209273546934128
0.010156999342143536
0.010423649102449417
0.010201175697147846
0.010165583342313766
0.010207497514784336
0.010127374902367592
0.01014455035328865
0.010235932655632496
0.010203688405454159
0.010159778408706188
0.01018999982625246
0.010199807584285736
0.010110320523381233
0.010174493305385113
0.010114243254065514
0.010172463953495026
0.010164151899516582
0.010183032602071762
0.010332685895264149
0.010152769275009632
0.010191035456955433
0.01013106293976307
0.01015699002891779
0.01021610014140606
0.010186970233917236
0.010235982947051525
0.010165868327021599
0.01019764319062233
0.010156812146306038
0.01020069606602192
0.010173209011554718
0.010165669023990631
0.010236332193017006
0.010153352282941341
0.010196857154369354
0.010139025747776031
0.010196265764534473
0.010129456408321857
0.010177576914429665
0.010182534344494343
0.01011654082685709
0.01014384813606739
0.010167974978685379
0.010151923634111881
0.010182353667914867
0.01024631131440401
0.010177835822105408
0.010171893984079361
0.010163169354200363
0.0101433414965868
0.01016700454056263
0.010120769031345844
0.010206134989857674
0.010117580182850361
0.010133722797036171
0.01016552746295929
0.010118591599166393
0.010181187652051449
0.010209156200289726
0.010170288383960724
0.010162735357880592
0.01010093279182911
0.010156508535146713
0.010161501355469227
0.010184879414737225
0.010244895704090595
0.01016941387206316
0.010219444520771503
0.010231117717921734
0.010160555131733418
0.010161190293729305
0.010163327679038048
0.010161119513213634
0.01011109072715044
0.010153792798519135
0.010153925977647305
0.01008867658674717
0.010146897286176682
0.010152194648981094
0.010188352316617966
0.010140622034668922
0.010152054019272327
0.010163532570004463
0.010136685334146023
0.010164691135287285
0.010164492763578892
0.010135271586477757
0.01013304851949215
0.010124186053872108
0.010149961337447166
0.010143487714231014
0.01017216220498085
0.01012752577662468
0.01018969900906086
0.010171025060117245
0.010131821036338806
0.010150285437703133
0.010167490690946579
0.010137232951819897
0.010168550536036491
0.010133185423910618
0.010205741971731186
0.01013291347771883
0.010102225467562675
0.010118604637682438
0.01013476587831974
0.010122072882950306
0.010166330263018608
0.010137968696653843
0.01018884964287281
0.010187788866460323
0.010148948058485985
0.010148555040359497
0.010140073485672474
0.010168928653001785
0.010156265459954739
0.01014315988868475
0.010134425014257431
0.010116194374859333
0.010133188217878342
0.010162473656237125
0.010167054831981659
0.010109164752066135
0.010144691914319992
0.010182704776525497
0.010117288678884506
0.010119812563061714
0.010135960765182972
0.01014948170632124
0.010143878869712353
0.010158637538552284
0.010182167403399944
0.010145535692572594
0.010160090401768684
0.010119243524968624
0.010180436074733734
0.010098231956362724
0.010151300579309464
0.01009531132876873
0.010115174576640129
0.010171132162213326
0.01013139821588993
0.010172465816140175
0.010166413150727749
0.010090261697769165
0.010156001895666122
0.010145273059606552
0.010146643035113811
0.010152023285627365
0.01025941502302885
0.010150554589927197
0.010117490775883198
0.010215344838798046
0.010118705220520496
0.01017070934176445
0.010166280902922153
0.010163772851228714
0.010125918313860893
0.010122372768819332
0.010153351351618767
0.010250330902636051
0.010151250287890434
0.01010903064161539
0.010153425857424736
0.010149141773581505
0.010152967646718025
0.010107063688337803
0.010131807066500187
0.010134928859770298
0.01014055497944355
0.010108551941812038
0.010132979601621628
0.010107188485562801
0.010152801871299744
0.010148240253329277
0.010095848701894283
0.01013344619423151
0.010157076641917229
0.010111687704920769
0.010145927779376507
0.01012836117297411
0.010152353905141354
0.010192911140620708
0.010120699182152748
0.010103066451847553
0.010120869614183903
0.010113472118973732
0.010121211409568787
0.010134064592421055
0.010136637836694717
0.010095459409058094
0.010112116113305092
0.010112185031175613
0.010101644322276115
0.010116120800375938
0.010110492818057537
0.010152063332498074
0.010130335576832294
0.010131407529115677
0.01012308057397604
0.010145489126443863
0.010193382389843464
0.01011338084936142
0.010098966769874096
0.010157452896237373
0.010124129243195057
0.010098490864038467
0.010139325633645058
0.010123053565621376
0.010088149458169937
0.010246224701404572
0.010131292045116425
0.01015379186719656
0.01009375974535942
0.010110145434737206
0.010126390494406223
0.01012879703193903
0.01011478342115879
0.01008396316319704
0.010144557803869247
0.010143998079001904
0.010133827105164528
0.010170248337090015
0.010110434144735336
0.010193778201937675
0.010128708556294441
0.010146480053663254
0.010119336657226086
0.01011300552636385
0.01013091765344143
0.010098942555487156
0.010130710899829865
0.010217325761914253
0.010154186747968197
0.010124657303094864
0.010118149220943451
0.010168662294745445
0.010102092288434505
0.010167635045945644
0.01011267676949501
0.010103628970682621
0.010165130719542503
0.01015065424144268
0.010200236923992634
0.010100246407091618
0.010119616985321045
0.010120173916220665
0.010139971040189266
0.010114655829966068
0.01009906455874443
0.010196574032306671
0.01008916087448597
0.01011187769472599
0.010097984224557877
0.010074171237647533
0.010123741813004017
0.010127655230462551
0.010122286155819893
0.010123327374458313
0.010115768760442734
0.010164141654968262
0.010137980803847313
0.010168307460844517
0.01013460848480463
0.01006858516484499
0.010114979930222034
0.010130859911441803
0.010147975757718086
0.01009189710021019
0.010097354650497437
0.010133313946425915
0.010086758993566036
0.010112902149558067
0.010109773837029934
0.010144234634935856
0.010243766009807587
0.010089627467095852
0.010096987709403038
0.010175203904509544
0.01011428702622652
0.01009815838187933
0.010110399685800076
0.010097052901983261
0.010154765099287033
0.010111764073371887
0.010089931078255177
0.010111006908118725
0.010092442855238914
0.010114864446222782
0.01006996724754572
0.010088188573718071
0.010114242322742939
0.010106418281793594
0.010131003335118294
0.010142822749912739
0.010156054981052876
0.010103129781782627
0.010118260979652405
0.010104814544320107
0.010128202848136425
0.010136427357792854
0.010123832151293755
0.010163817554712296
0.010082260705530643
0.01008317805826664
0.010091841220855713
0.010145075619220734
0.010116652585566044
0.010134969837963581
0.010107032023370266
0.010149354115128517
0.01015123724937439
0.010100346058607101
0.01013991143554449
0.010125292465090752
0.01012787688523531
0.010083748027682304
0.010095754638314247
0.010110117495059967
0.010085996240377426
0.010144452564418316
0.010113752447068691
0.010150999762117863
0.01012797374278307
0.010116448625922203
0.010111590847373009
0.010113107971847057
0.010204748250544071
0.010105266235768795
0.01013431791216135
0.010123343206942081
0.010106861591339111
0.010103780776262283
0.010081557556986809
0.010125651955604553
0.010151715949177742
0.010137061588466167
0.010096592828631401
0.01014665700495243
0.010090268217027187
0.010117433033883572
0.010105296038091183
0.010114030912518501
0.010089542716741562
0.010096567682921886
0.010095249861478806
0.010101761668920517
0.010124658234417439
0.010129054076969624
0.010064154863357544
0.010129887610673904
0.010108995251357555
0.010083724744617939
0.010125652886927128
0.010110397823154926
0.010141861625015736
0.01011599414050579
0.010134723037481308
0.010098744183778763
0.01011887937784195
0.010082794353365898
0.010071479715406895
0.010202749632298946
0.010079387575387955
0.010136178694665432
0.010115133598446846
0.010137127712368965
0.01012667827308178
0.010080304928123951
0.010123561136424541
0.010133757255971432
0.010102754458785057
0.010173655115067959
0.010118127800524235
0.010091005824506283
0.010132411494851112
0.010135619901120663
0.010105774737894535
0.010100873187184334
0.010114585980772972
0.01008762326091528
0.010139262303709984
0.010077212937176228
0.010098169557750225
0.010186037980020046
0.010099893435835838
0.010096521116793156
0.010091627947986126
0.010128086432814598
0.010141820646822453
0.010165632702410221
0.010120637714862823
0.010072849690914154
0.010119293816387653
0.010134994983673096
0.010114498436450958
0.010105029679834843
0.010091500356793404
0.010149099864065647
0.010107656940817833
0.010066555812954903
0.010087838396430016
0.010090388357639313
0.010096168145537376
0.01013358123600483
0.010076722130179405
0.010100034065544605
0.010096024721860886
0.010103445500135422
0.01012500561773777
0.010198618285357952
0.010105186142027378
0.010118937119841576
0.010096410289406776
0.010095305740833282
0.010094745084643364
0.010121531784534454
0.010102145373821259
0.010076578706502914
0.010079655796289444
0.010160560719668865
0.010118510574102402
0.01011886727064848
0.010088149458169937
0.010118022561073303
0.01013510674238205
0.010083381086587906
0.010110112838447094
0.010084333829581738
0.01005520299077034
0.010105731897056103
0.010096783749759197
0.010151956230401993
0.01013696938753128
0.010067454539239407
0.010085087269544601
0.010133350268006325
0.010112658143043518
0.010088720358908176
0.010070184245705605
0.010091640055179596
0.010123982094228268
0.010119740851223469
0.010112805292010307
0.01013273373246193
0.010097783990204334
0.010111233219504356
0.010088479146361351
0.010121773928403854
0.010106193833053112
0.010096924379467964
0.010123624466359615
0.010057718493044376
0.010159049183130264
0.010082271881401539
0.010120438411831856
0.010114113800227642
0.0101550268009305
0.010154339484870434
0.010111621581017971
0.010071487165987492
0.010097714141011238
0.010097971186041832
0.010079163126647472
0.010102112777531147
0.010077730752527714
0.010133418254554272
0.01016667764633894
0.010108892805874348
0.010079014115035534
0.010106964036822319
0.010162299498915672
0.01011119969189167
0.010083036497235298
0.010084927082061768
0.010089466348290443
0.01010950468480587
0.010116527788341045
0.010150309652090073
0.01012351457029581
0.010122326202690601
0.010090411640703678
0.01010540034621954
0.01010677870362997
0.01009981706738472
0.010169457644224167
0.010085457935929298
0.0101157920435071
0.010104010812938213
0.010126124136149883
0.01012930553406477
0.010078893974423409
0.010143376886844635
0.010083026252686977
0.010114290751516819
0.010094571858644485
0.010093297809362411
0.010102414526045322
0.010134036652743816
0.010107441805303097
0.010106471367180347
0.010088051669299603
0.010072050616145134
0.010093800723552704
0.010121643543243408
0.010062444023787975
0.010139616206288338
0.01008086558431387
0.010072574950754642
0.01012734230607748
0.01011653058230877
0.01009092852473259
0.010134733282029629
0.010179034434258938
0.010118931531906128
0.010120841674506664
0.010102994740009308
0.01008027233183384
0.010088205337524414
0.01011674851179123
0.010116377845406532
0.010166017338633537
0.010086051188409328
0.010115638375282288
0.010107435286045074
0.010097995400428772
0.01009726244956255
0.010080376639962196
0.010120551101863384
0.010076776146888733
0.010084458626806736
0.010081212036311626
0.010089435614645481
0.010068460367619991
0.010115078650414944
0.010077961720526218
0.010110186412930489
0.010090325959026814
0.01011824980378151
0.010102357715368271
0.010134010575711727
0.010109950788319111
0.010079109109938145
0.010107028298079967
0.010113634169101715
0.010102784261107445
0.01011646818369627
0.010092534124851227
0.01008712500333786
0.01013204175978899
0.010104830376803875
0.01016484759747982
0.010099945589900017
0.010130012407898903
0.01014680229127407
0.010096580721437931
0.010111530311405659
0.010094525292515755
0.010090216062963009
0.010082032531499863
0.010074210353195667
0.010093411430716515
0.010090215131640434
0.010128852911293507
0.010106523521244526
0.01009726244956255
0.010086753405630589
0.010146011598408222
0.010080776177346706
0.01009857002645731
0.010088719427585602
0.010048571042716503
0.010118727572262287
0.010095600038766861
0.010084031149744987
0.010128657333552837
0.010098462924361229
0.010084923356771469
0.010099198669195175
0.01008058711886406
0.010093585588037968
0.010102450847625732
0.010110263712704182
0.010096213780343533
0.010159030556678772
0.010057711973786354
0.010093974880874157
0.010086162947118282
0.010097417049109936
0.01012430153787136
0.01007513701915741
0.010096780955791473
0.0100894495844841
0.010072384029626846
0.010093683376908302
0.01011025533080101
0.010066881775856018
0.010173269547522068
0.010064477100968361
0.010091106407344341
0.010103220120072365
0.010112820193171501
0.010105372406542301
0.010089588351547718
0.010098224505782127
0.010062030516564846
0.010064254514873028
0.010107085108757019
0.010106007568538189
0.010064872913062572
0.010143625549972057
0.010050885379314423
0.010074320249259472
0.010119027458131313
0.010096753016114235
0.010076913051307201
0.010110701434314251
0.0101317772641778
0.01008036732673645
0.010099687613546848
0.010059066116809845
0.010073436424136162
0.010089680552482605
0.010056802071630955
0.010077079758048058
0.010067183524370193
0.01006983406841755
0.010093091987073421
0.010082077234983444
0.010099880397319794
0.010092228651046753
0.010107625275850296
0.010070784017443657
0.010079795494675636
0.010107302106916904
0.010084138251841068
0.010104546323418617
0.01011311262845993
0.010099331848323345
0.010068795643746853
0.010090192779898643
0.010099274106323719
0.010129964910447598
0.010091716423630714
0.010065115988254547
0.010105774737894535
0.010078762657940388
0.010068917647004128
0.010084448382258415
0.010083517991006374
0.010084765031933784
0.0100985337048769
0.010082915425300598
0.010097847320139408
0.010082134045660496
0.010076398029923439
0.010099914856255054
0.010089201852679253
0.010097090154886246
0.010102309286594391
0.010095282457768917
0.01012857910245657
0.010173025541007519
0.01010072510689497
0.010078543797135353
0.010118789039552212
0.01007973961532116
0.01009821891784668
0.010067051276564598
0.010091573931276798
0.010106364265084267
0.010102438740432262
0.01011242251843214
0.010077731683850288
0.010056747123599052
0.010110248811542988
0.010050836950540543
0.010094547644257545
0.01008700206875801
0.01005489006638527
0.010146048851311207
0.010075250640511513
0.010122023522853851
0.010074920952320099
0.010113334283232689
0.010108720511198044
0.010086897760629654
0.010078690946102142
0.010080828331410885
0.010097845457494259
0.010088409297168255
0.010107899084687233
0.010091478936374187
0.010108579881489277
0.010079805739223957
0.010071633383631706
0.010071564465761185
0.01010697428137064
0.010073510929942131
0.010075483471155167
0.0100757647305727
0.010096349753439426
0.01008389052003622
0.010144354775547981
0.010121482424438
0.010092268697917461
0.010076021775603294
0.010095974430441856
0.010095296427607536
0.0100700743496418
0.010071746073663235
0.01006622239947319
0.010079584084451199
0.010104344226419926
0.010078087449073792
0.010089640505611897
0.010066542774438858
0.010138696059584618
0.010072244331240654
0.010077329352498055
0.010085882619023323
0.010094047524034977
0.010072791017591953
0.010085354559123516
0.01009744219481945
0.010140382684767246
0.010120382532477379
0.010072266682982445
0.010079862549901009
0.010068279691040516
0.010100539773702621
0.010073257610201836
0.010116861201822758
0.010083167813718319
0.010123263113200665
0.010127807967364788
0.010086039081215858
0.010124481283128262
0.010079346597194672
0.010096163488924503
0.010110673494637012
0.01007230393588543
0.010077465325593948
0.010083694010972977
0.010076099075376987
0.010076098144054413
0.010085214860737324
0.010090290568768978
0.010088535957038403
0.010126079432666302
0.010108156129717827
0.010099492035806179
0.010057139210402966
0.010103176347911358
0.01012557465583086
0.01009436883032322
0.010092743672430515
