0.8991056680679321
0.8990358114242554
0.899081826210022
0.8990017175674438
0.8991613388061523
0.8990733027458191
0.898875892162323
0.8989202380180359
0.8990127444267273
0.8988351821899414
0.8987818956375122
0.8989145755767822
0.8989397883415222
0.8988599181175232
0.8987790942192078
0.8987356424331665
0.8985058665275574
0.8985355496406555
0.898417592048645
0.8985527157783508
0.8982263207435608
0.8980949521064758
0.8980666995048523
0.8979855179786682
0.8980057835578918
0.897947371006012
0.8977078199386597
0.8975961208343506
0.8973298668861389
0.8971904516220093
0.8969801664352417
0.8967289328575134
0.8968440890312195
0.8963232636451721
0.8958785533905029
0.8954290747642517
0.8951558470726013
0.8946275115013123
0.8941815495491028
0.8941625356674194
0.8933266997337341
0.8930075764656067
0.8913676142692566
0.8912411332130432
0.8900765776634216
0.8888371586799622
0.8893536329269409
0.8864402770996094
0.8857758045196533
0.8846703171730042
0.8821483254432678
0.881951093673706
0.8794744610786438
0.8770450949668884
0.8725037574768066
0.8714222311973572
0.8658342957496643
0.8645797967910767
0.8561925292015076
0.8534501791000366
0.8452215790748596
0.8410868644714355
0.8308620452880859
0.820726752281189
0.8135156631469727
0.7881068587303162
0.7817777395248413
0.7793227434158325
0.7622542381286621
0.7330641150474548
0.725576639175415
0.7001209855079651
0.6639219522476196
0.58810955286026
0.5965949296951294
0.4987438917160034
0.4505014419555664
0.3781973123550415
0.3558507263660431
0.3296860456466675
0.313562273979187
0.25335487723350525
0.2141413539648056
0.24660110473632812
0.26407086849212646
0.2854841649532318
0.280746191740036
0.28120264410972595
0.3438097834587097
0.3541582524776459
0.37489110231399536
0.42883360385894775
0.4380180239677429
0.4686101973056793
0.48620420694351196
0.48408663272857666
0.5221128463745117
0.5522650480270386
0.5359233617782593
0.5544227957725525
0.5589504837989807
0.5780619978904724
0.5730293393135071
0.5780198574066162
0.5650208592414856
0.5510206818580627
0.6057496666908264
0.5578484535217285
0.5585805177688599
0.5392090082168579
0.5566267371177673
0.5546072125434875
0.5394142270088196
0.5508273839950562
0.5078713297843933
0.5077735781669617
0.5120345950126648
0.5082813501358032
0.5168285965919495
0.4755381941795349
0.4913775324821472
0.47287359833717346
0.4405103325843811
0.44602859020233154
0.4344724714756012
0.3807046115398407
0.4114374816417694
0.443758100271225
0.3902856111526489
0.39139148592948914
0.38634753227233887
0.3847652077674866
0.3529151678085327
0.37417343258857727
0.3300516903400421
0.33586907386779785
0.34451672434806824
0.35352256894111633
0.33614563941955566
0.2997875213623047
0.29201841354370117
0.3119901418685913
0.3190183937549591
0.2914355397224426
0.3092067241668701
0.3243229389190674
0.3666225075721741
0.3202454745769501
0.32775112986564636
0.3236880302429199
0.33127766847610474
0.318464457988739
0.3224256634712219
0.3635546863079071
0.3526056706905365
0.38500866293907166
0.39172351360321045
0.31622985005378723
0.3312544524669647
0.430678129196167
0.3572849631309509
0.3590106666088104
0.37407204508781433
0.43389075994491577
0.3689456880092621
0.39501306414604187
0.3997308909893036
0.40284788608551025
0.3634538948535919
0.42875710129737854
0.39106518030166626
0.40584275126457214
0.4010808765888214
0.44293832778930664
0.39365699887275696
0.44925907254219055
0.4173611104488373
0.37673455476760864
0.4255218505859375
0.4187546372413635
0.4406469464302063
0.4323074221611023
0.4446379840373993
0.4507807791233063
0.4333176612854004
0.385750949382782
0.4525207281112671
0.45790573954582214
0.42931386828422546
0.42802613973617554
0.395515501499176
0.4222373068332672
0.440468430519104
0.4080999791622162
0.38860780000686646
0.42806974053382874
0.43161287903785706
0.3930651545524597
0.4078216850757599
0.39277350902557373
0.41319555044174194
0.4220954179763794
0.4229724705219269
0.42619645595550537
0.42842456698417664
0.4268522262573242
0.44520869851112366
0.38492730259895325
0.43324097990989685
0.41954588890075684
0.4305049180984497
0.4057791531085968
0.42124029994010925
0.42090678215026855
0.39357373118400574
0.4125846326351166
0.4243333339691162
0.3748473823070526
0.3788600265979767
0.41310155391693115
0.3845255672931671
0.38870617747306824
0.400331974029541
0.35752546787261963
0.3869214951992035
0.40592560172080994
0.36555227637290955
0.39137324690818787
0.3962032198905945
0.3921351134777069
0.35161757469177246
0.3596450984477997
0.3532778322696686
0.35904958844184875
0.3705098032951355
0.3688511550426483
0.3498609662055969
0.3648289442062378
0.3895930051803589
0.35042548179626465
0.3594857156276703
0.34909024834632874
0.35866597294807434
0.35590097308158875
0.35419973731040955
0.36070317029953003
0.35444948077201843
0.3402898609638214
0.3347419500350952
0.3782840669155121
0.32900911569595337
0.3743525445461273
0.337427020072937
0.32596784830093384
0.3311399519443512
0.3408590853214264
0.37952929735183716
0.33163419365882874
0.3299776613712311
0.3350057601928711
0.3324368894100189
0.36535194516181946
0.3277128338813782
0.32469719648361206
0.32597681879997253
0.3191492557525635
0.3467605710029602
0.3102024495601654
0.3210933804512024
0.32746031880378723
0.3049399256706238
0.30458956956863403
0.30654358863830566
0.340993732213974
0.3056926429271698
0.32884481549263
0.31758734583854675
0.3276137411594391
0.31948012113571167
0.3136535882949829
0.3058805465698242
0.3062441945075989
0.3153645396232605
0.32596147060394287
0.341795951128006
0.31940051913261414
0.31280553340911865
0.3053274154663086
0.30253979563713074
0.31628191471099854
0.30187806487083435
0.3042129576206207
0.3054472804069519
0.32863762974739075
0.30124855041503906
0.3152530789375305
0.31141969561576843
0.3263669013977051
0.2943754494190216
0.31629517674446106
0.27831292152404785
0.29347461462020874
0.3150058686733246
0.2822999358177185
0.3120895326137543
0.2937461733818054
0.32859140634536743
0.29136624932289124
0.29770538210868835
0.30245259404182434
0.29809799790382385
0.3085014224052429
0.3110075891017914
0.311534583568573
0.29803192615509033
0.2749020755290985
0.2925895154476166
0.29666027426719666
0.2859451174736023
0.3082824945449829
0.2880080044269562
0.2826506197452545
0.31724074482917786
0.3091023862361908
0.2957901358604431
0.29380330443382263
0.2850927710533142
0.2814214527606964
0.29474711418151855
0.3347518742084503
0.27838441729545593
0.3022075891494751
0.28127145767211914
0.3047815263271332
0.3087230920791626
0.3150699734687805
0.28281912207603455
0.30580323934555054
0.3188796937465668
0.307819664478302
0.2967052459716797
0.31191715598106384
0.34430834650993347
0.2863580286502838
0.2999398410320282
0.29805734753608704
0.2989531457424164
0.304036408662796
0.28622788190841675
0.29192259907722473
0.2924347221851349
0.3228023648262024
0.2825919985771179
0.32699066400527954
0.295331746339798
0.2789040505886078
0.2901552617549896
0.3122574985027313
0.29600319266319275
0.30269843339920044
0.32678645849227905
0.30223625898361206
0.29241809248924255
0.30653488636016846
0.3019130527973175
0.2919296324253082
0.3120429515838623
0.3079698383808136
0.3363218903541565
0.30329522490501404
0.2968737483024597
0.3475242853164673
0.3035227358341217
0.30494552850723267
0.30949267745018005
0.30664482712745667
0.3040612041950226
0.36251649260520935
0.28337132930755615
0.30861231684684753
0.29166802763938904
0.31675904989242554
0.29320666193962097
0.30499184131622314
0.30196642875671387
0.3013353943824768
0.3093230128288269
0.3130775988101959
0.31128764152526855
0.28820687532424927
0.3210904002189636
0.33603379130363464
0.29739534854888916
0.28340986371040344
0.31461480259895325
0.31488463282585144
0.31843578815460205
0.29240402579307556
0.3078766167163849
0.29680097103118896
0.3142165541648865
0.3182806670665741
0.313782662153244
0.31646963953971863
0.3103596568107605
0.32068103551864624
0.33543044328689575
0.3045985698699951
0.28506118059158325
0.3073340058326721
0.30729925632476807
0.3102778196334839
0.2866724133491516
0.2872835695743561
0.2995939552783966
0.3585352301597595
0.3236515522003174
0.30551770329475403
0.30641257762908936
0.28936898708343506
0.32414621114730835
0.30903351306915283
0.2867039144039154
0.2995801866054535
0.3058452308177948
0.29728591442108154
0.3334680497646332
0.2926132082939148
0.3255808353424072
0.2946512997150421
0.30550917983055115
0.29753541946411133
0.2998453974723816
0.28782206773757935
0.3044067919254303
0.29719141125679016
0.3313649594783783
0.30705004930496216
0.31284159421920776
0.30520716309547424
0.30794256925582886
0.3140421509742737
0.3061116337776184
0.35293298959732056
0.2859194576740265
0.3048178553581238
0.34642767906188965
0.3383941948413849
0.2935417890548706
0.30642470717430115
0.31163567304611206
0.28596243262290955
0.30739980936050415
0.3072975277900696
0.2778920829296112
0.284055233001709
0.3345147669315338
0.2972150146961212
0.26644226908683777
0.28204894065856934
0.31146880984306335
0.2875518798828125
0.2592334449291229
0.2699560821056366
0.3080849051475525
0.2824770212173462
0.28054431080818176
0.2846260368824005
0.28014513850212097
0.2811349034309387
0.3135712444782257
0.29888662695884705
0.31046876311302185
0.30030152201652527
0.27899986505508423
0.2605409324169159
0.28198811411857605
0.2892957925796509
0.3317165672779083
0.3119436204433441
0.31917867064476013
0.2715650200843811
0.2855655252933502
0.30035459995269775
0.2990090250968933
0.304269939661026
0.26510754227638245
0.3011828362941742
0.28861624002456665
0.28335922956466675
0.27653753757476807
0.30768731236457825
0.2665996253490448
0.25216415524482727
0.2607920169830322
0.28698959946632385
0.2986661493778229
0.2844567894935608
0.29808691143989563
0.2822878360748291
