0.7494141459465027
0.749015748500824
0.7478893399238586
0.744072437286377
0.7150863409042358
0.5665124654769897
0.5243610739707947
0.5177879333496094
0.5179503560066223
0.46741434931755066
0.31363874673843384
0.46513473987579346
0.29561978578567505
0.2839986979961395
0.2978954315185547
0.48415446281433105
0.31066834926605225
0.30011749267578125
0.38662248849868774
0.3625130355358124
0.31656402349472046
0.31684955954551697
0.34646132588386536
0.4078773856163025
0.36161214113235474
0.37494128942489624
0.41345369815826416
0.39724570512771606
0.44017142057418823
0.2628430128097534
0.3047611117362976
0.4304181933403015
0.3503454029560089
0.29579591751098633
0.2955314517021179
0.4501294195652008
0.29645583033561707
0.3182425796985626
0.3292393088340759
0.3652336895465851
0.33774009346961975
0.2952343225479126
0.4231407642364502
0.35920897126197815
0.2828744053840637
0.3583380877971649
0.33899110555648804
0.38141217827796936
0.3734291195869446
0.3785756826400757
0.3619149327278137
0.3034822940826416
0.3770521283149719
0.4548855721950531
0.36223313212394714
0.39515289664268494
0.3741733729839325
0.297398179769516
0.3333793580532074
0.2957437336444855
0.28244587779045105
0.2625618875026703
0.2831632196903229
0.27057403326034546
0.27146968245506287
0.38868725299835205
0.33980047702789307
0.2958535850048065
0.3216497302055359
0.3135521411895752
0.258792906999588
0.2636833190917969
0.2666512429714203
0.27165094017982483
0.2543347477912903
0.29421353340148926
0.41651180386543274
0.3883135914802551
0.31071874499320984
0.30734550952911377
0.3129558563232422
0.2936866879463196
0.29795852303504944
0.3142181634902954
0.2841692566871643
0.3518449068069458
0.3005397617816925
0.2732461392879486
0.2386893481016159
0.324491947889328
0.28938689827919006
0.24820570647716522
0.28054147958755493
0.4108698070049286
0.2811804413795471
0.2768474519252777
0.27475956082344055
0.33237481117248535
0.4469663202762604
0.2637769877910614
0.23388361930847168
0.41261398792266846
0.4020231068134308
0.2851593494415283
0.28547564148902893
0.22762970626354218
0.39345771074295044
0.28173133730888367
0.3780902624130249
0.27683040499687195
0.2612263560295105
0.3784903287887573
0.3577283024787903
0.3196217715740204
0.4323092997074127
0.27083665132522583
0.2621062397956848
0.30633726716041565
0.24921797215938568
0.28659602999687195
0.33687618374824524
0.38668596744537354
0.3384172320365906
0.26137739419937134
0.3471643924713135
0.3578466475009918
0.30636999011039734
0.2694116234779358
0.22650855779647827
0.3360598087310791
0.32283923029899597
0.25785383582115173
0.340764582157135
0.25886839628219604
0.31348058581352234
0.26927757263183594
0.27053844928741455
0.2456364631652832
0.4172719120979309
0.30753952264785767
0.2606416642665863
0.30123358964920044
0.27284494042396545
0.2673911154270172
0.3266642093658447
0.3223317563533783
0.27672335505485535
0.30799898505210876
0.3457929790019989
0.3168080747127533
0.2445378601551056
0.29403823614120483
0.29171526432037354
0.24175837635993958
0.32981058955192566
0.32380935549736023
0.4660293459892273
0.32863494753837585
0.2683703303337097
0.2773396670818329
0.2591969072818756
0.2773805260658264
0.25734221935272217
0.2578440308570862
0.3206646740436554
0.2612106502056122
0.42582693696022034
0.3042822480201721
0.27785801887512207
0.28478196263313293
0.25009167194366455
0.24865137040615082
0.25538161396980286
0.24582785367965698
0.33771294355392456
0.23417577147483826
0.33101725578308105
0.24956834316253662
0.24016642570495605
0.3203365206718445
0.2856961190700531
0.2817707061767578
0.30013856291770935
0.4359474182128906
0.3477816581726074
0.25148046016693115
0.3750283420085907
0.25503140687942505
0.2421049177646637
0.30453363060951233
0.2826080918312073
0.3354428708553314
0.39179614186286926
0.28703707456588745
0.31470921635627747
0.36983463168144226
0.23155394196510315
0.23026606440544128
0.265438050031662
0.2603958547115326
0.3146808445453644
0.28188684582710266
0.32998573780059814
0.3613632917404175
0.3293100893497467
0.2436378300189972
0.2966427206993103
0.36415237188339233
0.20845691859722137
0.2623834013938904
0.3110771179199219
0.3448322117328644
0.48318952322006226
0.22555506229400635
0.27779829502105713
0.2274717539548874
0.37441858649253845
0.33055227994918823
0.24499090015888214
0.2750612199306488
0.25577619671821594
0.3261186480522156
0.2528962194919586
0.2381437122821808
0.43556031584739685
0.25497132539749146
0.311122328042984
0.3205128610134125
0.36164766550064087
0.3377545177936554
0.4482763111591339
0.2458348274230957
0.2598540186882019
0.2714046239852905
0.3295769691467285
0.39705511927604675
0.2594583034515381
0.32175272703170776
0.25425389409065247
0.2959129214286804
0.32066625356674194
0.26465386152267456
0.29663556814193726
0.2171306312084198
0.23928630352020264
0.25973525643348694
0.26288342475891113
0.23197203874588013
0.37204405665397644
0.26546454429626465
0.35895442962646484
0.29865211248397827
0.27034059166908264
0.2863350808620453
0.28623196482658386
0.3393896818161011
0.2786067724227905
0.3587883710861206
0.2901950180530548
0.22955387830734253
0.28740349411964417
0.2583528459072113
0.26089704036712646
0.34819599986076355
0.2394230216741562
0.20764148235321045
0.28514808416366577
0.2507852613925934
0.28241848945617676
0.35847699642181396
0.24807606637477875
0.25372862815856934
0.2982311546802521
0.3468495011329651
0.26917675137519836
0.21953800320625305
0.27309751510620117
0.4446614980697632
0.22662994265556335
0.3375086486339569
0.3180772066116333
0.3581013083457947
0.2594386339187622
0.4042889475822449
0.23330849409103394
0.22560034692287445
0.35689258575439453
0.26992344856262207
0.31313425302505493
0.24962159991264343
0.3264915347099304
0.2848237454891205
0.260761559009552
0.21922089159488678
0.2406606525182724
0.28299424052238464
0.367263525724411
0.3972994089126587
0.33593326807022095
0.2595813274383545
0.2261401265859604
0.3574312925338745
0.3240828216075897
0.30477842688560486
0.20712514221668243
0.39854317903518677
0.37300556898117065
0.29365816712379456
0.39505869150161743
0.28046080470085144
0.3554483950138092
0.2629064917564392
0.24929986894130707
0.22319695353507996
0.28776901960372925
0.29039356112480164
0.2392980456352234
0.3464425206184387
0.31092002987861633
0.24722371995449066
0.24146801233291626
0.31167781352996826
0.3765585124492645
0.2948493957519531
0.21687215566635132
0.3301093578338623
0.25830650329589844
0.3442700505256653
0.26758021116256714
0.3437393009662628
0.28508812189102173
0.23642230033874512
0.30094319581985474
0.4545506238937378
0.2782576084136963
0.25026530027389526
0.3406088650226593
0.3427068889141083
0.2424946278333664
0.2128601223230362
0.27506548166275024
0.4017210006713867
0.31430450081825256
0.22184163331985474
0.3315466642379761
0.2369147390127182
0.3064280152320862
0.34930184483528137
0.2833673357963562
0.3183775246143341
0.243539959192276
0.2846231460571289
0.511793851852417
0.2421841323375702
0.2677924335002899
0.2468610405921936
0.29421669244766235
0.2500099539756775
0.27551737427711487
0.28029295802116394
0.2917584180831909
0.3874789774417877
0.30521300435066223
0.2634248435497284
0.2262759506702423
0.29911258816719055
0.35439175367355347
0.3576827049255371
0.22719083726406097
0.3254961371421814
0.30750441551208496
0.29407522082328796
0.3224588632583618
0.25083065032958984
0.27603062987327576
0.3011809289455414
0.2867729365825653
0.2624313533306122
0.2320111095905304
0.2485639452934265
0.2894997000694275
0.2336273193359375
0.45929330587387085
0.3186390995979309
0.5094510912895203
0.2691364884376526
0.4122733771800995
0.32133814692497253
0.2837764322757721
0.3149856925010681
0.4080232083797455
0.2970883548259735
0.3804059624671936
0.24354709684848785
0.35124123096466064
0.262806236743927
0.3359907269477844
0.2870199382305145
0.28935208916664124
0.28667131066322327
0.38094547390937805
0.23852664232254028
0.2608214020729065
0.2494344413280487
0.24141982197761536
0.3075832724571228
0.46522316336631775
0.23594698309898376
0.265807569026947
0.2727774679660797
0.28357747197151184
0.3125140368938446
0.2623163163661957
0.2565828561782837
0.27740606665611267
0.23711183667182922
0.290924608707428
0.24507132172584534
0.32839345932006836
0.36277419328689575
0.22917675971984863
0.38476133346557617
0.3079127371311188
0.26722970604896545
0.2437373697757721
0.29017531871795654
0.2315872609615326
0.28822773694992065
0.25304925441741943
0.33301815390586853
0.47458845376968384
0.33838945627212524
0.37963956594467163
0.3273601233959198
0.27002301812171936
0.29124531149864197
0.32766193151474
0.2633281350135803
0.23380406200885773
0.24178490042686462
0.3164982199668884
0.24840159714221954
0.25543463230133057
0.31908953189849854
0.2780107259750366
0.3389354348182678
0.23828798532485962
0.3382919728755951
0.2420923411846161
0.29045233130455017
0.3422369062900543
0.28229737281799316
0.24014055728912354
0.4277799129486084
0.2850097417831421
0.1920195072889328
0.22207672894001007
0.24920180439949036
0.23191916942596436
0.3902619481086731
0.32077738642692566
0.372446209192276
0.29482656717300415
0.2569068968296051
0.25121334195137024
0.24250683188438416
0.34281933307647705
0.27053192257881165
0.35049545764923096
0.28094062209129333
0.2980090081691742
0.26750341057777405
0.2586067318916321
0.2876242399215698
0.2318977415561676
0.3194848597049713
0.2778189778327942
0.35889410972595215
0.31096935272216797
0.2600341737270355
0.2587589919567108
0.33968982100486755
0.3105196952819824
0.27543529868125916
0.26816099882125854
0.2762494683265686
0.26240843534469604
0.23936043679714203
0.29848694801330566
0.33560141921043396
0.33010438084602356
0.3139224052429199
0.28736934065818787
0.26718491315841675
0.3045288622379303
0.3473047912120819
0.27720338106155396
0.26158472895622253
0.2540547251701355
0.4272792637348175
0.2450537234544754
0.3569614887237549
0.28165456652641296
0.21035662293434143
0.23789182305335999
0.28314200043678284
0.3027050197124481
0.25224176049232483
0.25236964225769043
0.30935177206993103
0.287882924079895
0.23400282859802246
0.30357369780540466
0.5095809698104858
0.26935964822769165
0.34444013237953186
0.2953696548938751
0.4403184652328491
0.25084590911865234
0.21755164861679077
0.44346725940704346
0.2651739716529846
0.2989223301410675
0.3852158784866333
0.31890466809272766
0.4003103971481323
0.27090293169021606
0.3461510241031647
0.35863521695137024
0.3226499855518341
0.3020085394382477
0.23499256372451782
0.21102279424667358
0.3542329668998718
0.32520800828933716
0.2962728440761566
0.27109336853027344
0.4056170880794525
0.2784833312034607
0.3247002065181732
0.30979329347610474
0.28758329153060913
0.24568846821784973
0.27959179878234863
0.24017149209976196
0.2870878279209137
0.26169106364250183
0.2928326427936554
0.2454039603471756
0.22090864181518555
0.2940886914730072
0.2520146071910858
0.26909375190734863
0.23599626123905182
0.29493334889411926
0.24665051698684692
0.26585209369659424
0.2737107574939728
0.28469619154930115
0.2652965188026428
0.2734917998313904
0.25680339336395264
0.3179738223552704
0.2713233232498169
0.30205243825912476
0.22617995738983154
0.32174578309059143
0.2585158348083496
0.2533111572265625
0.2778126299381256
0.25517722964286804
0.22860988974571228
0.24664306640625
0.2577899098396301
0.29092732071876526
0.27770155668258667
0.32231074571609497
0.23272822797298431
0.3037867248058319
0.26018011569976807
0.46417027711868286
0.21676522493362427
0.3577772378921509
0.31506669521331787
0.2937789261341095
0.32546260952949524
0.22906985878944397
0.2529260814189911
0.2861649692058563
0.3473951816558838
0.29301682114601135
0.3564112186431885
0.35729700326919556
0.30742689967155457
0.2833181619644165
0.2815577983856201
0.2996474504470825
0.28745290637016296
0.25705116987228394
0.33332711458206177
0.39081186056137085
0.26815396547317505
0.43823665380477905
0.228139266371727
0.25606364011764526
0.32254689931869507
0.34165504574775696
0.2902410626411438
0.28642600774765015
0.2462487369775772
0.260997474193573
0.2558266818523407
0.3028500974178314
0.3130742609500885
0.22140444815158844
0.1991051435470581
0.31243517994880676
0.2518661618232727
0.18713751435279846
0.308627188205719
0.2554338574409485
0.1975681334733963
0.2535177171230316
0.23996172845363617
0.3018096387386322
0.34965115785598755
0.29170891642570496
0.27091866731643677
0.5018238425254822
0.23903709650039673
0.2928856313228607
0.25259798765182495
0.24252378940582275
0.28361767530441284
0.28427258133888245
0.25004541873931885
0.30115067958831787
0.2884290814399719
0.2865198254585266
0.4056287705898285
0.24355387687683105
0.3000864088535309
0.2279597818851471
0.38084107637405396
0.4486837685108185
0.2548430562019348
0.26342377066612244
0.295437753200531
0.3789432644844055
0.2016706019639969
0.20516012609004974
0.32797443866729736
0.22775112092494965
0.2436198741197586
0.3205026686191559
0.3636697232723236
0.32519975304603577
0.24428021907806396
0.2602284550666809
0.18727566301822662
0.29214227199554443
0.239192396402359
0.28235185146331787
0.2710948586463928
0.30521225929260254
0.41202983260154724
0.23323357105255127
0.3990347981452942
0.25527429580688477
0.320476233959198
0.23499344289302826
0.2478741705417633
0.2327796220779419
0.27968984842300415
0.268435001373291
0.26125645637512207
0.2866932153701782
0.2654060423374176
0.2593425214290619
0.268283486366272
0.27741649746894836
0.32591068744659424
0.2573773264884949
0.1907462626695633
0.268544465303421
0.2976458668708801
0.3818931579589844
0.2522185742855072
0.2886905372142792
0.4073221683502197
0.40413960814476013
0.2996771037578583
0.27218759059906006
0.39103084802627563
0.426180362701416
0.2612574100494385
0.27643948793411255
0.2523324191570282
0.2818501591682434
0.2617330551147461
0.24569180607795715
0.21634605526924133
0.250974178314209
0.29362553358078003
0.2619256377220154
0.23185354471206665
0.23208649456501007
0.2689076066017151
0.2578442096710205
0.30746957659721375
0.36417311429977417
0.3106922209262848
0.26053088903427124
0.29890862107276917
0.30363380908966064
0.31104692816734314
0.3302087187767029
0.2841755747795105
0.33728522062301636
0.2380780428647995
0.25502368807792664
0.27396222949028015
0.2420312464237213
0.22985698282718658
0.3346591591835022
0.35185328125953674
0.2835685908794403
0.3840068578720093
0.304396390914917
0.39643141627311707
0.28645262122154236
0.2922937870025635
0.26373887062072754
0.21269981563091278
0.26339033246040344
0.2770548462867737
0.3196925222873688
0.2989301085472107
0.2245822548866272
0.2869100570678711
0.24985359609127045
0.23127396404743195
0.34028929471969604
0.23667806386947632
0.242752343416214
0.21930064260959625
0.3171175718307495
0.2691943943500519
0.2809688448905945
0.3476128876209259
0.3040330410003662
0.32000213861465454
0.26292508840560913
0.260541707277298
0.27174338698387146
0.4301036596298218
0.30613911151885986
0.3444660007953644
0.22156308591365814
0.22399044036865234
0.238352432847023
0.31622886657714844
0.21745237708091736
0.3543347120285034
0.3262375295162201
0.33401796221733093
0.28962814807891846
0.212683767080307
0.23820537328720093
0.3060336709022522
0.23424197733402252
0.22468097507953644
0.28105345368385315
0.37850528955459595
0.24809904396533966
0.32061079144477844
0.27635374665260315
0.2712676227092743
0.3827865719795227
0.22731907665729523
0.25531330704689026
0.33060377836227417
0.22991634905338287
0.24623450636863708
0.2586003541946411
0.24261470139026642
0.26561862230300903
0.2286650687456131
0.26440802216529846
0.3837645351886749
0.21745027601718903
0.253196120262146
0.20470261573791504
0.26084578037261963
0.2803947925567627
0.22418862581253052
0.2491801381111145
0.27192211151123047
0.26589998602867126
0.3408542275428772
0.34952443838119507
0.28611472249031067
0.2861425578594208
0.32438135147094727
0.26167556643486023
0.3471418619155884
0.20889084041118622
0.2753416895866394
0.3055729568004608
0.2586030960083008
0.34579214453697205
0.23402947187423706
0.3051016330718994
0.23639845848083496
0.2668198049068451
0.2502823770046234
0.24879221618175507
0.2591150104999542
0.2807188332080841
0.27394968271255493
0.2619788944721222
0.2954478859901428
0.28686270117759705
0.2517491579055786
0.28061893582344055
0.2536364197731018
0.23839549720287323
0.3593677282333374
0.27957549691200256
0.2661295235157013
0.2503003776073456
0.3368406891822815
0.2759825587272644
0.23666583001613617
0.2767941653728485
0.23889103531837463
0.2172173261642456
0.39896464347839355
0.3019563853740692
0.2946263253688812
0.26480525732040405
0.2771247625350952
0.22588954865932465
0.24478209018707275
0.286159873008728
0.2407909333705902
0.24075847864151
0.35191237926483154
0.3203350901603699
0.3077881336212158
0.23006993532180786
0.24431031942367554
0.2846425771713257
0.24046224355697632
0.27810990810394287
0.3062703609466553
0.2839558720588684
0.2667117416858673
0.254163920879364
0.28883621096611023
0.284545361995697
0.291026771068573
0.26175135374069214
0.24186693131923676
0.24328282475471497
0.2640268802642822
0.22947955131530762
0.24353919923305511
0.37603646516799927
0.2183864861726761
0.2500036060810089
0.24773141741752625
0.20976442098617554
0.3017173409461975
0.2295466810464859
0.28250569105148315
0.25678467750549316
0.25256097316741943
0.22882553935050964
0.3262537121772766
0.34231340885162354
0.28195974230766296
0.22007305920124054
0.2473364919424057
0.3021817207336426
0.23970584571361542
0.2054232656955719
0.35199058055877686
0.3402308523654938
0.2473514974117279
0.26021018624305725
0.24001038074493408
0.23074057698249817
0.262008398771286
0.36122164130210876
0.22872233390808105
0.2479078322649002
0.25162866711616516
0.21010670065879822
0.28883877396583557
0.3300948739051819
0.3613365888595581
0.3316323161125183
0.25620415806770325
0.23762322962284088
0.22774428129196167
0.21450883150100708
0.2130695879459381
0.2132641226053238
0.24540825188159943
0.25599929690361023
0.2936011850833893
0.2702011168003082
0.3020581305027008
0.29964837431907654
0.3830309510231018
0.27428579330444336
0.3027840554714203
0.31907400488853455
0.2663905620574951
0.29694387316703796
0.33244213461875916
0.2943418025970459
0.258584201335907
0.24700790643692017
0.23660799860954285
0.24335911870002747
0.3042193353176117
0.27030372619628906
0.28476279973983765
0.2559923827648163
0.35388511419296265
0.26947927474975586
0.29893603920936584
0.19969531893730164
0.29619669914245605
0.2169312983751297
0.2646435797214508
0.37055718898773193
0.2878231704235077
0.2703831195831299
0.28421643376350403
0.21970592439174652
0.25517475605010986
0.2613539695739746
0.2797684669494629
0.30424636602401733
0.24265703558921814
0.2882404327392578
0.25473737716674805
0.25060537457466125
0.27667689323425293
0.25505444407463074
0.19558046758174896
0.27058765292167664
0.36474719643592834
0.29996296763420105
0.29157641530036926
0.2685462534427643
0.2500099837779999
0.23861056566238403
0.27153441309928894
0.2364114373922348
0.25736212730407715
0.27345141768455505
0.22917500138282776
0.23999661207199097
0.22058221697807312
0.20581436157226562
0.40816012024879456
0.2742466628551483
0.45333153009414673
0.3075387179851532
0.21261492371559143
0.2832210659980774
0.3794691264629364
0.21231630444526672
0.23728114366531372
0.23537003993988037
0.25611209869384766
0.22422106564044952
0.31456127762794495
0.24164818227291107
0.27753597497940063
0.28951817750930786
0.22647523880004883
0.27145013213157654
0.21250829100608826
0.2056274563074112
0.2578684687614441
0.2351728230714798
0.27525171637535095
0.24229244887828827
0.30337876081466675
0.2776636481285095
0.34593552350997925
0.2666163742542267
0.3191297650337219
0.24630962312221527
0.2860270142555237
0.25116607546806335
0.26486730575561523
0.23825015127658844
0.29087644815444946
0.3033421039581299
0.25671765208244324
0.21540825068950653
0.2611699402332306
0.2704950273036957
0.32830870151519775
0.38110074400901794
0.28776806592941284
0.2267545759677887
0.21007975935935974
0.32770732045173645
0.3279367685317993
0.29504668712615967
0.250543475151062
0.31924524903297424
0.3590743839740753
0.2208794355392456
0.30679816007614136
0.2734270691871643
0.20959608256816864
0.2397056221961975
0.24393165111541748
0.31505367159843445
0.22297468781471252
0.25647786259651184
0.20098254084587097
0.27232614159584045
0.2550763487815857
0.2545609176158905
0.20282240211963654
0.49561741948127747
0.28355076909065247
0.23763449490070343
0.2576507329940796
0.27740925550460815
0.29084357619285583
0.22981779277324677
0.392223060131073
0.2214127779006958
0.28471338748931885
0.32165780663490295
0.24110078811645508
0.31541675329208374
0.2498626708984375
0.298064261674881
0.24916203320026398
0.32656657695770264
0.2946871221065521
0.31916090846061707
0.2619739770889282
0.25953832268714905
0.2960670590400696
0.3232344090938568
0.2596568465232849
0.25204408168792725
0.23814265429973602
0.3244924247264862
0.25666186213493347
0.3952702283859253
0.22391773760318756
0.3107289671897888
0.23635941743850708
0.24051973223686218
0.23279041051864624
0.22239576280117035
0.35807672142982483
0.2520690858364105
0.38403475284576416
0.2571544945240021
0.27323758602142334
0.3442445397377014
0.3248741030693054
0.23960255086421967
0.3008607029914856
0.26537561416625977
0.24347035586833954
0.22160375118255615
0.24617120623588562
0.2603245675563812
0.22159132361412048
0.2953703999519348
0.22954094409942627
0.2741685211658478
0.23253391683101654
0.26073870062828064
0.3200807571411133
0.2476154863834381
0.28951531648635864
0.26183372735977173
0.2583089768886566
0.27973777055740356
0.2608755826950073
0.23069815337657928
0.24881747364997864
0.3206338882446289
0.2713397741317749
0.2989251911640167
0.2261050045490265
0.2741566002368927
0.4305081069469452
0.2956838011741638
0.28255945444107056
0.29754188656806946
0.28742244839668274
0.22384686768054962
0.21955439448356628
0.27830663323402405
0.2969663143157959
0.28027963638305664
0.30687615275382996
0.24666570127010345
0.2538524866104126
0.25700029730796814
0.2907951772212982
0.3034132719039917
0.2673838436603546
0.21198506653308868
0.3200491964817047
0.22260180115699768
0.32497793436050415
0.29779013991355896
0.3325866460800171
0.2860985994338989
0.22349420189857483
0.2596220076084137
0.23928508162498474
0.26317065954208374
0.2544483244419098
0.23313570022583008
0.2627934515476227
0.2352210432291031
0.2746089696884155
0.24804772436618805
0.3381878137588501
0.3259391188621521
0.24738168716430664
0.30625733733177185
0.2906287908554077
0.25027018785476685
0.1994074285030365
0.28117114305496216
0.37045636773109436
0.28824594616889954
0.33142825961112976
0.3039366900920868
0.2518371045589447
0.2247740626335144
0.3049193024635315
0.24965612590312958
0.2139967828989029
0.2335050404071808
0.3488140106201172
0.2541716992855072
0.2534307837486267
0.31210091710090637
0.39194539189338684
0.34930145740509033
0.3944137692451477
0.3118515908718109
0.23538440465927124
0.21966911852359772
0.2958027124404907
0.2956434488296509
0.30061909556388855
0.24814918637275696
0.34331437945365906
0.30436989665031433
0.3432433009147644
0.23142653703689575
0.28288885951042175
0.2302732616662979
0.28214314579963684
0.19230972230434418
0.3154183030128479
0.29585355520248413
0.3359363079071045
0.3280749022960663
0.22703568637371063
0.30570685863494873
0.24671921133995056
0.2601678967475891
0.286430299282074
0.3921152949333191
0.25434473156929016
0.2967158257961273
0.26612356305122375
0.2743995487689972
0.25647035241127014
0.23317471146583557
0.3335418403148651
0.23908990621566772
0.3237118124961853
0.2886754274368286
0.30317267775535583
0.19344905018806458
0.27154529094696045
