0.37474849820137024
0.3746715188026428
0.3747410178184509
0.3747018873691559
0.37484079599380493
0.37478452920913696
0.3746653199195862
0.37467727065086365
0.3747445344924927
0.3746371865272522
0.3746529519557953
0.37469902634620667
0.37478435039520264
0.37472301721572876
0.3747028112411499
0.3746587634086609
0.3745240569114685
0.37460601329803467
0.37450170516967773
0.3746500015258789
0.3744291365146637
0.3744148910045624
0.3744058609008789
0.3743736445903778
0.3744049072265625
0.37444552779197693
0.37439221143722534
0.3743305504322052
0.3743017911911011
0.3742525577545166
0.3742339611053467
0.3740886151790619
0.37431424856185913
0.3739606440067291
0.37386828660964966
0.3738125264644623
0.3736622631549835
0.37345173954963684
0.37350302934646606
0.373492568731308
0.37338078022003174
0.3732745945453644
0.3727913200855255
0.3729047179222107
0.37254592776298523
0.3722243905067444
0.37265902757644653
0.37200599908828735
0.3718436658382416
0.37162578105926514
0.3709086775779724
0.37101107835769653
0.3705136477947235
0.3700035810470581
0.3689340353012085
0.3691176176071167
0.3679385483264923
0.3676351010799408
0.36620059609413147
0.36545833945274353
0.36398014426231384
0.3635019063949585
0.3617084324359894
0.36009588837623596
0.35942548513412476
0.35444098711013794
0.3544046878814697
0.354506254196167
0.35210686922073364
0.34712648391723633
0.3463056981563568
0.3441601097583771
0.3395940959453583
0.3261892795562744
0.3297744393348694
0.31158924102783203
0.3051941692829132
0.29067713022232056
0.2857661545276642
0.27341192960739136
0.2609187662601471
0.22216200828552246
0.19097928702831268
0.19036152958869934
0.1683930605649948
0.16948243975639343
0.1386623978614807
0.1301385760307312
0.13315820693969727
0.12699583172798157
0.12850376963615417
0.12256797403097153
0.1356704831123352
0.1143258661031723
0.12956376373767853
0.11381082236766815
0.15474869310855865
0.1578468680381775
0.13998879492282867
0.16622821986675262
0.16729901731014252
0.20020422339439392
0.19733069837093353
0.2036607712507248
0.20661143958568573
0.19947470724582672
0.24597281217575073
0.21535147726535797
0.219363734126091
0.2170637547969818
0.22835217416286469
0.2336978167295456
0.23223140835762024
0.2379470020532608
0.22144070267677307
0.22531987726688385
0.2294652760028839
0.23132409155368805
0.2359234094619751
0.21790321171283722
0.23092393577098846
0.2203715741634369
0.2078966647386551
0.2110091596841812
0.20426678657531738
0.17976656556129456
0.20157326757907867
0.2170928418636322
0.18783266842365265
0.17731782793998718
0.18278074264526367
0.18282076716423035
0.16214409470558167
0.1744624227285385
0.15533053874969482
0.15596464276313782
0.15361115336418152
0.15752549469470978
0.14801305532455444
0.12810803949832916
0.12489990890026093
0.12152012437582016
0.11935402452945709
0.11557011306285858
0.11565730720758438
0.13050474226474762
0.13481223583221436
0.1212601363658905
0.12872035801410675
0.11290419846773148
0.1105632483959198
0.10654468089342117
0.11501938849687576
0.12613610923290253
0.10628129541873932
0.13728240132331848
0.1372411847114563
0.09485593438148499
0.11252962052822113
0.1509847342967987
0.1158616840839386
0.11908170580863953
0.12050806730985641
0.14006955921649933
0.11453525722026825
0.12064924836158752
0.15026727318763733
0.1393844187259674
0.11471586674451828
0.14322084188461304
0.12356900423765182
0.14184539020061493
0.1272134780883789
0.15013441443443298
0.12421246618032455
0.16461081802845
0.14798399806022644
0.1254550963640213
0.14691261947155
0.15538863837718964
0.1503864973783493
0.16204246878623962
0.16713717579841614
0.15932442247867584
0.1560923010110855
0.13457074761390686
0.18006792664527893
0.17195414006710052
0.1628490835428238
0.15608765184879303
0.145383819937706
0.15744233131408691
0.16961272060871124
0.1554645299911499
0.1473604142665863
0.16867098212242126
0.16773590445518494
0.1514730602502823
0.15673577785491943
0.14728790521621704
0.16264969110488892
0.16279636323451996
0.16519418358802795
0.16729052364826202
0.17030054330825806
0.1710614114999771
0.18583928048610687
0.14933861792087555
0.1708880066871643
0.17149175703525543
0.17549316585063934
0.1640005260705948
0.17858102917671204
0.16541415452957153
0.15369842946529388
0.17051208019256592
0.174634650349617
0.14037398993968964
0.14935873448848724
0.17133376002311707
0.15613219141960144
0.1564532071352005
0.16026587784290314
0.13901516795158386
0.15907657146453857
0.1629050374031067
0.14331676065921783
0.1540585160255432
0.1538311392068863
0.159011110663414
0.13445676863193512
0.13758030533790588
0.13693863153457642
0.14233063161373138
0.14318428933620453
0.14126627147197723
0.13932642340660095
0.13839082419872284
0.1564209759235382
0.12869717180728912
0.14201493561267853
0.13027730584144592
0.1391679048538208
0.13865569233894348
0.12587399780750275
0.13873571157455444
0.13225126266479492
0.1246093362569809
0.12548686563968658
0.14351069927215576
0.11487477272748947
0.13965986669063568
0.1270304173231125
0.12264540791511536
0.12664218246936798
0.1272834986448288
0.15645207464694977
0.12231810390949249
0.12327133119106293
0.11896766722202301
0.12707777321338654
0.14381861686706543
0.11430622637271881
0.11529447883367538
0.12057521194219589
0.11209042370319366
0.11665625870227814
0.11832141876220703
0.11594745516777039
0.11770328879356384
0.10154227167367935
0.10471825301647186
0.12004347145557404
0.13094937801361084
0.10936105251312256
0.12190578877925873
0.11188797652721405
0.1203518882393837
0.118680439889431
0.10012223571538925
0.10996755957603455
0.10355275869369507
0.12098504602909088
0.11704665422439575
0.13774798810482025
0.12418538331985474
0.10688091814517975
0.10596747696399689
0.10625432431697845
0.11816132068634033
0.10375577211380005
0.10548625886440277
0.11146624386310577
0.11746443808078766
0.10369135439395905
0.12460331618785858
0.11628413200378418
0.12882095575332642
0.10267898440361023
0.11572615802288055
0.09590896964073181
0.10234938561916351
0.12250852584838867
0.09595057368278503
0.11985382437705994
0.10107751190662384
0.12139853835105896
0.09741242974996567
0.11333248019218445
0.11801793426275253
0.10426174849271774
0.1119605228304863
0.11310628056526184
0.11723154783248901
0.10605309903621674
0.08714990317821503
0.10566510260105133
0.11351370811462402
0.10556942224502563
0.1169811561703682
0.1022121012210846
0.10407844185829163
0.12639760971069336
0.11102992296218872
0.11246821284294128
0.10801666975021362
0.09997964650392532
0.10012836754322052
0.10563269257545471
0.1355266124010086
0.0964755192399025
0.1133391335606575
0.09563421458005905
0.11454346030950546
0.1186533123254776
0.1115347370505333
0.10100860893726349
0.11786158382892609
0.12032942473888397
0.1117352694272995
0.10559403151273727
0.11376851052045822
0.13428057730197906
0.10472001135349274
0.11579005420207977
0.10918664932250977
0.11289864778518677
0.10962158441543579
0.10005941987037659
0.10480029135942459
0.10678714513778687
0.12440402805805206
0.10268109291791916
0.12015935778617859
0.10069844871759415
0.09750958532094955
0.1059466004371643
0.11527353525161743
0.09713587909936905
0.11482958495616913
0.1278645396232605
0.10940945148468018
0.10703431069850922
0.11745990812778473
0.11202532052993774
0.09819886833429337
0.11775293946266174
0.11149444431066513
0.12136238813400269
0.11154278367757797
0.10720188915729523
0.13450871407985687
0.1098812073469162
0.1073540449142456
0.11590207368135452
0.1159759908914566
0.11310780048370361
0.15163642168045044
0.09909266233444214
0.11913260817527771
0.10538335144519806
0.11707516014575958
0.10490182042121887
0.11439646035432816
0.10798251628875732
0.11117015779018402
0.11106297373771667
0.10840027034282684
0.11850692331790924
0.10499078780412674
0.12090638279914856
0.12842784821987152
0.1138315349817276
0.09387432783842087
0.12465827167034149
0.11540594696998596
0.11348853260278702
0.10417411476373672
0.11104908585548401
0.10995922982692719
0.11645306646823883
0.11300641298294067
0.1164633259177208
0.11693108081817627
0.10740059614181519
0.12296177446842194
0.12571988999843597
0.11191210150718689
0.10447946190834045
0.11102055758237839
0.11112689971923828
0.10949897766113281
0.10433666408061981
0.10167177766561508
0.10929491370916367
0.14427173137664795
0.12216541916131973
0.11079667508602142
0.11741910874843597
0.10521338135004044
0.1201663389801979
0.11308008432388306
0.1049208790063858
0.10532663017511368
0.12422236800193787
0.10369570553302765
0.1317547857761383
0.10880047082901001
0.11260364204645157
0.11138424277305603
0.10979459434747696
0.10998055338859558
0.10256148129701614
0.10249920189380646
0.10457678884267807
0.1023973673582077
0.13047342002391815
0.11052141338586807
0.11315210163593292
0.10576382279396057
0.11140698194503784
0.11278118193149567
0.11256793141365051
0.1250031590461731
0.09755225479602814
0.10202621668577194
0.1249118447303772
0.11975304782390594
0.10579700767993927
0.1171187311410904
0.12695300579071045
0.10238449275493622
0.11271010339260101
0.11711731553077698
0.09965497255325317
0.10757732391357422
0.11992072314023972
0.12074337154626846
0.08922073245048523
0.10381560027599335
0.11230690777301788
0.09936053305864334
0.09087367355823517
0.09259393811225891
0.10458416491746902
0.1004391610622406
0.09848305583000183
0.10775148868560791
0.10180307179689407
0.10581662505865097
0.12325827777385712
0.10393399000167847
0.11901877820491791
0.11005065590143204
0.0975266620516777
0.08723486214876175
0.10078126192092896
0.10768431425094604
0.13415084779262543
0.11775203794240952
0.11388186365365982
0.09891639649868011
0.10075148940086365
0.11718964576721191
0.1081257089972496
0.11198289692401886
0.08143553137779236
0.11285261809825897
0.10835883021354675
0.10478794574737549
0.09908454865217209
0.11080605536699295
0.09402494877576828
0.08625145256519318
0.09520366787910461
0.09947812557220459
0.10643132030963898
0.10259132087230682
0.10892495512962341
0.10579326748847961
