0.18680936098098755
0.18681399524211884
0.18699058890342712
0.18692931532859802
0.1866946518421173
0.18661728501319885
0.18675729632377625
0.18621186912059784
0.18641282618045807
0.18621426820755005
0.18486912548542023
0.18428835272789001
0.18483562767505646
0.1842065453529358
0.17776167392730713
0.18126729130744934
0.17381826043128967
0.17202511429786682
0.16236421465873718
0.15687084197998047
0.13569247722625732
0.12182885408401489
0.0862617939710617
0.06612030416727066
0.10004322975873947
0.030713388696312904
0.10192400962114334
0.09308908134698868
0.15208527445793152
0.060401447117328644
0.0441131666302681
0.06421925872564316
0.15421272814273834
0.061905935406684875
0.08388562500476837
0.061789728701114655
0.06711280345916748
0.06648751348257065
0.06811569631099701
0.08777622878551483
0.07888885587453842
0.08137103915214539
0.07639679312705994
0.06253785640001297
0.09049142152070999
0.06272419542074203
0.10238137096166611
0.06406630575656891
0.09284089505672455
0.09942404925823212
0.10501740872859955
0.07994838058948517
0.060277678072452545
0.09781168401241302
0.07250973582267761
0.059512872248888016
0.0703849121928215
0.06761089712381363
0.060174450278282166
0.10347141325473785
0.06404183059930801
0.06302205473184586
0.0690944641828537
0.061027973890304565
0.07444101572036743
0.06193483993411064
0.03965778648853302
0.05871109664440155
0.04860072210431099
0.05813514441251755
0.05039964243769646
0.06142274662852287
0.09099771082401276
0.08681709319353104
0.06680803000926971
0.06362177431583405
0.06550321727991104
0.042130351066589355
0.050145987421274185
0.04891103133559227
0.05654483288526535
0.05486776679754257
0.06131821125745773
0.06318167597055435
0.04463345929980278
0.052294373512268066
0.062101155519485474
0.056759677827358246
0.07260114699602127
0.04748513922095299
0.06456419080495834
0.07414931803941727
0.061129894107580185
0.061281852424144745
0.0885913074016571
0.04212605208158493
0.06533265858888626
0.05099663510918617
0.07759646326303482
0.05356990545988083
