0.008036309853196144
0.007949051447212696
0.008046264760196209
0.00805885624140501
0.00816622655838728
0.008146585896611214
0.008117358200252056
0.008084860630333424
0.008116296492516994
0.008085250854492188
0.008176491595804691
0.00810676347464323
0.008248950354754925
0.008199448697268963
0.008226959966123104
0.008161635138094425
0.00811869464814663
0.008222725242376328
0.008113904856145382
0.008242420852184296
0.008105019107460976
0.00817004032433033
0.008144319988787174
0.008122274652123451
0.008135160431265831
0.008204805664718151
0.008272708393633366
0.008183958008885384
0.008250311017036438
0.008243132382631302
0.008252968080341816
0.008164620026946068
0.008357352577149868
0.008116970770061016
0.008146836422383785
0.00821277778595686
0.008111480623483658
0.008051063865423203
0.00814711395651102
0.008061055094003677
0.008153388276696205
0.008113008923828602
0.008068537339568138
0.008130330592393875
0.00807094480842352
0.008016991429030895
0.008126755245029926
0.008151119574904442
0.008071912452578545
0.00808504968881607
0.007997938431799412
0.007977638393640518
0.007993427105247974
0.007968718186020851
0.007905350998044014
0.007987938821315765
0.007953234948217869
0.007894746959209442
0.007953852415084839
0.007924309000372887
0.007922124117612839
0.007872802205383778
0.007855811156332493
0.007850750349462032
0.007865943014621735
0.00786591973155737
0.007804707624018192
0.007867409847676754
0.007816635072231293
0.0078106895089149475
0.007821300067007542
0.007800683844834566
0.007837400771677494
0.0078050983138382435
0.00779418321326375
0.007792218122631311
0.007801716215908527
0.007804118096828461
0.007811393588781357
0.007776436395943165
0.007780789397656918
0.00778277637436986
0.007794566452503204
0.007847986184060574
0.0077643077820539474
0.007817977108061314
0.007734101265668869
0.007788875140249729
0.007738696411252022
0.007750225253403187
0.007892893627285957
0.00777113763615489
0.007786118425428867
0.007794147823005915
0.007737071253359318
0.007748340256512165
0.007857246324419975
0.007768268696963787
0.00776226632297039
0.007793095428496599
0.0077798133715987206
0.007832194678485394
0.007841205224394798
0.0077524008229374886
0.0077543663792312145
0.007743425201624632
0.00781120453029871
0.007750348187983036
0.007767179980874062
0.007762075401842594
0.007776725571602583
0.0077999047935009
0.007779059465974569
0.007755734492093325
0.007755246479064226
0.007740494795143604
0.007730700541287661
0.0077393921092152596
0.0077385008335113525
0.00773377250880003
0.007755208294838667
0.007762604858726263
0.007763382978737354
0.007745146751403809
0.0077531347051262856
0.0077567254193127155
0.00774728786200285
0.007752782199531794
0.007726105395704508
0.007726151496171951
0.007705161347985268
0.007705582771450281
0.0077393255196511745
0.0077165341936051846
0.007690871134400368
0.007717560976743698
0.007757966872304678
0.007734405342489481
0.007739613763988018
0.007742476649582386
0.007698898669332266
0.007699694950133562
0.007721816189587116
0.0076981196179986
0.007669048383831978
0.007675703149288893
0.0076733846217393875
0.007724949158728123
0.007689019665122032
0.0076877279207110405
0.007677438203245401
0.007671847008168697
0.0076728519052267075
0.007673871237784624
0.007649603765457869
0.007664100732654333
0.0076592047698795795
0.007660966366529465
0.007714944891631603
0.007673381362110376
0.007663160562515259
0.0076628620736300945
0.007641378790140152
0.007645753677934408
0.007626570761203766
0.007641193922609091
0.0076538873836398125
0.0076628923416137695
0.0076493569649755955
0.007667190860956907
0.007650878746062517
0.00764754693955183
0.007649179548025131
0.007630376610904932
0.007640596479177475
0.007648538798093796
0.007668922655284405
0.007643284276127815
0.0076797837391495705
0.007680489215999842
0.007649208419024944
0.0076593984849750996
0.0076315635815262794
0.00768548808991909
0.007645566947758198
0.0076302033849060535
0.007676603738218546
0.007633412256836891
0.0076330131851136684
0.007620231248438358
0.00763744255527854
0.007632422260940075
0.007638754788786173
0.007612667512148619
0.007619329262524843
0.0076201497577130795
0.007616276852786541
0.007601730991154909
0.007608586922287941
0.007609903812408447
0.0076155331917107105
0.007631730288267136
0.007610000669956207
0.007623632438480854
0.007637572009116411
0.007618246134370565
0.007614353206008673
0.007670105900615454
0.007606299594044685
0.007613514084368944
0.007602795492857695
0.007608072832226753
0.0076062954030931
0.007601909339427948
0.007593970745801926
0.007629763800650835
0.007600534241646528
0.007583965547382832
0.007625570986419916
0.007614144589751959
0.0075971647165715694
0.007592010777443647
0.007586272899061441
0.007580030243843794
0.0075905174016952515
0.007649716455489397
0.007593058981001377
0.007579303812235594
0.007591537199914455
0.007598696742206812
0.00758463516831398
0.007580004632472992
0.007596731651574373
0.007583873346447945
0.007587939966470003
0.007579884026199579
0.0075827185064554214
0.0075836339965462685
0.007581665180623531
0.007578761782497168
0.007584947627037764
0.00758647546172142
0.007580606732517481
0.007583772763609886
0.007581120822578669
0.0075910501182079315
0.007574446499347687
0.007588902022689581
0.0075713410042226315
0.007575061172246933
0.007574763614684343
0.007572069298475981
0.007563908118754625
0.0075792912393808365
0.007574890274554491
0.0075708418153226376
0.0075758532620966434
0.007568801287561655
0.0075767976231873035
0.007595624774694443
0.007573404815047979
0.007572492118924856
0.007570598740130663
0.007580435369163752
0.007569475565105677
0.007569020614027977
0.007585871033370495
0.007561577018350363
0.007555090356618166
0.0075616128742694855
0.007556180004030466
0.007562571670860052
0.007553768809884787
0.007553759962320328
0.007557524833828211
0.007560815196484327
0.007555903401225805
0.007556728553026915
0.007555587217211723
0.0075497799552977085
0.0075578149408102036
0.007549488451331854
0.007555228658020496
0.007557797711342573
0.007565900217741728
0.007563476916402578
0.0075475117191672325
0.0075513506308197975
0.007546995300799608
0.007558276876807213
0.007557170931249857
0.007551876362413168
0.007538958452641964
0.007551097311079502
0.007551098242402077
0.007560437545180321
0.0075420206412673
0.007555208168923855
0.0075472681783139706
0.007554451934993267
0.00754214683547616
0.007548189722001553
0.007548581343144178
0.00754246162250638
0.007548338733613491
0.007542353123426437
0.007536765653640032
0.007546720094978809
0.007535579614341259
0.007540830876678228
0.007535975426435471
0.007538758683949709
0.007542998529970646
0.00754347862675786
0.007542371284216642
0.007540575694292784
0.007541322614997625
0.007534765638411045
0.007536719087511301
0.007537015248090029
0.007535985205322504
0.007538679987192154
0.007548185531049967
0.007533824071288109
0.007532238960266113
0.0075307246297597885
0.007529695983976126
0.007531645707786083
0.0075333802960813046
0.007534022908657789
0.00752964848652482
0.007533908821642399
0.00752829248085618
0.00753113953396678
0.007535974960774183
0.007532510906457901
0.007528454065322876
0.00752795347943902
0.0075304158963263035
0.007534284144639969
0.007527883164584637
0.007530418690294027
0.007527746260166168
0.007524561136960983
0.007527688052505255
0.007528085261583328
0.007529022172093391
0.007529810070991516
0.0075258174911141396
0.0075242603197693825
0.007524937856942415
0.007527927868068218
0.007525748107582331
0.0075371782295405865
0.007524398621171713
0.007521865423768759
0.007523834239691496
0.007526598405092955
0.007522408850491047
0.007522595580667257
0.007524228189140558
0.00752159021794796
0.007520268205553293
0.007521511055529118
0.007520592305809259
0.0075207860209047794
0.007527371868491173
0.007519221864640713
0.007519504986703396
0.007518585305660963
0.007518656551837921
0.007522045634686947
0.007521079853177071
0.007517887745052576
0.007520374376326799
0.007517429068684578
0.007517691235989332
0.007518060505390167
0.0075177280232310295
0.007518226280808449
0.007516235578805208
0.0075186933390796185
0.007515979465097189
0.007516311481595039
0.007516336161643267
0.007516342680901289
0.007515390403568745
0.007518981583416462
0.007518853060901165
0.007513986434787512
0.00751885212957859
0.0075187343172729015
0.007515470031648874
0.007518332451581955
0.007517807651311159
0.007516562473028898
0.007515417877584696
0.007512804586440325
0.00751394173130393
0.007514587603509426
0.007512684911489487
0.00751325860619545
0.00751644279807806
0.007513083517551422
0.0075119901448488235
0.00751403858885169
0.007513039745390415
0.007512853946536779
0.007511622738093138
0.007511272095143795
0.007514738477766514
0.00751279154792428
0.00750976474955678
0.007511227857321501
0.007511036470532417
0.007514968980103731
0.007514741271734238
0.007511393167078495
0.007513247895985842
0.0075102741830050945
0.007511478383094072
0.007512001786381006
0.007509966380894184
0.0075104450806975365
0.0075107477605342865
0.0075099109672009945
0.007511581759899855
0.007511691190302372
0.007509269285947084
0.007515059784054756
0.007509629242122173
0.0075102620758116245
0.007509326096624136
0.0075096250511705875
0.007510089781135321
0.007507159374654293
0.007508860435336828
0.007507001515477896
0.007508716080337763
0.007508950773626566
0.007509270682930946
0.007508120033890009
0.0075074899941682816
0.007508718874305487
0.0075093419291079044
0.007507950067520142
0.007507764734327793
0.007508094888180494
0.007508342619985342
0.007508786860853434
0.007508811075240374
0.00750774098560214
0.007507838308811188
0.007508129812777042
0.0075068785808980465
0.007507843431085348
0.0075075021013617516
0.007507205009460449
0.007506438530981541
0.007506775204092264
0.007506531197577715
0.007505898829549551
0.007506727706640959
0.0075065456330776215
0.0075062173418700695
0.007506671827286482
0.007505109533667564
0.007506592199206352
0.007506402209401131
0.0075069875456392765
0.007508355658501387
0.0075064729899168015
0.00750577962026
0.007505984976887703
0.007505638059228659
0.007505394984036684
0.0075061204843223095
0.007505850400775671
0.007505940739065409
0.007506551221013069
0.007505542133003473
0.007505522109568119
0.007505155634135008
0.007505255751311779
0.007505308836698532
0.007505119778215885
0.007504345383495092
0.0075044478289783
0.007504601031541824
0.007505354471504688
0.007504616864025593
0.00750463642179966
0.00750489067286253
0.0075044091790914536
0.007504564244300127
0.007504190783947706
0.007504876237362623
0.007503926288336515
0.007504541892558336
0.007504742126911879
