0.06265111267566681
0.06256867945194244
0.06265231966972351
0.06263992190361023
0.06276287138462067
0.06272683292627335
0.06265370547771454
0.06264448165893555
0.06269492208957672
0.06262852996587753
0.06268563121557236
0.06267361342906952
0.06279167532920837
0.06273932754993439
0.06274756789207458
0.06269657611846924
0.06261485069990158
0.0627145916223526
0.0626121535897255
0.06275452673435211
0.06258802115917206
0.06262516975402832
0.06261280924081802
0.06259696185588837
0.06262245774269104
0.06269194930791855
0.06271806359291077
0.06265443563461304
0.06270571798086166
0.06268608570098877
0.0627121552824974
0.06260667741298676
0.06283707171678543
0.06256043910980225
0.06256914138793945
0.06262264400720596
0.06251537054777145
0.062416672706604004
0.06254801154136658
0.06250389665365219
0.06257957965135574
0.0625312477350235
0.06239660084247589
0.06252360343933105
0.062394555658102036
0.06231473386287689
0.06256949156522751
0.062493398785591125
0.062435392290353775
0.06241505593061447
0.06222129240632057
0.06227424740791321
0.06224194914102554
0.062160901725292206
0.06197488307952881
0.062175359576940536
0.06199997663497925
0.061921801418066025
0.06185975670814514
0.06172412261366844
0.061637066304683685
0.06156912073493004
0.06143978238105774
0.06130938231945038
0.061391353607177734
0.06087081879377365
0.06099782511591911
0.061169251799583435
0.061001792550086975
0.060529787093400955
0.06062737852334976
0.06068702042102814
0.060559000819921494
0.059588417410850525
0.059986989945173264
0.05896671116352081
0.05891729146242142
0.0584518201649189
0.058462224900722504
0.058148838579654694
0.057495925575494766
0.05642041563987732
0.0547495037317276
0.05537685751914978
0.05377385392785072
0.05455224961042404
0.0529448427259922
0.05076749995350838
0.05346198379993439
0.05094347521662712
0.04865213483572006
0.04698517546057701
0.04488525539636612
0.0415983721613884
0.03939324617385864
0.03314679488539696
0.03800839185714722
0.03687812760472298
0.02810041233897209
0.031872257590293884
0.030235465615987778
0.04359874874353409
0.04168963432312012
0.042291492223739624
0.04514770209789276
0.03462628275156021
0.07980647683143616
0.04832771047949791
0.036591771990060806
0.051712386310100555
0.05672909691929817
0.05841806158423424
0.053874120116233826
0.05302312970161438
0.050450634211301804
0.04846746847033501
0.04231443628668785
0.04896404221653938
0.06226951628923416
0.047597870230674744
0.04846164584159851
0.04152550548315048
0.03238815441727638
0.040741123259067535
0.03232090175151825
0.029354602098464966
0.03731019049882889
0.04199056699872017
0.030700329691171646
0.030556388199329376
0.0329233855009079
0.03063790500164032
0.027572112157940865
0.03286619856953621
0.029865384101867676
0.026273980736732483
0.03107905015349388
0.03477243334054947
0.034636225551366806
0.03233882784843445
0.03495437651872635
0.03079749271273613
0.03385863080620766
0.0332719087600708
0.033386219292879105
0.03646327555179596
0.0406450480222702
0.038197778165340424
0.04067732021212578
0.03926817327737808
0.04128723591566086
0.03865063935518265
0.04101979359984398
0.04344674572348595
0.03920375183224678
0.04578900337219238
0.04619017243385315
0.042290713638067245
0.04466941952705383
0.04867305979132652
0.04462094604969025
0.04589110612869263
0.04582931846380234
0.04546738788485527
0.04549933224916458
0.0449095219373703
0.04681060463190079
0.043785594403743744
0.04624098911881447
0.046290282160043716
0.04638912156224251
0.046865299344062805
0.04801294952630997
0.044927384704351425
0.045357272028923035
0.046304069459438324
0.044675491750240326
0.04302218556404114
0.04732871800661087
0.045990388840436935
0.045849647372961044
0.04408117011189461
0.0478726327419281
0.045446183532476425
0.04757070541381836
0.04166775941848755
0.04844522476196289
0.04514770954847336
0.04426642879843712
0.04363769292831421
0.04071350768208504
0.045593954622745514
0.04508037120103836
0.04266514629125595
0.04099512845277786
0.04358542710542679
0.043723464012145996
0.04024891182780266
0.03925587236881256
0.040356848388910294
0.04186099395155907
0.041648853570222855
0.03962637484073639
0.04027514159679413
0.039104074239730835
0.038961801677942276
0.04199157655239105
0.037483587861061096
0.04007350653409958
0.03994071111083031
0.03985501453280449
0.03580222278833389
0.04095200076699257
0.036125682294368744
0.0337623730301857
0.041156329214572906
0.03916286677122116
0.033761706203222275
0.03160419315099716
0.03570399433374405
0.032844435423612595
0.032694749534130096
0.03439190238714218
0.03217434883117676
0.03418618440628052
0.03507830575108528
0.03159385919570923
0.03292229026556015
0.030775578692555428
0.03411366418004036
0.030035963281989098
0.028972510248422623
0.03031962364912033
0.029732462018728256
0.032130077481269836
0.028703264892101288
0.03138132393360138
0.026485439389944077
0.03525983542203903
0.02745998091995716
0.030637230724096298
0.029562853276729584
0.030273843556642532
0.03024773672223091
0.027657050639390945
0.029527761042118073
0.030641702935099602
0.028575614094734192
0.029922693967819214
0.031298212707042694
0.025974269956350327
0.02868262678384781
0.028309520334005356
0.029285145923495293
0.029475416988134384
0.025721004232764244
0.033235277980566025
0.02636055462062359
0.029634159058332443
0.026267893612384796
0.03199566900730133
0.03791572153568268
0.030675269663333893
0.027615433558821678
0.031479936093091965
0.02720453403890133
0.029889997094869614
0.031104058027267456
0.025246841832995415
0.026795921847224236
0.026986945420503616
0.026522204279899597
0.02917608618736267
0.035389889031648636
0.028443653136491776
0.028920253738760948
0.026997454464435577
0.02903006225824356
0.02847747877240181
0.02192096784710884
0.02664952352643013
0.029642213135957718
0.02795940637588501
0.02894578129053116
0.04325781390070915
0.033912502229213715
0.029325034469366074
0.02837786078453064
0.024103455245494843
0.03794346749782562
0.023437712341547012
0.028008602559566498
0.028260929509997368
0.02990727312862873
0.02995641529560089
0.03242422267794609
0.031095832586288452
0.03710363432765007
0.027126174420118332
0.03175618499517441
0.026036348193883896
0.02688266709446907
0.03418377414345741
0.02410576306283474
0.032100096344947815
0.025341948494315147
0.036813706159591675
0.02693835459649563
0.036679934710264206
0.034355200827121735
0.02640785276889801
0.027642052620649338
0.02767937257885933
0.03520822152495384
0.0337258018553257
0.018649229779839516
0.028567854315042496
0.02939625084400177
0.02502657286822796
0.03167916461825371
0.02729993686079979
0.026517527177929878
0.03286407142877579
0.031334079802036285
0.029249481856822968
0.029840871691703796
0.024601880460977554
0.029231660068035126
0.02693534642457962
0.03404751420021057
0.023487703874707222
0.03294426202774048
0.02079171873629093
0.031556423753499985
0.03281751275062561
0.030475877225399017
0.025868291035294533
0.031709223985672
0.031317099928855896
0.029230564832687378
0.0239223912358284
0.030430998653173447
0.0357813723385334
0.03057144209742546
0.03196702152490616
0.027267681434750557
0.027876414358615875
0.028607312589883804
0.021138738840818405
0.02855881117284298
0.024497779086232185
0.032237179577350616
0.02519224025309086
0.030343614518642426
0.02256017178297043
0.024431400001049042
0.02512037567794323
0.02568204328417778
0.022122204303741455
0.029857566580176353
0.03101390227675438
0.025466671213507652
0.023969344794750214
0.03242287412285805
0.028289321810007095
0.020869072526693344
0.033506233245134354
0.02333866059780121
0.028734814375638962
0.02897856943309307
0.022277209907770157
0.02967166155576706
0.021541789174079895
0.0232021976262331
0.027470029890537262
0.02737622894346714
0.026174066588282585
0.04344435781240463
0.02160685509443283
0.029276825487613678
0.022549333050847054
0.03136875480413437
0.022858280688524246
0.026157096028327942
0.023753397166728973
0.02541731670498848
0.022838905453681946
0.022361155599355698
0.02738037146627903
0.022227682173252106
0.02703094482421875
0.03304716572165489
0.02669825777411461
0.02025681361556053
0.02496713027358055
0.02568415179848671
0.023271966725587845
0.021519675850868225
0.020418504253029823
0.024907533079385757
0.02578132227063179
0.0234974455088377
0.027108212932944298
0.022127222269773483
0.0199431125074625
0.027972199022769928
0.02756192907691002
0.022182486951351166
0.025577936321496964
0.02387993410229683
0.020070046186447144
0.022317340597510338
0.022020472213625908
0.02021779492497444
0.023044079542160034
0.032496377825737
0.026603255420923233
0.023140525445342064
0.025938939303159714
0.021537497639656067
0.028211217373609543
0.02489520236849785
0.023712318390607834
0.02078927494585514
0.026277687400579453
0.02183307707309723
0.030743759125471115
0.0250413715839386
0.02390448935329914
0.024008985608816147
0.024086816236376762
0.024779316037893295
0.020689819008111954
0.024264605715870857
0.022174272686243057
0.02100013941526413
0.03125450760126114
0.025978993624448776
0.022694062441587448
0.021475952118635178
0.02118828147649765
0.023736387491226196
0.024164237082004547
0.025504998862743378
0.020683851093053818
0.022477269172668457
0.03185725584626198
0.027114521712064743
0.022836672142148018
0.026216886937618256
0.02931404486298561
0.023061096668243408
0.025383800268173218
0.02556435950100422
0.020559873431921005
0.02608928084373474
0.026175644248723984
0.028667153790593147
0.018947262316942215
0.023275790736079216
0.026384547352790833
0.021063558757305145
0.019481301307678223
0.022054575383663177
0.022129826247692108
0.02170039713382721
0.02007979340851307
0.026216354221105576
0.023068688809871674
0.024005476385354996
0.027498342096805573
0.023954296484589577
0.02657870389521122
0.027448449283838272
0.02504187449812889
0.021043889224529266
0.022235801443457603
0.024331510066986084
0.03382232040166855
0.024687528610229492
0.026382222771644592
0.025877494364976883
0.023291971534490585
0.02750030718743801
0.024272453039884567
0.02772948518395424
0.019033517688512802
0.02659948728978634
0.024200627580285072
0.02241283468902111
0.02374613657593727
0.028519345447421074
0.021187931299209595
0.021378615871071815
0.02085232175886631
0.02387993410229683
0.025522280484437943
0.023732781410217285
0.024557407945394516
0.02641545608639717
