0.49974867701530457
0.49967119097709656
0.4997408092021942
0.4997027814388275
0.49984070658683777
0.49978503584861755
0.49966466426849365
0.49967631697654724
0.49974462389945984
0.49963751435279846
0.499654084444046
0.49969878792762756
0.4997847378253937
0.49972352385520935
0.4997032582759857
0.49965912103652954
0.4995243549346924
0.49960577487945557
0.49950122833251953
0.49964967370033264
0.49942898750305176
0.4994150400161743
0.49940648674964905
0.4993734359741211
0.49940526485443115
0.4994461238384247
0.499392032623291
0.4993310570716858
0.49930083751678467
0.4992521107196808
0.49923446774482727
0.4990885257720947
0.49931469559669495
0.4989608824253082
0.49886852502822876
0.4988126754760742
0.49866196513175964
0.49845021963119507
0.49850302934646606
0.4984917640686035
0.49838072061538696
0.49827489256858826
0.4977909326553345
0.49790501594543457
0.49754559993743896
0.49722498655319214
0.49765878915786743
0.49700650572776794
0.4968441128730774
0.49662595987319946
0.4959082305431366
0.4960109293460846
0.4955138564109802
0.49500399827957153
0.4939338266849518
0.4941178560256958
0.492937833070755
0.4926357865333557
0.4912004768848419
0.49045872688293457
0.4889795780181885
0.4885025918483734
0.486707866191864
0.4850960671901703
0.48442575335502625
0.4794410467147827
0.4794045686721802
0.4795054495334625
0.4771071672439575
0.472126841545105
0.4713056981563568
0.46915990114212036
0.46459463238716125
0.4511898458003998
0.4547739028930664
0.43658822774887085
0.43019339442253113
0.41567760705947876
0.4107661545276642
0.39841172099113464
0.38585367798805237
0.3470129370689392
0.3140198886394501
0.3096872568130493
0.2764442265033722
0.2742779552936554
0.2304689586162567
0.20533476769924164
0.2113509178161621
0.19523227214813232
0.192702978849411
0.18954327702522278
0.20096302032470703
0.18152756989002228
0.20281875133514404
0.1924339234828949
0.2462695688009262
0.2602769732475281
0.24632160365581512
0.2753971219062805
0.28310054540634155
0.31717649102211
0.3138243556022644
0.32227712869644165
0.3231145441532135
0.3168126940727234
0.36505603790283203
0.3315226137638092
0.3345657289028168
0.33078789710998535
0.3428820073604584
0.34708964824676514
0.3432629704475403
0.34928616881370544
0.3303010165691376
0.3340514898300171
0.33864742517471313
0.33963093161582947
0.34516391158103943
0.3240111768245697
0.3398626446723938
0.3264574706554413
0.3131313920021057
0.31733620166778564
0.30778780579566956
0.28011754155158997
0.30156391859054565
0.32331183552742004
0.2898533344268799
0.27901411056518555
0.28461283445358276
0.28545910120010376
0.2578674256801605
0.2747534215450287
0.24770841002464294
0.25176799297332764
0.2511301636695862
0.25420019030570984
0.24280935525894165
0.21475906670093536
0.20971781015396118
0.21064580976963043
0.20499052107334137
0.19729314744472504
0.19961443543434143
0.21725530922412872
0.2321764975786209
0.2070094794034958
0.21351897716522217
0.19824708998203278
0.20088858902454376
0.18955658376216888
0.19918197393417358
0.21503761410713196
0.2027198225259781
0.23384468257427216
0.23392020165920258
0.1774272322654724
0.19807592034339905
0.2566893994808197
0.2086912840604782
0.21251462399959564
0.21586045622825623
0.24606376886367798
0.2082623839378357
0.2215900719165802
0.25057464838027954
0.23597444593906403
0.20906686782836914
0.25087520480155945
0.22718976438045502
0.2422523945569992
0.23218441009521484
0.261239230632782
0.225987508893013
0.27299964427948
0.24900071322917938
0.2188035249710083
0.25194108486175537
0.25070473551750183
0.2586274743080139
0.2618671953678131
0.26754918694496155
0.26244765520095825
0.258806049823761
0.22862815856933594
0.28062132000923157
0.27346134185791016
0.2611674666404724
0.2575014531612396
0.23755039274692535
0.2562989294528961
0.26929259300231934
0.24778063595294952
0.23583437502384186
0.26385506987571716
0.2635854482650757
0.23889435827732086
0.24470467865467072
0.23499155044555664
0.25612011551856995
0.25686824321746826
0.25684696435928345
0.2597369849681854
0.25974035263061523
0.25979170203208923
0.2781868577003479
0.23420751094818115
0.26868540048599243
0.25826552510261536
0.26407909393310547
0.2511562705039978
0.2625717222690582
0.25368478894233704
0.23755134642124176
0.25677216053009033
0.2596348226070404
0.22854256629943848
0.2309480905532837
0.256621390581131
0.23692066967487335
0.24046148359775543
0.24677518010139465
0.21845433115959167
0.24158868193626404
0.24991273880004883
0.2232530117034912
0.23565223813056946
0.2388841211795807
0.2443617582321167
0.21085773408412933
0.2238367795944214
0.2149982899427414
0.22706174850463867
0.23454037308692932
0.22672182321548462
0.21556127071380615
0.22582626342773438
0.24381345510482788
0.21467983722686768
0.22416990995407104
0.2165290266275406
0.22432880103588104
0.22367733716964722
0.21187955141067505
0.22518250346183777
0.2207200825214386
0.2123718559741974
0.2081030309200287
0.23763905465602875
0.19621697068214417
0.23528599739074707
0.2136000245809555
0.20617637038230896
0.20814277231693268
0.21363690495491028
0.2531665563583374
0.21194028854370117
0.2092534899711609
0.21362139284610748
0.21402165293693542
0.2361333966255188
0.20131029188632965
0.20282888412475586
0.20962730050086975
0.19771622121334076
0.21836116909980774
0.19989706575870514
0.2045801430940628
0.20703160762786865
0.18789926171302795
0.19002674520015717
0.1983097493648529
0.22576181590557098
0.19391632080078125
0.21338436007499695
0.202340766787529
0.20961925387382507
0.20721831917762756
0.19414816796779633
0.1982618272304535
0.19953368604183197
0.20900049805641174
0.2105228751897812
0.23022526502609253
0.21354837715625763
0.20244170725345612
0.19566260278224945
0.19436345994472504
0.21295800805091858
0.19460636377334595
0.19172699749469757
0.198833167552948
0.21111278235912323
0.19052833318710327
0.20784005522727966
0.20312339067459106
0.22211924195289612
0.18832087516784668
0.20526158809661865
0.17969416081905365
0.1854344606399536
0.21081092953681946
0.17774271965026855
0.20819304883480072
0.19049367308616638
0.21352946758270264
0.18830041587352753
0.20061513781547546
0.20891991257667542
0.18818487226963043
0.2060004323720932
0.20423853397369385
0.20584511756896973
0.19519665837287903
0.17300522327423096
0.19269077479839325
0.19578403234481812
0.18556320667266846
0.19885006546974182
0.18932068347930908
0.181922048330307
0.21421962976455688
0.20082759857177734
0.19053171575069427
0.1930065006017685
0.1819121539592743
0.18562500178813934
0.1865256130695343
0.2216922640800476
0.1784961223602295
0.19877362251281738
0.17687192559242249
0.19850102066993713
0.2031509429216385
0.2040800154209137
0.18370525538921356
0.20077694952487946
0.20700713992118835
0.19887134432792664
0.18622414767742157
0.19982145726680756
0.2334980070590973
0.18372653424739838
0.19305364787578583
0.1889963150024414
0.19537237286567688
0.194724902510643
0.1775786280632019
0.18958011269569397
0.18485835194587708
0.2090219110250473
0.1807001680135727
0.2103445827960968
0.18224644660949707
0.17528356611728668
0.18600384891033173
0.19533440470695496
0.18332144618034363
0.1966698318719864
0.21091163158416748
0.19126072525978088
0.18132993578910828
0.1979265660047531
0.19490277767181396
0.17910706996917725
0.19922587275505066
0.1915336549282074
0.21437393128871918
0.19191540777683258
0.18385276198387146
0.2202519178390503
0.1895349770784378
0.18831029534339905
0.19867539405822754
0.19479571282863617
0.19273638725280762
0.2454836070537567
0.17259182035923004
0.1950508952140808
0.18147362768650055
0.20391401648521423
0.18258604407310486
0.1928296983242035
0.18954023718833923
0.1869000941514969
0.1902356594800949
0.19042880833148956
0.19809430837631226
0.17604640126228333
0.2048443853855133
0.21245022118091583
0.18928878009319305
0.171122208237648
0.19382144510746002
0.19861309230327606
0.19975389540195465
0.17592594027519226
0.1908164620399475
0.18668752908706665
0.19767355918884277
0.19960257411003113
0.19577158987522125
0.19666321575641632
0.18669292330741882
0.1990574300289154
0.2106369435787201
0.18871068954467773
0.1786942183971405
0.19265231490135193
0.18556904792785645
0.1934223175048828
0.17521333694458008
0.17458732426166534
0.18104176223278046
0.23294219374656677
0.20738263428211212
0.18749728798866272
0.19150787591934204
0.17677098512649536
0.2053244709968567
0.18866482377052307
0.17740459740161896
0.18580980598926544
0.1955348253250122
0.18463832139968872
0.21302911639213562
0.18000513315200806
0.1994621902704239
0.18341924250125885
0.18689675629138947
0.18424484133720398
0.18103143572807312
0.17661355435848236
0.18173784017562866
0.18489545583724976
0.21811339259147644
0.19348791241645813
0.1918313056230545
0.1833791434764862
0.1841379553079605
0.1943846493959427
0.19507671892642975
0.2188178300857544
0.1743222177028656
0.18533748388290405
0.2278243899345398
0.21206697821617126
0.18529899418354034
0.19407035410404205
0.20349858701229095
0.17404142022132874
0.19145338237285614
0.1953912377357483
0.16969618201255798
0.18470317125320435
0.20818808674812317
0.19899532198905945
0.16211965680122375
0.17749416828155518
0.19543325901031494
0.17390289902687073
0.15765362977981567
0.16485947370529175
0.19360759854316711
0.17333607375621796
0.16851429641246796
0.18350952863693237
0.17361100018024445
0.18146726489067078
0.2022908329963684
0.18594315648078918
0.1989859789609909
0.18852591514587402
0.1772318333387375
0.15834654867649078
0.17731748521327972
0.1802293211221695
0.22504922747612
0.20462566614151
0.20184016227722168
0.17132458090782166
0.1782654970884323
0.19881463050842285
0.18698182702064514
0.19745856523513794
0.1589708924293518
0.19437015056610107
0.18534207344055176
0.1800653338432312
0.1711386889219284
0.19997847080230713
0.16794025897979736
0.15822623670101166
0.16822923719882965
0.17972323298454285
0.1902751326560974
0.18182064592838287
0.1883859932422638
0.18569719791412354
