0.25022092461586
0.2501472234725952
0.25025925040245056
0.2501929998397827
0.2497572898864746
0.24965882301330566
0.24922150373458862
0.24771976470947266
0.2464998960494995
0.24896641075611115
0.23199377954006195
0.214355930685997
0.18590906262397766
0.1459762454032898
0.23333609104156494
0.29437845945358276
0.23625905811786652
0.24054951965808868
0.24531041085720062
0.24477778375148773
0.24578072130680084
0.2432955503463745
0.2507181465625763
0.2509985566139221
0.24845877289772034
0.2488597333431244
0.2494681030511856
0.26114621758461
0.2457621842622757
0.24483637511730194
0.2430821657180786
0.2516465187072754
0.24860630929470062
0.2456148862838745
0.2504047155380249
0.25593286752700806
0.2546069324016571
0.2565728425979614
0.2501537799835205
0.2470661699771881
0.2484099566936493
0.24786347150802612
0.24926680326461792
0.2516394257545471
0.24527865648269653
0.24777230620384216
0.25096943974494934
0.250261515378952
0.2508782744407654
0.2521260380744934
0.24570238590240479
0.24985802173614502
0.25395479798316956
0.2553132474422455
0.2504434585571289
0.24877402186393738
0.24838298559188843
0.24703145027160645
0.25006020069122314
0.25261181592941284
0.24569609761238098
0.24990002810955048
0.24858924746513367
0.2496272772550583
0.2493460476398468
0.2495862990617752
0.25007393956184387
0.2530148923397064
0.2512478530406952
0.254744291305542
0.2486744523048401
0.2497711479663849
0.25383204221725464
0.24676412343978882
0.2452685832977295
0.2488701045513153
0.2535684406757355
0.2460159957408905
0.24941417574882507
0.251615434885025
0.24852879345417023
0.25014862418174744
0.2472294270992279
0.24875929951667786
0.24784517288208008
0.25898540019989014
0.24782514572143555
0.24810677766799927
0.24928545951843262
0.24703633785247803
0.25045207142829895
0.2450532466173172
0.2511909306049347
0.25776195526123047
0.24678345024585724
0.24755604565143585
0.24709486961364746
0.25163567066192627
0.25385868549346924
0.24831807613372803
0.2524402439594269
0.24986183643341064
0.25636714696884155
0.24828983843326569
0.2484891265630722
0.24589024484157562
0.249924898147583
0.2531634271144867
0.25154542922973633
0.25003257393836975
0.24794666469097137
0.2512587010860443
0.2494567483663559
0.24520722031593323
0.248739555478096
0.24979303777217865
0.247686967253685
0.25064951181411743
0.2449367791414261
0.24839811027050018
0.25643640756607056
0.25305771827697754
0.2559201121330261
0.2509704828262329
0.24786332249641418
0.2515782117843628
0.2463303655385971
0.25138944387435913
0.24821928143501282
0.2545793056488037
0.25203558802604675
0.25099438428878784
0.24960319697856903
0.24751658737659454
0.25113964080810547
0.2493952363729477
0.24921178817749023
0.25049009919166565
0.252429723739624
0.24961774051189423
0.24496418237686157
0.24738389253616333
0.24896419048309326
0.24931462109088898
0.24619852006435394
0.24976125359535217
0.2477891445159912
0.24967993795871735
0.24949805438518524
0.2534041702747345
0.24971051514148712
0.2583563029766083
0.2461549937725067
0.24600207805633545
0.24880832433700562
0.24928943812847137
0.25813010334968567
0.2628838121891022
0.25082698464393616
0.24729792773723602
0.24774274230003357
0.24832683801651
0.24769772589206696
0.2459702342748642
0.24970285594463348
0.2561001181602478
0.250515341758728
0.2498418092727661
0.2521333396434784
0.25285598635673523
0.24761158227920532
0.24876929819583893
0.24751636385917664
0.25295940041542053
0.25209757685661316
0.2500714659690857
0.24706557393074036
0.2503018081188202
0.24787865579128265
0.24674838781356812
0.24600595235824585
0.2525942325592041
0.24778984487056732
0.2506798505783081
0.25288376212120056
0.2476702481508255
0.2501467168331146
0.24788235127925873
0.24748384952545166
0.2466299831867218
0.2467997670173645
0.2507604658603668
0.2501116394996643
0.24839864671230316
0.2474077343940735
0.24862965941429138
0.24617983400821686
0.24694612622261047
0.24724358320236206
0.24863913655281067
0.2569812536239624
0.24819324910640717
0.2519591152667999
0.2522454857826233
0.2528720200061798
0.2446359544992447
0.25180864334106445
0.25066065788269043
0.24442867934703827
0.24845977127552032
0.24942290782928467
0.2483339160680771
0.2553672194480896
0.24724453687667847
0.24998949468135834
0.2493525594472885
0.24662849307060242
0.2510872185230255
0.24746784567832947
0.2513451874256134
0.2528553307056427
0.25083762407302856
0.24604357779026031
0.2455574870109558
0.2527698874473572
0.25165197253227234
0.25092774629592896
0.25203460454940796
0.2500404119491577
0.24909338355064392
0.25182440876960754
0.24763824045658112
0.2457626610994339
0.2494453340768814
0.24845992028713226
0.2479127198457718
0.24743835628032684
0.24706992506980896
0.2491598129272461
0.24942198395729065
0.25092318654060364
0.24331119656562805
0.254976749420166
0.2507813274860382
0.24886777997016907
0.24996504187583923
0.24697811901569366
0.25097399950027466
0.2505093216896057
0.24900449812412262
0.2582457661628723
0.24830961227416992
0.24930579960346222
0.2501816153526306
0.2538928985595703
0.2501206398010254
0.2504166066646576
0.2519291639328003
0.24736110866069794
0.24539463222026825
0.24931682646274567
0.24824371933937073
0.25643324851989746
0.25125205516815186
0.24772724509239197
0.24999698996543884
0.25080496072769165
0.24887782335281372
0.252191960811615
0.25137701630592346
0.24894195795059204
0.2489399015903473
0.24682006239891052
0.24718263745307922
0.24680958688259125
0.245234876871109
0.25121375918388367
0.25173383951187134
0.24733631312847137
0.2498328983783722
0.248137965798378
0.24926310777664185
0.2487620860338211
0.25381040573120117
0.24672329425811768
0.24385322630405426
0.25116997957229614
0.2519150972366333
0.2516731321811676
0.24876299500465393
0.2509257197380066
0.2526627480983734
0.2483614683151245
0.24935384094715118
0.24765226244926453
0.2509777545928955
0.24590617418289185
0.2514634132385254
0.24991802871227264
0.24634897708892822
0.24769467115402222
0.2477567344903946
0.24846746027469635
0.2526572644710541
0.25017401576042175
0.2541581094264984
0.2534998953342438
0.2509588897228241
0.25195637345314026
0.2475007027387619
0.2500547468662262
0.2496812343597412
0.2514893710613251
0.24611829221248627
0.2488148957490921
0.24731722474098206
0.2454964965581894
0.2514573335647583
0.2515665590763092
0.2501548230648041
0.24714066088199615
0.25096631050109863
0.2503836452960968
0.2539313733577728
0.2439124435186386
0.25311797857284546
0.2506798505783081
0.24707506597042084
0.2525690793991089
0.2503296732902527
0.24700908362865448
0.2474902719259262
0.25012171268463135
0.2504417896270752
0.25193339586257935
0.24505221843719482
0.25052663683891296
0.24887923896312714
0.2470913678407669
0.24724018573760986
0.25398629903793335
0.2510088086128235
0.24838967621326447
0.24710699915885925
0.2488824427127838
0.24858196079730988
0.25242966413497925
0.2525353729724884
0.24673539400100708
0.25295478105545044
0.2502964735031128
0.24741344153881073
0.25700756907463074
0.2491767555475235
0.25026851892471313
0.2519264221191406
0.25175824761390686
0.24766886234283447
0.2472935914993286
0.2548339068889618
0.24824976921081543
0.24944338202476501
0.24963919818401337
0.25164467096328735
0.24629130959510803
0.24831795692443848
0.263173907995224
0.2492009699344635
0.24512530863285065
0.24423447251319885
0.24818910658359528
0.25495633482933044
0.24924704432487488
0.2447536438703537
0.24898158013820648
0.2470744252204895
0.251946359872818
0.25086212158203125
0.249458909034729
0.2475993037223816
0.25577062368392944
0.24756267666816711
0.25756439566612244
0.24917946755886078
0.2542772889137268
0.24843043088912964
0.2526695728302002
0.2519817650318146
0.24872183799743652
0.25417080521583557
0.24923838675022125
0.2496582418680191
0.2530333697795868
0.2468651682138443
0.25870949029922485
0.24816349148750305
0.24868693947792053
0.24727922677993774
0.24761441349983215
0.2501676678657532
0.24956709146499634
0.24729691445827484
0.24912868440151215
0.24809621274471283
0.2512977123260498
0.25242581963539124
0.2563571631908417
0.24580298364162445
0.24734550714492798
0.2519802749156952
0.24842342734336853
0.2557637095451355
0.25065210461616516
0.2443142831325531
0.24602995812892914
0.2506723701953888
0.25349700450897217
0.24630798399448395
0.2503393590450287
0.2552255094051361
0.24583448469638824
0.2570670545101166
0.24902129173278809
0.24831832945346832
0.25018227100372314
0.2517232894897461
0.24336975812911987
0.25196418166160583
0.24727216362953186
0.25498825311660767
0.25027909874916077
0.251394122838974
0.25313517451286316
0.2491539567708969
0.24621358513832092
0.2553534507751465
0.2548069357872009
0.24845820665359497
0.24586737155914307
0.24986512959003448
0.2469906210899353
0.24743163585662842
0.2495708167552948
0.24949011206626892
0.24619299173355103
0.25166216492652893
0.24800051748752594
0.2525433599948883
0.24376653134822845
0.2473883330821991
0.25247710943222046
0.2522042989730835
0.2476651668548584
0.25140005350112915
0.2482571005821228
0.24560262262821198
0.24613383412361145
0.24700339138507843
0.24558080732822418
0.2514953315258026
0.25145912170410156
0.2533513009548187
0.2547617554664612
0.24771422147750854
0.24761733412742615
0.24692654609680176
0.2530192732810974
0.25032246112823486
0.2552494704723358
0.2481154203414917
0.25203803181648254
0.2480904459953308
0.24990543723106384
0.25050318241119385
0.24483835697174072
0.25104787945747375
0.24663883447647095
0.2485731840133667
0.2509981691837311
0.2537016272544861
0.2507772445678711
0.25082093477249146
0.25140246748924255
0.2441992163658142
0.2511082887649536
0.25081637501716614
0.25062668323516846
0.2540254294872284
0.24946674704551697
0.2493656873703003
0.25391843914985657
0.24873313307762146
0.2493058294057846
0.24626559019088745
0.2490268498659134
0.2521388530731201
0.2474914789199829
0.25311949849128723
0.2503277063369751
0.25405070185661316
0.25072020292282104
0.24784594774246216
0.24744363129138947
0.24625404179096222
0.2452780157327652
0.253926545381546
0.24751576781272888
0.25129181146621704
0.2526156008243561
0.2582513093948364
0.24683400988578796
0.2462312877178192
0.2527347207069397
0.25112101435661316
0.2505863308906555
0.24758188426494598
0.2504308819770813
0.2483743578195572
0.24880914390087128
0.24664217233657837
0.24886944890022278
0.2475898116827011
0.24772149324417114
0.24774053692817688
0.2521786689758301
0.24774838984012604
0.2506422996520996
0.24831901490688324
0.25215059518814087
0.25124701857566833
0.24778753519058228
0.24796247482299805
0.24853092432022095
0.24816127121448517
0.2505453824996948
0.2485666424036026
0.24584031105041504
0.25156170129776
0.24881020188331604
0.2538875639438629
0.25251829624176025
0.2479274421930313
0.24952146410942078
0.2498297393321991
0.24948842823505402
0.24781456589698792
0.2470720112323761
0.25173404812812805
0.24869167804718018
0.24600569903850555
0.25188425183296204
0.2501668632030487
0.25161388516426086
0.24823006987571716
0.2505878210067749
0.2464432716369629
0.24502813816070557
0.24594442546367645
0.24922363460063934
0.2555360198020935
0.2480977475643158
0.2518884539604187
0.24879582226276398
0.2491375207901001
0.24345938861370087
0.24741201102733612
0.25075599551200867
0.25791749358177185
0.24935723841190338
0.2496083527803421
0.24788951873779297
0.24583275616168976
0.24838517606258392
0.2480696439743042
0.24989254772663116
0.2496827244758606
0.25475502014160156
0.2513158619403839
0.24932953715324402
0.24852174520492554
0.25564906001091003
0.24766996502876282
0.2520976960659027
0.24680925905704498
0.2517123222351074
0.24896962940692902
0.24765366315841675
0.24654464423656464
0.2480393797159195
0.24995441734790802
0.24932390451431274
0.2525339722633362
0.2516016960144043
0.24747847020626068
0.24763648211956024
0.2458449751138687
0.24222207069396973
0.2507469356060028
0.2522951662540436
0.24811102449893951
0.2519201934337616
0.24785317480564117
0.2519049346446991
0.2502885162830353
0.24747508764266968
0.24771055579185486
0.25190815329551697
0.24844346940517426
0.24665406346321106
0.2446562945842743
0.24921700358390808
0.24895058572292328
0.2475181519985199
0.2479923963546753
0.24597668647766113
0.2446676343679428
0.2568201720714569
0.2497980147600174
0.24731963872909546
0.24975642561912537
0.2490280717611313
0.24705328047275543
0.24644891917705536
0.25152063369750977
0.2490675002336502
0.2491837441921234
0.2553534209728241
0.2507239282131195
0.2539537847042084
0.24733556807041168
0.24843673408031464
0.2486567199230194
0.2481900006532669
0.24873241782188416
0.24945391714572906
0.2479296177625656
0.248087078332901
0.2524302303791046
0.24700511991977692
0.2530074119567871
0.2482479363679886
0.24854527413845062
0.24773144721984863
0.2477158159017563
0.2514289319515228
0.24646137654781342
0.25054705142974854
0.25249871611595154
0.2501251697540283
0.24653559923171997
0.24815402925014496
0.25631237030029297
0.2464756816625595
0.25237274169921875
0.2509582042694092
0.2513818144798279
0.2467525154352188
0.2500580847263336
0.2454928457736969
0.24729023873806
0.24994061887264252
0.2447318285703659
0.24978826940059662
0.24947580695152283
0.24720069766044617
0.24928121268749237
0.24750207364559174
0.2516862750053406
0.24750970304012299
0.25021007657051086
0.24230487644672394
0.2433607131242752
0.24685503542423248
0.24505393207073212
0.2507011890411377
0.2508023977279663
0.24741479754447937
0.2470661699771881
0.24878159165382385
0.244229257106781
0.25093263387680054
0.24896375834941864
0.24851027131080627
0.2442515641450882
0.24901579320430756
0.24705445766448975
0.2512516379356384
0.25413778424263
0.24851197004318237
0.2483653426170349
0.25167009234428406
0.2526542544364929
0.2460138350725174
0.25499483942985535
0.25264325737953186
0.2518661618232727
0.24925202131271362
0.24753941595554352
0.250399649143219
0.24745745956897736
0.24832987785339355
0.2516065835952759
0.2509852945804596
0.25437527894973755
0.24859578907489777
0.2488163560628891
0.24527759850025177
0.24434129893779755
0.2488488107919693
0.24653476476669312
0.24875447154045105
0.24861331284046173
0.2631222903728485
0.25454363226890564
0.247903972864151
0.2548176646232605
0.2500443160533905
0.2495720535516739
0.25451603531837463
0.24565982818603516
0.2466477006673813
0.24648872017860413
0.24581602215766907
0.2465607076883316
0.24977049231529236
0.2468511313199997
0.24975016713142395
0.2508760690689087
0.24461641907691956
0.24964448809623718
0.2505267858505249
0.2486334890127182
0.2471107542514801
0.24436476826667786
0.2447940558195114
0.25014668703079224
0.2508757412433624
0.2507344186306
0.24710552394390106
0.2503100633621216
0.24850516021251678
0.24745211005210876
0.258035808801651
0.24610558152198792
0.2522531747817993
0.24809840321540833
0.24557559192180634
0.24872373044490814
0.2486579418182373
0.24857456982135773
0.2508554756641388
0.2537204623222351
0.24940046668052673
0.24628490209579468
0.25138553977012634
0.25669631361961365
0.24684514105319977
0.24991551041603088
0.24789756536483765
0.2489728182554245
0.24789583683013916
0.2488306164741516
0.24284107983112335
0.25091320276260376
0.24851761758327484
0.24583777785301208
0.24663561582565308
0.24741002917289734
0.2487068623304367
0.24861407279968262
0.24608081579208374
0.24922670423984528
0.25119397044181824
0.2507924735546112
0.24895799160003662
0.25014200806617737
0.24976429343223572
0.25154048204421997
0.25122296810150146
0.2514742314815521
0.2496190369129181
0.2516116201877594
0.24590112268924713
0.24697981774806976
0.2457876354455948
0.24658203125
0.24997633695602417
0.247882679104805
0.24983343482017517
0.25458410382270813
0.24655590951442719
0.24909448623657227
0.2445371299982071
0.24729716777801514
0.24767227470874786
0.24636361002922058
0.24818448722362518
0.25066879391670227
0.2536650598049164
0.2519820034503937
0.25222381949424744
0.24687157571315765
0.25163978338241577
0.2510021924972534
0.2491530179977417
0.2512646019458771
0.24392451345920563
0.24567009508609772
0.2487098127603531
0.24662744998931885
0.25002461671829224
0.24708381295204163
0.24702581763267517
0.24558448791503906
0.24955971539020538
0.25099942088127136
0.24876180291175842
0.25138288736343384
0.24944616854190826
0.2483953982591629
0.2467360943555832
0.24910564720630646
0.25200116634368896
0.24626748263835907
0.2543928921222687
0.24793963134288788
0.2485654056072235
0.26137685775756836
0.24803689122200012
0.24473720788955688
0.2438923418521881
0.24850909411907196
0.25046801567077637
0.2456972599029541
0.24784024059772491
0.2506483495235443
0.2459859848022461
0.25087299942970276
0.25068679451942444
0.2485990971326828
0.24902477860450745
0.24946759641170502
0.24906009435653687
0.24436837434768677
0.2487667351961136
0.2459668666124344
0.2505452036857605
0.2506869435310364
0.24552279710769653
0.24988432228565216
0.24629639089107513
0.24531269073486328
0.24839317798614502
0.25525903701782227
0.24830126762390137
0.25210076570510864
0.25169819593429565
0.24909770488739014
0.24800895154476166
0.24881550669670105
0.24949990212917328
0.2463570237159729
0.25055554509162903
0.24963892996311188
0.24745644629001617
0.25451070070266724
0.24649959802627563
0.24818073213100433
0.24818012118339539
0.24702775478363037
0.24840009212493896
0.24812346696853638
0.2457612156867981
0.24807779490947723
0.2490934282541275
0.25091901421546936
0.24704419076442719
0.2461365908384323
0.2455090880393982
0.2539910674095154
0.25307613611221313
0.24871870875358582
0.2507193982601166
0.2540888786315918
0.2497589886188507
0.24687370657920837
0.24466387927532196
0.25037771463394165
0.24760225415229797
0.2453606277704239
0.25023820996284485
0.24315747618675232
0.2511610686779022
0.24858038127422333
0.2669578194618225
0.24563123285770416
0.24760247766971588
0.24926388263702393
0.24582593142986298
0.24814404547214508
0.253799706697464
0.24866288900375366
0.25347304344177246
0.24499326944351196
0.24882274866104126
0.25000861287117004
0.2518496513366699
0.24791213870048523
0.24502745270729065
0.2475191056728363
0.24775508046150208
0.2506898045539856
0.24964380264282227
0.24868495762348175
0.25392648577690125
0.25502413511276245
0.2516551911830902
0.2480558454990387
0.24844954907894135
0.25131434202194214
0.2540891766548157
0.2486639767885208
0.2537090480327606
0.25430721044540405
0.24586500227451324
0.24557125568389893
0.24739515781402588
0.25028660893440247
0.2495543509721756
0.25272664427757263
0.25418129563331604
0.250297486782074
0.2532385587692261
0.24953314661979675
0.24633675813674927
0.2511250376701355
0.24583736062049866
0.24781623482704163
0.25161853432655334
0.25196558237075806
0.2534785270690918
0.25182491540908813
0.24698233604431152
0.24944214522838593
0.2516463100910187
0.25034236907958984
0.24982094764709473
0.24897395074367523
0.2485855519771576
0.2503221035003662
0.2495267242193222
0.24871894717216492
0.247822567820549
0.24740582704544067
0.24844667315483093
0.24956096708774567
0.2536614239215851
0.2524370551109314
0.2508818805217743
0.25015631318092346
0.246091827750206
0.2484593689441681
0.25205615162849426
0.24455103278160095
0.24767912924289703
0.2491026669740677
0.25056707859039307
0.24767860770225525
0.2456391155719757
0.25264811515808105
0.24883250892162323
0.2543219327926636
0.25254011154174805
0.24872525036334991
0.24479129910469055
0.25092628598213196
0.2471858412027359
0.2450583279132843
0.24497917294502258
0.24993067979812622
0.24816295504570007
0.24974049627780914
0.24838513135910034
0.24949340522289276
0.24934378266334534
0.24642834067344666
0.24918138980865479
0.24450679123401642
0.24708713591098785
0.2467261701822281
0.248982772231102
0.253374844789505
0.24684175848960876
0.25558459758758545
0.2531384229660034
0.25017067790031433
0.24870438873767853
0.2547372877597809
0.24745914340019226
0.2495049238204956
0.25126391649246216
0.24657458066940308
0.24410587549209595
0.2496131807565689
0.24870836734771729
0.2556857168674469
0.24587039649486542
0.24830901622772217
0.25085175037384033
0.2509576976299286
0.2547913193702698
0.25145575404167175
0.24326607584953308
0.24488872289657593
0.24821022152900696
0.24894088506698608
0.2501804828643799
0.24915191531181335
0.24960805475711823
0.26040419936180115
0.25011947751045227
0.2508164942264557
0.24887628853321075
0.24504810571670532
0.24871675670146942
0.2458273470401764
0.2494077980518341
0.24458691477775574
0.2468956708908081
0.24615788459777832
0.24829159677028656
0.24577564001083374
0.24650077521800995
0.24752146005630493
0.2523385286331177
0.2569427490234375
0.24862639605998993
0.25044775009155273
0.24891318380832672
0.24927762150764465
0.2512127161026001
0.2527391314506531
0.24410925805568695
0.2454063892364502
0.2460317611694336
0.24828974902629852
0.2483886033296585
0.25038933753967285
0.24804240465164185
0.24673235416412354
0.2511999309062958
0.24550601840019226
0.24933648109436035
0.24905893206596375
0.2476789653301239
0.25016507506370544
0.2509382665157318
0.24578383564949036
0.2476571798324585
0.2496567815542221
0.2514251172542572
0.24494177103042603
0.25216278433799744
0.24790656566619873
0.24776998162269592
0.2473021298646927
0.24808230996131897
0.24851423501968384
0.24859660863876343
0.25163426995277405
0.24611392617225647
0.2587132453918457
0.2502571940422058
0.24952542781829834
0.24971717596054077
0.24872341752052307
0.24727465212345123
0.24812695384025574
0.24724669754505157
0.24715504050254822
0.24571141600608826
0.25142914056777954
0.2469644993543625
0.24772055447101593
0.24886927008628845
0.25030088424682617
0.2481963038444519
0.2467220574617386
0.25340086221694946
0.24763506650924683
0.24802163243293762
0.2566695213317871
0.24822090566158295
0.24794092774391174
0.255739688873291
0.24606993794441223
0.24694187939167023
0.24904769659042358
0.25174710154533386
0.24674035608768463
0.2512323558330536
0.24431413412094116
0.24676017463207245
0.25127971172332764
0.2515292167663574
0.2507834732532501
0.25025829672813416
0.25125420093536377
0.2532399594783783
0.24678273499011993
0.2511151134967804
0.2500743269920349
0.24789130687713623
0.25415265560150146
0.24593526124954224
0.24465380609035492
0.25428420305252075
0.2518823742866516
0.2476157695055008
0.2478378862142563
0.2564637064933777
0.24522167444229126
0.24823912978172302
0.2516518831253052
0.24928273260593414
0.25945818424224854
0.2506001889705658
0.25043484568595886
0.24815428256988525
0.24630169570446014
0.24967056512832642
0.24845053255558014
0.24873656034469604
0.24558591842651367
0.24828515946865082
0.2510262429714203
0.24710606038570404
0.2500511109828949
0.2524610757827759
0.24403654038906097
0.2537102699279785
0.2560860514640808
0.24639074504375458
0.24406111240386963
0.24841897189617157
0.25299036502838135
0.25294724106788635
0.24967077374458313
0.25216805934906006
0.24842429161071777
0.2499491423368454
0.24907058477401733
0.2459889054298401
0.24336065351963043
0.24874380230903625
0.2479507476091385
0.243028461933136
0.24663931131362915
0.2513851821422577
0.24998687207698822
0.2519765794277191
0.25566497445106506
0.2456243485212326
0.2483673393726349
0.24366773664951324
0.24812732636928558
0.25188350677490234
0.24819131195545197
0.24645963311195374
0.25282806158065796
0.2467958778142929
0.2553735673427582
0.2454436719417572
0.25284817814826965
0.2481452226638794
0.25054946541786194
0.24720554053783417
0.25145506858825684
0.25393733382225037
0.24656538665294647
0.25159671902656555
0.24684013426303864
0.25053974986076355
0.24828162789344788
0.24833893775939941
0.2549639344215393
0.2505132555961609
0.24456560611724854
0.25444960594177246
0.24743229150772095
0.24853232502937317
0.2479647547006607
0.2488095909357071
0.24857918918132782
0.2487686574459076
0.24959701299667358
0.251049280166626
0.2490094155073166
0.24731503427028656
0.2524280846118927
