0.18684858083724976
0.18677577376365662
0.18682967126369476
0.18676374852657318
0.18691565096378326
0.18683978915214539
0.1866709589958191
0.18670594692230225
0.18678663671016693
0.18663734197616577
0.18661028146743774
0.18671047687530518
0.186759352684021
0.18668720126152039
0.18663114309310913
0.1865888386964798
0.1863958239555359
0.1864483505487442
0.1863366812467575
0.18647971749305725
0.1861957460641861
0.18611140549182892
0.1860937476158142
0.18603448569774628
0.18606099486351013
0.1860465705394745
0.1858842819929123
0.18579772114753723
0.18563556671142578
0.18553578853607178
0.18541409075260162
0.18520863354206085
0.1853773295879364
0.1849248856306076
0.18463978171348572
0.18436744809150696
0.1841469705104828
0.1837572157382965
0.18355530500411987
0.18354511260986328
0.18303579092025757
0.1828174591064453
0.18169495463371277
0.1816827654838562
0.1808859258890152
0.18006394803524017
0.18058344721794128
0.17871731519699097
0.17827662825584412
0.17758803069591522
0.17586959898471832
0.1758493334054947
0.17427478730678558
0.17275436222553253
0.16979293525218964
0.16937792301177979
0.1658538281917572
0.16501057147979736
0.15996450185775757
0.15807703137397766
0.15301591157913208
0.15074117481708527
0.14454953372478485
0.13856874406337738
0.13463689386844635
0.11875515431165695
0.1159580796957016
0.11497174948453903
0.10664959996938705
0.09008559584617615
0.08893635123968124
0.07928509265184402
0.07050815969705582
0.04826188087463379
0.054384514689445496
0.04197366163134575
0.0376618467271328
0.03092144802212715
0.03376677632331848
0.033019185066223145
0.0412210188806057
0.030709875747561455
0.02589266374707222
0.03592772036790848
0.03396263346076012
0.0469173826277256
0.03416579216718674
0.03445445001125336
0.03885505720973015
0.03345363587141037
0.03781255707144737
0.03389818221330643
0.038371097296476364
0.025618642568588257
0.030621279031038284
0.024017538875341415
0.03653839975595474
0.030424484983086586
0.023807652294635773
0.03208070620894432
0.027534812688827515
0.04169052839279175
0.037187494337558746
0.0336306132376194
0.039120350033044815
0.03379424288868904
0.04984545707702637
0.03663241118192673
0.03619536757469177
0.0396539680659771
0.04157459735870361
0.04474540799856186
0.04704540967941284
0.05066671222448349
0.04507315531373024
0.04497659578919411
0.05042266845703125
0.05070054903626442
0.054852087050676346
0.04945366457104683
0.05528095364570618
0.05178193747997284
0.04782436043024063
0.053270816802978516
0.0519341304898262
0.04457109421491623
0.05686847120523453
0.0641694962978363
0.054299309849739075
0.05050676316022873
0.05411679297685623
0.05725160986185074
0.05255426466464996
0.05359310284256935
0.0516311340034008
0.050063200294971466
0.051113665103912354
0.05637853592634201
0.05107542499899864
0.0451723113656044
0.04322746396064758
0.03886941075325012
0.04037913680076599
0.03992186486721039
0.038140442222356796
0.040887653827667236
0.04250422492623329
0.03952988609671593
0.04150769114494324
0.03663776442408562
0.03362078219652176
0.031935907900333405
0.03408807888627052
0.039009854197502136
0.02714594267308712
0.036100152879953384
0.0360494963824749
0.025613583624362946
0.03043292462825775
0.03953276574611664
0.028147155418992043
0.027701187878847122
0.02684434875845909
0.02803466096520424
0.025675781071186066
0.0241580568253994
0.0346745029091835
0.027759958058595657
0.021080298349261284
0.026934362947940826
0.02522655948996544
0.02642606571316719
0.022388404235243797
0.02520386129617691
0.019398685544729233
0.031779080629348755
0.028379160910844803
0.021781720221042633
0.024082055315375328
0.025675106793642044
0.021695826202630997
0.032593365758657455
0.027329448610544205
0.023330608382821083
0.024816228076815605
0.018663818016648293
0.03364790976047516
0.020079562440514565
0.023838598281145096
0.021575700491666794
0.0199190154671669
0.02340429648756981
0.025283683091402054
0.02063358575105667
0.02122507430613041
0.028206530958414078
0.024122659116983414
0.020354192703962326
0.019291870296001434
0.016802622005343437
0.023610953241586685
0.024474816396832466
0.023445822298526764
0.021132662892341614
0.026215191930532455
0.030543247237801552
0.028652887791395187
0.021705474704504013
0.026064865291118622
0.025112595409154892
0.031031612306833267
0.027106478810310364
0.026944968849420547
0.027826841920614243
0.023050984367728233
0.03203241154551506
0.02963704615831375
0.021369490772485733
0.022492479532957077
0.032189954072237015
0.028010293841362
0.022386159747838974
0.02560187317430973
0.017942074686288834
0.031775444746017456
0.027655895799398422
0.022211626172065735
0.02236415073275566
0.02753852866590023
0.028704218566417694
0.021639207378029823
0.02259763702750206
0.020951393991708755
0.02368920110166073
0.02863098680973053
0.025135917589068413
0.02238905243575573
0.0267031230032444
0.03132982924580574
0.02175348624587059
0.027974344789981842
0.024872999638319016
0.0261092409491539
0.032057859003543854
0.02444729208946228
0.028527801856398582
0.024992117658257484
0.023843172937631607
0.023895274847745895
0.03090566210448742
0.018226901069283485
0.0246933214366436
0.025141460821032524
0.0242752842605114
0.028324726969003677
0.02690047211945057
0.03899414837360382
0.02437688782811165
0.02447936125099659
0.022086506709456444
0.030529921874403954
0.03346594423055649
0.024155259132385254
0.022954044863581657
0.027628915384411812
0.02111164480447769
0.025574492290616035
0.026090538129210472
0.02430117130279541
0.025768596678972244
0.022928304970264435
0.02285715751349926
0.029358407482504845
0.03198938071727753
0.02490098774433136
0.025988133624196053
0.023948153480887413
0.027417372912168503
0.026079444214701653
0.018060432747006416
0.022592036053538322
0.018557658419013023
0.026337768882513046
0.02516074664890766
0.04164760932326317
0.027355274185538292
0.02205222100019455
0.024625224992632866
0.020222986117005348
0.029928531497716904
0.01910337246954441
0.023401107639074326
0.024186447262763977
0.02295522764325142
0.02127537876367569
0.02986636385321617
0.027212250977754593
0.030873112380504608
0.02194034680724144
0.027947181835770607
0.018200861290097237
0.020009752362966537
0.026635657995939255
0.01964179426431656
0.032519225031137466
0.020389746874570847
0.030592575669288635
0.01983872801065445
0.025738362222909927
0.02561105415225029
0.021029232069849968
0.0226963572204113
0.020718436688184738
0.02460828796029091
0.0218216385692358
0.014595991931855679
0.02178003452718258
0.023628178983926773
0.01949574425816536
0.023217545822262764
0.017509471625089645
0.020807180553674698
0.02833179011940956
0.021411657333374023
0.022823359817266464
0.02248021587729454
0.018670208752155304
0.018764182925224304
0.022318881005048752
0.02795853279531002
0.01825261488556862
0.022558802738785744
0.016631096601486206
0.023451002314686775
0.02316848561167717
0.020979143679142
0.019790105521678925
0.02392081916332245
0.02517366223037243
0.01888331212103367
0.02166031487286091
0.02205357700586319
0.026059594005346298
0.01934717781841755
0.02334786392748356
0.019377173855900764
0.021226007491350174
0.021204732358455658
0.01748826913535595
0.01852620206773281
0.017730634659528732
0.02333018183708191
0.02018827386200428
0.02259889803826809
0.017494458705186844
0.01629224792122841
0.021465914323925972
0.021464556455612183
0.014842910692095757
0.023159772157669067
0.02558325044810772
0.020618613809347153
0.01773983985185623
0.021309293806552887
0.018862368538975716
0.015608197078108788
0.023226775228977203
0.01885661855340004
0.02148338407278061
0.019824985414743423
0.016826149076223373
0.025669464841485023
0.02019936591386795
0.019677890464663506
0.023330941796302795
0.021119337528944016
0.018921691924333572
0.03356417268514633
0.014590738341212273
0.023441512137651443
0.017793472856283188
0.02177298814058304
0.019666116684675217
0.01949169673025608
0.018848739564418793
0.018271492794156075
0.01984829641878605
0.019535046070814133
0.02284615859389305
0.016607118770480156
0.022712843492627144
0.023227598518133163
0.019779644906520844
0.01560637541115284
0.023303598165512085
0.02135387435555458
0.019955962896347046
0.01703217253088951
0.018758125603199005
0.01998502016067505
0.02143348753452301
0.02079903520643711
0.022681251168251038
0.017878038808703423
0.017916249111294746
0.022340796887874603
0.022703707218170166
0.020540479570627213
0.018603205680847168
0.01873604953289032
0.020033949986100197
0.019263725727796555
0.01832023821771145
0.018244754523038864
0.017477765679359436
0.028919633477926254
0.021643877029418945
0.018187880516052246
0.02215103805065155
0.01754375733435154
0.021562762558460236
0.0201244093477726
0.017205331474542618
0.018697254359722137
0.02252594567835331
0.01819007284939289
0.025307506322860718
0.019164036959409714
0.018651887774467468
0.019617503508925438
0.01874430477619171
0.02044181525707245
0.016791703179478645
0.017976490780711174
0.01626703515648842
0.017895951867103577
0.02532651461660862
0.020354803651571274
0.019965700805187225
0.01690654270350933
0.02101990208029747
0.020463915541768074
0.02140425704419613
0.021493013948202133
0.017167475074529648
0.016250140964984894
0.02229984849691391
0.022668760269880295
0.019013449549674988
0.02315627783536911
0.02651980146765709
0.017985960468649864
0.02070603333413601
0.021321790292859077
0.01747473143041134
0.020538827404379845
0.023773372173309326
0.02502245269715786
0.015900617465376854
0.018985211849212646
0.020339176058769226
0.016391001641750336
0.015839064493775368
0.016063503921031952
0.019236041232943535
0.01994974911212921
0.01729610189795494
0.020226897671818733
0.02042575739324093
0.021067511290311813
0.02625226601958275
0.018724657595157623
0.023051589727401733
0.021156981587409973
0.0178813673555851
0.0161568783223629
0.018185988068580627
0.02182982861995697
0.02476932667195797
0.02448955923318863
0.020461231470108032
0.020331058651208878
0.020099498331546783
0.023994330316781998
0.02215253934264183
0.022025326266884804
0.013810076750814915
0.022148363292217255
0.02155677229166031
0.020108358934521675
0.020152607932686806
0.020035509020090103
0.019228719174861908
0.015116045251488686
0.01719420775771141
0.017963726073503494
0.021381400525569916
0.020267479121685028
0.02130715176463127
0.02120637521147728
