0.003108166391029954
0.003023451426997781
0.0030884528532624245
0.0030223182402551174
0.0029527151491492987
0.0031145410612225533
0.0030556602869182825
0.0031882019247859716
0.0034943590871989727
0.003576886374503374
0.003647729055956006
0.00460582273080945
0.004109285771846771
0.0033001373521983624
0.00370156392455101
0.004373063333332539
0.004259682260453701
0.004961730446666479
0.004754392895847559
0.003799982136115432
0.004311403259634972
0.0056952303275465965
0.00431655440479517
0.004367859102785587
0.004325137473642826
0.004580810200423002
0.0038423757068812847
0.0057558948174119
0.0038565020076930523
0.0035662574227899313
0.004080772399902344
0.0036225742660462856
0.0037747956812381744
0.0035872813314199448
0.004042229149490595
0.003963813651353121
0.0038816514424979687
0.004392251372337341
0.004172718618065119
0.003822426777333021
0.003898208262398839
0.003443546127527952
0.0038523576222360134
0.004561783280223608
0.003983768634498119
0.003813283983618021
0.0033417395316064358
0.004459761083126068
0.0037736594676971436
0.0046413252130150795
0.0037170930299907923
0.0036214631982147694
0.0040295724757015705
0.004247089382261038
0.004636585246771574
0.0050435676239430904
0.003581452649086714
0.0035133352503180504
0.0036590024828910828
0.003547719679772854
0.003505322616547346
0.0036503553856164217
0.003970985300838947
0.0033867063466459513
0.0036763562820851803
0.0031136078760027885
0.0034104017540812492
0.0036673240829259157
0.0034932498820126057
0.0033840928226709366
0.0031858596485108137
0.0030703216325491667
0.0038204991724342108
0.0030892337672412395
0.0031111896969377995
0.0035223106388002634
0.003926441073417664
0.003437980078160763
0.003200870705768466
0.0036023366264998913
0.0033161859028041363
0.0032779828179627657
0.003218083642423153
0.003482905915006995
0.003452277509495616
0.0038333944976329803
0.0032350553665310144
0.003166947979480028
0.003068752121180296
0.0032478920184075832
0.003017288399860263
0.003194632939994335
0.003109653014689684
0.0030994184780865908
0.0034356238320469856
0.0032366940286010504
0.003029642626643181
0.003046825062483549
0.0032155048102140427
0.0029919089283794165
0.0034096473827958107
0.00316229579038918
0.003284298349171877
0.0030375015921890736
0.003236309625208378
0.002813998144119978
0.0031214910559356213
0.00335071817971766
0.003465076442807913
0.0029507919680327177
0.0030826483853161335
0.0030860744882375
0.0032809788826853037
0.003192668780684471
0.003094317391514778
0.0031660315580666065
0.003072534454986453
0.0030153030529618263
0.002962415339425206
0.003009479958564043
0.003011181019246578
0.0031324478331953287
0.0030580463353544474
0.0029760650359094143
0.003002359764650464
0.0031558768823742867
0.0029946209397166967
0.003347803372889757
0.002949281595647335
0.0029459453653544188
0.002971160924062133
0.0029699092265218496
0.0029320409521460533
0.002805616008117795
0.0029926449060440063
0.0028715285006910563
0.00284527987241745
0.0029049282893538475
0.003013595473021269
0.0028129336424171925
0.0031657645013183355
0.0027042918372899294
0.0030983968172222376
0.002871336415410042
0.002890761708840728
0.002877843100577593
0.0037670605815947056
0.003129070159047842
0.002927652793005109
0.0030408157035708427
0.0029300800524652004
0.002953825518488884
0.0027349854353815317
0.0027720914222300053
0.0028285281732678413
0.00294587854295969
0.0028557605110108852
0.002985365455970168
0.00305377971380949
0.002766552846878767
0.002893752884119749
0.0030573178082704544
0.002915422199293971
0.0027399081736803055
0.0029063390102237463
0.003008071566000581
0.0028687063604593277
0.002892108401283622
0.0028846089262515306
0.0030197310261428356
0.00281649106182158
0.002879168838262558
0.0028134044259786606
0.00287416810169816
0.002887089503929019
0.002849044045433402
0.0028745364397764206
0.0029819817282259464
0.002777108224108815
0.002864569192752242
0.0027182642370462418
0.002856484381482005
0.0030855415388941765
0.0028958977200090885
0.002960879122838378
0.0027616526931524277
0.003108522854745388
0.0027389635797590017
0.002831668360158801
0.0029028865974396467
0.0029486774001270533
0.0029442335944622755
0.00293279392644763
0.0029342283960431814
0.002923120278865099
0.0031666988506913185
0.00282154674641788
0.0029463653918355703
0.002802062314003706
0.0027021560817956924
0.0028970546554774046
0.003124383743852377
0.0030804029665887356
0.0028630492743104696
0.002763525815680623
0.002708702813833952
0.003180676605552435
0.002873447025194764
0.0027827457524836063
0.0027936839032918215
0.002905952977016568
0.002832618309184909
0.003004267578944564
0.002716552000492811
0.0029279924929142
0.002799752401188016
0.0027698504272848368
0.002761690877377987
0.0027114723343402147
0.002808381337672472
0.0027980119921267033
0.0027636985760182142
0.00265229563228786
0.0027398858219385147
0.0028766414616256952
0.0028020814061164856
0.002770385006442666
0.002927327062934637
0.002839272143319249
0.0028552557341754436
0.0027948226779699326
0.0027537441346794367
0.0028656439390033484
0.00280333892442286
0.0028542503714561462
0.0028727175667881966
0.002752264030277729
0.0028969652485102415
0.0028742917347699404
0.002786059398204088
0.0029135639779269695
0.0027144337072968483
0.002878810977563262
0.0027956138364970684
0.0027936522383242846
0.002717281226068735
0.0027439123950898647
0.002722489181905985
0.002771028783172369
0.0028401778545230627
0.0028462782502174377
0.002749457722529769
0.0028361312579363585
0.002810017205774784
0.0027975933626294136
0.002793127903714776
0.0027695782482624054
0.002790696220472455
0.00271103298291564
0.0027258472982794046
0.002831819001585245
0.0027135959826409817
0.0028207888826727867
0.0027884626761078835
0.0027182376943528652
0.0026659327559173107
0.0027395295910537243
0.0028482205234467983
0.0027559353038668633
0.002757327863946557
0.002868951065465808
0.002736407797783613
0.0028177688363939524
0.0028120577335357666
0.002737082075327635
0.0027532209642231464
0.002751239575445652
0.002795678796246648
0.002768300473690033
0.0027772588655352592
0.002719864947721362
0.0027913283556699753
0.002744157100096345
0.0027370427269488573
0.002771523082628846
0.002724302001297474
0.002816522726789117
0.002791362116113305
0.002781176008284092
0.0028641705866903067
0.0027311244048178196
0.0028456971049308777
0.002900214632973075
0.002741732634603977
0.002655251417309046
0.0027543690521270037
0.0027042103465646505
0.002876831218600273
0.002781637478619814
0.0026811184361577034
0.0026997195091098547
0.0027092709206044674
0.0028958923649042845
0.0028371838852763176
0.00273213186301291
0.0028015554416924715
0.002790904836729169
0.002699211472645402
0.0028306441381573677
0.002728099701926112
0.0027359751984477043
0.002710595028474927
0.002940613776445389
0.0027793538756668568
0.002801729366183281
0.0027130001690238714
0.002711312612518668
0.002716783434152603
0.0027189981192350388
0.0027075367979705334
0.0028476580046117306
0.0026750972028821707
0.002836446277797222
0.0028002564795315266
0.0026869680732488632
0.002757763024419546
0.0027054527308791876
0.002637692028656602
0.002720907563343644
0.002734662964940071
0.0027152514085173607
0.0026996105443686247
0.002741870703175664
0.0026802467182278633
0.002645608503371477
0.002681736135855317
0.0027523781172931194
0.0027168034575879574
0.002700241282582283
0.0026967632584273815
0.0027509350329637527
0.002677349606528878
0.002798531437292695
0.0026972151827067137
0.0027662315405905247
0.0026872465386986732
0.00267241639085114
0.0027698969934135675
0.0027067807968705893
0.0027372881304472685
0.002725242404267192
0.0027667973190546036
0.002772840205579996
0.0026828006375581026
0.0027413894422352314
0.0026394205633550882
0.002751991618424654
0.002682480728253722
0.002692798152565956
0.0027153026312589645
0.0026601976715028286
0.002720726653933525
0.0026789112016558647
0.00276472931727767
0.002691245637834072
0.002702177269384265
0.002846136689186096
0.002664127852767706
0.002598049119114876
0.0026716396678239107
0.002819421235471964
0.0026909979060292244
0.002745390869677067
0.002702907659113407
0.0026946060825139284
0.002693552989512682
0.0027112369425594807
0.0026831375434994698
0.002661262173205614
0.0026979059912264347
0.002716254210099578
0.002726068254560232
0.0028007926885038614
0.0027600585017353296
0.002784155774861574
0.0026897252537310123
0.0026993725914508104
0.002717832801863551
0.002698322292417288
0.0027782185934484005
0.0027032324578613043
0.0027190607506781816
0.0027259443886578083
0.0027053561061620712
0.002937176264822483
0.0026731141842901707
0.0027215457521378994
0.0027039330452680588
0.0026619983837008476
0.0026819000486284494
0.002710958942770958
0.0026421535294502974
0.002660136204212904
0.0026444506365805864
0.0027613677084445953
0.0026562416460365057
0.002697948832064867
0.0026723570190370083
0.002629432827234268
0.0026966750156134367
0.002714447444304824
0.0027299621142446995
0.0026671187952160835
0.0026729244273155928
0.0026834732852876186
0.0026809037663042545
0.0026617986150085926
0.0027294717729091644
0.002661206526681781
0.002774300752207637
0.002723044715821743
0.0026585946325212717
0.002660979749634862
0.0028190144803375006
0.0026657264679670334
0.002642944920808077
0.002678091172128916
0.0026857212651520967
0.0026294239796698093
0.0026644826866686344
0.0026889548171311617
0.002697836607694626
0.0026685534976422787
0.002673730254173279
0.0026857650373131037
0.002701517893001437
0.0026754820719361305
0.0026568975299596786
0.0027004536241292953
0.0026945839636027813
0.002675101161003113
0.002602741587907076
0.0027092767413705587
0.0026569971814751625
0.002923646243289113
0.002701173536479473
0.00266558350995183
0.0027074969839304686
0.0026273783296346664
0.0026445460971444845
0.002735927700996399
0.002703689970076084
0.0026597806718200445
0.002690004650503397
0.0026998051907867193
0.0026103167328983545
0.0026744885835796595
0.002614240162074566
0.0026724631898105145
0.002664162078872323
0.0026830253191292286
0.002832676051184535
0.0026527661830186844
0.0026910335291177034
0.002631060779094696
0.002656986704096198
0.0027160944882780313
0.002686969004571438
0.0027359735686331987
0.002665878739207983
0.0026976484805345535
0.002656805096194148
0.002700696000829339
0.002673206850886345
0.0026656717527657747
0.002736333291977644
0.002653361763805151
0.0026968526653945446
0.002639025915414095
0.0026962701231241226
0.0026294603012502193
0.002677581738680601
0.0026825189124792814
0.00261654588393867
0.002643848303705454
0.002667974215000868
0.002651922171935439
0.002682353137061
0.002746309619396925
0.0026778390165418386
0.0026718906592577696
0.002663169987499714
0.0026433346793055534
0.0026669998187571764
0.0026207766495645046
0.0027061302680522203
0.0026175787206739187
0.0026337197050452232
0.002665526932105422
0.002618592930957675
0.002681184094399214
0.002709158230572939
0.0026702862232923508
0.0026627350598573685
0.0026009397115558386
0.0026565094012767076
0.002661505714058876
0.0026848739944398403
0.0027448940090835094
0.002669418230652809
0.002719441894441843
0.002731118118390441
0.002660545986145735
0.0026611867360770702
0.0026633262168616056
0.002661125734448433
0.002611086005344987
0.002653789706528187
0.0026539249811321497
0.002588669303804636
0.0026468997821211815
0.00265220133587718
0.0026883487589657307
0.0026406235992908478
0.002652047900483012
0.0026635420508682728
0.0026366852689534426
0.0026646964251995087
0.002664492931216955
0.0026352743152529
0.0026330549735575914
0.002624181332066655
0.0026499596424400806
0.0026434860192239285
0.002672164933755994
0.002627531997859478
0.002689701970666647
0.002671019872650504
0.0026318165473639965
0.002650290960446
0.00266748433932662
0.0026372307911515236
0.0026685488410294056
0.0026331921108067036
0.0027057479601353407
0.0026329155080020428
0.002602232387289405
0.002618607832118869
0.002634763950482011
0.0026220730505883694
0.0026663257740437984
0.002637974452227354
0.0026888528373092413
0.002687796950340271
0.0026489479932934046
0.0026485566049814224
0.0026400722563266754
0.002668930683284998
0.002656275173649192
0.0026431584265083075
0.0026344244834035635
0.0026161924470216036
0.002633184427395463
0.0026624761521816254
0.002667061984539032
0.002609162824228406
0.002644691849127412
0.002682709600776434
0.002617289312183857
0.0026198129635304213
0.002635963261127472
0.002649480476975441
0.0026438769418746233
0.00265863467939198
0.0026821589563041925
0.0026455374900251627
0.0026600949931889772
0.002619250910356641
0.002680438570678234
0.002598237944766879
0.002651300048455596
0.0025953075382858515
0.002615174278616905
0.002671133726835251
0.0026314030401408672
0.002672464121133089
0.002666412852704525
0.002590258838608861
0.002656000666320324
0.002645274857059121
0.0026466413401067257
0.0026520288083702326
0.0027594093699008226
0.002650556154549122
0.0026174853555858135
0.002715342678129673
0.0026187060866504908
0.00267071183770895
0.0026662840973585844
0.0026637758128345013
0.002625918947160244
0.0026223785243928432
0.00265334895811975
0.002750332932919264
0.002651253016665578
0.0026090468745678663
0.0026534239295870066
0.0026491498574614525
0.0026529680471867323
0.0026070536114275455
0.0026318063028156757
0.002634922508150339
0.002640556078404188
0.002608557930216193
0.0026329783722758293
0.0026071867905557156
0.002652801340445876
0.002648246241733432
0.0025958477053791285
0.002633443335071206
0.0026570684276521206
0.0026116841472685337
0.00264593749307096
0.0026283618062734604
0.00265235616825521
0.0026929115410894156
0.002620699815452099
0.0026030573062598705
0.002620870480313897
0.0026134734507650137
0.002621208783239126
0.002634072909131646
0.0026366403326392174
0.0025954702869057655
0.002612117677927017
0.002612181007862091
0.002601647051051259
0.0026161165442317724
0.0026104918215423822
0.002652072114869952
0.002630336908623576
0.0026314083952456713
0.0026230840012431145
0.0026454883627593517
0.0026933832559734583
0.0026133940555155277
0.0025989655405282974
0.0026574446819722652
0.002624128945171833
0.002598493592813611
0.002639325801283121
0.0026230537332594395
0.002588146599009633
0.0027462197467684746
0.0026312903501093388
0.0026537911035120487
0.0025937589816749096
0.0026101521216332912
0.002626396482810378
0.0026288030203431845
0.002614791039377451
0.0025839614681899548
0.0026445575058460236
0.0026439966168254614
0.0026338351890444756
0.002670247107744217
0.0026104357093572617
0.0026937872171401978
0.002628709189593792
0.0026464834809303284
0.0026193284429609776
0.0026130068581551313
0.002630913630127907
0.002598948311060667
0.002630706876516342
0.0027173226699233055
0.0026541876140981913
0.002624650252982974
0.0026181424036622047
0.002668653381988406
0.002602088963612914
0.0026676340494304895
0.002612679498270154
0.0026036277413368225
0.0026651243679225445
0.002650645561516285
0.002700243843719363
0.0026002470403909683
0.002619614126160741
0.0026201708242297173
0.0026399719063192606
0.002614663913846016
0.0025990598369389772
0.002696576062589884
0.002589161740615964
0.0026118867099285126
0.002597981598228216
0.002574170706793666
0.002623743610456586
0.0026276404969394207
0.002622295403853059
0.002623328473418951
0.0026157773099839687
0.0026641383301466703
0.002637977711856365
0.0026683041360229254
0.0026346149388700724
0.0025685876607894897
0.0026149821933358908
0.0026308593805879354
0.0026479761581867933
0.002591890748590231
0.0025973548181355
0.0026333173736929893
0.0025867531076073647
0.0026129093021154404
0.0026097698137164116
0.002644229680299759
0.002743761520832777
0.002589625772088766
0.002596987644210458
0.002675210125744343
0.0026142923161387444
0.0025981569197028875
0.0026103993877768517
0.0025970563292503357
0.0026547613088041544
0.002611760515719652
0.0025899286847561598
0.0026110028848052025
0.0025924420915544033
0.00261486554518342
0.0025699648540467024
0.0025881824549287558
0.0026142457500100136
0.0026064165867865086
0.0026310021057724953
0.00264281895942986
0.0026560616679489613
0.0026031325105577707
0.0026182609144598246
0.0026048137806355953
0.0026281937025487423
0.0026364366058260202
0.0026238427963107824
0.002663819817826152
0.0025822638999670744
0.002583175664767623
0.002591848373413086
0.00264507788233459
0.002616650890558958
0.002634974429383874
0.002607032423838973
0.002649354748427868
0.0026512392796576023
0.002600347390398383
0.0026399127673357725
0.0026252951938658953
0.0026278842706233263
0.0025837437715381384
0.002595754573121667
0.0026101109106093645
0.0025860059540718794
0.0026444473769515753
0.0026137535460293293
0.0026510024908930063
0.0026279762387275696
0.002616443205624819
0.002611592411994934
0.0026131102349609137
0.0027047432959079742
0.002605259418487549
0.002634315053001046
0.002623343374580145
0.0026068673469126225
0.002603786066174507
0.0025815549306571484
0.0026256500277668238
0.0026517114602029324
0.002637059660628438
0.0025965969543904066
0.002646651118993759
0.002590266754850745
0.0026174294762313366
0.002605294343084097
0.0026140266563743353
0.002589558018371463
0.0025965687818825245
0.0025952535215765238
0.0026017625350505114
0.0026246588677167892
0.0026290558744221926
0.0025641529355198145
0.0026298859156668186
0.0026089963503181934
0.002583725843578577
0.002625648630782962
0.0026103926356881857
0.002641865983605385
0.002615997102111578
0.0026347253005951643
0.0025987415574491024
0.0026188932824879885
0.002582790330052376
0.0025714808143675327
0.002702751662582159
0.0025793935637921095
0.0026361786294728518
0.00261512934230268
0.002637131605297327
0.0026266751810908318
0.002580307424068451
0.002623562701046467
0.0026337557937949896
0.0026027506683021784
0.002673656912520528
0.0026181319262832403
0.002591005526483059
0.0026324146892875433
0.002635618904605508
0.0026057790964841843
0.0026008710265159607
0.0026145833544433117
0.002587617142125964
0.002639260608702898
0.0025772119406610727
0.00259816343896091
0.002686032559722662
0.002599897561594844
0.0025965203531086445
0.002591633703559637
0.002628078917041421
0.0026418217457830906
0.0026656354311853647
0.002620633924379945
0.0025728431064635515
0.0026192977093160152
0.002634991891682148
0.0026144974399358034
0.0026050368323922157
0.002591497963294387
0.002649094210937619
0.0026076678186655045
0.0025665550492703915
0.0025878306478261948
0.0025903922505676746
0.0025961650535464287
0.002633575350046158
0.002576724160462618
0.0026000337675213814
0.0025960204657167196
0.002603443106636405
0.0026250171940773726
0.0026986165903508663
0.0026051851455122232
0.00261894753202796
0.002596406964585185
0.00259530171751976
0.002594761550426483
0.002621531719341874
0.002602149033918977
0.0025765870232135057
0.0025796506088227034
0.002660566009581089
0.0026185091119259596
0.002618868136778474
0.0025881517212837934
0.002618021098896861
0.0026351080741733313
0.002583376131951809
0.002610115334391594
0.0025843295734375715
0.0025552022270858288
0.002605729503557086
0.0025967939291149378
0.002651945222169161
0.0026369658298790455
0.0025674556382000446
0.002585079986602068
0.0026333497371524572
0.0026126571465283632
0.0025887221563607454
0.002570183016359806
0.0025916402228176594
0.002623986452817917
0.0026197386905550957
0.0026128056924790144
0.002632738556712866
0.0025977864861488342
0.002611233852803707
0.0025884832721203566
0.0026217771228402853
0.0026061986573040485
0.0025969273410737514
0.002623623004183173
0.002557717962190509
0.0026590439956635237
0.0025822771713137627
0.0026204355526715517
0.0026141139678657055
0.002655026502907276
0.002654343843460083
0.002611624775454402
0.002571483375504613
0.0025977161712944508
0.0025979888159781694
0.002579157240688801
0.0026021169032901525
0.0025777306873351336
0.002633413067087531
0.002666669664904475
0.0026088899467140436
0.0025790121871978045
0.0026069646701216698
0.002662290120497346
0.0026111977640539408
0.0025830313097685575
0.0025849249213933945
0.0025894639547914267
0.0026095062494277954
0.0026165316812694073
0.0026503039989620447
0.002623516134917736
0.0026223277673125267
0.0025904157664626837
0.0026054070331156254
0.002606775611639023
0.0025998225901275873
0.002669456647709012
0.002585458802059293
0.0026157929096370935
0.0026040079537779093
0.0026261243037879467
0.002629307797178626
0.0025788943748921156
0.0026433756574988365
0.00258302828297019
0.002614289755001664
0.0025945804081857204
0.0025933021679520607
0.0026024121325463057
0.002634042175486684
0.0026074452325701714
0.002606478286907077
0.0025880520697683096
0.00257205031812191
0.0025937939062714577
0.0026216444093734026
0.002562448615208268
0.002639614976942539
0.0025808659847825766
0.002572579775005579
0.0026273326948285103
0.002616533078253269
0.0025909370742738247
0.002634733682498336
0.0026790329720824957
0.0026189270429313183
0.002620844868943095
0.0026029900182038546
0.002580275060608983
0.0025882094632834196
0.0026167549658566713
0.0026163747534155846
0.0026660289149731398
0.0025860508903861046
0.0026156329549849033
0.0026074328925460577
0.0025979913771152496
0.0025972623843699694
0.002580370521172881
0.0026205526664853096
0.0025767784100025892
0.0025844478514045477
0.0025812098756432533
0.0025894364807754755
0.002568471245467663
0.002615086967125535
0.0025779635179787874
0.002610191935673356
0.0025903191417455673
0.002618247177451849
0.002602355321869254
0.0026340128388255835
0.002609948394820094
0.002579107414931059
0.002607017522677779
0.0026136331725865602
0.0026027821004390717
0.0026164697483181953
0.0025925328955054283
0.0025871300604194403
0.002632047515362501
0.002604827983304858
0.002664845436811447
0.002599947387352586
0.002630008617416024
0.0026468047872185707
0.002596590667963028
0.002611529314890504
0.0025945198722183704
0.002590219723060727
0.0025820345617830753
0.0025742005091160536
0.002593417651951313
0.002590225078165531
0.0026288568042218685
0.002606517868116498
0.0025972614530473948
0.002586761489510536
0.0026460126973688602
0.0025807791389524937
0.0025985741522163153
0.002588727045804262
0.00254856632091105
0.0026187303010374308
0.00259560183621943
0.0025840348098427057
0.0026286595966666937
0.0025984637904912233
0.002584918634966016
0.002599201863631606
0.0025805868208408356
0.0025935815647244453
0.0026024531107395887
0.0026102596893906593
0.002596211386844516
0.0026590339839458466
0.0025577188935130835
0.0025939769111573696
0.0025861570611596107
0.0025974158197641373
0.0026243047323077917
0.002575131133198738
0.0025967818219214678
0.0025894553400576115
0.002572382101789117
0.002593681449070573
0.002610258525237441
0.0025668751914054155
0.0026732764672487974
0.0025644758716225624
0.0025911028496921062
0.002603215631097555
0.002612817334011197
0.0026053707115352154
0.0025895896833389997
0.0025982207152992487
0.0025620288215577602
0.0025642504915595055
0.002607080852612853
0.0026060075033456087
0.002564874244853854
0.002643625484779477
0.00255087623372674
0.0025743150617927313
0.0026190271601080894
0.0025967538822442293
0.002576912986114621
0.002610699040815234
0.0026317790616303682
0.0025803663302212954
0.002599692204967141
0.0025590730365365744
0.0025734405498951674
0.0025896825827658176
0.002556801540777087
0.002577083418145776
0.002567184856161475
0.002569837961345911
0.0025930898264050484
0.0025820808950811625
0.0025998838245868683
0.0025922281201928854
0.0026076259091496468
0.0025707848835736513
0.002579791471362114
0.002607304137200117
0.002584137488156557
0.002604546258226037
0.0026131141930818558
0.002599329687654972
0.0025687941815704107
0.0025901910848915577
0.0025992749724537134
0.002629961585626006
0.0025917135644704103
0.0025651128962635994
0.0026057790964841843
0.0025787660852074623
0.0025689201429486275
0.002584445755928755
0.0025835128035396338
0.002584771253168583
0.0025985301472246647
0.0025829109363257885
0.0025978453923016787
0.002582133049145341
0.002576397266238928
0.002599912229925394
0.0025892085395753384
0.002597091719508171
0.00260230153799057
0.002595286350697279
0.0026285797357559204
0.002673025941476226
0.0026007257401943207
0.0025785472244024277
0.002618789905682206
0.002579732332378626
0.0025982074439525604
0.002567046321928501
0.0025915722362697124
0.002606367226690054
0.0026024337857961655
0.0026124233845621347
0.0025777295231819153
0.0025567463599145412
0.0026102394331246614
0.002550841076299548
0.002594548277556896
0.0025869987439364195
0.00255489069968462
0.002646052511408925
0.0025752403307706118
0.002622024156153202
0.00257492670789361
0.0026133304927498102
0.002608715556561947
0.002586887450888753
0.002578705083578825
0.0025808224454522133
0.0025978535413742065
0.0025884120259433985
0.002607895527034998
0.0025914814323186874
0.002608576323837042
0.002579806838184595
0.002571637276560068
0.0025715602096170187
0.0026069621089845896
0.0025735197123140097
0.002575478982180357
0.002575767459347844
0.0025963580701500177
0.002583892084658146
0.00264435401186347
0.0026214777026325464
0.0025922663044184446
0.0025760254357010126
0.0025959794875234365
0.0025953007861971855
0.0025700759142637253
0.0025717453099787235
0.0025662167463451624
0.002579580759629607
0.002604340435937047
0.002578082727268338
0.002589639974758029
0.002566543873399496
0.002638688078150153
0.002572242869064212
0.0025773311499506235
0.0025858827866613865
0.0025940483901649714
0.0025727867614477873
0.002585353096947074
0.002597441663965583
0.00264038541354239
0.0026203792076557875
0.0025722645223140717
0.0025798615533858538
0.002568274736404419
0.002600535051897168
0.0025732512585818768
0.0026168632321059704
0.0025831672828644514
0.002623262582346797
0.0026278041768819094
0.002586041111499071
0.002624484710395336
0.0025793390814214945
0.002596156671643257
0.0026106738951057196
0.002572309458628297
0.0025774624664336443
0.002583700930699706
0.00257609854452312
0.0025760976132005453
0.002585222013294697
0.0025902839843183756
0.002588535426184535
0.002626079600304365
0.0026081542018800974
0.002599493833258748
0.00255714263767004
0.002603174652904272
0.002625567838549614
0.0025943624787032604
0.002592741046100855
