0.9890269041061401
0.9882388114929199
0.9850369095802307
0.9720160961151123
0.8373532891273499
0.4619564712047577
0.3968850076198578
0.3398273289203644
0.4337000250816345
0.4262637197971344
0.318599134683609
0.45589160919189453
0.3845004439353943
0.3546375334262848
0.3831482231616974
0.5018956661224365
0.4026843309402466
0.30272018909454346
0.41330036520957947
0.36731377243995667
0.3479497730731964
0.3492331802845001
0.3553338646888733
0.4925577640533447
0.36652296781539917
0.3703794777393341
0.4000769257545471
0.43096351623535156
0.3530658483505249
0.28543469309806824
0.3352142870426178
0.414866179227829
0.34189826250076294
0.2713421583175659
0.30694466829299927
0.42815905809402466
0.32387182116508484
0.37192726135253906
0.3773699104785919
0.3175542652606964
0.38928961753845215
0.3392461836338043
0.4231990873813629
0.37768489122390747
0.2990735173225403
0.34892457723617554
0.3503960072994232
0.39863765239715576
0.3889031410217285
0.38222986459732056
0.4478296637535095
0.26824888586997986
0.3792192041873932
0.46888917684555054
0.41203242540359497
0.42074519395828247
0.3657677471637726
0.27487292885780334
0.37801438570022583
0.2875002324581146
0.2819066345691681
0.32174479961395264
0.3082191050052643
0.29651209712028503
0.27829837799072266
0.47622886300086975
0.3268046975135803
0.2961719334125519
0.31875675916671753
0.32306361198425293
0.2851174473762512
0.26483386754989624
0.2927539050579071
0.28057873249053955
0.2701449990272522
0.3057914078235626
0.4033395051956177
0.37919682264328003
0.30184119939804077
0.32737997174263
0.33501386642456055
0.27748408913612366
0.30700647830963135
0.3078171908855438
0.2754933536052704
0.42762699723243713
0.2991361916065216
0.2899894416332245
0.2553151547908783
0.3146898150444031
0.30456089973449707
0.2742709815502167
0.31684166193008423
0.4227306842803955
0.30225464701652527
0.2838117480278015
0.2921149730682373
0.3852258622646332
0.4060225188732147
0.2742004692554474
0.29079341888427734
0.3795467019081116
0.4033840000629425
0.3107260465621948
0.29566535353660583
0.2189936488866806
0.40595588088035583
0.2916257679462433
0.457229882478714
0.29799872636795044
0.25382375717163086
0.37036412954330444
0.3607957661151886
0.31896886229515076
0.43257012963294983
0.2726113200187683
0.28269606828689575
0.3195904791355133
0.24944603443145752
0.3012164533138275
0.3454844057559967
0.41364824771881104
0.337393581867218
0.26241543889045715
0.37437835335731506
0.3697921633720398
0.2781566083431244
0.3068748712539673
0.2547946572303772
0.3401303291320801
0.31020233035087585
0.29515135288238525
0.3280322253704071
0.25507596135139465
0.32205626368522644
0.2833423316478729
0.2889617383480072
0.28803175687789917
0.42949044704437256
0.31223437190055847
0.25293612480163574
0.3672606647014618
0.3048647940158844
0.27020058035850525
0.34668755531311035
0.3362360894680023
0.28594762086868286
0.3082379400730133
0.33746615052223206
0.33547869324684143
0.24189399182796478
0.30486464500427246
0.31635698676109314
0.2654048800468445
0.3468365967273712
0.34175729751586914
0.4202815592288971
0.3409717082977295
0.2951542139053345
0.28505033254623413
0.27223703265190125
0.3011137545108795
0.26151031255722046
0.24744540452957153
0.3413085639476776
0.301661878824234
0.3547007441520691
0.2995944917201996
0.28064608573913574
0.30318450927734375
0.27714768052101135
0.27133846282958984
0.260622501373291
0.27046826481819153
0.33229711651802063
0.24546784162521362
0.3374861478805542
0.24796722829341888
0.2761945426464081
0.3279617130756378
0.31209105253219604
0.31261780858039856
0.30507755279541016
0.3472934663295746
0.3430885076522827
0.23418028652668
0.42213568091392517
0.2804311215877533
0.24428726732730865
0.2952445149421692
0.3556373119354248
0.2950642704963684
0.4243253767490387
0.266628235578537
0.30910173058509827
0.34647154808044434
0.254497230052948
0.252703458070755
0.2855686843395233
0.27759799361228943
0.34100592136383057
0.3114834725856781
0.3564111888408661
0.36560875177383423
0.31055358052253723
0.2840704321861267
0.28679904341697693
0.330568790435791
0.20593878626823425
0.26005858182907104
0.2711328864097595
0.32251307368278503
0.46647748351097107
0.22651350498199463
0.27379336953163147
0.25517570972442627
0.3181286156177521
0.3252263367176056
0.2913021743297577
0.30564606189727783
0.2696053981781006
0.3406662344932556
0.26709991693496704
0.23784106969833374
0.38376373052597046
0.28115007281303406
0.296476811170578
0.31416216492652893
0.3745480477809906
0.31988897919654846
0.4146946668624878
0.27317407727241516
0.2830159366130829
0.2841207683086395
0.3406431972980499
0.3662671446800232
0.27059152722358704
0.29735279083251953
0.27848926186561584
0.2891524136066437
0.29180824756622314
0.26189446449279785
0.3328907787799835
0.24168352782726288
0.23707328736782074
0.2833728492259979
0.25286442041397095
0.24660253524780273
0.37065252661705017
0.28508463501930237
0.3311019241809845
0.29940110445022583
0.2695716619491577
0.26747915148735046
0.2946107089519501
0.3357557952404022
0.27886372804641724
0.3538077175617218
0.27828046679496765
0.23286300897598267
0.3208776116371155
0.27117565274238586
0.2902624011039734
0.3303353190422058
0.2392876297235489
0.22698459029197693
0.2886776626110077
0.2992400527000427
0.32982850074768066
0.3721682131290436
0.2576473653316498
0.2507467567920685
0.3148268461227417
0.3333324193954468
0.2920674979686737
0.2255735844373703
0.28659117221832275
0.3847512900829315
0.2321653962135315
0.3506971299648285
0.3098769187927246
0.3596189320087433
0.2979608476161957
0.32900387048721313
0.25433966517448425
0.23328836262226105
0.4121728241443634
0.28801316022872925
0.3157184422016144
0.2670103907585144
0.3292894661426544
0.2859474718570709
0.27027904987335205
0.2358616292476654
0.25316542387008667
0.3061954081058502
0.37734290957450867
0.368409126996994
0.3711160123348236
0.2644200921058655
0.2406865507364273
0.3307406008243561
0.34541988372802734
0.33733293414115906
0.22166851162910461
0.39659547805786133
0.31326940655708313
0.28622549772262573
0.3674025237560272
0.27798911929130554
0.33681172132492065
0.25896453857421875
0.27362480759620667
0.2520054876804352
0.2922358214855194
0.31145840883255005
0.25952211022377014
0.302589476108551
0.2899044454097748
0.2715027928352356
0.26605963706970215
0.32417523860931396
0.3451135754585266
0.3219122290611267
0.22213639318943024
0.3127913475036621
0.2902587652206421
0.3247474133968353
0.2616814970970154
0.32307958602905273
0.2797628343105316
0.24731659889221191
0.3120608329772949
0.39547619223594666
0.28199493885040283
0.22854723036289215
0.32342323660850525
0.3294300138950348
0.25614047050476074
0.2366829216480255
0.2705298066139221
0.376053124666214
0.331585168838501
0.24295824766159058
0.3118038475513458
0.2547447085380554
0.30989161133766174
0.37087568640708923
0.33833813667297363
0.3154037594795227
0.25319764018058777
0.3119894862174988
0.4685586392879486
0.2501441240310669
0.24739032983779907
0.2601485252380371
0.3407188057899475
0.2657731771469116
0.2762141823768616
0.31725427508354187
0.2995423674583435
0.33547189831733704
0.31112560629844666
0.29347681999206543
0.2407546043395996
0.2904365658760071
0.2935289144515991
0.42307284474372864
0.2374301701784134
0.31737521290779114
0.3152046203613281
0.2844190001487732
0.30288010835647583
0.24923212826251984
0.2618321478366852
0.300104558467865
0.287044882774353
0.2614300847053528
0.2515089809894562
0.26983869075775146
0.28940656781196594
0.24763719737529755
0.4546489417552948
0.30510619282722473
0.43628278374671936
0.2670702636241913
0.3537270128726959
0.331724613904953
0.30932173132896423
0.3395903706550598
0.3755497932434082
0.3062695860862732
0.3370024561882019
0.24020405113697052
0.35396358370780945
0.25239697098731995
0.3358435034751892
0.2938792109489441
0.2398749589920044
0.2796121835708618
0.3419940173625946
0.24078495800495148
0.31979867815971375
0.2425505667924881
0.2653162181377411
0.32445770502090454
0.4531608819961548
0.2200567126274109
0.27581924200057983
0.298311710357666
0.302136093378067
0.34260109066963196
0.27931612730026245
0.27896758913993835
0.2639063596725464
0.23300759494304657
0.2918875515460968
0.2807896137237549
0.3021453320980072
0.413137823343277
0.24974776804447174
0.38319557905197144
0.33356210589408875
0.24721792340278625
0.27996525168418884
0.29871460795402527
0.2702692747116089
0.3175423741340637
0.28656765818595886
0.334133118391037
0.4298277497291565
0.34016555547714233
0.3154076039791107
0.2878498136997223
0.2508195638656616
0.29003286361694336
0.2723851203918457
0.25621163845062256
0.26072636246681213
0.2629142701625824
0.29953116178512573
0.28410252928733826
0.2553980052471161
0.324506551027298
0.28465887904167175
0.3320038914680481
0.24776940047740936
0.34404411911964417
0.2482103407382965
0.2565401792526245
0.36479997634887695
0.2992842197418213
0.2379172146320343
0.4060119092464447
0.28120890259742737
0.21514132618904114
0.23482944071292877
0.28419584035873413
0.223316952586174
0.35106027126312256
0.2810574769973755
0.39167606830596924
0.28559720516204834
0.28985995054244995
0.2477014660835266
0.2675558030605316
0.33346450328826904
0.2617757320404053
0.33041951060295105
0.294807106256485
0.2562365233898163
0.2809793949127197
0.27649039030075073
0.29329121112823486
0.24653680622577667
0.34785646200180054
0.2827134132385254
0.3580990731716156
0.3168209195137024
0.2806508541107178
0.2452099621295929
0.29996272921562195
0.3171624541282654
0.2748740315437317
0.29914140701293945
0.25894880294799805
0.2565891146659851
0.2673984467983246
0.3127208948135376
0.33038610219955444
0.33860281109809875
0.328474760055542
0.3267863094806671
0.28312376141548157
0.3055257201194763
0.37444213032722473
0.26936811208724976
0.28167474269866943
0.2855355143547058
0.38354024291038513
0.2696141302585602
0.3245096802711487
0.2800920903682709
0.22240430116653442
0.26235848665237427
0.2953811585903168
0.32231196761131287
0.25213128328323364
0.2718522548675537
0.322848916053772
0.2655910551548004
0.2404375672340393
0.3422984182834625
0.43636655807495117
0.2862354516983032
0.338479220867157
0.29249808192253113
0.4149188697338104
0.2612636089324951
0.23691068589687347
0.36174464225769043
0.26597100496292114
0.2819724977016449
0.3709654211997986
0.2902783155441284
0.36063843965530396
0.29267194867134094
0.3157981336116791
0.3491158187389374
0.28043752908706665
0.320038378238678
0.2740994989871979
0.21112482249736786
0.34189939498901367
0.2770118713378906
0.28940922021865845
0.2972967326641083
0.38068482279777527
0.2693716287612915
0.3128628432750702
0.3174833357334137
0.2819075286388397
0.26044705510139465
0.34710657596588135
0.27470773458480835
0.25657641887664795
0.23341220617294312
0.27695968747138977
0.2380981743335724
0.2244109958410263
0.2898946702480316
0.23603564500808716
0.27250322699546814
0.26718008518218994
0.2802288234233856
0.29538998007774353
0.2628016173839569
0.29887083172798157
0.287175714969635
0.2802470624446869
0.2716132402420044
0.26142627000808716
0.29922839999198914
0.2944057881832123
0.311077743768692
0.2376527488231659
0.2725728452205658
0.26020577549934387
0.24974174797534943
0.29829132556915283
0.25327107310295105
0.262144535779953
0.2601657509803772
0.2718343436717987
0.3387085795402527
0.28689122200012207
0.32785576581954956
0.25261637568473816
0.3004477024078369
0.24023517966270447
0.3679085075855255
0.22805151343345642
0.3498031198978424
0.305001437664032
0.284726083278656
0.3211134672164917
0.22162173688411713
0.24715690314769745
0.28808972239494324
0.3526381552219391
0.25905346870422363
0.3046044707298279
0.34821516275405884
0.31368955969810486
0.28290390968322754
0.27327603101730347
0.2941477596759796
0.3477415442466736
0.26009848713874817
0.3293745815753937
0.3687068521976471
0.2741394639015198
0.3984498083591461
0.2946109175682068
0.23175060749053955
0.3076430559158325
0.30931994318962097
0.3034363389015198
0.2514285743236542
0.2609820067882538
0.26337292790412903
0.26505282521247864
0.3634565472602844
0.3307534456253052
0.24515791237354279
0.22835436463356018
0.34516090154647827
0.2551468312740326
0.2189948409795761
0.37689635157585144
0.24837210774421692
0.2128475159406662
0.2690138518810272
0.23670031130313873
0.331207275390625
0.3583931624889374
0.3087320029735565
0.27928468585014343
0.42133480310440063
0.23614992201328278
0.27031415700912476
0.25473907589912415
0.2733308672904968
0.27930909395217896
0.282061368227005
0.23524585366249084
0.34077829122543335
0.27379319071769714
0.2902698516845703
0.37748342752456665
0.24639633297920227
0.32597029209136963
0.2499975860118866
0.3432433605194092
0.3511655926704407
0.2645302414894104
0.27960655093193054
0.30925655364990234
0.3232063055038452
0.2246253490447998
0.22442565858364105
0.33703264594078064
0.21504846215248108
0.2605539560317993
0.3307468593120575
0.30227139592170715
0.28846949338912964
0.25729283690452576
0.2753298580646515
0.20315709710121155
0.26432764530181885
0.22771932184696198
0.2962805926799774
0.26290974020957947
0.2968449890613556
0.41596174240112305
0.25536131858825684
0.33572569489479065
0.26251891255378723
0.3318594694137573
0.23382048308849335
0.2394203543663025
0.2759155035018921
0.29733628034591675
0.2594873309135437
0.2767704427242279
0.29054081439971924
0.2841953635215759
0.2581430971622467
0.2813495099544525
0.31024253368377686
0.3194749355316162
0.28848469257354736
0.21971729397773743
0.26129746437072754
0.30122336745262146
0.37547382712364197
0.24913768470287323
0.2872695028781891
0.3978525400161743
0.36043408513069153
0.2963724136352539
0.28144460916519165
0.3241182267665863
0.3787732422351837
0.3054860532283783
0.274040162563324
0.23974952101707458
0.28731003403663635
0.2450946718454361
0.28476208448410034
0.24114586412906647
0.25740334391593933
0.28335464000701904
0.27394628524780273
0.2561822235584259
0.24160675704479218
0.27066949009895325
0.22919316589832306
0.2850172519683838
0.32752281427383423
0.259916752576828
0.28299251198768616
0.32085612416267395
0.28051379323005676
0.3201175034046173
0.3271162509918213
0.2784443199634552
0.3437471091747284
0.2435896396636963
0.269076943397522
0.28536832332611084
0.23914358019828796
0.23511628806591034
0.32919904589653015
0.3826282322406769
0.3143792748451233
0.3404817283153534
0.2922048568725586
0.3776456415653229
0.2848992347717285
0.29756563901901245
0.24203982949256897
0.20406047999858856
0.2732890546321869
0.3266202211380005
0.3127240836620331
0.30925899744033813
0.22963133454322815
0.32168930768966675
0.2500317096710205
0.2436821311712265
0.34981462359428406
0.2305089831352234
0.2557723820209503
0.2298172116279602
0.3019983172416687
0.2600274980068207
0.25488904118537903
0.3520164489746094
0.28622967004776
0.3428545594215393
0.2559988498687744
0.27443787455558777
0.3140202760696411
0.37176987528800964
0.2956469655036926
0.3184816539287567
0.24340417981147766
0.23973384499549866
0.25320160388946533
0.29123571515083313
0.23419246077537537
0.3442937433719635
0.33625924587249756
0.32066798210144043
0.31006404757499695
0.21359789371490479
0.25643885135650635
0.3059852719306946
0.27179408073425293
0.23298901319503784
0.3167297840118408
0.3549777865409851
0.2533884644508362
0.35752609372138977
0.25987866520881653
0.26938486099243164
0.3705706000328064
0.23090772330760956
0.23440773785114288
0.3231789469718933
0.24158065021038055
0.2716316878795624
0.2656497061252594
0.23078933358192444
0.2864379584789276
0.24081669747829437
0.2734633982181549
0.40322571992874146
0.2366040199995041
0.25666192173957825
0.19907864928245544
0.2853323519229889
0.29152199625968933
0.23016689717769623
0.22069135308265686
0.28309035301208496
0.2712690532207489
0.39537885785102844
0.29958176612854004
0.2714928388595581
0.32397961616516113
0.3012828528881073
0.24501505494117737
0.3828844130039215
0.23852857947349548
0.28881600499153137
0.3200899064540863
0.26289603114128113
0.36283010244369507
0.22562044858932495
0.3250766098499298
0.23597441613674164
0.2657986283302307
0.2877552807331085
0.2644388973712921
0.31301364302635193
0.2836800813674927
0.2471345216035843
0.25064221024513245
0.25286808609962463
0.3015986979007721
0.267170250415802
0.2643817663192749
0.27466991543769836
0.2307758629322052
0.3497387766838074
0.3025224208831787
0.3038012981414795
0.2753450572490692
0.35961973667144775
0.2919531762599945
0.22402940690517426
0.3235841393470764
0.2334406077861786
0.2578985095024109
0.370038777589798
0.3093559145927429
0.3092680871486664
0.2734684348106384
0.2819423973560333
0.22563369572162628
0.2603647708892822
0.3263028562068939
0.236975759267807
0.2568785548210144
0.3615586757659912
0.281732976436615
0.2915858328342438
0.25587326288223267
0.2369653284549713
0.259016752243042
0.2741605043411255
0.2792516350746155
0.28796592354774475
0.26530367136001587
0.2625263035297394
0.26955145597457886
0.3350420594215393
0.3233245015144348
0.29130932688713074
0.3079303801059723
0.27274540066719055
0.2670638859272003
0.3061716556549072
0.21961411833763123
0.24408306181430817
0.3291361927986145
0.23964256048202515
0.24139581620693207
0.2737150490283966
0.22603870928287506
0.31390517950057983
0.24385295808315277
0.25196146965026855
0.26198044419288635
0.23865839838981628
0.25620579719543457
0.30536022782325745
0.36780062317848206
0.3057880997657776
0.2407567948102951
0.26465967297554016
0.2971402704715729
0.2167445719242096
0.2392733246088028
0.34521806240081787
0.32960227131843567
0.25380441546440125
0.239681214094162
0.27104640007019043
0.27334192395210266
0.2816040813922882
0.33816567063331604
0.23069393634796143
0.23600831627845764
0.25014886260032654
0.2141411453485489
0.2868169844150543
0.3532640337944031
0.3302413523197174
0.3363263010978699
0.26747429370880127
0.2470344454050064
0.23453795909881592
0.22880792617797852
0.21157510578632355
0.22088617086410522
0.28407689929008484
0.32633480429649353
0.3010089099407196
0.2849748432636261
0.2835741639137268
0.2867916524410248
0.326535165309906
0.2833625376224518
0.3189166784286499
0.295197993516922
0.27074316143989563
0.30542370676994324
0.30564597249031067
0.2620347738265991
0.25954246520996094
0.22744621336460114
0.21946316957473755
0.24670450389385223
0.2938847243785858
0.28838297724723816
0.30475735664367676
0.25285986065864563
0.36259421706199646
0.2544628381729126
0.28925082087516785
0.21425756812095642
0.28363218903541565
0.2525261640548706
0.280667245388031
0.37485626339912415
0.2820652723312378
0.2678345739841461
0.2830334007740021
0.23767797648906708
0.2438759058713913
0.2770322561264038
0.29437291622161865
0.3054693341255188
0.2566069960594177
0.2939339578151703
0.2627997100353241
0.2725791931152344
0.2538530230522156
0.2435200959444046
0.20621778070926666
0.26738619804382324
0.302040696144104
0.32680246233940125
0.2603505849838257
0.27807480096817017
0.2887008488178253
0.24283334612846375
0.26541686058044434
0.24345852434635162
0.2695331573486328
0.2889472246170044
0.24746614694595337
0.2361435890197754
0.24634356796741486
0.20379535853862762
0.3641800582408905
0.2719597816467285
0.3987296521663666
0.28388258814811707
0.22890445590019226
0.2731645405292511
0.38539180159568787
0.20080572366714478
0.26198944449424744
0.252577006816864
0.25964048504829407
0.22019504010677338
0.2985725998878479
0.2835776209831238
0.29579100012779236
0.29717180132865906
0.23114275932312012
0.2499181628227234
0.2401619851589203
0.2400042861700058
0.27454259991645813
0.24505871534347534
0.2881285548210144
0.24682362377643585
0.3086707293987274
0.2740970253944397
0.32414472103118896
0.26387491822242737
0.3719933032989502
0.2590179145336151
0.29736608266830444
0.2421683371067047
0.2732981741428375
0.23673778772354126
0.2576424777507782
0.3093613088130951
0.26419544219970703
0.21539318561553955
0.26188352704048157
0.26621440052986145
0.2936801016330719
0.38464248180389404
0.2705256938934326
0.24001599848270416
0.23293140530586243
0.30083876848220825
0.3558870255947113
0.281625896692276
0.2684423327445984
0.3019026219844818
0.3557969927787781
0.23603509366512299
0.3336468040943146
0.2984447777271271
0.2660069763660431
0.24349790811538696
0.2617403566837311
0.30428749322891235
0.24463114142417908
0.2430652379989624
0.22784698009490967
0.282484769821167
0.25781622529029846
0.27462896704673767
0.20851169526576996
0.4677596390247345
0.2881411910057068
0.23762546479701996
0.2655636966228485
0.2638606131076813
0.29013293981552124
0.23740720748901367
0.3091961443424225
0.2136141061782837
0.28624269366264343
0.3338116407394409
0.24781309068202972
0.26896005868911743
0.24052126705646515
0.28173956274986267
0.2560759484767914
0.310222327709198
0.28742465376853943
0.30117854475975037
0.25208529829978943
0.28884926438331604
0.2601703405380249
0.3314330577850342
0.26985374093055725
0.2570151090621948
0.26427435874938965
0.31258323788642883
0.2679768204689026
0.348705917596817
0.22436708211898804
0.27369195222854614
0.2395276129245758
0.23287513852119446
0.2356714904308319
0.2165965437889099
0.3279877305030823
0.257404625415802
0.3789045810699463
0.2766377031803131
0.2771886885166168
0.3106320798397064
0.32950690388679504
0.2482953816652298
0.31308284401893616
0.24763841927051544
0.26175546646118164
0.21780180931091309
0.25931987166404724
0.24059857428073883
0.23739714920520782
0.2997460961341858
0.2361755669116974
0.24977703392505646
0.2422764152288437
0.24672572314739227
0.29423952102661133
0.2567867934703827
0.2726879417896271
0.2577860355377197
0.25983527302742004
0.29453152418136597
0.2805682122707367
0.2190524935722351
0.2641553282737732
0.33476147055625916
0.25920265913009644
0.2877664566040039
0.25138768553733826
0.2985304892063141
0.33505210280418396
0.310189813375473
0.3455462157726288
0.2957284450531006
0.29915717244148254
0.27171653509140015
0.2453290820121765
0.2768361270427704
0.2793760597705841
0.26919806003570557
0.29586920142173767
0.2879643440246582
0.251440167427063
0.27898451685905457
0.2638041079044342
0.31665775179862976
0.2781614065170288
0.2530263364315033
0.2966768145561218
0.2359803169965744
0.30447500944137573
0.3026943802833557
0.3075293302536011
0.3006788492202759
0.22837910056114197
0.261511892080307
0.23123164474964142
0.252921462059021
0.26614439487457275
0.22897827625274658
0.30398547649383545
0.23751455545425415
0.29254695773124695
0.26741212606430054
0.33874884247779846
0.3046033978462219
0.2667389214038849
0.33516645431518555
0.30474787950515747
0.25269007682800293
0.2127273678779602
0.2723839282989502
0.340897798538208
0.25285810232162476
0.31866389513015747
0.30492785573005676
0.2555125951766968
0.2519471049308777
0.33613988757133484
0.28783631324768066
0.2437158077955246
0.269101619720459
0.33724355697631836
0.2665283977985382
0.2223132699728012
0.2929989993572235
0.3304150104522705
0.303653359413147
0.37470704317092896
0.24451276659965515
0.23311945796012878
0.23228876292705536
0.34697481989860535
0.2891349792480469
0.3023044764995575
0.261254221200943
0.32353925704956055
0.25774869322776794
0.3230404555797577
0.23506899178028107
0.299430251121521
0.24964039027690887
0.2917826175689697
0.19624876976013184
0.32186606526374817
0.3167281150817871
0.30259963870048523
0.3678087890148163
0.2516911029815674
0.2943285405635834
0.25849220156669617
0.2578155994415283
0.341897577047348
0.3557332456111908
0.29095757007598877
0.30800503492355347
0.26093652844429016
0.2535023093223572
0.24466603994369507
0.2337719351053238
0.3129465579986572
0.24192199110984802
0.29935112595558167
0.28251564502716064
0.3329979479312897
0.20268367230892181
0.29165276885032654
