0.7415266036987305
0.7407392263412476
0.7375362515449524
0.7245168685913086
0.5898537635803223
0.2861500382423401
0.31637072563171387
0.23665718734264374
0.24504999816417694
0.3156975209712982
0.1886088103055954
0.31924569606781006
0.2410699874162674
0.210593119263649
0.212779238820076
0.3180452585220337
0.24146586656570435
0.20460796356201172
0.2852979302406311
0.23789337277412415
0.2188902497291565
0.2129770666360855
0.24352936446666718
0.2892279624938965
0.21716901659965515
0.21627910435199738
0.19884629547595978
0.294337660074234
0.25265052914619446
0.14448660612106323
0.20224738121032715
0.25068169832229614
0.1799495816230774
0.15716269612312317
0.17387846112251282
0.2786892056465149
0.17887187004089355
0.2282397449016571
0.2349962741136551
0.17762409150600433
0.25732412934303284
0.1962878406047821
0.22627472877502441
0.21132953464984894
0.17536984384059906
0.20841912925243378
0.23167076706886292
0.22172822058200836
0.23592855036258698
0.20975610613822937
0.2780369222164154
0.17024816572666168
0.2227790653705597
0.2723916471004486
0.2542940676212311
0.2743924558162689
0.19456420838832855
0.15603755414485931
0.2155206799507141
0.15881727635860443
0.15683047473430634
0.1798504739999771
0.19579167664051056
0.18374651670455933
0.16092073917388916
0.3011690378189087
0.17567799985408783
0.17378632724285126
0.17119665443897247
0.1976889818906784
0.16678650677204132
0.1474551409482956
0.18187208473682404
0.15255402028560638
0.15187834203243256
0.17550009489059448
0.2619326412677765
0.2292981892824173
0.16319765150547028
0.23765970766544342
0.17320728302001953
0.15516062080860138
0.1568274199962616
0.17328836023807526
0.14854875206947327
0.2980961799621582
0.17053420841693878
0.16178131103515625
0.13501791656017303
0.1584877073764801
0.15772075951099396
0.15777477622032166
0.16863439977169037
0.27616286277770996
0.19876714050769806
0.16903313994407654
0.1753787249326706
0.25783970952033997
0.23496867716312408
0.15901872515678406
0.17922113835811615
0.22255194187164307
0.21370123326778412
0.1732981652021408
0.1469535380601883
0.10600188374519348
0.25870078802108765
0.16902035474777222
0.261620432138443
0.14282268285751343
0.13753873109817505
0.2020135223865509
0.18896739184856415
0.18259090185165405
0.248853862285614
0.14324982464313507
0.15957412123680115
0.18706877529621124
0.12050396203994751
0.1486988663673401
0.17964856326580048
0.2366511970758438
0.2024180293083191
0.15067346394062042
0.2180183082818985
0.2287958711385727
0.14768093824386597
0.16480642557144165
0.15461531281471252
0.19871920347213745
0.15540294349193573
0.16938848793506622
0.16706807911396027
0.11844973266124725
0.17255917191505432
0.1586088091135025
0.12601260840892792
0.151937335729599
0.23992417752742767
0.17321725189685822
0.14536285400390625
0.18394725024700165
0.19309556484222412
0.1383633315563202
0.2093115895986557
0.22039711475372314
0.15511202812194824
0.15434202551841736
0.2022739052772522
0.17207661271095276
0.11169984191656113
0.1900026947259903
0.16134192049503326
0.1237233430147171
0.19445659220218658
0.19196216762065887
0.28086140751838684
0.2137761116027832
0.1658542901277542
0.15280957520008087
0.15064403414726257
0.16584044694900513
0.1407032012939453
0.12155590206384659
0.1763116717338562
0.1598840206861496
0.20766116678714752
0.153708353638649
0.15397609770298004
0.14986298978328705
0.15494966506958008
0.13906997442245483
0.13072070479393005
0.16531464457511902
0.16170871257781982
0.1440582126379013
0.20532917976379395
0.13981488347053528
0.12146548181772232
0.15810275077819824
0.1746404618024826
0.18228544294834137
0.16895627975463867
0.17848294973373413
0.1971755027770996
0.11799861490726471
0.25591808557510376
0.14745065569877625
0.13189348578453064
0.14124278724193573
0.19130508601665497
0.1559438854455948
0.2615179419517517
0.13961665332317352
0.15642014145851135
0.18791913986206055
0.13981865346431732
0.12998177111148834
0.15669569373130798
0.13804104924201965
0.20879334211349487
0.1579725444316864
0.20292386412620544
0.2040613442659378
0.17454077303409576
0.15822455286979675
0.17159774899482727
0.18826012313365936
0.0805615484714508
0.13701853156089783
0.1443583071231842
0.17820607125759125
0.22947344183921814
0.11180391907691956
0.153854101896286
0.14611570537090302
0.16133958101272583
0.1751011162996292
0.14079339802265167
0.16520103812217712
0.15606331825256348
0.1901676058769226
0.12292665243148804
0.11644945293664932
0.22450725734233856
0.14743398129940033
0.17692230641841888
0.18008364737033844
0.2030976265668869
0.15960444509983063
0.26832422614097595
0.1207302063703537
0.1424897164106369
0.1394278109073639
0.1974281370639801
0.20204651355743408
0.14824102818965912
0.17259454727172852
0.15151870250701904
0.15528348088264465
0.1352834850549698
0.12605369091033936
0.1926121860742569
0.12604117393493652
0.11835122853517532
0.16924837231636047
0.11690258234739304
0.10309571027755737
0.20818613469600677
0.16617223620414734
0.1777765452861786
0.1497810035943985
0.12447156012058258
0.15363866090774536
0.14960528910160065
0.17600908875465393
0.14141243696212769
0.2193620502948761
0.13880999386310577
0.10850891470909119
0.1852944791316986
0.1412426233291626
0.1652040183544159
0.17836348712444305
0.12072708457708359
0.1097877100110054
0.15291014313697815
0.1658002883195877
0.1953779011964798
0.22717933356761932
0.13559690117835999
0.12413088977336884
0.16803956031799316
0.1780848652124405
0.14553244411945343
0.1141388788819313
0.15508802235126495
0.21211232244968414
0.1290048211812973
0.1882840394973755
0.17410561442375183
0.21687361598014832
0.1657206118106842
0.195509135723114
0.13773436844348907
0.11144296079874039
0.2470792979001999
0.16041959822177887
0.15611380338668823
0.14557576179504395
0.17177656292915344
0.15259921550750732
0.12808826565742493
0.12702558934688568
0.12984059751033783
0.1573576182126999
0.21448935568332672
0.21858341991901398
0.20793947577476501
0.1311068832874298
0.12613248825073242
0.1742781698703766
0.19649159908294678
0.2238042652606964
0.1106189489364624
0.22202278673648834
0.2078293114900589
0.13972990214824677
0.22167673707008362
0.14868952333927155
0.18857042491436005
0.13904313743114471
0.13507887721061707
0.13505077362060547
0.1671488732099533
0.1755739450454712
0.1337754875421524
0.16634173691272736
0.15030577778816223
0.15536072850227356
0.1491232067346573
0.18607917428016663
0.17945563793182373
0.17737028002738953
0.11325712502002716
0.16507960855960846
0.1649070382118225
0.1673600822687149
0.12972594797611237
0.17601025104522705
0.1426631510257721
0.133663609623909
0.13510245084762573
0.2508982717990875
0.14631350338459015
0.10890422761440277
0.17667940258979797
0.1680310070514679
0.12576724588871002
0.11607398837804794
0.1489599645137787
0.19670923054218292
0.1735541969537735
0.12328983098268509
0.1720234602689743
0.13366328179836273
0.15121175348758698
0.22162097692489624
0.20043808221817017
0.17620393633842468
0.13325583934783936
0.1733158975839615
0.30087167024612427
0.13404832780361176
0.11853703111410141
0.12243570387363434
0.19073010981082916
0.13497526943683624
0.14127051830291748
0.17581886053085327
0.1689491868019104
0.16915790736675262
0.16458691656589508
0.15420234203338623
0.1212063729763031
0.16873155534267426
0.1789618581533432
0.24252761900424957
0.12563808262348175
0.15519171953201294
0.1692456752061844
0.13939684629440308
0.15932244062423706
0.12298499792814255
0.14031237363815308
0.17141273617744446
0.15996693074703217
0.13854874670505524
0.1406916230916977
0.14438073337078094
0.151402547955513
0.13122409582138062
0.28384527564048767
0.15802565217018127
0.2743217349052429
0.13886474072933197
0.20002436637878418
0.17662760615348816
0.1637619286775589
0.19232727587223053
0.1883636713027954
0.17413219809532166
0.1917661875486374
0.11942893266677856
0.22240197658538818
0.14075762033462524
0.1877715140581131
0.1693010926246643
0.1261328011751175
0.14726068079471588
0.20479929447174072
0.11822053045034409
0.16969606280326843
0.109673872590065
0.13725392520427704
0.17481879889965057
0.2647530436515808
0.11253629624843597
0.1296331286430359
0.17140187323093414
0.17417940497398376
0.1927526891231537
0.147139310836792
0.16050919890403748
0.1272975206375122
0.11675914376974106
0.14698165655136108
0.15045452117919922
0.1666877716779709
0.21792897582054138
0.1209799200296402
0.24973121285438538
0.19608108699321747
0.1272536963224411
0.14186815917491913
0.150095596909523
0.14620600640773773
0.1622852385044098
0.14160682260990143
0.17497733235359192
0.2301720380783081
0.20289519429206848
0.17178072035312653
0.14223934710025787
0.12331296503543854
0.15900255739688873
0.1363297700881958
0.1387268751859665
0.13993124663829803
0.12188192456960678
0.16350941359996796
0.13186681270599365
0.13743558526039124
0.15200446546077728
0.15077842772006989
0.18075178563594818
0.12462495267391205
0.1734582483768463
0.12419792264699936
0.13804854452610016
0.20797604322433472
0.1574595868587494
0.11979369819164276
0.2343115657567978
0.16151322424411774
0.10069534182548523
0.12130416184663773
0.1481555849313736
0.10361079126596451
0.19176027178764343
0.15801262855529785
0.25261321663856506
0.13656450808048248
0.13977469503879547
0.11012059450149536
0.13143151998519897
0.20589406788349152
0.12454463541507721
0.19036148488521576
0.17279882729053497
0.12961435317993164
0.14650914072990417
0.14285223186016083
0.15164600312709808
0.11292144656181335
0.1914857178926468
0.14131809771060944
0.20684726536273956
0.18247517943382263
0.14174647629261017
0.12701745331287384
0.15131515264511108
0.172652006149292
0.12438236176967621
0.16192713379859924
0.13366416096687317
0.12421868741512299
0.14690464735031128
0.1768285632133484
0.15733036398887634
0.17842108011245728
0.17883621156215668
0.19371294975280762
0.16152970492839813
0.1601964682340622
0.1927300989627838
0.1339370310306549
0.14731372892856598
0.13698327541351318
0.2303558588027954
0.13566528260707855
0.17712797224521637
0.12759818136692047
0.09502944350242615
0.1268649697303772
0.16622371971607208
0.1917596161365509
0.13833235204219818
0.1454792022705078
0.16406837105751038
0.1310347020626068
0.11886464804410934
0.2059628665447235
0.2654210329055786
0.15400764346122742
0.17688050866127014
0.14986318349838257
0.2436855286359787
0.13926537334918976
0.10965946316719055
0.1806555688381195
0.15173791348934174
0.15872150659561157
0.21432547271251678
0.1443375200033188
0.20076602697372437
0.16003230214118958
0.1673179566860199
0.20453351736068726
0.14139331877231598
0.18552127480506897
0.14066220819950104
0.1032022163271904
0.1763136237859726
0.15840750932693481
0.1631779968738556
0.15822303295135498
0.22550034523010254
0.1431848406791687
0.1778392642736435
0.1448567807674408
0.1264907419681549
0.13673722743988037
0.17811809480190277
0.13326387107372284
0.13849198818206787
0.12274079024791718
0.13844257593154907
0.12389183044433594
0.11493021994829178
0.15650096535682678
0.1106407418847084
0.1375049352645874
0.12512889504432678
0.14094777405261993
0.14522941410541534
0.12195184826850891
0.17607280611991882
0.14473484456539154
0.1419517695903778
0.14447210729122162
0.13448861241340637
0.14693781733512878
0.165679469704628
0.18038976192474365
0.11642275750637054
0.13925716280937195
0.12243826687335968
0.11768203228712082
0.15151996910572052
0.11427701264619827
0.1395706832408905
0.1227613091468811
0.14067010581493378
0.18602697551250458
0.16371624171733856
0.1670006513595581
0.13210122287273407
0.1653539091348648
0.11005301028490067
0.21358932554721832
0.11033304780721664
0.20620699226856232
0.1737394630908966
0.1552571952342987
0.16774782538414001
0.11976796388626099
0.1305304765701294
0.14004908502101898
0.17792250216007233
0.16301099956035614
0.16846920549869537
0.20848460495471954
0.16906079649925232
0.1858842372894287
0.1430453360080719
0.14340552687644958
0.1921551674604416
0.1336250752210617
0.17408818006515503
0.2018660455942154
0.1439639925956726
0.2243921458721161
0.13791458308696747
0.1294303983449936
0.18601739406585693
0.12071084976196289
0.1628921926021576
0.12052368372678757
0.13223868608474731
0.13678419589996338
0.1407354772090912
0.19476257264614105
0.18015263974666595
0.12613429129123688
0.10369417816400528
0.19534116983413696
0.1217648983001709
0.1019739881157875
0.2217492014169693
0.10663303732872009
0.1024247407913208
0.14864026010036469
0.1256241649389267
0.18668679893016815
0.21314692497253418
0.1662580966949463
0.14425182342529297
0.24154621362686157
0.11514628678560257
0.1353123039007187
0.1303616315126419
0.1254148632287979
0.13574674725532532
0.13571181893348694
0.1212734803557396
0.1987585425376892
0.1439976543188095
0.13925835490226746
0.19116196036338806
0.11735095083713531
0.18111629784107208
0.12655168771743774
0.14904554188251495
0.211973637342453
0.140917107462883
0.14559154212474823
0.1645631641149521
0.14926020801067352
0.10143381357192993
0.11018221080303192
0.19504885375499725
0.09769292920827866
0.13102544844150543
0.17229075729846954
0.17033866047859192
0.14020609855651855
0.12653309106826782
0.13865885138511658
0.10043533891439438
0.1347985714673996
0.10632123053073883
0.15767978131771088
0.13738489151000977
0.1632031798362732
0.2595672905445099
0.14464712142944336
0.16911369562149048
0.12850110232830048
0.17579768598079681
0.11089006066322327
0.12496178597211838
0.12183723598718643
0.16121681034564972
0.1421365737915039
0.14584586024284363
0.13749408721923828
0.14240926504135132
0.12816211581230164
0.13464660942554474
0.16622377932071686
0.15978486835956573
0.1476110816001892
0.10440882295370102
0.13622742891311646
0.17835302650928497
0.2236858606338501
0.12023517489433289
0.13897643983364105
0.20576009154319763
0.20916405320167542
0.1536007970571518
0.13737598061561584
0.15536734461784363
0.21417470276355743
0.1669621467590332
0.15808187425136566
0.11558607965707779
0.14958219230175018
0.11389148235321045
0.12003878504037857
0.10914847999811172
0.12960496544837952
0.1450044959783554
0.1464577317237854
0.1384088695049286
0.117844358086586
0.1287471055984497
0.11653050035238266
0.15408630669116974
0.19218754768371582
0.12771686911582947
0.14415185153484344
0.178131565451622
0.13556404411792755
0.16002315282821655
0.18585975468158722
0.1510256677865982
0.18794676661491394
0.13175496459007263
0.13680237531661987
0.14577673375606537
0.11168258637189865
0.11457259953022003
0.18131670355796814
0.21233698725700378
0.14804068207740784
0.19612906873226166
0.1689222753047943
0.18851900100708008
0.14372262358665466
0.16023512184619904
0.12764637172222137
0.092412568628788
0.1609387993812561
0.1728636771440506
0.15709428489208221
0.1672186404466629
0.10025098919868469
0.17290274798870087
0.1319056749343872
0.12174126505851746
0.19638831913471222
0.11067166179418564
0.1254650205373764
0.11156988888978958
0.156111478805542
0.12328575551509857
0.1233687773346901
0.1945590376853943
0.13079963624477386
0.196860209107399
0.12480548769235611
0.14352619647979736
0.16304156184196472
0.20611414313316345
0.16832871735095978
0.17615705728530884
0.13138006627559662
0.11996668577194214
0.1361205279827118
0.1715698540210724
0.11596442759037018
0.18356046080589294
0.18209172785282135
0.1592709720134735
0.17834535241127014
0.094465471804142
0.13539886474609375
0.16102111339569092
0.13340982794761658
0.1128423660993576
0.1642085611820221
0.1981402486562729
0.12230338901281357
0.1633882075548172
0.14297224581241608
0.13959923386573792
0.19416935741901398
0.11541961133480072
0.10959921777248383
0.14535807073116302
0.13103607296943665
0.14292088150978088
0.1358717530965805
0.10841993242502213
0.15516550838947296
0.12590783834457397
0.1537891924381256
0.25868940353393555
0.13583891093730927
0.12437668442726135
0.08771567791700363
0.1488867551088333
0.1507101058959961
0.11731541156768799
0.09645062685012817
0.1453285962343216
0.1324242353439331
0.22781585156917572
0.15352313220500946
0.1368831992149353
0.16383963823318481
0.15755969285964966
0.1081819161772728
0.2207806259393692
0.10823193937540054
0.1610892415046692
0.19797760248184204
0.13300102949142456
0.17724552750587463
0.11881852149963379
0.17842859029769897
0.11471165716648102
0.12001829594373703
0.14654286205768585
0.12899288535118103
0.15389107167720795
0.15415887534618378
0.10709905624389648
0.1343737095594406
0.1251046508550644
0.1612553894519806
0.127573624253273
0.12163947522640228
0.12778572738170624
0.10220669955015182
0.17911392450332642
0.1549134999513626
0.15235407650470734
0.1568991094827652
0.2106114774942398
0.13887706398963928
0.09780880063772202
0.16760702431201935
0.11607014387845993
0.12700626254081726
0.19794319570064545
0.1575959324836731
0.1590815782546997
0.1375594437122345
0.1449914574623108
0.11078869551420212
0.1388033628463745
0.1706516295671463
0.10624536871910095
0.11585965752601624
0.18984489142894745
0.13803686201572418
0.14717154204845428
0.13749541342258453
0.11322694271802902
0.1248893067240715
0.1359543353319168
0.1407298445701599
0.14606334269046783
0.16310657560825348
0.1453138291835785
0.12293035537004471
0.21130351722240448
0.1615058183670044
0.14517778158187866
0.15569724142551422
0.14102421700954437
0.12925979495048523
0.18018141388893127
0.10335063934326172
0.11606212705373764
0.1688539683818817
0.11540699750185013
0.11069154739379883
0.14961975812911987
0.10521640628576279
0.1623699963092804
0.12849552929401398
0.10413379222154617
0.136121928691864
0.11222923547029495
0.12029468268156052
0.1545678973197937
0.21540707349777222
0.19206911325454712
0.12161103636026382
0.13911819458007812
0.15013378858566284
0.1031804010272026
0.12225724011659622
0.17937664687633514
0.19573839008808136
0.11836238205432892
0.11672358214855194
0.1298384666442871
0.1323453187942505
0.16065466403961182
0.1845218986272812
0.10174215584993362
0.1199902594089508
0.12798501551151276
0.09088777750730515
0.142107754945755
0.18293920159339905
0.18586954474449158
0.18632836639881134
0.15001153945922852
0.1295570284128189
0.11739280819892883
0.10162542760372162
0.10373009741306305
0.09961622208356857
0.14477656781673431
0.14622563123703003
0.17891080677509308
0.13476698100566864
0.13382451236248016
0.1501965969800949
0.16101109981536865
0.14972266554832458
0.17298920452594757
0.14341652393341064
0.12933321297168732
0.16638825833797455
0.1702500581741333
0.13312265276908875
0.12946251034736633
0.10889231413602829
0.10213084518909454
0.11556361615657806
0.13088810443878174
0.15063562989234924
0.14752358198165894
0.12860725820064545
0.1967822164297104
0.12607455253601074
0.14824867248535156
0.0975063145160675
0.15156692266464233
0.13924042880535126
0.15042242407798767
0.20197035372257233
0.14307090640068054
0.12507082521915436
0.14546750485897064
0.11207050085067749
0.13381576538085938
0.13006994128227234
0.1433498114347458
0.17114761471748352
0.13373963534832
0.1447312831878662
0.13164861500263214
0.1435827910900116
0.11436104774475098
0.11658059060573578
0.09546267241239548
0.13236238062381744
0.14779187738895416
0.19759631156921387
0.11765825748443604
0.1603938341140747
0.14743733406066895
0.11568105220794678
0.14222058653831482
0.12773281335830688
0.12995533645153046
0.14721666276454926
0.12306740134954453
0.1138787493109703
0.11240694671869278
0.09281155467033386
0.2280919998884201
0.14146335422992706
0.2057403028011322
0.14042320847511292
0.10567980259656906
0.14345909655094147
0.18214529752731323
0.09128643572330475
0.12710881233215332
0.13383491337299347
0.13521726429462433
0.09306623786687851
0.16966283321380615
0.15335652232170105
0.16920430958271027
0.14911943674087524
0.11204502731561661
0.12257441133260727
0.12216098606586456
0.11691293120384216
0.13735085725784302
0.11012988537549973
0.15092253684997559
0.12365281581878662
0.16523230075836182
0.12746278941631317
0.17096330225467682
0.1416272670030594
0.21908706426620483
0.12551850080490112
0.1568986028432846
0.11794843524694443
0.13546673953533173
0.11350280791521072
0.11729761958122253
0.17620138823986053
0.13621889054775238
0.09684715420007706
0.13572704792022705
0.13600260019302368
0.1435806006193161
0.20895148813724518
0.12889976799488068
0.12674245238304138
0.10213930904865265
0.17493240535259247
0.20957215130329132
0.12910236418247223
0.13333788514137268
0.1634681671857834
0.18109050393104553
0.11630824953317642
0.18164582550525665
0.14479440450668335
0.1428360939025879
0.11316019296646118
0.138792023062706
0.17178969085216522
0.12134784460067749
0.11543107032775879
0.10735739767551422
0.1383819729089737
0.1337730884552002
0.1433316022157669
0.1038496196269989
0.29030001163482666
0.1539044976234436
0.11129492521286011
0.13719162344932556
0.14336536824703217
0.15546299517154694
0.11127705872058868
0.14412811398506165
0.10693606734275818
0.14367616176605225
0.1725234091281891
0.11331704258918762
0.13669796288013458
0.1131572425365448
0.14446458220481873
0.12499278038740158
0.15524399280548096
0.1494300812482834
0.1456446796655655
0.12393976747989655
0.15865010023117065
0.16553325951099396
0.18439088761806488
0.13575325906276703
0.11322575807571411
0.13447004556655884
0.16269904375076294
0.12458855658769608
0.16668392717838287
0.09881198406219482
0.14207100868225098
0.11806970834732056
0.11350131034851074
0.11394710093736649
0.09695374220609665
0.17318430542945862
0.1309671849012375
0.23247745633125305
0.14106667041778564
0.13037554919719696
0.14956840872764587
0.16919344663619995
0.11335060000419617
0.18658286333084106
0.11842304468154907
0.13083159923553467
0.1058199554681778
0.1376207023859024
0.10531391948461533
0.11585523933172226
0.14950434863567352
0.12408553063869476
0.11973301321268082
0.12071938067674637
0.13251993060112
0.15685757994651794
0.12727871537208557
0.13841411471366882
0.11104024946689606
0.11774439364671707
0.15579329431056976
0.1492224931716919
0.10521663725376129
0.13984215259552002
0.18902340531349182
0.1279541701078415
0.14124491810798645
0.12487347424030304
0.1567491888999939
0.17448458075523376
0.1696527600288391
0.21512717008590698
0.13623055815696716
0.16422463953495026
0.157610222697258
0.12664727866649628
0.1276404857635498
0.1411275416612625
0.14490719139575958
0.1337479203939438
0.1640891283750534
0.13207508623600006
0.14723846316337585
0.13804759085178375
0.1771552711725235
0.14711631834506989
0.11699633300304413
0.15497523546218872
0.11704850196838379
0.1910070925951004
0.15062369406223297
0.14998015761375427
0.16379787027835846
0.11298877000808716
0.12292046844959259
0.11241744458675385
0.12917470932006836
0.14088192582130432
0.11821930855512619
0.1452508419752121
0.12026963382959366
0.1507391333580017
0.13533008098602295
0.1555902510881424
0.12934476137161255
0.130628764629364
0.19023096561431885
0.16078239679336548
0.11258981376886368
0.09725193679332733
0.13918176293373108
0.19029109179973602
0.12171943485736847
0.1599559336900711
0.1513107717037201
0.1306736320257187
0.1199386864900589
0.16557691991329193
0.1546752005815506
0.1134914979338646
0.1511433869600296
0.19304701685905457
0.12410868704319
0.09629329293966293
0.15380573272705078
0.1740795075893402
0.15514810383319855
0.21218682825565338
0.11254919320344925
0.12219588458538055
0.10511942952871323
0.19486163556575775
0.14171580970287323
0.16815781593322754
0.12687398493289948
0.15347957611083984
0.12979459762573242
0.15372659265995026
0.11437809467315674
0.16005867719650269
0.1202784925699234
0.14738048613071442
0.08986928313970566
0.17577336728572845
0.1646323949098587
0.1735112965106964
0.21390068531036377
0.11974761635065079
0.14156562089920044
0.12278903275728226
0.1267058402299881
0.18061986565589905
0.1819157749414444
0.15611597895622253
0.152671679854393
0.13138967752456665
0.12211668491363525
0.10399022698402405
0.11250238120555878
0.14467819035053253
0.12733839452266693
0.14723040163516998
0.13886043429374695
0.1773993819952011
0.09674642980098724
0.1538146436214447
