0.18683284521102905
0.18676337599754333
0.18693941831588745
0.18677844107151031
0.18635985255241394
0.18627212941646576
0.1854662448167801
0.1844916194677353
0.18288260698318481
0.18227899074554443
0.17634855210781097
0.17050808668136597
0.15481340885162354
0.1276351362466812
0.10039865970611572
0.09073808789253235
0.059317246079444885
0.06743903458118439
0.1412825882434845
0.09051522612571716
0.0462951734662056
0.042124636471271515
0.04919131472706795
0.068607397377491
0.051506638526916504
0.09750989079475403
0.07475951313972473
0.09251075983047485
0.08857901394367218
0.04557528346776962
0.06082918494939804
0.06899608671665192
0.05821367725729942
0.057273220270872116
0.057325560599565506
0.08692747354507446
0.07400325685739517
0.06757763773202896
0.054152555763721466
0.051980387419462204
0.05393097177147865
0.05627761781215668
0.040445759892463684
0.063380666077137
0.052710045129060745
0.07846685498952866
0.06375708431005478
0.06368155032396317
0.06983771175146103
0.07798579335212708
0.04639151319861412
0.046914439648389816
0.06743524968624115
0.11617988348007202
0.06161195784807205
0.046052806079387665
0.07601312547922134
0.05224473774433136
0.05232849717140198
0.047470126301050186
0.03351005166769028
0.04369305074214935
0.0462513193488121
0.050430960953235626
0.03870002180337906
0.06987401098012924
0.06301240622997284
0.04149443656206131
0.05398927628993988
0.07579958438873291
0.04372040554881096
0.03581341356039047
0.04758752882480621
0.038251835852861404
0.02565891668200493
0.059139616787433624
0.08239884674549103
0.05039730668067932
0.029707446694374084
0.047899454832077026
0.033746812492609024
0.06217312067747116
0.02741244062781334
0.038639865815639496
0.03862176090478897
0.07607338577508926
0.044343046844005585
0.0326455757021904
0.04297232627868652
0.0409114807844162
0.03999442607164383
0.035299234092235565
0.056626565754413605
0.05903857201337814
0.04546722397208214
0.04068755358457565
0.04125463590025902
0.07310527563095093
0.06896288692951202
0.03912323713302612
