0.18718132376670837
0.18715034425258636
0.18538972735404968
0.17744390666484833
0.1374409794807434
0.1251894235610962
0.1961602121591568
0.16182579100131989
0.11905606836080551
0.15973080694675446
0.1566556692123413
0.1284167319536209
0.1513383537530899
0.15276768803596497
0.11652947962284088
0.17145489156246185
0.14217767119407654
0.1621474176645279
0.146148219704628
0.15004047751426697
0.14203670620918274
0.17017312347888947
0.13065847754478455
0.1285707652568817
0.14921538531780243
0.1551268994808197
0.1330711841583252
0.13199369609355927
0.18503901362419128
0.14531272649765015
0.13842089474201202
0.16537079215049744
0.16684073209762573
0.142808735370636
0.14218144118785858
0.1250840723514557
0.1476428508758545
0.1425323337316513
0.11290550976991653
0.1449221521615982
0.12516242265701294
0.10546091943979263
0.12745697796344757
0.12368898093700409
0.18452075123786926
0.1526600867509842
0.12121101468801498
0.10065867751836777
0.15341657400131226
0.11643528938293457
0.1537357121706009
0.12096410244703293
0.10593893378973007
0.14530158042907715
0.12338532507419586
0.09974967688322067
0.14602482318878174
0.12953542172908783
0.09695672988891602
0.15519671142101288
0.11588215827941895
0.13057895004749298
0.1285332441329956
0.11824017763137817
0.12259255349636078
0.1361694037914276
0.14159132540225983
0.13176044821739197
0.12366481870412827
0.1116802766919136
0.10112784057855606
0.15755759179592133
0.13295027613639832
0.13099128007888794
0.1074647456407547
0.10177567601203918
0.12479514628648758
0.09142929315567017
0.11719900369644165
0.10585951060056686
0.11246908456087112
0.1287863701581955
0.10939883440732956
0.11050444841384888
0.12561100721359253
0.12691615521907806
0.14087578654289246
0.10806026309728622
0.10039494931697845
0.09996778517961502
0.14550478756427765
0.11347383260726929
0.15716072916984558
0.1240725964307785
0.1269247829914093
0.14431966841220856
0.12017898261547089
0.11254511028528214
0.10168126225471497
0.12054437398910522
