0.18772083520889282
0.18764738738536835
0.18775922060012817
0.18769294023513794
0.1872572898864746
0.1871587187051773
0.1867215633392334
0.18521973490715027
0.1839998960494995
0.1864665001630783
0.16949377954006195
0.1527368128299713
0.1415480077266693
0.1113705039024353
0.19588081538677216
0.23461604118347168
0.16453437507152557
0.16307201981544495
0.17801839113235474
0.17826931178569794
0.175866037607193
0.1627790331840515
0.18273557722568512
0.18881992995738983
0.18662378191947937
0.18381425738334656
0.18358105421066284
0.20048604905605316
0.18083803355693817
0.17668545246124268
0.17530055344104767
0.19035036861896515
0.18224889039993286
0.1785566210746765
0.18252474069595337
0.19551479816436768
0.185886949300766
0.18892113864421844
0.18724721670150757
0.18045344948768616
0.180510476231575
0.18191535770893097
0.18274936079978943
0.1879749298095703
0.17799153923988342
0.18207544088363647
0.18209971487522125
0.18153251707553864
0.18612442910671234
0.18546192348003387
0.1844833642244339
0.18321554362773895
0.19778794050216675
0.1893468052148819
0.18402007222175598
0.1881558895111084
0.18151435256004333
0.1858994960784912
0.18618620932102203
0.18465439975261688
0.1828138381242752
0.18403446674346924
0.18212437629699707
0.18357791006565094
0.18526175618171692
0.18544650077819824
0.18341028690338135
0.1871020793914795
0.1904696822166443
0.18411831557750702
0.18161961436271667
0.17813433706760406
0.18756484985351562
0.1782066822052002
0.1783754676580429
0.18070977926254272
0.19265016913414001
0.17791663110256195
0.1837550699710846
0.1817575842142105
0.18278911709785461
0.1831861138343811
0.18081875145435333
0.18201786279678345
0.18193408846855164
0.18743495643138885
0.1785641610622406
0.17719468474388123
0.18224769830703735
0.1800689995288849
0.1897459477186203
0.17655247449874878
0.1843894124031067
0.19737061858177185
0.17515961825847626
0.17868442833423615
0.17845554649829865
0.18478186428546906
0.18893055617809296
0.17967674136161804
0.18473166227340698
0.18522343039512634
0.1912812739610672
0.1811877340078354
0.17725418508052826
0.17548608779907227
0.1858079582452774
0.1946137547492981
0.191855326294899
0.18267729878425598
0.18194550275802612
0.18467846512794495
0.18544749915599823
0.17443206906318665
0.18337680399417877
0.1911345273256302
0.1776038408279419
0.19182343780994415
0.17880752682685852
0.17809124290943146
0.1848703771829605
0.1871965527534485
0.197870135307312
0.18163302540779114
0.17852959036827087
0.18043771386146545
0.180839404463768
0.18482159078121185
0.1744139939546585
0.18944910168647766
0.1827201247215271
0.18174681067466736
0.18380096554756165
0.1808830201625824
0.18108701705932617
0.18102094531059265
0.18400774896144867
0.18420109152793884
0.18695592880249023
0.18226121366024017
0.17180120944976807
0.17888964712619781
0.18145209550857544
0.180522620677948
0.17587852478027344
0.18241888284683228
0.1785280555486679
0.18484430015087128
0.18093441426753998
0.19541415572166443
0.18289455771446228
0.20470434427261353
0.17782339453697205
0.17765922844409943
0.18556347489356995
0.18016567826271057
0.19580835103988647
0.21034634113311768
0.17542685568332672
0.17611315846443176
0.1773323267698288
0.1801409274339676
0.17527243494987488
0.17618656158447266
0.18153128027915955
0.1944461315870285
0.1889769285917282
0.1863778829574585
0.18832355737686157
0.1836177110671997
0.18247368931770325
0.17937375605106354
0.1744837462902069
0.18980243802070618
0.18691934645175934
0.18172533810138702
0.18176321685314178
0.18581372499465942
0.1795627325773239
0.1786714643239975
0.17390576004981995
0.1834547519683838
0.17752809822559357
0.18652696907520294
0.18959173560142517
0.18055924773216248
0.18764354288578033
0.18029414117336273
0.18022260069847107
0.17580676078796387
0.17762427031993866
0.17906633019447327
0.19214896857738495
0.18286673724651337
0.1802908182144165
0.1796385645866394
0.1782297044992447
0.1765643209218979
0.17673255503177643
0.17986665666103363
0.20083066821098328
0.18060234189033508
0.18715398013591766
0.19271501898765564
0.18538898229599
0.1684579700231552
0.1833484172821045
0.183995321393013
0.1761101931333542
0.17993950843811035
0.1819622665643692
0.18254341185092926
0.19214892387390137
0.17712298035621643
0.18964050710201263
0.1832464337348938
0.18684236705303192
0.17906664311885834
0.17641840875148773
0.1825801134109497
0.1959659606218338
0.18372231721878052
0.17674200236797333
0.17466196417808533
0.18727414309978485
0.1875033676624298
0.18299293518066406
0.18714231252670288
0.18170927464962006
0.18292243778705597
0.18264015018939972
0.1801963448524475
0.17491067945957184
0.180230051279068
0.1798488348722458
0.1833941787481308
0.17763382196426392
0.18275514245033264
0.1798078715801239
0.18406695127487183
0.1806378960609436
0.16942590475082397
0.18562261760234833
0.18314944207668304
0.1826937049627304
0.1804342120885849
0.17636020481586456
0.18732327222824097
0.18135187029838562
0.1867423951625824
0.19992917776107788
0.17861855030059814
0.17759627103805542
0.18196766078472137
0.1904917061328888
0.18223926424980164
0.1809915155172348
0.18589133024215698
0.1815185248851776
0.16821253299713135
0.17877048254013062
0.17686514556407928
0.18878620862960815
0.18439550697803497
0.17585763335227966
0.1816978007555008
0.18471547961235046
0.1790645867586136
0.18629753589630127
0.18477144837379456
0.17721864581108093
0.18294650316238403
0.17136308550834656
0.17865750193595886
0.17597265541553497
0.17513160407543182
0.18803013861179352
0.20272433757781982
0.17847409844398499
0.1814224272966385
0.1768312007188797
0.1813688576221466
0.17984111607074738
0.1879374086856842
0.1766529679298401
0.17649352550506592
0.19072984158992767
0.17827469110488892
0.18903669714927673
0.1775912344455719
0.17862001061439514
0.1834547072649002
0.180605947971344
0.1802312135696411
0.17503240704536438
0.1868428736925125
0.17648030817508698
0.18951329588890076
0.1820247322320938
0.1749425083398819
0.18356305360794067
0.1825512945652008
0.18609975278377533
0.18283912539482117
0.1815354973077774
0.18857929110527039
0.18134376406669617
0.18749012053012848
0.18778131902217865
0.18038909137248993
0.18258407711982727
0.1826050728559494
0.18761391937732697
0.16989853978157043
0.1792377382516861
0.17918388545513153
0.17177757620811462
0.18240228295326233
0.18544450402259827
0.18177399039268494
0.17704345285892487
0.18079714477062225
0.17575451731681824
0.18740402162075043
0.17050491273403168
0.19541504979133606
0.17890997231006622
0.18154948949813843
0.18535485863685608
0.1825764775276184
0.17883723974227905
0.17714086174964905
0.17952486872673035
0.1780484914779663
0.17940494418144226
0.17265072464942932
0.18501070141792297
0.17871487140655518
0.172968789935112
0.17361125349998474
0.19132131338119507
0.1903155893087387
0.1798662394285202
0.18005870282649994
0.18193934857845306
0.17875735461711884
0.19292202591896057
0.18673652410507202
0.17098653316497803
0.18279533088207245
0.17944340407848358
0.17557738721370697
0.19871164858341217
0.1776639223098755
0.18432815372943878
0.18487069010734558
0.1869455724954605
0.17701448500156403
0.18064484000205994
0.19435493648052216
0.18794740736484528
0.1828332245349884
0.18129219114780426
0.18451647460460663
0.17307940125465393
0.1787305623292923
0.21173501014709473
0.17808938026428223
0.17220312356948853
0.1729525476694107
0.1827114224433899
0.19487883150577545
0.18953633308410645
0.17163917422294617
0.18738794326782227
0.1799817532300949
0.18131384253501892
0.1802629977464676
0.17835886776447296
0.17816147208213806
0.18595054745674133
0.17899851500988007
0.18708953261375427
0.18266473710536957
0.19781216979026794
0.18038895726203918
0.19324925541877747
0.19036665558815002
0.18151165544986725
0.18556390702724457
0.18050046265125275
0.18065331876277924
0.19838619232177734
0.1781933754682541
0.19224199652671814
0.18030238151550293
0.1787939816713333
0.17661936581134796
0.18474598228931427
0.18029925227165222
0.18431958556175232
0.17668969929218292
0.17487122118473053
0.17218735814094543
0.17897088825702667
0.18092218041419983
0.19790638983249664
0.18293750286102295
0.18256151676177979
0.1807994842529297
0.18157868087291718
0.19379492104053497
0.18028408288955688
0.16762028634548187
0.17209367454051971
0.18139496445655823
0.1910160630941391
0.16970032453536987
0.1869090348482132
0.19556674361228943
0.17892049252986908
0.2035558521747589
0.1788523644208908
0.18263015151023865
0.1805097758769989
0.18752561509609222
0.170919269323349
0.18552559614181519
0.1721334457397461
0.18934981524944305
0.18523000180721283
0.18321780860424042
0.17955176532268524
0.16993319988250732
0.17648035287857056
0.18752087652683258
0.19514746963977814
0.1811237335205078
0.17482276260852814
0.18298447132110596
0.18229058384895325
0.17730700969696045
0.18210779130458832
0.18091797828674316
0.1780495047569275
0.18238376080989838
0.17749105393886566
0.19170770049095154
0.16989856958389282
0.17886170744895935
0.19209755957126617
0.18509191274642944
0.17830049991607666
0.1866374909877777
0.1805182844400406
0.17247261106967926
0.17601771652698517
0.17770224809646606
0.17691689729690552
0.19324925541877747
0.18377362191677094
0.19487500190734863
0.18866105377674103
0.1797604113817215
0.18248769640922546
0.1752423197031021
0.19196288287639618
0.17867407202720642
0.1805611401796341
0.17830553650856018
0.1792282909154892
0.17525909841060638
0.18090562522411346
0.18415139615535736
0.17389144003391266
0.17991505563259125
0.17705480754375458
0.18456357717514038
0.184317946434021
0.18814626336097717
0.18646211922168732
0.18520772457122803
0.18302622437477112
0.16802823543548584
0.18131761252880096
0.17710000276565552
0.18643425405025482
0.19178839027881622
0.18317390978336334
0.18399791419506073
0.18990527093410492
0.1735468953847885
0.1825374811887741
0.17900700867176056
0.18166208267211914
0.18140453100204468
0.17545872926712036
0.1885940581560135
0.18520177900791168
0.20473967492580414
0.17980283498764038
0.18303610384464264
0.17777681350708008
0.17081677913665771
0.1781615912914276
0.19114631414413452
0.18065378069877625
0.1804978847503662
0.20430728793144226
0.19677205383777618
0.16842174530029297
0.17149940133094788
0.1862713247537613
0.18380106985569
0.18462003767490387
0.1798924058675766
0.18160498142242432
0.1798826903104782
0.18275237083435059
0.1724047064781189
0.17786043882369995
0.1764095276594162
0.18735599517822266
0.18006107211112976
0.1828484833240509
0.17517557740211487
0.18453416228294373
0.18397215008735657
0.18306976556777954
0.1972997486591339
0.1710393875837326
0.1771305948495865
0.18038465082645416
0.18156595528125763
0.18708349764347076
0.1711915135383606
0.16889354586601257
0.18568989634513855
0.18158012628555298
0.1879447102546692
0.18341240286827087
0.18065601587295532
0.18233473598957062
0.17822404205799103
0.18201839923858643
0.17870455980300903
0.17501074075698853
0.18851657211780548
0.17315250635147095
0.17182289063930511
0.19725574553012848
0.17778246104717255
0.18268457055091858
0.18005774915218353
0.18209780752658844
0.17397654056549072
0.1711834818124771
0.17715588212013245
0.1824541687965393
0.1915082484483719
0.17749911546707153
0.1922406703233719
0.18712595105171204
0.17841452360153198
0.1751728057861328
0.17673160135746002
0.17973598837852478
0.1931477040052414
0.17998681962490082
0.17863233387470245
0.17476877570152283
0.17086030542850494
0.17409339547157288
0.17864438891410828
0.1833142638206482
0.1793084591627121
0.1998610496520996
0.18887853622436523
0.18064850568771362
0.17887619137763977
0.20056071877479553
0.1700088530778885
0.1810699850320816
0.16741739213466644
0.18607234954833984
0.17937307059764862
0.17427349090576172
0.17861539125442505
0.17749491333961487
0.18136538565158844
0.17457734048366547
0.18838611245155334
0.18719632923603058
0.1762336790561676
0.17040207982063293
0.17614249885082245
0.16434170305728912
0.180414080619812
0.18218329548835754
0.1741611212491989
0.1819872111082077
0.1841825544834137
0.19648367166519165
0.18055856227874756
0.17877764999866486
0.17988727986812592
0.1785103976726532
0.1800413578748703
0.18494349718093872
0.17097002267837524
0.18081967532634735
0.1742234081029892
0.17920418083667755
0.1768018901348114
0.1763601154088974
0.16437244415283203
0.1921812742948532
0.17879292368888855
0.17755834758281708
0.1838914006948471
0.18106579780578613
0.17793020606040955
0.17901231348514557
0.18325920403003693
0.1717972755432129
0.17787836492061615
0.18400776386260986
0.1828194558620453
0.20474447309970856
0.17568770051002502
0.1741284430027008
0.17508578300476074
0.1747218370437622
0.17818045616149902
0.18312565982341766
0.17935438454151154
0.1794002652168274
0.18790434300899506
0.17860117554664612
0.18153512477874756
0.16738641262054443
0.17907080054283142
0.17753185331821442
0.1811109483242035
0.200092613697052
0.17494814097881317
0.18337614834308624
0.18627752363681793
0.18511039018630981
0.1741567850112915
0.178338885307312
0.1968294084072113
0.17038266360759735
0.20204408466815948
0.17904101312160492
0.19080543518066406
0.17291082441806793
0.1777242124080658
0.1712033599615097
0.17496711015701294
0.18250466883182526
0.17383132874965668
0.1799076348543167
0.1777094006538391
0.17824213206768036
0.1874757558107376
0.1781797856092453
0.19045527279376984
0.17818894982337952
0.18030261993408203
0.1717987060546875
0.1670704483985901
0.17418894171714783
0.16509170830249786
0.18102280795574188
0.18787026405334473
0.17452029883861542
0.1713503748178482
0.18129511177539825
0.17070627212524414
0.18251028656959534
0.17645218968391418
0.1758309155702591
0.1720278263092041
0.175992950797081
0.17729401588439941
0.1835031509399414
0.18801219761371613
0.17741408944129944
0.18169419467449188
0.1880677342414856
0.19464626908302307
0.17755462229251862
0.19090305268764496
0.18938447535037994
0.18171842396259308
0.17392729222774506
0.17554102838039398
0.1812785565853119
0.17598643898963928
0.1816137433052063
0.18312038481235504
0.177012637257576
0.19318076968193054
0.176748126745224
0.17400170862674713
0.17722244560718536
0.1697912961244583
0.17494162917137146
0.17402394115924835
0.18446630239486694
0.18035921454429626
0.18879246711730957
0.18587875366210938
0.18160420656204224
0.19211754202842712
0.17783555388450623
0.17739053070545197
0.1866374909877777
0.17343702912330627
0.17608174681663513
0.16986805200576782
0.17113395035266876
0.17400988936424255
0.17436572909355164
0.17707662284374237
0.1857304871082306
0.19591188430786133
0.1721305251121521
0.18356205523014069
0.18666967749595642
0.18391284346580505
0.17662875354290009
0.1716117262840271
0.17249540984630585
0.18774133920669556
0.1801312118768692
0.1844005286693573
0.17368879914283752
0.17643168568611145
0.18094518780708313
0.1802522838115692
0.1985355019569397
0.17025132477283478
0.18615634739398956
0.181052103638649
0.17468635737895966
0.17535990476608276
0.1798412799835205
0.18026575446128845
0.1905689835548401
0.1909085065126419
0.18157540261745453
0.17197342216968536
0.1814560890197754
0.21082431077957153
0.1769539713859558
0.1812010258436203
0.17519252002239227
0.1779084950685501
0.17712439596652985
0.1804954707622528
0.16007448732852936
0.18411603569984436
0.1828809678554535
0.1742231398820877
0.17760302126407623
0.17326922714710236
0.17484572529792786
0.17617934942245483
0.17269998788833618
0.1817162036895752
0.18552905321121216
0.17881879210472107
0.18232864141464233
0.18330687284469604
0.18434765934944153
0.1802908182144165
0.18533746898174286
0.18123461306095123
0.17694474756717682
0.18131457269191742
0.17403173446655273
0.17650434374809265
0.16926468908786774
0.18211960792541504
0.17363384366035461
0.17902666330337524
0.1827293187379837
0.1912500560283661
0.18000119924545288
0.17936693131923676
0.17383384704589844
0.17038793861865997
0.17001976072788239
0.17962147295475006
0.1737184375524521
0.17904633283615112
0.18108850717544556
0.18346133828163147
0.18532238900661469
0.17744028568267822
0.18679991364479065
0.1774255484342575
0.18888628482818604
0.18877612054347992
0.16965332627296448
0.17207449674606323
0.18326090276241302
0.17371730506420135
0.18118156492710114
0.173850417137146
0.17330610752105713
0.16972900927066803
0.17657804489135742
0.18702714145183563
0.1779273897409439
0.1775674968957901
0.1795908808708191
0.17162586748600006
0.17433102428913116
0.17967703938484192
0.18241220712661743
0.1652415245771408
0.19283819198608398
0.1790609061717987
0.17997226119041443
0.21304333209991455
0.17168617248535156
0.1682003140449524
0.16464583575725555
0.17963972687721252
0.1859409213066101
0.17098966240882874
0.17861494421958923
0.18493014574050903
0.1709621250629425
0.20001745223999023
0.17928873002529144
0.18369324505329132
0.1717032790184021
0.18153886497020721
0.1815447062253952
0.16510066390037537
0.1802367866039276
0.16899433732032776
0.1796826273202896
0.1889117807149887
0.17889992892742157
0.18493574857711792
0.17851366102695465
0.17558491230010986
0.17397943139076233
0.18576887249946594
0.18100884556770325
0.18970631062984467
0.18536292016506195
0.18492384254932404
0.1789778470993042
0.17584532499313354
0.17713402211666107
0.17325975000858307
0.18428568542003632
0.1807849258184433
0.17556573450565338
0.18395307660102844
0.18171225488185883
0.17512887716293335
0.17460790276527405
0.16804930567741394
0.18230246007442474
0.1786087304353714
0.17572513222694397
0.17595872282981873
0.1790972501039505
0.18054406344890594
0.17842942476272583
0.17835910618305206
0.17073290050029755
0.18682797253131866
0.19063827395439148
0.17289884388446808
0.18009936809539795
0.1891765594482422
0.18059541285037994
0.17493009567260742
0.17390796542167664
0.19166934490203857
0.17505234479904175
0.16809891164302826
0.1826745569705963
0.16859054565429688
0.1816757172346115
0.17942897975444794
0.21513642370700836
0.17380887269973755
0.17835699021816254
0.17511798441410065
0.17347007989883423
0.1772802472114563
0.18410788476467133
0.1798378825187683
0.1913236528635025
0.16608470678329468
0.17443521320819855
0.17726987600326538
0.18765288591384888
0.1782626360654831
0.16889159381389618
0.17259180545806885
0.17628121376037598
0.18104226887226105
0.18205948173999786
0.18192286789417267
0.1906588077545166
0.18689386546611786
0.19429762661457062
0.17539842426776886
0.17388828098773956
0.1818481981754303
0.19249117374420166
0.18181462585926056
0.181619331240654
0.17573951184749603
0.18165846168994904
0.17372897267341614
0.1767139434814453
0.1817355751991272
0.184654101729393
0.18716217577457428
0.1890280544757843
0.18124938011169434
0.18708062171936035
0.18216796219348907
0.17543184757232666
0.1811497062444687
0.17070245742797852
0.1728377342224121
0.18047675490379333
0.1833774447441101
0.19828009605407715
0.18137264251708984
0.17157363891601562
0.17926470935344696
0.18577006459236145
0.18146605789661407
0.18118534982204437
0.17511652410030365
0.18064987659454346
0.18296542763710022
0.1772121638059616
0.18226778507232666
0.17164425551891327
0.17558731138706207
0.17901621758937836
0.17876017093658447
0.18608030676841736
0.18703235685825348
0.1789681762456894
0.18043455481529236
0.17073461413383484
0.1836053878068924
0.18093037605285645
0.16873717308044434
0.17802506685256958
0.17791861295700073
0.17703662812709808
0.17417143285274506
0.17239192128181458
0.18155577778816223
0.17759087681770325
0.18638165295124054
0.1838129609823227
0.17988261580467224
0.17302724719047546
0.18230608105659485
0.17522749304771423
0.1665017455816269
0.17634317278862
0.1749030500650406
0.17958997189998627
0.18124443292617798
0.1804315596818924
0.1800730675458908
0.17596420645713806
0.16873274743556976
0.18086573481559753
0.17045868933200836
0.1711556613445282
0.17483556270599365
0.1785915046930313
0.19513919949531555
0.17513138055801392
0.19538788497447968
0.18543431162834167
0.18666531145572662
0.1808939278125763
0.1886553019285202
0.17273160815238953
0.17954055964946747
0.18957486748695374
0.16946615278720856
0.16802096366882324
0.17172035574913025
0.17771893739700317
0.18824610114097595
0.1716274917125702
0.17988017201423645
0.18260228633880615
0.1927376687526703
0.1972898244857788
0.18449896574020386
0.166752427816391
0.16495928168296814
0.17272423207759857
0.18240222334861755
0.18655593693256378
0.18009807169437408
0.17678064107894897
0.20232674479484558
0.18024739623069763
0.17887844145298004
0.18073339760303497
0.17307493090629578
0.18651187419891357
0.17012448608875275
0.178971529006958
0.16717040538787842
0.17428849637508392
0.17282459139823914
0.1798643171787262
0.17050492763519287
0.177944153547287
0.174817755818367
0.18258877098560333
0.19390341639518738
0.18399961292743683
0.18778561055660248
0.18731918931007385
0.17927923798561096
0.176706463098526
0.18752747774124146
0.16467240452766418
0.16641725599765778
0.1683395653963089
0.1821044534444809
0.18384909629821777
0.17990240454673767
0.17906233668327332
0.1758164018392563
0.17937929928302765
0.1738969385623932
0.17825718224048615
0.17923934757709503
0.17524491250514984
0.18294590711593628
0.1760416030883789
0.17313754558563232
0.17807193100452423
0.1819535791873932
0.17752280831336975
0.17093437910079956
0.18194836378097534
0.18109524250030518
0.17298725247383118
0.176163449883461
0.17990782856941223
0.17420977354049683
0.18631157279014587
0.18875004351139069
0.16733698546886444
0.19535446166992188
0.17807447910308838
0.18440406024456024
0.1780356466770172
0.17441123723983765
0.17353256046772003
0.1732783168554306
0.18092241883277893
0.17956078052520752
0.17623256146907806
0.18041332066059113
0.17774823307991028
0.17923255264759064
0.18592523038387299
0.18311859667301178
0.1743856817483902
0.17606958746910095
0.1871892809867859
0.1948188990354538
0.17613951861858368
0.1859145164489746
0.17721796035766602
0.17511528730392456
0.1849612593650818
0.1723785400390625
0.17145657539367676
0.18803180754184723
0.19838522374629974
0.17333728075027466
0.18183273077011108
0.16724446415901184
0.17148366570472717
0.19990020990371704
0.18024888634681702
0.1904863715171814
0.17982596158981323
0.18107230961322784
0.18603597581386566
0.17458760738372803
0.18201944231987
0.17688314616680145
0.17455032467842102
0.19297051429748535
0.17578554153442383
0.17223936319351196
0.184153750538826
0.18685804307460785
0.1740567535161972
0.17801529169082642
0.1802361011505127
0.17520980536937714
0.17626866698265076
0.18030591309070587
0.17510433495044708
0.21044465899467468
0.17923755943775177
0.17927485704421997
0.1791868507862091
0.17850400507450104
0.18539683520793915
0.17393574118614197
0.18214967846870422
0.1773270070552826
0.17970262467861176
0.17883318662643433
0.17377205193042755
0.18596018850803375
0.18637484312057495
0.16775411367416382
0.1864643543958664
0.1925540268421173
0.17791320383548737
0.16726213693618774
0.1752195805311203
0.1971476525068283
0.18932293355464935
0.1837952435016632
0.1854223906993866
0.17914681136608124
0.1840931475162506
0.18180948495864868
0.17327715456485748
0.1640990972518921
0.1752711832523346
0.17861075699329376
0.16120952367782593
0.17406848073005676
0.18149054050445557
0.19401822984218597
0.18072642385959625
0.19480207562446594
0.17250145971775055
0.1814475655555725
0.16847585141658783
0.18205133080482483
0.1811007261276245
0.17502683401107788
0.17369239032268524
0.18375524878501892
0.18283627927303314
0.19362737238407135
0.16833382844924927
0.1845981627702713
0.17662838101387024
0.19137553870677948
0.17992430925369263
0.1795133650302887
0.18381176888942719
0.17320489883422852
0.18309681117534637
0.1805713176727295
0.18510909378528595
0.17682363092899323
0.17808005213737488
0.19036825001239777
0.19276317954063416
0.17012891173362732
0.1970798373222351
0.17665748298168182
0.1766347736120224
0.17988651990890503
0.17759713530540466
0.18170112371444702
0.17991022765636444
0.18670053780078888
0.19155572354793549
0.1794884353876114
0.17301936447620392
0.18009793758392334
