0.0974898636341095
0.09731163084506989
0.09752383083105087
0.09712769091129303
0.09728463739156723
0.09730096906423569
0.0972549170255661
0.09708695113658905
0.09704355895519257
0.097066231071949
0.09706077724695206
0.09698832035064697
0.09633243829011917
0.09633157402276993
0.09647463262081146
0.09627970308065414
0.09586423635482788
0.09560029953718185
0.09533581137657166
0.0952439159154892
0.09471138566732407
0.09501530230045319
0.09460039436817169
0.09388146549463272
0.09231585264205933
0.09264419227838516
0.09205769002437592
0.09207842499017715
0.09103229641914368
0.08872595429420471
0.08656682819128036
0.08753594011068344
0.0855211392045021
0.08411882817745209
0.08389052748680115
0.07881539314985275
0.08099115639925003
0.07863704860210419
0.08136607706546783
0.07792069762945175
0.07569966465234756
0.07457370311021805
0.0716266855597496
0.06568296998739243
0.058954764157533646
0.053199198096990585
0.05124817416071892
0.044291574507951736
0.03947092592716217
0.04677153378725052
0.03199293464422226
0.031084800139069557
0.026248563081026077
0.021352456882596016
0.013619080185890198
0.015891555696725845
0.012450077570974827
0.008419614285230637
0.008135994896292686
0.004402261693030596
0.00379850622266531
0.002660139696672559
0.0014817111659795046
0.000524053000845015
0.0013339348370209336
0.002894133795052767
0.001018862589262426
0.0021079389844089746
0.0009254388860426843
0.0009727983269840479
0.00017978579853661358
0.0002744511002674699
0.0009258394711650908
0.0001703025191091001
0.0010997683275491
0.0009014608222059906
0.00024188696988858283
0.00023675498960074037
0.0003526155196595937
0.0003661240334622562
0.002030240138992667
0.0009028133354149759
0.0022837871219962835
0.0003276013594586402
0.0008336514001712203
0.0005395216285251081
0.0008323218207806349
0.0013795484555885196
0.036384377628564835
0.0012508173240348697
0.0011873508337885141
0.0008372535812668502
0.00041454864549450576
0.00043530581751838326
0.00015976891154423356
0.0006706900894641876
0.0014811158180236816
0.0006207094411365688
0.0011855781776830554
0.0001765874185366556
0.0011546905152499676
0.0027960659936070442
0.001532803406007588
0.002294347621500492
0.0028611624147742987
0.0006058627041056752
0.0011591449147090316
0.002821231260895729
0.002844151807948947
0.003192989621311426
0.002506681252270937
0.004001084249466658
0.0004685117455665022
0.0018632053397595882
0.0030180909670889378
0.005161114502698183
0.005874547176063061
0.008879140950739384
0.005602770019322634
0.0056455121375620365
0.0026425521355122328
0.005707351490855217
0.006357145961374044
0.004969299305230379
0.004192595835775137
0.0074611203745007515
0.006810242310166359
0.005909745581448078
0.006674434524029493
0.009656728245317936
0.0075257630087435246
0.010091862641274929
0.010635879822075367
0.006788189522922039
0.004853580612689257
0.004992655478417873
0.005669404752552509
0.015506085939705372
0.01083743292838335
0.006067872513085604
0.009151395410299301
0.008847882971167564
0.006956617347896099
0.0070032174699008465
0.010099563747644424
0.005900134798139334
0.007257564924657345
0.010838671587407589
0.010863802395761013
0.005198680330067873
0.007456174585968256
0.005075470544397831
0.008757928386330605
0.007184426300227642
0.007986425422132015
0.012571974657475948
0.007446520961821079
0.007024464197456837
0.009523646906018257
0.005928556900471449
0.006332462653517723
0.006824372336268425
0.008233259432017803
0.006839520763605833
0.008740139193832874
0.014050647616386414
0.00858699344098568
0.004990071058273315
0.010862854309380054
0.00854199007153511
0.008647161535918713
0.005213847849518061
0.008199192583560944
0.015282046981155872
0.013225805945694447
0.004550599027425051
0.007051687687635422
0.005787322297692299
0.006880806293338537
0.003659521695226431
0.006287358235567808
0.010768642649054527
0.005489060655236244
0.004405992571264505
0.009137607179582119
0.0064559453167021275
0.006232613697648048
0.003909909166395664
0.0068149324506521225
0.007528575137257576
0.0057966215535998344
0.013183711096644402
0.004097644239664078
0.005436550825834274
0.006801476702094078
0.004031480755656958
0.006559630390256643
0.004627119284123182
0.006184300873428583
0.004248211160302162
0.0058364830911159515
0.004045847337692976
0.006756319664418697
0.0050114477053284645
0.0040875687263906
0.004819025751203299
0.007286442443728447
0.0029450401198118925
0.0044819749891757965
0.007764631416648626
0.005455068778246641
0.0065557765774428844
0.004114577546715736
0.00360494339838624
0.005047464277595282
0.003911666106432676
0.00670417957007885
0.0031276957597583532
0.005449076183140278
0.0033582490868866444
0.0021807474549859762
0.004292913246899843
0.002346841851249337
0.004043642897158861
0.001585527090355754
0.004711582325398922
0.003735750913619995
0.0028779383283108473
0.007758765481412411
0.0022751837968826294
0.0018329588929191232
0.0019437274895608425
0.00391353340819478
0.0033274025190621614
0.002421247772872448
0.0019428736995905638
0.0021098593715578318
0.0021559952292591333
0.0019199325470253825
0.0026073241606354713
0.0019293362274765968
0.002108411630615592
0.002796376356855035
0.005357453599572182
0.001244048704393208
0.0018754478078335524
0.0021398987155407667
0.001455405494198203
0.0021839067339897156
0.0027759799268096685
0.001923958072438836
0.0016727186739444733
0.0025792603846639395
0.0013851211406290531
0.0011559040285646915
0.0024060597643256187
0.0013660910772159696
0.002737174741923809
0.0020091990008950233
0.0014551150379702449
0.0012584959622472525
0.0005466481088660657
0.001830012653954327
0.005738440901041031
0.001239576144143939
0.0018024801975116134
0.0013120125513523817
0.0008177855052053928
0.001320424024015665
0.0009287648135796189
0.0013610529713332653
0.0014865746488794684
0.0009502758621238172
0.0014400173677131534
0.0015200432389974594
0.0012374600628390908
0.0002236873551737517
0.0008515838417224586
0.001816469943150878
0.003192117903381586
0.00039240840123966336
0.0008294425206258893
0.0003941940376535058
0.00029395532328635454
0.0012701073428615928
0.0008534002117812634
0.0006336377700790763
0.001158997300080955
0.0016742380103096366
0.0011787613620981574
0.0007652427302673459
0.0010855405125766993
0.0005285532679408789
0.0013069581473246217
0.0019231620244681835
0.0004649079346563667
0.001335032982751727
0.0007192621706053615
0.0016481305938214064
0.001043868949636817
0.00015765917487442493
0.0009798322571441531
0.0005548665067180991
0.0011450841557234526
0.0009899361757561564
0.000362937047611922
0.0013351899106055498
0.0006324712885543704
0.0009436297114007175
0.0006477613933384418
0.0009293091716244817
0.00035086291609331965
0.0007049627020023763
0.0004630769544746727
0.0005057581583969295
0.0004847609088756144
0.0006279828958213329
0.001080176094546914
0.0005869748420082033
0.0002564825990702957
0.00048646150389686227
0.0002770306309685111
0.001031304243952036
0.0028912611305713654
0.0005659115849994123
0.0002512102946639061
0.0002637533179949969
0.00022931693820282817
0.0009334619389846921
0.0006081555038690567
0.0002311878779437393
0.0010450150584802032
0.0006295974599197507
0.00043260364327579737
0.0006289284792728722
0.000267805386101827
0.0004515669425018132
0.00010388054943177849
0.0006965011707507074
0.00011793985322583467
0.00018873675435315818
0.0001448868861189112
0.002711694221943617
0.0011372979497537017
0.000540905341040343
0.00033422806882299483
0.0008820993825793266
0.0005371459410525858
0.00013882464554626495
0.00024030849453993142
0.00031259271781891584
0.00040936091681942344
0.0001929912541527301
0.0001883438671939075
0.0005217547877691686
0.0003399584093131125
0.0005752176512032747
0.0008439559605903924
0.0001986525021493435
0.00012208065891172737
0.0008143436862155795
0.00043238693615421653
0.0004163479898124933
0.00097021518740803
0.0006759106181561947
0.00024794292403385043
0.0007655035005882382
0.00023744613281451166
0.0003599660994950682
0.00015273308963514864
0.000375322881154716
0.00019062988576479256
0.0008942843414843082
0.0004492734733503312
0.0006959167076274753
0.00019326535402797163
0.0003677138010971248
0.00025635864585638046
0.0012761963298544288
0.0007547475397586823
0.0007239360129460692
0.0005187377100810409
0.0005191498785279691
0.00019500794587656856
0.000533581362105906
0.001017710193991661
0.0008691570837981999
0.002366055268794298
0.00016767701890785247
0.0002614006516523659
0.0001601926051080227
0.0004285558534320444
0.0003445636830292642
0.0002467654412612319
0.00023052562028169632
0.00041330631938762963
0.0026856164913624525
0.001754559576511383
0.0004833383718505502
0.0002419539086986333
0.0001833075366448611
0.0001234176306752488
0.0004200843977741897
0.0001526483247289434
0.0003157177707180381
0.0005234245327301323
0.0004232096835039556
0.0010221963748335838
0.00012772619083989412
0.0009096082067117095
0.0005268563982099295
0.0002884194254875183
0.00011774527229135856
0.00018746453861240298
0.0004729641950689256
0.0001329617080045864
0.00014121147978585213
0.00031263375421985984
0.0002866712457034737
0.00029296305729076266
0.0002552424557507038
0.00044954277109354734
0.00047316140262410045
0.00047376041766256094
0.00023246479395311326
0.0002670154208317399
0.0015384985599666834
0.0003093235136475414
0.0006201401120051742
0.00042017956729978323
0.001103655667975545
0.0001419775071553886
0.0005869047017768025
0.0001599836250534281
0.0006335903890430927
0.0005752448923885822
0.0002546511823311448
0.0006924732588231564
0.00016133682220242918
0.000677302828989923
0.004442921373993158
0.00027980859158560634
0.0006308791344054043
0.000584018649533391
0.00017312142881564796
0.00046249935985542834
0.00041560590034350753
0.0003476773854345083
0.000499950663652271
0.0009322695550508797
0.00017019716324284673
0.00032271057716570795
0.00023193261586129665
0.0002668421948328614
0.00023080260143615305
0.00031800862052477896
0.0010577646316960454
0.0008578666020184755
0.0007124975672923028
0.00026490807067602873
0.00027155387215316296
0.0002653209667187184
0.00042440928518772125
0.0006416618125513196
0.00017477846995461732
0.0005757002509199083
0.0007363477488979697
0.0008260771865025163
0.0002922488783951849
0.0003893423709087074
0.00017169216880574822
0.00026215374236926436
0.000689892447553575
0.00022514892043545842
0.0002687351079657674
0.0006655475008301437
0.00020178862905595452
0.00014906245633028448
0.0004979706136509776
0.00055780477123335
0.00022816075943410397
0.0007444919901899993
0.00019104726379737258
0.00017792491416912526
0.0007042299257591367
0.0007635648362338543
0.00015282815729733557
0.00021389701578300446
0.00021533083054237068
0.000701980316080153
0.0032359217293560505
0.00018187607929576188
0.00023577541287522763
0.00025193978217430413
0.0001719927240628749
0.00024935684632509947
0.0004673656658269465
0.00012046425399603322
0.00018275277398061007
0.00013552719610743225
0.0004438480536919087
0.0003067718353122473
0.0017391437431797385
0.00025245093274861574
0.00033794838236644864
0.0002010568859986961
0.0016113384626805782
0.00023449963191524148
0.0003456808044575155
0.00012404167500790209
0.0003756179939955473
0.0003328571328893304
0.000304760062135756
0.00012321170652285218
0.0009251373121514916
0.0005112162325531244
0.00039695826126262546
0.0002567990741226822
0.00041110016172751784
0.0003836746036540717
0.0008994099916890264
0.0001470083516323939
0.0002450609172228724
0.00035516120260581374
0.0003433416713960469
0.00015616726886946708
0.00013532636512536556
0.00029442462255246937
0.00036333425668999553
0.0001576985523570329
0.0002720469201449305
0.0004580719396471977
0.00027551717357710004
0.0002830608282238245
0.0006251353188417852
0.000821559049654752
0.0002697397139854729
0.0003231950104236603
0.00029087014263495803
0.000535237486474216
0.0008071100455708802
0.0003690656740218401
0.001730070449411869
0.0002778985654003918
0.0004852077690884471
0.00035212747752666473
0.0003409656637813896
0.0002901397820096463
0.0008004229166544974
0.00016930060519371182
0.00043806462781503797
0.0002762030344456434
0.00037746509769931436
0.0009396745590493083
0.00015516234270762652
0.0003677317581605166
0.00037314140354283154
0.0002549748169258237
0.0002010348398471251
0.0005810720031149685
0.0002570697688497603
0.0003618858172558248
0.00030550462543033063
0.0003210143477190286
0.00016903085634112358
0.00025305035524070263
0.00029998517129570246
0.00021512163220904768
0.0003225600812584162
0.0004626723239198327
0.0005723853828385472
0.000721305375918746
0.000656521413475275
0.0005653414409607649
0.00025455706054344773
0.00036384747363626957
0.00034856106503866613
0.00020367655088193715
0.00027200509794056416
0.000552585581317544
0.0003228756249882281
0.00039631969411857426
0.0002784148673526943
0.000790715916082263
0.0002683128695935011
0.0011888353619724512
0.007465174421668053
0.00022676614753436297
0.00020935447537340224
0.00034868583315983415
0.0005763474036939442
0.0004466410609893501
0.0003619222843553871
0.0005780553910881281
0.0006954535492695868
0.0005607895436696708
0.00039903121069073677
0.00020271351968403906
0.00044783903285861015
0.00027529874932952225
0.0005746993701905012
0.0005733075086027384
0.00016577119822613895
0.0007465044618584216
0.00021066061162855476
0.0003276598872616887
0.00023818036424927413
0.0003430453361943364
0.0003834249801002443
0.0003702176036313176
0.00039239751640707254
0.00032913649920374155
0.00016982802480924875
0.0007109337602742016
0.0013478799955919385
0.0003228489658795297
0.00017235030827578157
0.00025165878469124436
0.00017764644871931523
0.00021279975771903992
0.00012870616046711802
0.00018722481036093086
0.0002647058863658458
0.00023355259327217937
0.0004568560398183763
0.0006117925513535738
0.00010155699419556186
0.00038159260293468833
0.0001737778657115996
0.00026039377553388476
0.00028703873977065086
0.0010917081963270903
0.0009495716658420861
0.00033248114050365984
0.0002210933162132278
0.0008605857728980482
0.00046004197793081403
0.00030928876367397606
0.0008944626897573471
0.00034905216307379305
0.00021024288435000926
0.00014645926421508193
0.00037527750828303397
0.0005230657407082617
0.00040310341864824295
0.0004174439236521721
0.00019822122703772038
0.0013688817853108048
0.0015545638743788004
0.00029065264970995486
0.004806706216186285
0.0002573078963905573
0.0009019962744787335
0.00043458613799884915
0.0003313148336019367
0.00032146883313544095
0.000626466004177928
0.000843993213493377
0.0002629812224768102
0.0002673251728992909
0.00021750503219664097
0.0006945666391402483
0.0005954327061772346
0.0009288539295084774
0.00024287406995426863
0.0006749198073521256
0.00041205339948646724
0.003914269153028727
0.00023506867000833154
0.0007436228333972394
0.0004312644014135003
0.00017446110723540187
0.0007646582089364529
0.00018554399139247835
0.0001909309794427827
0.00040288420859724283
0.00041432282887399197
0.00027458497788757086
0.0005737224128097296
0.00034945597872138023
0.0003169137635268271
0.00036221923073753715
0.00023672485258430243
0.00022419661399908364
0.0003075530403293669
0.000679334974847734
0.00038743484765291214
0.0001994238409679383
0.0003248708962928504
0.00019914745644200593
0.0005944645963609219
0.00034053230774588883
0.0006843904266133904
0.0011635373812168837
0.00028381129959598184
0.00036320017534308136
0.0003212357114534825
0.0003030510852113366
0.00025965849636122584
0.00023681884340476245
0.000331710820319131
0.000407384563004598
0.0008072028867900372
0.0005045183352194726
0.000749112106859684
0.0005318863550201058
0.001203592517413199
0.0001634191139601171
0.0002768733538687229
0.0006514384294860065
0.0004239037516526878
0.00016545179823879153
0.00021163647761568427
0.0004290431388653815
0.0008022907422855496
0.00022085316595621407
0.00017235276754945517
0.00038391712587326765
0.0005931903142482042
0.00018844773876480758
0.00020725959620904177
0.0008071201154962182
0.00019225920550525188
0.0002544399758335203
0.0002950357738882303
0.0003766705631278455
0.00029445887776091695
0.00040622096275910735
0.00023829916608519852
0.00036224964424036443
0.00019853122648783028
0.00041377931484021246
0.00024911979562602937
0.00048599523142911494
0.00031012867111712694
0.0006657956400886178
0.0004689091583713889
0.000395432289224118
0.00027141397004015744
0.00034789711935445666
0.00034516575396992266
0.0009100183378905058
0.0004713813541457057
0.00034017799771390855
0.0003424452734179795
0.00021759618539363146
0.000703421130310744
0.000223809081944637
0.00033130685915239155
0.00026032011373899877
0.0002656864235177636
0.00026075349887833
0.0005911397747695446
0.0007036335882730782
0.00020648149074986577
0.002596506616100669
0.0008752965368330479
0.00020402624795679003
0.00021028754417784512
0.00017785621457733214
0.00021569407545030117
0.00022931232524570078
0.0006527201039716601
0.00015831751807127148
0.0002772297302726656
0.00024955387925729156
0.00209405948407948
0.00013579544611275196
0.00030813433113507926
0.00023902504472061992
0.000233029160881415
0.00014200698933564126
0.00012498823343776166
0.00021281727822497487
0.0012502879835665226
0.000186620163731277
0.0003485877241473645
0.00032663269666954875
0.00023543548013549298
0.0004248128389008343
0.00021312317403499037
0.00035046186530962586
0.0002588011266198009
0.0001752203534124419
0.0002530822530388832
0.000262393441516906
0.0001707986812107265
0.00038119658711366355
0.00014338332402985543
0.003243952291086316
0.0004010767734143883
0.00019974098540842533
0.00022604281548410654
0.0009688767604529858
0.00033782547689042985
0.00040269794408231974
0.0005456552607938647
0.0004808930098079145
0.0015472198138013482
0.00028420015587471426
0.0005043322453275323
0.0005955431261099875
0.0003768334281630814
0.00039903423748910427
0.0007448169635608792
0.0004895343445241451
0.0003665867552626878
0.00013439894246403128
0.0002812462917063385
0.0003259173536207527
0.00024285663675982505
0.0002556008112151176
0.0005512338248081505
0.0001744070032145828
0.00034239934757351875
0.000246751238591969
0.0002202876639785245
0.0002330753195565194
0.0012721199309453368
0.00021777336951345205
0.0004906384274363518
0.00045441294787451625
0.0003911480598617345
0.00020986517483834177
0.0005454366910271347
0.0002538238186389208
0.00027248033438809216
0.00011510428885230795
0.00016411187243647873
0.0002578198618721217
0.00019369310757610947
0.0004182008560746908
0.00024169347307179123
0.0006054813857190311
0.0006567597156390548
0.00043660792289301753
0.0005752044962719083
0.0002287512761540711
0.00019541545771062374
0.00032454001484438777
0.0003317322116345167
0.00020843352831434458
0.00041064913966692984
0.00023473544570151716
0.00015062245074659586
0.0005075683002360165
0.0007897173054516315
0.0002777867193799466
0.0007331277010962367
0.0003836348478216678
0.00019973710004705936
0.00040286825969815254
0.00024695537285879254
0.0007063382654450834
0.0005543049774132669
0.0002092415961669758
0.00028517961618490517
0.00046732655027881265
0.00017144199227914214
0.0002465679426677525
0.0003097271837759763
0.00026252210955135524
0.0007356432033702731
0.0003216082986909896
0.00014433216711040586
0.00022084484226070344
0.00046148625551722944
0.00026259294827468693
0.00029836653266102076
0.0007567978464066982
0.0004803263582289219
0.0004132757312618196
0.00023672818497288972
0.00032324661151506007
0.0001852681307354942
0.00021597766317427158
0.0015145037323236465
0.0003116685547865927
0.0002940962731372565
0.0002841093228198588
0.00027566790231503546
0.00019211479229852557
0.000197730099898763
0.0009350389009341598
0.00010936528269667178
0.00026598331169225276
0.0002239586174255237
0.00022467949020210654
0.00020682600734289736
0.00023070856695994735
0.00017107620078604668
0.00028979143826290965
0.00021672513685189188
0.0004645842418540269
0.0001513841561973095
0.000207391451112926
0.00015889258065726608
0.0007694625528529286
0.0004510094877332449
0.00018645678937900811
0.00027494426467455924
0.0003017693816218525
0.00017275747086387128
0.00017684543854556978
0.0007554963231086731
0.00020148885960225016
0.00025555852334946394
0.00029132235795259476
0.00018825428560376167
0.0014770298730581999
0.0007427639211528003
0.00027486143517307937
0.00022099560010246933
0.00022793612151872367
0.0002699373580981046
0.0002901706029661
0.00028748271870426834
0.00031586072873324156
0.0002011376345762983
0.0007148602162487805
0.00021665742679033428
0.00031510769622400403
0.0015702454838901758
0.0006049125804565847
0.0005039875395596027
0.00021020836720708758
0.0007942513911984861
0.0002853304904419929
0.00020003081590402871
0.0005192123353481293
0.000246137089561671
0.00021141003526281565
0.0006200684001669288
0.00018558821466285735
0.0005407753633335233
0.00014032375474926084
0.00020434858743101358
0.0007468186086043715
0.00018706619448494166
0.0002548073825892061
0.00015459684072993696
0.0004999476950615644
0.0004459123592823744
0.000522891990840435
0.0002862058754544705
0.00045094359666109085
0.0004274608218111098
0.0002554428647272289
0.0002416633942630142
0.00040587500552646816
0.0002470248728059232
0.00039941485738381743
0.0005131104262545705
0.0002529610937926918
0.00031647965079173446
0.00013407024380285293
0.00022737440303899348
0.00020278645388316363
0.00021562905749306083
0.000711062690243125
0.0003101361799053848
0.0006161941564641893
0.0003692540340125561
0.0002647617075126618
0.00015569085371680558
0.0002826260169968009
0.0014871424064040184
0.00021806234144605696
0.00022745778551325202
0.0002170949155697599
0.0002165134355891496
0.0007860849145799875
0.00023490191961172968
0.0006849279161542654
0.0002097790566040203
0.0003841957659460604
0.0003318727249279618
0.0015204234514385462
0.0006090832175686955
0.0005616366397589445
0.0007284436724148691
0.00046125557855702937
0.0002487523597665131
0.00025453808484598994
0.00022992600861471146
0.0002549483033362776
0.00019001895270776004
0.0003456298145465553
0.0001686179602984339
0.002723148325458169
0.0003831346402876079
0.00024890556233003736
0.00030029797926545143
0.0001702923618722707
0.0005271784029901028
0.0002392871683696285
0.00019654705829452723
0.0002515324158594012
0.00025682474370114505
0.0001500695216236636
