0.07394503057003021
0.07381313294172287
0.07396119832992554
0.0737062618136406
0.07378559559583664
0.0738140344619751
0.07379194349050522
0.07366599887609482
0.07364468276500702
0.0736537054181099
0.07366767525672913
0.0736522376537323
0.07319745421409607
0.07320044934749603
0.07334449142217636
0.07319840788841248
0.07295554131269455
0.07280673831701279
0.07265923172235489
0.0725565180182457
0.07225031405687332
0.07245177775621414
0.07219518721103668
0.07173468172550201
0.07079123705625534
0.070973239839077
0.0705665573477745
0.07064516097307205
0.0699351578950882
0.06847328692674637
0.0671267956495285
0.06772235035896301
0.06654001772403717
0.06547734141349792
0.0654526874423027
0.06235046684741974
0.06347377598285675
0.06207169592380524
0.06379206478595734
0.06160213425755501
0.06002088636159897
0.059516239911317825
0.05761730670928955
0.053865063935518265
0.04953513294458389
0.04491645097732544
0.04480183124542236
0.03971390798687935
0.0356484055519104
0.0417386069893837
0.02946775034070015
0.02930695377290249
0.02438761666417122
0.02154691517353058
0.01481125969439745
0.016670098528265953
0.014042375609278679
0.0105813043192029
0.009445776231586933
0.006247445475310087
0.005945311393588781
0.004475441761314869
0.0038683151360601187
0.0026007399428635836
0.0031716388184577227
0.009028997272253036
0.0034965937957167625
0.004636760335415602
0.0032828007824718952
0.005702371709048748
0.0040454380214214325
0.005639155860990286
0.00661408482119441
0.00332136289216578
0.00612604059278965
0.005762023385614157
0.005002734716981649
0.004863668233156204
0.004583830013871193
0.005483785178512335
0.005341889802366495
0.005873386282473803
0.006043868139386177
0.0035787613596767187
0.004152894951403141
0.0031655775383114815
0.003592459484934807
0.00523957097902894
0.0480770543217659
0.0027288184501230717
0.0024461299180984497
0.0028360518626868725
0.0025313994847238064
0.003046553349122405
0.0019228263990953565
0.0026038135401904583
0.003304016776382923
0.002627510577440262
0.003262318205088377
0.0024955712724477053
0.002222070936113596
0.0036815532948821783
0.0031764800660312176
0.0033671879209578037
0.0037165293470025063
0.0019213760970160365
0.0020654734689742327
0.0034998487681150436
0.003460451727733016
0.0041764769703149796
0.0036295668687671423
0.004407464526593685
0.0013320085126906633
0.002243725350126624
0.0031392234377563
0.005205733701586723
0.0052952212281525135
0.007865973748266697
0.005492598749697208
0.005399839952588081
0.0030672536231577396
0.0053124865517020226
0.005525735206902027
0.004171779844909906
0.004344915971159935
0.006549402605742216
0.006227631121873856
0.005234845448285341
0.00573089811950922
0.008802817203104496
0.0064970045350492
0.009001702070236206
0.009051966480910778
0.0062147462740540504
0.0043942746706306934
0.004760773852467537
0.004714119713753462
0.013008356094360352
0.009413556195795536
0.00512497266754508
0.007805363740772009
0.008147251792252064
0.006131406873464584
0.006244630552828312
0.008707720786333084
0.005302527453750372
0.0062178634107112885
0.00945721659809351
0.009025750681757927
0.004827110096812248
0.006453101057559252
0.004801653791218996
0.0076854536309838295
0.006487828679382801
0.007324324920773506
0.010809333994984627
0.006834201980382204
0.0063858539797365665
0.008343913592398167
0.005511726252734661
0.005462452303618193
0.006707149092108011
0.007476106286048889
0.006329127587378025
0.008035825565457344
0.0123195955529809
0.007464020047336817
0.004722535610198975
0.009872274473309517
0.007878163829445839
0.007776728365570307
0.005191992036998272
0.007340398617088795
0.013524550944566727
0.01190989464521408
0.004377757664769888
0.006463293451815844
0.005182809196412563
0.006567080970853567
0.0037134853191673756
0.0059095751494169235
0.009389054030179977
0.0054174624383449554
0.004205814562737942
0.00821982603520155
0.006202702410519123
0.005811920389533043
0.003790917107835412
0.006731796078383923
0.007142284885048866
0.005817251745611429
0.011888791806995869
0.004119619727134705
0.006447441875934601
0.006897605024278164
0.004682276397943497
0.0066483598202466965
0.004769032821059227
0.006214798428118229
0.004312762059271336
0.005796834826469421
0.0037866949569433928
0.00668699573725462
0.005348215810954571
0.004732964560389519
0.00584823964163661
0.007253425195813179
0.003665455151349306
0.004522600676864386
0.0072694206610322
0.005769084207713604
0.006442262325435877
0.004274548031389713
0.004229442216455936
0.005387651268392801
0.004617570899426937
0.007977664470672607
0.0036838771775364876
0.005394811742007732
0.003963101655244827
0.0027253294829279184
0.004189354833215475
0.002824688097462058
0.004479240160435438
0.0024644392542541027
0.005212237127125263
0.003926624543964863
0.0036759809590876102
0.009246238507330418
0.0029918032232671976
0.0023871459998190403
0.0024421047419309616
0.004669398069381714
0.0035619777627289295
0.003046107478439808
0.0023537829983979464
0.002576167695224285
0.003810741938650608
0.002388167195022106
0.003545908723026514
0.0029111425392329693
0.0026113437488675117
0.0033985101617872715
0.005696353502571583
0.0032491986639797688
0.0024504568427801132
0.003621438518166542
0.0022062533535063267
0.0028837076388299465
0.004498526453971863
0.0026259170845150948
0.002472549444064498
0.0035132584162056446
0.0018421942368149757
0.0018192522693425417
0.0031389042269438505
0.003694076556712389
0.003996747080236673
0.0027821555268019438
0.002741004340350628
0.004050213377922773
0.001800606376491487
0.0028532864525914192
0.007187260314822197
0.0032015149481594563
0.0034952580463141203
0.002200182992964983
0.0014927901793271303
0.0023356559686362743
0.0021853267680853605
0.0024275921750813723
0.0032678127754479647
0.0019047120586037636
0.0026547787711024284
0.0027983696199953556
0.0026995218358933926
0.0018145099747925997
0.0023364557418972254
0.0022595033515244722
0.005339869763702154
0.0020144253503531218
0.0022085108794271946
0.001798296463675797
0.001928637269884348
0.002339511178433895
0.002595831174403429
0.00267135351896286
0.0025790389627218246
0.0033177384175360203
0.002152381930500269
0.0019317666301503778
0.0027761943638324738
0.002093029208481312
0.0031667076982557774
0.004069443326443434
0.0017317482270300388
0.0027994168922305107
0.0028394563123583794
0.004287649877369404
0.002916466910392046
0.0014743995852768421
0.002868212992325425
0.003095056163147092
0.00242641381919384
0.0030201910994946957
0.0019712948706001043
0.0029120424296706915
0.002312410157173872
0.0024714788887649775
0.0022283056750893593
0.0024662469513714314
0.0021710554137825966
0.0029323319904506207
0.002052760450169444
0.0016500909114256501
0.0020044720731675625
0.0029112123884260654
0.002622731029987335
0.0020101803820580244
0.0018776679644361138
0.002547713927924633
0.0014665997587144375
0.004499845206737518
0.003645133227109909
0.002990064909681678
0.0027214675210416317
0.0021540496964007616
0.002225974341854453
0.0033630169928073883
0.0020674755796790123
0.0019401131430640817
0.003014188027009368
0.0018167095258831978
0.002000385196879506
0.0027724229730665684
0.001968787983059883
0.0037088089156895876
0.0019259012769907713
0.003164470661431551
0.00206150789745152
0.0025241055991500616
0.002277807332575321
0.0058340998366475105
0.0018441617721691728
0.0023360727354884148
0.0020877907518297434
0.0019517465261742473
0.0028392309322953224
0.0018006357131525874
0.0018915437394753098
0.0016432831762358546
0.0026806953828781843
0.0026890202425420284
0.002049958100542426
0.002980473916977644
0.0022760373540222645
0.003578073577955365
0.004328394308686256
0.0014817352639511228
0.002267991192638874
0.00436996528878808
0.0019570854492485523
0.0023886614944785833
0.003655651118606329
0.004692777059972286
0.0020997982937842607
0.0021880962885916233
0.0027575287967920303
0.0026680175215005875
0.00272017321549356
0.0016493203584104776
0.0017754327272996306
0.0045023756101727486
0.0031638944055885077
0.0031216340139508247
0.002746262587606907
0.003627869999036193
0.0018140648026019335
0.002959863282740116
0.0035321852192282677
0.003585843136534095
0.0026262779720127583
0.002776290290057659
0.0018373752245679498
0.002629648894071579
0.004867063835263252
0.002871584612876177
0.005343897268176079
0.0028998067136853933
0.0033738291822373867
0.0018647446995601058
0.002416092436760664
0.0014766115928068757
0.002859762404114008
0.0035817506723105907
0.002511316677555442
0.006543993018567562
0.004254746250808239
0.0029442785307765007
0.003353158477693796
0.0030927141197025776
0.001807320979423821
0.00332655874080956
0.0024665058590471745
0.0015964176272973418
0.0024824412539601326
0.003061681054532528
0.00235105212777853
0.0018554803682491183
0.0034720515832304955
0.0032959552481770515
0.002872028388082981
0.0021337259095162153
0.0023042699322104454
0.0020160898566246033
0.001939000329002738
0.001786107080988586
0.003737270599231124
0.0035235262475907803
0.0042573935352265835
0.002977079013362527
0.0026622354052960873
0.00260712206363678
0.00249431561678648
0.002348721493035555
0.002313499804586172
0.003333662636578083
0.0017052359180524945
0.002188508864492178
0.004533173982053995
0.005241536069661379
0.0021423636935651302
0.0026877576019614935
0.0022272535134106874
0.004994546063244343
0.0038141084369271994
0.002986320061609149
0.003533032489940524
0.0015294391196221113
0.002561874222010374
0.008545290678739548
0.002917613834142685
0.003307380946353078
0.005088904872536659
0.002321513369679451
0.0018375016516074538
0.002968080574646592
0.003037730697542429
0.002263701520860195
0.0027624559588730335
0.002378251403570175
0.004109371453523636
0.003199235536158085
0.002370800357311964
0.003013510489836335
0.0034034375566989183
0.0025954993907362223
0.004320088308304548
0.0034344238229095936
0.003641947405412793
0.0029620067216455936
0.0036410533357411623
0.0020659633446484804
0.0037844020407646894
0.0022408959921449423
0.0028413559775799513
0.002251824364066124
0.003631083993241191
0.0033715732861310244
0.003294609487056732
0.0018568208906799555
0.0033681103959679604
0.0039511737413704395
0.0020831776782870293
0.003177802311256528
0.0029129318427294493
0.002313079312443733
0.0019723488949239254
0.003945877775549889
0.002661709673702717
0.0027008987963199615
0.002896122168749571
0.0030314824543893337
0.0021430475171655416
0.0021642029751092196
0.004156248178333044
0.0018265362596139312
0.0022608316503465176
0.0023559657856822014
0.003753471188247204
0.007427734322845936
0.0020713103003799915
0.002878663595765829
0.00306246941909194
0.0018097893334925175
0.003180689411237836
0.0026751402765512466
0.0017512082122266293
0.0025731229688972235
0.0018727865535765886
0.0031399675644934177
0.0028207069262862206
0.0028061652556061745
0.002936162054538727
0.003929243888705969
0.0023067686706781387
0.005981622263789177
0.0022746571339666843
0.002363718580454588
0.0015583656495437026
0.00378481880761683
0.001859944430179894
0.004199710674583912
0.0015854095108807087
0.005006085149943829
0.0023790837731212378
0.0026754995342344046
0.002778662135824561
0.003136720508337021
0.0023327525705099106
0.002189834136515856
0.0018368923338130116
0.0023013779427856207
0.003364495700225234
0.0025729879271239042
0.002023903653025627
0.0015290495939552784
0.002468251623213291
0.002943249884992838
0.0020246761851012707
0.0023907707072794437
0.0033481395803391933
0.003166906302794814
0.001818699762225151
0.0028122509829699993
0.003209264250472188
0.0019117986084893346
0.0033946745097637177
0.003045093035325408
0.0034064275678247213
0.002068500267341733
0.0027909574564546347
0.005318854935467243
0.002081377897411585
0.002949479501694441
0.0036041727289557457
0.002063083928078413
0.003532822709530592
0.0025433318223804235
0.0016726808389648795
0.0027554796542972326
0.002186086028814316
0.0024602185003459454
0.0027676643803715706
0.0018810154870152473
0.00271496525965631
0.003439070424064994
0.0022467412054538727
0.0021375310607254505
0.0025198471266776323
0.002600323874503374
0.0022838511504232883
0.0029281405732035637
0.004258121829479933
0.0019786900375038385
0.0023967730812728405
0.003164838068187237
0.0014968521427363157
0.0029461777303367853
0.003960154019296169
0.003313068300485611
0.00289273913949728
0.003748760325834155
0.0027346094138920307
0.003433350706472993
0.002660569502040744
0.0027165657375007868
0.0018872611690312624
0.002651493763551116
0.003071653889492154
0.0019650801550596952
0.003082157578319311
0.0027685733512043953
0.002744261873885989
0.0027802076656371355
0.004323149099946022
0.006158608011901379
0.0024891418870538473
0.0020014503970742226
0.0027065048925578594
0.0021132638212293386
0.00243652006611228
0.003672631923109293
0.0025062700733542442
0.002288972958922386
0.002665426582098007
0.0026201673317700624
0.0020192600786685944
0.002396699972450733
0.0031264955177903175
0.0030302354134619236
0.003615862224251032
0.0015412326902151108
0.002400906290858984
0.0017633672105148435
0.0030954296234995127
0.0023437957279384136
0.0035025503020733595
0.00324081489816308
0.00309268687851727
0.002772928448393941
0.003602774813771248
0.0015919423894956708
0.0030525957699865103
0.003452773205935955
0.00353260082192719
0.002080012811347842
0.0020172849763184786
0.0016860365867614746
0.001972676021978259
0.00126706063747406
0.001894976943731308
0.0014351272257044911
0.002454933477565646
0.0020667281933128834
0.0032082025427371264
0.0011647202773019671
0.0034213904291391373
0.0018817444797605276
0.0025292588397860527
0.0022969921119511127
0.004307562485337257
0.0025084889493882656
0.002051562536507845
0.0019366479245945811
0.0022400952875614166
0.003943336196243763
0.0023121207486838102
0.0023416983895003796
0.0029141544364392757
0.0017901224782690406
0.0020508484449237585
0.002388758584856987
0.0039904359728097916
0.0038518416695296764
0.0019875781144946814
0.002247947035357356
0.002922204788774252
0.003152235643938184
0.003113735932856798
0.0050305649638175964
0.002636681078001857
0.003888924838975072
0.0022727837786078453
0.002497105859220028
0.003054216271266341
0.0029878434725105762
0.0019069785485044122
0.002164868637919426
0.0026643266901373863
0.002166647696867585
0.003162940964102745
0.0030327315907925367
0.0032606557942926884
0.0018794547067955136
0.002859615022316575
0.0022370123770087957
0.005288208834826946
0.0019814521074295044
0.0034606996923685074
0.002481304807588458
0.0017941684927791357
0.002765658311545849
0.0014252926921471953
0.0017124825390055776
0.002078230492770672
0.0022944421507418156
0.00201603421010077
0.003522342536598444
0.003263576189056039
0.0022951161954551935
0.002091728849336505
0.001865299534983933
0.0021695175673812628
0.00225426466204226
0.0033213600981980562
0.002362328115850687
0.001288851723074913
0.00286406883969903
0.0020031121093779802
0.003090494079515338
0.002619126345962286
0.001826795982196927
0.0021985049825161695
0.002620886079967022
0.002743541495874524
0.0018691113218665123
0.0024390160106122494
0.0018873843364417553
0.0015886476030573249
0.00239177024923265
0.002295070793479681
0.002413826994597912
0.0019583627581596375
0.0026093085762113333
0.004091921728104353
0.0032605784945189953
0.0012155665317550302
0.0019776667468249798
0.00414817500859499
0.0020802724175155163
0.0011906960280612111
0.001833166228607297
0.0021043852902948856
0.0029841135255992413
0.0017118407413363457
0.0014048090670257807
0.0021529928781092167
0.003669866593554616
0.002283819019794464
0.0015404198784381151
0.0037080389447510242
0.001533732982352376
0.0018709200667217374
0.00200295471586287
0.0015980154275894165
0.002677677432075143
0.0024581137113273144
0.0022536807227879763
0.002298294799402356
0.0014807843836024404
0.003079570597037673
0.002422105986624956
0.002271133940666914
0.0017814701423048973
0.002752502914518118
0.0026094159111380577
0.0017524710856378078
0.0018628132529556751
0.002920144237577915
0.002038063947111368
0.00294755888171494
0.003062915289774537
0.002620820188894868
0.002580014057457447
0.002237121807411313
0.002298001665621996
0.0015254673780873418
0.0024319433141499758
0.0025515342131257057
0.0021368174348026514
0.0018779481761157513
0.002761322073638439
0.0028622872196137905
0.0018024987075477839
0.00533188646659255
0.002183749573305249
0.0017476327484473586
0.0019415626302361488
0.0016338794957846403
0.001906421035528183
0.0020968669559806585
0.0030366985592991114
0.0016650687903165817
0.0026497330982238054
0.0026907946448773146
0.004831996746361256
0.0014312700368463993
0.0015571749536320567
0.0016755161341279745
0.0016753830714151263
0.0013871467672288418
0.0010272960644215345
0.0014809381682425737
0.0031367302872240543
0.0014432480093091726
0.0027921476867049932
0.0016258670948445797
0.0020212801173329353
0.0015721985837444663
0.002077687531709671
0.002840172266587615
0.0018293735338374972
0.0016182477120310068
0.0019157681381329894
0.002043479820713401
0.0015211773570626974
0.002278396626934409
0.0011002779938280582
0.004576121922582388
0.0019425193313509226
0.001874326029792428
0.0014814669266343117
0.00384046440012753
0.0034327185712754726
0.0016991299344226718
0.002696588169783354
0.0018355456413701177
0.003459310159087181
0.002388657769188285
0.0028439683374017477
0.0020319640170782804
0.002215941669419408
0.0021612828131765127
0.002934081247076392
0.0032002257648855448
0.0025091783609241247
0.0011879454832524061
0.001877788221463561
0.0022944447118788958
0.0012716013006865978
0.0017110970802605152
0.0025074128061532974
0.0015421458519995213
0.002994032111018896
0.0017214200925081968
0.0018439498962834477
0.0018381209811195731
0.004535686690360308
0.001609725528396666
0.0021655159071087837
0.0036370023153722286
0.003081784350797534
0.0016272584907710552
0.0021384116262197495
0.0026579119730740786
0.0027277106419205666
0.0009352705674245954
0.0010255894158035517
0.0025090589188039303
0.0013509845593944192
0.0023036072961986065
0.0021327727008610964
0.0031414618715643883
0.0029918188229203224
0.003120711073279381
0.00303142168559134
0.0017936255317181349
0.0020069307647645473
0.002452836139127612
0.0021094109397381544
0.0020103855058550835
0.0027544372715055943
0.0016236228402704
0.0011983165750280023
0.001606054836884141
0.0044972458854317665
0.002335047349333763
0.0023767626844346523
0.0030991591047495604
0.0018292797030881047
0.0021932392846792936
0.0022853559348732233
0.004069968592375517
0.003283542115241289
0.0014538350515067577
0.002146731596440077
0.0025079527404159307
0.0015464231837540865
0.0017920867539942265
0.0023285120259970427
0.0019344112370163202
0.00189963320735842
0.0025978449266403913
0.0011128518963232636
0.0015826113522052765
0.002539637265726924
0.0014371932484209538
0.0016152206808328629
0.0035582631826400757
0.0017192456871271133
0.0026984973810613155
0.0015968622174113989
0.001848869607783854
0.0011468384182080626
0.0018221769714727998
0.005169142037630081
0.001988381380215287
0.002015602309256792
0.00204765098169446
0.0017424990655854344
0.0018847619649022818
0.0013122173259034753
0.0036122899036854506
0.0007653194479644299
0.0015623434446752071
0.001811051508411765
0.001737721380777657
0.0015885053435340524
0.001359672169201076
0.0015658608172088861
0.001745512941852212
0.001645888201892376
0.003923515323549509
0.001236559939570725
0.001654949737712741
0.0010483087971806526
0.00374471303075552
0.002943372819572687
0.0015073782997205853
0.0020084786228835583
0.002109949942678213
0.0015009408816695213
0.0014724929351359606
0.00366898812353611
0.0018383885035291314
0.001500898040831089
0.0019049433758482337
0.0018247478874400258
0.004533416125923395
0.0021389368921518326
0.002322146436199546
0.0018714856123551726
0.0019225117284804583
0.001880380674265325
0.00310447346419096
0.0021340621169656515
0.0021039582788944244
0.0019259316613897681
0.0024006161838769913
0.002636759774759412
0.002333546057343483
0.005478313658386469
0.0014785327948629856
0.003400014480575919
0.0015558830928057432
0.003095492720603943
0.001367142889648676
0.001329193008132279
0.0024139373563230038
0.0019112899899482727
0.0023920475505292416
0.003240169957280159
0.0018430822528898716
0.0021469269413501024
0.001371018006466329
0.0021805567666888237
0.0031536747701466084
0.001500217360444367
0.0019562242086976767
0.0015384573489427567
0.0017030042363330722
0.0026786192320287228
0.003945337608456612
0.0028811045922338963
0.0028964546509087086
0.0018434866797178984
0.0022858353331685066
0.0015106063801795244
0.002699234988540411
0.0018317850772291422
0.0019893646240234375
0.002571717370301485
0.0019542097579687834
0.001759681268595159
0.0013024942018091679
0.0018232847796753049
0.0019506788812577724
0.001168294227682054
0.0019350533839315176
0.001993329729884863
0.0029693583492189646
0.0030873771756887436
0.0016674803337082267
0.001605187077075243
0.0021798843517899513
0.005355537869036198
0.0013325774343684316
0.001962381647899747
0.0018282945966348052
0.0018940186128020287
0.0021836438681930304
0.0013711013598367572
0.0034443605691194534
0.0015251176664605737
0.0017014495097100735
0.002993083093315363
0.0037530753761529922
0.0023444807156920433
0.0024655144661664963
0.0021077976562082767
0.0023535664658993483
0.0015213339356705546
0.0018925042822957039
0.0017265742644667625
0.0016843130579218268
0.0012631466379389167
0.0017984253354370594
0.0017659901641309261
0.006817280314862728
0.0016632330371066928
0.0019983130041509867
0.0016398737207055092
0.001407638774253428
0.002205135766416788
0.0017067305743694305
0.0019133976893499494
0.002280993154272437
0.0021536091808229685
0.001246927073225379
