0.24957388639450073
0.24929645657539368
0.24942822754383087
0.24920085072517395
0.24923673272132874
0.2492576241493225
0.24915188550949097
0.24920521676540375
0.24915866553783417
0.2493339627981186
0.24918077886104584
0.24910317361354828
0.2487717717885971
0.24898149073123932
0.2487722486257553
0.2488882839679718
0.24827109277248383
0.24844735860824585
0.2481432408094406
0.24781861901283264
0.24798893928527832
0.2480456531047821
0.24786978960037231
0.24701707065105438
0.24645447731018066
0.24728886783123016
0.24691642820835114
0.2463563084602356
0.24638798832893372
0.24473007023334503
0.24303898215293884
0.24418698251247406
0.24352064728736877
0.24264465272426605
0.24113599956035614
0.2396845817565918
0.24173881113529205
0.2410445213317871
0.24109219014644623
0.23812031745910645
0.23751389980316162
0.23785440623760223
0.2350597381591797
0.2334851175546646
0.22982865571975708
0.22813719511032104
0.22496305406093597
0.2221519500017166
0.21478410065174103
0.22142329812049866
0.20953136682510376
0.2124544084072113
0.20148339867591858
0.20107683539390564
0.19538721442222595
0.1890057623386383
0.18376079201698303
0.16349898278713226
0.1655391901731491
0.13217520713806152
0.16244223713874817
0.12170755118131638
0.09391994029283524
0.09297941625118256
0.0946354866027832
0.08577080070972443
0.058698974549770355
0.06145817041397095
0.04042639955878258
0.054086267948150635
0.028649035841226578
0.034206852316856384
0.044531069695949554
0.02937149442732334
0.026325475424528122
0.038194723427295685
0.03911697864532471
0.03763023763895035
0.02888047695159912
0.028090322390198708
0.05572185665369034
0.057300541549921036
0.05404681712388992
0.0403311662375927
0.050805822014808655
0.049269624054431915
0.04291693866252899
0.07324142754077911
0.09097534418106079
0.0640534907579422
0.06475237011909485
0.0574953593313694
0.07908589392900467
0.06377418339252472
0.06709574908018112
0.060136888176202774
0.07220547646284103
0.07400302588939667
0.07897717505693436
0.07032965868711472
0.09219234436750412
0.1214940994977951
0.08412478864192963
0.09709428250789642
0.08928725868463516
0.08520454913377762
0.09540413320064545
0.07923262566328049
0.108805812895298
0.07472943514585495
0.08325205743312836
0.11144670844078064
0.10084163397550583
0.08525921404361725
0.08911184221506119
0.09573067724704742
0.0963563546538353
0.09056362509727478
0.07699145376682281
0.0782531350851059
0.06613043695688248
0.09017223864793777
0.06826645135879517
0.07754455506801605
0.07318844646215439
0.06518223881721497
0.087593674659729
0.08189460635185242
0.0757506862282753
0.08227825909852982
0.0532025545835495
0.09272304177284241
0.05828549712896347
0.0730796828866005
0.04719649627804756
0.0548342727124691
0.05173115059733391
0.04884103685617447
0.042125120759010315
0.042703770101070404
0.05106831714510918
0.04668935388326645
0.03525003045797348
0.03457013890147209
0.03258415311574936
0.03792636841535568
0.04336104169487953
0.045485395938158035
0.03697063401341438
0.027732599526643753
0.04523616284132004
0.029165543615818024
0.03540578857064247
0.028289683163166046
0.035230983048677444
0.029086172580718994
0.025405889376997948
0.032318953424692154
0.02362602949142456
0.030839597806334496
0.025204084813594818
0.03473665192723274
0.03047833777964115
0.030272237956523895
0.03237657994031906
0.027298588305711746
0.04030158743262291
0.05645584687590599
0.03197348490357399
0.04051796346902847
0.023429205641150475
0.027331974357366562
0.027182459831237793
0.027654871344566345
0.038441259413957596
0.034814704209566116
0.03717027232050896
0.02236141264438629
0.03811798244714737
0.04600910097360611
0.030558843165636063
0.048509057611227036
0.03890889137983322
0.04075383394956589
0.03584611788392067
0.04855810105800629
0.04997018724679947
0.027237918227910995
0.0503566712141037
0.033352918922901154
0.032948169857263565
0.055848002433776855
0.04913683980703354
0.04449641704559326
0.046974167227745056
0.04888629540801048
0.04297459498047829
0.03888625651597977
0.06027820706367493
0.048504941165447235
0.05097080394625664
0.04790842905640602
0.05057420954108238
0.051026567816734314
0.04341043159365654
0.05402549356222153
0.07393902540206909
0.03737650066614151
0.046729378402233124
0.06030974164605141
0.052051253616809845
0.055101051926612854
0.04983459785580635
0.0521116703748703
0.05199345573782921
0.0508614107966423
0.06564207375049591
0.05976777523756027
0.0631529912352562
0.043796129524707794
0.05053763464093208
0.05616586655378342
0.05282105132937431
0.06684623658657074
0.04284169524908066
0.062126822769641876
0.06115273758769035
0.052050333470106125
0.0908668041229248
0.058285895735025406
0.04980453476309776
0.05745016410946846
0.0559370182454586
0.07747989892959595
0.06639530509710312
0.06408978253602982
0.044703055173158646
0.06045988202095032
0.05505160987377167
0.05642629414796829
0.06843060255050659
0.062245551496744156
0.06894846260547638
0.07023698091506958
0.06659059971570969
0.05178415775299072
0.06158749759197235
0.04578014835715294
0.05347847938537598
0.06194288283586502
0.043729785829782486
0.053556110709905624
0.06847143918275833
0.04746798053383827
0.055767904967069626
0.050181470811367035
0.06475874781608582
0.07167716324329376
0.05892414227128029
0.06267603486776352
0.053829897195100784
0.047373030334711075
0.04910769313573837
0.0702761709690094
0.06386054307222366
0.06504519283771515
0.05018216371536255
0.04265047237277031
0.04168318957090378
0.04222261905670166
0.04318644106388092
0.04771400988101959
0.045292917639017105
0.04145345464348793
0.048811908811330795
0.04607648402452469
0.04520713910460472
0.03308446705341339
0.04093632474541664
0.06267540156841278
0.04400642216205597
0.03868843615055084
0.03304733708500862
0.057523857802152634
0.03178679198026657
0.04712820053100586
0.05524633824825287
0.04520559683442116
0.05693831294775009
0.04896561801433563
0.03694028779864311
0.05872500315308571
0.04336479306221008
0.06293555349111557
0.04478425532579422
0.04366722330451012
0.05164827033877373
0.058417439460754395
0.03691535443067551
0.030693763867020607
0.0352783128619194
0.05160902813076973
0.04261663183569908
0.0250798761844635
0.031011557206511497
0.03383331000804901
0.027682961896061897
0.04203291982412338
0.025905916467308998
0.04799992963671684
0.030098147690296173
0.03596682846546173
0.03809826076030731
0.02510851062834263
0.029272986575961113
0.0254508163779974
0.05046318098902702
0.05808967351913452
0.0199794489890337
0.03477204591035843
0.036476895213127136
0.022682402282953262
0.05679904669523239
0.030812770128250122
0.03454585373401642
0.04203551262617111
0.03429440036416054
0.039831679314374924
0.03240387141704559
0.02017075940966606
0.030374903231859207
0.02581499144434929
0.02617737464606762
0.034924283623695374
0.03827471658587456
0.02227175422012806
0.040296949446201324
0.02568289451301098
0.033299289643764496
0.03323877975344658
0.024382952600717545
0.032171618193387985
0.0820159763097763
0.019204415380954742
0.03052840754389763
0.03054959885776043
0.016239071264863014
0.035873930901288986
0.022249434143304825
0.02007921226322651
0.033393409103155136
0.03687398508191109
0.04237407445907593
0.03555097430944443
0.019962668418884277
0.026841342449188232
0.03285070136189461
0.042462609708309174
0.01779574528336525
0.03106418438255787
0.042665112763643265
0.01655876636505127
0.024474527686834335
0.029038745909929276
0.05055191367864609
0.031851571053266525
0.02849407307803631
0.031289391219615936
0.02353881299495697
0.03693050891160965
0.015580480918288231
0.025232180953025818
0.0486532524228096
0.027875492349267006
0.04247906804084778
0.020204080268740654
0.042995352298021317
0.02169836312532425
0.024041181430220604
0.03910168260335922
0.04925410822033882
0.035974882543087006
0.017982084304094315
0.02540133148431778
0.038428597152233124
0.043977078050374985
0.03440822288393974
0.030481982976198196
0.020058151334524155
0.04271275922656059
0.034918271005153656
0.02200230397284031
0.011468710377812386
0.050273872911930084
0.04332170635461807
0.027679702267050743
0.08320014178752899
0.043602485209703445
0.02504022791981697
0.03186172991991043
0.026010967791080475
0.02211185358464718
0.02780081517994404
0.038039688020944595
0.02468310482800007
0.02853052131831646
0.049846045672893524
0.028399363160133362
0.018825802952051163
0.025365523993968964
0.040455423295497894
0.03089037723839283
0.024193990975618362
0.02290957048535347
0.01992524415254593
0.029073406010866165
0.026714272797107697
0.03027833066880703
0.030914463102817535
0.04966037720441818
0.03642898425459862
0.03362913802266121
0.018453532829880714
0.019815506413578987
0.03993366286158562
0.028267528861761093
0.044558074325323105
0.027436738833785057
0.0193362794816494
0.041820086538791656
0.04130731523036957
0.023864567279815674
0.027969293296337128
0.03261961787939072
0.02921086549758911
0.03184535726904869
0.035955559462308884
0.03307744115591049
0.030072905123233795
0.029393095523118973
0.050597961992025375
0.04305638000369072
0.02814275398850441
0.05837485194206238
0.05953579396009445
0.02353489212691784
0.03070569597184658
0.03118722327053547
0.03396446257829666
0.04605543613433838
0.023320581763982773
0.03401753678917885
0.05170852318406105
0.034727249294519424
0.055614765733480453
0.02763975039124489
0.027216745540499687
0.03712965175509453
0.04305143654346466
0.04409715160727501
0.03412458673119545
0.036947041749954224
0.04173040762543678
0.027926968410611153
0.031613755971193314
0.04060947149991989
0.027824748307466507
0.03574425354599953
0.051149673759937286
0.02993117645382881
0.03354719281196594
0.03779621049761772
0.03930491581559181
0.031349413096904755
0.0482141450047493
0.03642597794532776
0.03243403509259224
0.028662607073783875
0.04431986063718796
0.03028453327715397
0.048697810620069504
0.03394860401749611
0.02624129317700863
0.04008631035685539
0.027623776346445084
0.03637818247079849
0.04158995300531387
0.03404557332396507
0.04360318183898926
0.03829026222229004
0.06719440221786499
0.04170893132686615
0.028209136798977852
0.030115794390439987
0.031501658260822296
0.03930186480283737
0.03319254517555237
0.028750192373991013
0.03536990284919739
0.020540017634630203
0.03353845700621605
0.03238993510603905
0.03215452656149864
0.02690870501101017
0.031701743602752686
0.027205830439925194
0.07298528403043747
0.03891712427139282
0.03791894018650055
0.02685530111193657
0.036880962550640106
0.03282584249973297
0.030367357656359673
0.038789644837379456
0.047718752175569534
0.03318158909678459
0.039820171892642975
0.04852704331278801
0.023642975836992264
0.0417611300945282
0.04019589349627495
0.026568254455924034
0.036519311368465424
0.0382545031607151
0.042962562292814255
0.03382139652967453
0.02961822971701622
0.03586047515273094
0.02937161549925804
0.0326652005314827
0.03212396055459976
0.043779466301202774
0.04056358337402344
0.03139769285917282
0.03664122149348259
0.034464120864868164
0.03442812338471413
0.0463038869202137
0.032212577760219574
0.03164159506559372
0.033460136502981186
0.02889714017510414
0.05938824266195297
0.029721444472670555
0.031527306884527206
0.04135918244719505
0.03490202873945236
0.02817649021744728
0.03612450882792473
0.029097730293869972
0.030349330976605415
0.042835935950279236
0.03500279784202576
0.028098363429307938
0.021243607625365257
0.02680889144539833
0.030410297214984894
0.041234709322452545
0.03196103125810623
0.02984304167330265
0.043712664395570755
0.028772132471203804
0.03796381503343582
0.03480992466211319
0.024533960968255997
0.03825865313410759
0.037084393203258514
0.027645966038107872
0.03524955362081528
0.03276682645082474
0.027595235034823418
0.044632699340581894
0.036036647856235504
0.034828975796699524
0.029513919726014137
0.037862882018089294
0.03190154209733009
0.02899826131761074
0.04581773653626442
0.040373653173446655
0.028706874698400497
0.03110625594854355
0.0327814519405365
0.02864961326122284
0.022133968770503998
0.03798404335975647
0.05422833189368248
0.02707899734377861
0.02223101072013378
0.029992569237947464
0.024622490629553795
0.025741932913661003
0.03869660943746567
0.03547555208206177
0.03319516032934189
0.04057526960968971
0.027427539229393005
0.025777604430913925
0.0292570311576128
0.030554242432117462
0.03416299819946289
0.0329897366464138
0.02235167846083641
0.02819553203880787
0.03460000082850456
0.03735861927270889
0.026027344167232513
0.02402203530073166
0.03038189187645912
0.04103376716375351
0.033548712730407715
0.035787783563137054
0.024817122146487236
0.034214332699775696
0.03134097158908844
0.029541214928030968
0.03308727964758873
0.025276843458414078
0.027932072058320045
0.03273235261440277
0.026540178805589676
0.02427380345761776
0.033706557005643845
0.029201079159975052
0.0243076179176569
0.025057360529899597
0.03211352229118347
0.028151575475931168
0.03144170716404915
0.031913772225379944
0.03310057520866394
0.048820991069078445
0.02661965601146221
0.025261355563998222
0.029315898194909096
0.031371913850307465
0.04259689897298813
0.024476809427142143
0.03779273480176926
0.028885383158922195
0.01895182766020298
0.027216965332627296
0.028804531320929527
0.040709998458623886
0.035653725266456604
0.030911797657608986
0.031886860728263855
0.032573167234659195
0.03176915645599365
0.03717653080821037
0.04362679645419121
0.025317946448922157
0.028094805777072906
0.037847861647605896
0.026016082614660263
0.034692298620939255
0.027132246643304825
0.030791688710451126
0.02013344317674637
0.02800353616476059
0.025277232751250267
0.03166636452078819
0.029283542186021805
0.02877754345536232
0.032573848962783813
0.02535265125334263
0.027816560119390488
0.03969964757561684
0.02177010290324688
0.04091516137123108
0.033824194222688675
0.03008430451154709
0.019668089225888252
0.024075055494904518
0.0336347371339798
0.03025236167013645
0.023494305089116096
0.025384722277522087
0.03172606974840164
0.027968699112534523
0.024846356362104416
0.028309131041169167
0.024950232356786728
0.02151346392929554
0.01882372424006462
0.029460463672876358
0.02570207603275776
0.017721954733133316
0.025404375046491623
0.027154995128512383
0.03157370164990425
0.03463369607925415
0.0325985923409462
0.039054226130247116
0.02157212421298027
0.024683594703674316
0.023056361824274063
0.02589377388358116
0.02052728831768036
0.019716819748282433
0.032486774027347565
0.0313800610601902
0.037855882197618484
0.030284887179732323
0.0333264097571373
0.03222557157278061
0.035801585763692856
0.01950140669941902
0.018608737736940384
0.030326275154948235
0.023363549262285233
0.021180592477321625
0.02049482986330986
0.027633916586637497
0.028879337012767792
0.017422780394554138
0.022606894373893738
0.019401881843805313
0.032383278012275696
0.02380138635635376
0.029826221987605095
0.02901112660765648
0.022532017901539803
0.0329548604786396
0.023224180564284325
0.021883800625801086
0.024739883840084076
0.025763295590877533
0.022024422883987427
0.024846844375133514
0.025852583348751068
0.026282809674739838
0.021482879295945168
0.024777095764875412
0.025824299082159996
0.03092445805668831
0.031575899571180344
0.030975379049777985
0.029250163584947586
0.02510659769177437
0.029424592852592468
0.029147230088710785
0.03158086538314819
0.03502543270587921
0.024966556578874588
0.02208525687456131
0.028156612068414688
0.01893489435315132
0.019901368767023087
0.023501098155975342
0.0321107879281044
0.026669934391975403
0.029871024191379547
0.029371749609708786
0.026482151821255684
0.04827931523323059
0.02236899361014366
0.018677912652492523
0.02568792924284935
0.021554874256253242
0.01661631651222706
0.018979214131832123
0.02967393770813942
0.023622682318091393
0.027358556166291237
0.029431939125061035
0.03529580682516098
0.02174132876098156
0.021834544837474823
0.01579095423221588
0.026310499757528305
0.01966109499335289
0.019244283437728882
0.026533089578151703
0.03492262214422226
0.019633861258625984
0.02052033320069313
0.020467061549425125
0.019746344536542892
0.028207343071699142
0.02453790232539177
0.02300899289548397
0.02075686678290367
0.020927395671606064
0.01921098493039608
0.02138010784983635
0.020794661715626717
0.030227985233068466
0.04116164892911911
0.03483874723315239
0.02621307224035263
0.023044491186738014
0.02551197074353695
0.029072772711515427
0.029063455760478973
0.020743994042277336
0.03036154806613922
0.02949543483555317
0.03325244039297104
0.019016653299331665
0.031492047011852264
0.031640805304050446
0.026403669267892838
0.01828642375767231
0.02253325842320919
0.025248080492019653
0.023994378745555878
0.0357147753238678
0.021601732820272446
0.029305748641490936
0.02519124001264572
0.01845746487379074
0.027441300451755524
0.020075788721442223
0.026623107492923737
0.024722523987293243
0.024472355842590332
0.022749803960323334
0.04260876029729843
0.017106302082538605
0.022777341306209564
0.02907578833401203
0.025184324011206627
0.019999045878648758
0.025952372699975967
0.024792680516839027
0.022574588656425476
0.016972629353404045
0.015394436195492744
0.025291573256254196
0.02402515523135662
0.020987510681152344
0.026866011321544647
0.027191471308469772
0.02880486100912094
0.024656860157847404
0.025025635957717896
0.018550027161836624
0.024212773889303207
0.028009586036205292
0.021255258470773697
0.027482111006975174
0.02614159882068634
0.02316087670624256
0.01896558701992035
0.01915389485657215
0.034545477479696274
0.026379883289337158
0.036924492567777634
0.02634999342262745
0.0228025671094656
0.022516947239637375
0.022747620940208435
0.028909262269735336
0.03588967025279999
0.019408678635954857
0.020546486601233482
0.021976638585329056
0.021649761125445366
0.018645506352186203
0.02548205852508545
0.019301366060972214
0.024737698957324028
0.025124676525592804
0.020295191556215286
0.019483137875795364
0.0346173457801342
0.017196757718920708
0.020621202886104584
0.03412766009569168
0.020954694598913193
0.03235653042793274
0.02321070246398449
0.022897155955433846
0.02128622680902481
0.02465681917965412
0.04089748114347458
0.026318442076444626
0.027078144252300262
0.021196303889155388
0.01652662642300129
0.02660292014479637
0.028990328311920166
0.021780027076601982
0.010011688806116581
0.01756438799202442
0.018459979444742203
0.02157299593091011
0.023766182363033295
0.01912500709295273
0.018126685172319412
0.019044578075408936
0.024007752537727356
0.029330547899007797
0.02139541134238243
0.02230789139866829
0.018212884664535522
0.02904825657606125
0.020119663327932358
0.019846158102154732
0.02073926106095314
0.022755257785320282
0.02443580888211727
0.026204148307442665
0.026485353708267212
0.022282706573605537
0.01951524242758751
0.02545219287276268
0.025521446019411087
0.03505050390958786
0.020642906427383423
0.02221999503672123
0.020308267325162888
0.02259555645287037
0.02543708309531212
0.02957628294825554
0.022216374054551125
0.029347840696573257
0.015708191320300102
0.02334301359951496
0.02844110131263733
0.027126509696245193
0.043389782309532166
0.020012233406305313
0.03377824276685715
0.01774550788104534
0.03123418241739273
0.018632346764206886
0.018964748829603195
0.023510200902819633
0.020932061597704887
0.02498015947639942
0.0341467559337616
0.017840072512626648
0.022486601024866104
0.01644737459719181
0.024309877306222916
0.03803364932537079
0.02073296718299389
0.022060127928853035
0.017960600554943085
0.027344297617673874
0.028980713337659836
0.03300056979060173
0.03043231926858425
0.026571709662675858
0.017648933455348015
0.022149164229631424
0.017434868961572647
0.026877952739596367
0.017339905723929405
0.02695920132100582
0.02495822124183178
0.022755887359380722
0.021338175982236862
0.020067257806658745
0.02364751137793064
0.025610318407416344
0.013296137563884258
0.023471221327781677
0.020297836512327194
0.028299033641815186
0.026472900062799454
0.02227865532040596
0.02099953219294548
0.02054215967655182
0.05221068859100342
0.022243287414312363
0.024672359228134155
0.018107421696186066
0.019601838663220406
0.03216833993792534
0.014274772256612778
0.03008018061518669
0.021015632897615433
0.022006915882229805
0.028709299862384796
0.04074326902627945
0.02526317723095417
0.02951538749039173
0.02061609923839569
0.026936493813991547
0.016873279586434364
0.02392745390534401
0.019491083920001984
0.020859448239207268
0.016133390367031097
0.02039261907339096
0.01848631352186203
0.057580962777137756
0.018467485904693604
0.024520350620150566
0.020630313083529472
0.021059034392237663
0.02494574896991253
0.016127662733197212
0.017826424911618233
0.017516501247882843
0.0215427428483963
0.017762858420610428
