0.0103523638099432
0.010324513539671898
0.010336141102015972
0.010458308272063732
0.010331222787499428
0.010336826555430889
0.01031357143074274
0.010334235616028309
0.01033552922308445
0.010266442783176899
0.010269992984831333
0.010294963605701923
0.010345651768147945
0.01030050404369831
0.010355195961892605
0.010259147733449936
0.01029986422508955
0.010337796993553638
0.010310747660696507
0.010294470004737377
0.010298461653292179
0.010294490493834019
0.010330197401344776
0.010379340499639511
0.01029545720666647
0.010233377106487751
0.010234672576189041
0.010344303213059902
0.01033663097769022
0.010280373506247997
0.010333096608519554
0.010306165553629398
0.010294097475707531
0.010321123525500298
0.010300775989890099
0.01037727203220129
0.010203924030065536
0.010371966287493706
0.010305162519216537
0.010295937769114971
0.010292534716427326
0.010318590328097343
0.010231628082692623
0.010400204919278622
0.010266785509884357
0.010253303684294224
0.01032225415110588
0.01028634887188673
0.01025699544698
0.010234168730676174
0.010231886059045792
0.01022431906312704
0.010252952575683594
0.0102150347083807
0.010181205347180367
0.010166429914534092
0.010167442262172699
0.010151369497179985
0.010121329687535763
0.010263011790812016
0.010148824192583561
0.01020264346152544
0.0101926289498806
0.010159896686673164
0.010210002772510052
0.010291374288499355
0.010242166928946972
0.010250271297991276
0.01029603648930788
0.010485566221177578
0.010291106067597866
0.010602709837257862
0.010391105897724628
0.010301544331014156
0.010489615611732006
0.010347110219299793
0.01049963477998972
0.010402071289718151
0.010300129652023315
0.010508379898965359
0.010476693511009216
0.010470030829310417
0.010509680956602097
0.010395468212664127
0.010369601659476757
0.010538027621805668
0.010311346501111984
0.010341973975300789
0.010330596938729286
0.010310867801308632
0.010311380960047245
0.010422751307487488
0.01032309327274561
0.010279377922415733
0.010521219111979008
0.010361588560044765
0.010305396281182766
0.010274624451994896
0.010305631905794144
0.010581552982330322
0.010548084042966366
0.010607206262648106
0.010856706649065018
0.010798361152410507
0.010704725049436092
0.011155455373227596
0.010812630876898766
0.010965307243168354
0.011457937769591808
0.011380688287317753
0.010799082927405834
0.011065027676522732
0.011288468725979328
0.0110339829698205
0.011232114396989346
0.010974569246172905
0.011071073822677135
0.010682827793061733
0.011126399040222168
0.011296880431473255
0.010952712967991829
0.01043590996414423
0.010834097862243652
0.01087066251784563
0.010587249882519245
0.010806373320519924
0.010863985866308212
0.010721972212195396
0.011052735149860382
0.010684534907341003
0.010862628929316998
0.011001785285770893
0.010687279514968395
0.010917901992797852
0.011016464792191982
0.010934579186141491
0.010924112051725388
0.010985725559294224
0.011393304914236069
0.011356990784406662
0.011805626563727856
0.011159468442201614
0.011056475341320038
0.011065294966101646
0.012505586259067059
0.012453214265406132
0.011878938414156437
0.012106268666684628
0.011861664243042469
0.011493897996842861
0.012433578260242939
0.011200773529708385
0.012904242612421513
0.011331179179251194
0.011574842967092991
0.011810380965471268
0.011094862595200539
0.01277550496160984
0.012815609574317932
0.011135464534163475
0.011888204142451286
0.011227197013795376
0.01098090223968029
0.011507498100399971
0.01155668031424284
0.010803538374602795
0.011412166059017181
0.011282110586762428
0.010721240192651749
0.01150441449135542
0.010803082957863808
0.010599165223538876
0.011118108406662941
0.011154537089169025
0.011163542978465557
0.01067737303674221
0.011374001391232014
0.010833029635250568
0.011243931017816067
0.011170179583132267
0.0109733697026968
0.011633100919425488
0.011492468416690826
0.011374000459909439
0.01135663315653801
0.01127199549227953
0.010899631306529045
0.01105882041156292
0.011428970843553543
0.01118950080126524
0.010846514254808426
0.011763540096580982
0.011476823128759861
0.01246639247983694
0.012245148420333862
0.012328395619988441
0.011384348385035992
0.012013353407382965
0.011590945534408092
0.011544317938387394
0.012302885763347149
0.011335503309965134
0.012217886745929718
0.012236596085131168
0.011805525049567223
0.013066982850432396
0.011360494419932365
0.012619813904166222
0.01201544888317585
0.01245506014674902
0.011609869077801704
0.011392916552722454
0.011188083328306675
0.013472030870616436
0.01142112910747528
0.011984030716121197
0.011888401582837105
0.011881745420396328
0.01147562824189663
0.011375011876225471
0.011155272834002972
0.011032209731638432
0.011029724031686783
0.011345966719090939
0.01166623830795288
0.011067191138863564
0.011072307825088501
0.011554206721484661
0.0113898403942585
0.011602592654526234
0.010879648849368095
0.010619820095598698
0.01107907947152853
0.011215582489967346
0.010732113383710384
0.010623989626765251
0.01088622398674488
0.010806250385940075
0.010415487922728062
0.01134501863270998
0.01049190852791071
0.010898677632212639
0.010926047340035439
0.01061328686773777
0.011713551357388496
0.010845075361430645
0.010748255997896194
0.01088734157383442
0.011293194256722927
0.010562681593000889
0.010694878175854683
0.01059507206082344
0.01058396976441145
0.010804468765854836
0.0104889627546072
0.010481707751750946
0.011150989681482315
0.010675941593945026
0.010515931993722916
0.01066176500171423
0.011040951125323772
0.010812327265739441
0.010619754903018475
0.011104321107268333
0.010842575691640377
0.010540538467466831
0.011369132436811924
0.01057997066527605
0.010968511924147606
0.011338826268911362
0.01058419793844223
0.010994808748364449
0.011009953916072845
0.010447974316775799
0.01074190717190504
0.010489550419151783
0.010923751629889011
0.01070499513298273
0.010672426782548428
0.010780141688883305
0.01081639900803566
0.010880157351493835
0.01094608474522829
0.010572060942649841
0.010466495528817177
0.010868583805859089
0.010804637335240841
0.01071792934089899
0.010859914124011993
0.010800042189657688
0.01071345154196024
0.010706420056521893
0.011007450520992279
0.01066794153302908
0.01094935741275549
0.010992825962603092
0.010631724260747433
0.010433975607156754
0.011183107271790504
0.011652659624814987
0.010741404257714748
0.010857042856514454
0.010548565536737442
0.011342953890562057
0.010854614898562431
0.01037987507879734
0.011025828309357166
0.010756323114037514
0.0108143026009202
0.010952811688184738
0.010997595265507698
0.010875999927520752
0.011155705899000168
0.011166224256157875
0.010394871234893799
0.01065818127244711
0.011201503686606884
0.010530875995755196
0.010849835351109505
0.010542001575231552
0.010925044305622578
0.010949631221592426
0.010692105628550053
0.010826708748936653
0.010732784867286682
0.011147688142955303
0.010556882247328758
0.01062581967562437
0.01116182841360569
0.01076473481953144
0.010685247369110584
0.010973743163049221
0.010690883733332157
0.010727856308221817
0.010855484753847122
0.010606826283037663
0.010823609307408333
0.010651734657585621
0.01080268993973732
0.010747686959803104
0.010785410180687904
0.010718539357185364
0.01092558167874813
0.010890607722103596
0.010763350874185562
0.010748887434601784
0.01059727929532528
0.010459463112056255
0.0106043741106987
0.010721097700297832
0.010288379155099392
0.010648808442056179
0.010371256619691849
0.010454516857862473
0.010687191970646381
0.01024195458739996
0.01068020612001419
0.01035276148468256
0.010782932862639427
0.010441104881465435
0.010595391504466534
0.0103163355961442
0.010623406618833542
0.010487025603652
0.01049328874796629
0.010492706671357155
0.010555167682468891
0.01072204951196909
0.010336984880268574
0.010486203245818615
0.011127220466732979
0.010358034633100033
0.010521241463720798
0.010126781649887562
0.010491227731108665
0.010487867519259453
0.010636947117745876
0.010432619601488113
0.010868056677281857
0.010481078177690506
0.010414139367640018
0.010204872116446495
0.010458276607096195
0.010325849056243896
0.010193973779678345
0.010472718626260757
0.01023153681308031
0.010516945272684097
0.010252555832266808
0.010313405655324459
0.010243730619549751
0.010309668257832527
0.010393979027867317
0.010342382825911045
0.010370144620537758
0.010281339287757874
0.010574741289019585
0.0104311378672719
0.01045532152056694
0.010593194514513016
0.010321331210434437
0.010148823261260986
0.01042499765753746
0.010261313989758492
0.010317092761397362
0.01035812497138977
0.010243136435747147
0.010231559164822102
0.010289732366800308
0.010240226052701473
0.010186762548983097
0.010279211215674877
0.010151608847081661
0.010308853350579739
0.010186220519244671
0.010207066312432289
0.01018150057643652
0.010351454839110374
0.01022367924451828
0.010231050662696362
0.010166740976274014
0.010226663202047348
0.01009205263108015
0.010173984803259373
0.010266709141433239
0.010268015787005424
0.010211214423179626
0.01015157625079155
0.010277001187205315
0.010271214880049229
0.010299465619027615
0.010139171965420246
0.0102774016559124
0.010198823176324368
0.010216732509434223
0.010183575563132763
0.01024910993874073
0.010236900299787521
0.010240877978503704
0.010181046091020107
0.01015209686011076
0.010316397994756699
0.010246065445244312
0.010348011739552021
0.01034999918192625
0.010234287939965725
0.010229027830064297
0.01019186619669199
0.010421662591397762
0.01020924374461174
0.010105706751346588
0.010321087203919888
0.010259123519062996
0.010299121029675007
0.01027052290737629
0.010185583494603634
0.010331018827855587
0.010415945202112198
0.010247712023556232
0.010204242542386055
0.01022852212190628
0.010193533264100552
0.010255980305373669
0.010293876752257347
0.010310259647667408
0.010353481397032738
0.010272766463458538
0.010431760922074318
0.010171635076403618
0.010151264257729053
0.010224197059869766
0.010408932343125343
0.010205602273344994
0.01032316591590643
0.0102786710485816
0.01015543844550848
0.010319995693862438
0.010267402045428753
0.010383962653577328
0.01045684702694416
0.010173648595809937
0.01020518783479929
0.010318279266357422
0.010299569927155972
0.010220483876764774
0.010439645498991013
0.010191922076046467
0.01025569811463356
0.010273154824972153
0.010317875072360039
0.010233322158455849
0.01026072632521391
0.010124992579221725
0.010355875827372074
0.01035233773291111
0.010173152200877666
0.010200539603829384
0.010223275981843472
0.010130152106285095
0.010341577231884003
0.010378969833254814
0.010236302390694618
0.010387212038040161
0.010232111439108849
0.010355249047279358
0.010224767029285431
0.010332545265555382
0.010488782078027725
0.01023423857986927
0.010268698446452618
0.010160794481635094
0.010130919516086578
0.010393660515546799
0.010161190293729305
0.010286676697432995
0.010218252427875996
0.010180999524891376
0.010196940042078495
0.010151577182114124
0.010256437584757805
0.010248920880258083
0.01021643541753292
0.010314150713384151
0.010286777280271053
0.010377757251262665
0.010065194219350815
0.010233229957520962
0.010251035913825035
0.01023750938475132
0.010171991772949696
0.010210877284407616
0.010236723348498344
0.010164892300963402
0.010324320755898952
0.010166235268115997
0.010188949294388294
0.010296260938048363
0.010247722268104553
0.010299555957317352
0.010200229473412037
0.010250259190797806
0.010325930081307888
0.010320057161152363
0.010245414450764656
0.01041106041520834
0.010309235192835331
0.01022365503013134
0.01018026378005743
0.010216587223112583
0.010326322168111801
0.01030572596937418
0.010286277160048485
0.010250232182443142
0.010269406251609325
0.010135418735444546
0.010180319659411907
0.01023941021412611
0.010149638168513775
0.010131477378308773
0.010181885212659836
0.01017994899302721
0.010182633996009827
0.01016088668256998
0.010118041187524796
0.010179812088608742
0.010117017664015293
0.010165901854634285
0.010205539874732494
0.010092509910464287
0.010156642645597458
0.010191254317760468
0.010201570577919483
0.010106110945343971
0.01025706622749567
0.010159846395254135
0.01012803427875042
0.01012009009718895
0.010142495855689049
0.010233825072646141
0.010139243677258492
0.010118488222360611
0.010153152979910374
0.010069669224321842
0.01010813657194376
0.010103579610586166
0.010116352699697018
0.010146409273147583
0.010112435556948185
0.010091861709952354
0.010100088082253933
0.010116640478372574
0.010099810548126698
0.010130220092833042
0.010113056749105453
0.010092943906784058
0.010136335156857967
0.010164356790482998
0.010095999576151371
0.010100796818733215
0.01016298122704029
0.010121039114892483
0.010128091089427471
0.010113466531038284
0.010078650899231434
0.010103867389261723
0.01011366955935955
0.010084501467645168
0.010163984261453152
0.01012249756604433
0.010106355883181095
0.010070870630443096
0.01004745252430439
0.010109097696840763
0.010094295255839825
0.010079250670969486
0.010112634859979153
0.010059189982712269
0.010135124437510967
0.010072216391563416
0.010131948627531528
0.010051941499114037
0.010071562603116035
0.010056471452116966
0.010064073838293552
0.01007991936057806
0.010142787359654903
0.010138015262782574
0.01005774550139904
0.010115090757608414
0.010054913349449635
0.01006800215691328
0.010115530341863632
0.010076749138534069
0.010124249383807182
0.010071668773889542
0.010116365738213062
0.0100595373660326
0.010075928643345833
0.010161362588405609
0.01011420227587223
0.010041777975857258
0.010080411098897457
0.010111700743436813
0.010065382346510887
0.010091541334986687
0.010105971246957779
0.010098514147102833
0.01009148359298706
0.010098058730363846
0.010083245113492012
0.010071983560919762
0.010061167180538177
0.01006043516099453
0.01006870437413454
0.010068288072943687
0.010052118450403214
0.010065492242574692
0.010083680041134357
0.010040195658802986
0.010096470825374126
0.010037343949079514
0.010069751180708408
0.010083178989589214
0.010056829079985619
0.010072238743305206
0.010061640292406082
0.010115123353898525
0.01002452988177538
0.010126633569598198
0.01006824430078268
0.010103395208716393
0.010072106495499611
0.010096126236021519
0.010077230632305145
0.01006387360394001
0.010144601576030254
0.010047590360045433
0.01007907185703516
0.010045630857348442
0.010092278942465782
0.0100887231528759
0.010043645277619362
0.010067258961498737
0.010073356330394745
0.010073354467749596
0.010088799521327019
0.010038232430815697
0.010088802315294743
0.010108699090778828
0.010076319798827171
0.010078732855618
0.010049165226519108
0.010058017447590828
0.010096716694533825
0.010062037035822868
0.010097277350723743
0.0100694689899683
0.010067549534142017
0.010053519159555435
0.010090058669447899
0.010126492008566856
0.01014060340821743
0.010052289813756943
0.010096874088048935
0.01011768076568842
0.010062589310109615
0.010092288255691528
0.010055669583380222
0.01009219978004694
0.010027991607785225
0.010111628100275993
0.010065522976219654
0.0100735267624259
0.010060707107186317
0.010052241384983063
0.01007443480193615
0.010096884332597256
0.010033117607235909
0.010150766000151634
0.010059374384582043
0.010072090663015842
0.010086329653859138
0.010082731954753399
0.0100406464189291
0.01007177121937275
0.010070954449474812
0.010031898505985737
0.010134853422641754
0.010121028870344162
0.010086304508149624
0.0100762490183115
0.010066370479762554
0.010045397095382214
0.010046295821666718
0.01008507702499628
0.010077496990561485
0.010078821331262589
0.01008865237236023
0.010067607276141644
0.01004837267100811
0.010048342868685722
0.010035109706223011
0.010122575797140598
0.010055480524897575
0.010152158327400684
0.010074714198708534
0.010063719004392624
0.010082538239657879
0.010091963224112988
0.010083593428134918
0.010070359334349632
0.010060926899313927
0.010041693225502968
0.010046933777630329
0.010080763138830662
0.010127891786396503
0.010045326314866543
0.010106967762112617
0.01008026022464037
0.010053684003651142
0.010042247362434864
0.010087914764881134
0.01007859967648983
0.010077801533043385
0.010035289451479912
0.01005491241812706
0.01007376704365015
0.010058492422103882
0.010058215819299221
0.01007840596139431
0.010037842206656933
0.010059854947030544
0.010052108205854893
0.010036825202405453
0.010078391060233116
0.010052548721432686
0.0100700119510293
0.010044296272099018
0.010046443901956081
0.010054029524326324
0.010052090510725975
0.010058899410068989
0.010050535202026367
0.010049253702163696
0.010047283954918385
0.010042589157819748
0.010033613070845604
0.010039894841611385
0.010046740993857384
0.010058785788714886
0.010058070532977581
0.010067197494208813
0.010055203922092915
0.010056830011308193
0.010056671686470509
0.010065307840704918
0.01003712322562933
0.010040150955319405
0.010059728287160397
0.010056419298052788
0.010049689561128616
0.010044019669294357
0.010053493082523346
0.010046357288956642
0.010056435130536556
0.01006963849067688
0.010039706714451313
0.010046470910310745
0.010049639269709587
0.010058866813778877
0.010021064430475235
0.010040038265287876
0.010035645216703415
0.010058272629976273
0.01003116276115179
0.01004634890705347
0.010037815198302269
0.010021046735346317
0.010059009306132793
0.010086800903081894
0.010042569600045681
0.010047970339655876
0.010039055719971657
0.010052865371108055
0.010066404938697815
0.010043587535619736
0.010037843137979507
0.010034062899649143
0.010028822347521782
0.01002799067646265
0.010039551183581352
0.010060805827379227
0.010027891024947166
0.0100413141772151
0.010037416592240334
0.010030386969447136
0.010053196921944618
0.010021797381341457
0.010036926716566086
0.01002615224570036
0.010041661560535431
0.010034059174358845
0.010026001371443272
0.010027864016592503
0.010030350647866726
0.01003064215183258
0.010035907849669456
0.010024510324001312
0.010057483799755573
0.010027860291302204
0.010016265325248241
0.0100332573056221
0.010030096396803856
0.01002498809248209
0.010017812252044678
0.010033910162746906
0.010022598318755627
0.010035338811576366
0.010046835988759995
0.01002670917659998
0.010017775930464268
0.010024393908679485
0.010035528801381588
0.01002996601164341
0.01002515945583582
0.01002392265945673
0.010024758987128735
0.010015488602221012
0.010026589967310429
0.010022148489952087
0.010022599250078201
0.010017829947173595
0.010014151223003864
0.010032929480075836
0.010027265176177025
0.010022146627306938
0.01003706268966198
0.010018868371844292
0.010026193223893642
0.010021748021245003
0.010030621662735939
0.010045289993286133
0.010015311650931835
0.010020030662417412
0.010017720982432365
0.010030004195868969
0.010019678622484207
0.010026765055954456
0.010033028200268745
0.010027180425822735
0.010035892948508263
0.010021460242569447
0.010022571310400963
0.010028041899204254
0.010020304471254349
0.010021503083407879
0.010017025284469128
0.010011617094278336
0.010030900128185749
0.01002067793160677
0.01003591250628233
0.010023458860814571
0.010018887929618359
0.010019652545452118
0.010038884356617928
0.010022985748946667
0.010020031593739986
0.010019605048000813
0.010033385828137398
0.010021228343248367
0.010016330517828465
0.010034942999482155
0.010027886368334293
0.010018933564424515
0.01002676784992218
0.010025575757026672
0.010032606311142445
0.010015062987804413
0.010016882792115211
0.010028704069554806
0.010015634819865227
0.010018018074333668
0.010030841454863548
0.01001998782157898
0.01003145519644022
0.01002686470746994
0.010028952732682228
0.010021300055086613
0.01001715287566185
0.010020827874541283
0.010018597356975079
0.010012785904109478
0.010010137222707272
0.010021829977631569
0.01001683995127678
0.0100143663585186
0.010009760968387127
0.010015219449996948
0.010016882792115211
0.010018912144005299
0.010015478357672691
0.010017630644142628
0.010014873929321766
0.01002548262476921
0.010023822076618671
0.01001204364001751
0.010018985718488693
0.01002486702054739
0.010020939633250237
0.010020308196544647
0.010012763552367687
0.01001175306737423
0.010021346621215343
0.010011909529566765
0.010030283592641354
0.010014895349740982
0.010011876001954079
0.010021302849054337
0.01001901738345623
0.010010282509028912
0.010024286806583405
0.010019979439675808
0.010014933533966541
0.010022558271884918
0.010012163780629635
0.010025194846093655
0.010038303211331367
0.010013007558882236
0.010014473460614681
0.010018507950007915
0.01001320593059063
0.010024604387581348
0.010025063529610634
0.010023077949881554
0.010028563439846039
0.01001664437353611
0.010018555447459221
0.010011982172727585
0.010023043490946293
0.010027674958109856
0.010024931281805038
0.010019920766353607
0.010014919564127922
0.010017139837145805
0.01001169066876173
0.010016360320150852
0.01001670677214861
0.010012170299887657
0.010016905143857002
0.01004069671034813
0.010007434524595737
0.010012999176979065
0.01001243107020855
0.010008779354393482
0.010025129653513432
0.010013353079557419
0.010015321895480156
0.010014939121901989
0.010018720291554928
0.010008408688008785
