0.06247077137231827
0.06232188642024994
0.06239381805062294
0.06234780699014664
0.062303368002176285
0.062318962067365646
0.06226222962141037
0.062301669269800186
0.06228817626833916
0.06234029307961464
0.06228562816977501
0.06227089837193489
0.06217793747782707
0.06225747615098953
0.062211714684963226
0.062217917293310165
0.06200993061065674
0.0621233768761158
0.062026359140872955
0.061899613589048386
0.061989761888980865
0.0620160736143589
0.06202058494091034
0.06178002431988716
0.06156543642282486
0.06181365251541138
0.06172652915120125
0.0616188570857048
0.06164189800620079
0.061137717217206955
0.06069719046354294
0.06097768619656563
0.06087714806199074
0.06062079593539238
0.06023573502898216
0.06005293130874634
0.060282766819000244
0.060353074222803116
0.06024743989109993
0.05945524200797081
0.05928286537528038
0.05950930714607239
0.05870155990123749
0.05844223126769066
0.05746278166770935
0.05702989548444748
0.056406959891319275
0.0558650903403759
0.05370541289448738
0.055738918483257294
0.05273636803030968
0.05395635962486267
0.05118762329220772
0.05141644552350044
0.04986116290092468
0.04838877171278
0.048279646784067154
0.042968302965164185
0.04374052211642265
0.03828248009085655
0.044019926339387894
0.03506878763437271
0.028014883399009705
0.026965301483869553
0.029490415006875992
0.031219573691487312
0.019536159932613373
0.01949828490614891
0.013400143012404442
0.01947607472538948
0.012435545213520527
0.013329852372407913
0.01856326498091221
0.009615806862711906
0.012664489448070526
0.014637557789683342
0.014157046563923359
0.011640641838312149
0.010107357986271381
0.009050393477082253
0.012980971485376358
0.01682073250412941
0.02420175075531006
0.01023771706968546
0.012653008103370667
0.00956042017787695
0.011391005478799343
0.01687845028936863
0.07346953451633453
0.009971529245376587
0.009070507250726223
0.010649073868989944
0.010949701070785522
0.01107831858098507
0.006476518698036671
0.007322649471461773
0.009894562885165215
0.008968492038547993
0.014167946763336658
0.009482215158641338
0.009632488712668419
0.014733538031578064
0.010961436666548252
0.01263420470058918
0.011274311691522598
0.007707851007580757
0.0115297120064497
0.010160259902477264
0.014270378276705742
0.012679144740104675
0.012923556379973888
0.015897780656814575
0.01061617024242878
0.010892864316701889
0.011096913367509842
0.015303258784115314
0.01503426767885685
0.017809124663472176
0.014689439907670021
0.014192380011081696
0.011607246473431587
0.01771238073706627
0.01354410033673048
0.0131754782050848
0.015439548529684544
0.014437624253332615
0.022085869684815407
0.01864500343799591
0.019374020397663116
0.023495173081755638
0.013960091397166252
0.02407873421907425
0.018859855830669403
0.01988319307565689
0.013281872496008873
0.015966931357979774
0.01365617848932743
0.021811403334140778
0.017725573852658272
0.013402832671999931
0.01917141303420067
0.021617203950881958
0.014404287561774254
0.01629164256155491
0.014776691794395447
0.013990148901939392
0.015731696039438248
0.01874014362692833
0.015985416248440742
0.012529240921139717
0.013602313585579395
0.01218520849943161
0.014332598075270653
0.013257418759167194
0.012267891317605972
0.016779756173491478
0.012406517751514912
0.012187793850898743
0.013090375810861588
0.012076286599040031
0.008638927713036537
0.013683872297406197
0.011825879104435444
0.011895684525370598
0.012902108952403069
0.01496289111673832
0.011697039008140564
0.013164522126317024
0.014624633826315403
0.012132976204156876
0.009655904024839401
0.010572378523647785
0.008074773475527763
0.0141804413869977
0.013682538643479347
0.009690716862678528
0.010142374783754349
0.006380373612046242
0.010999181307852268
0.008368932642042637
0.008643611334264278
0.013165169395506382
0.01117800734937191
0.009618297219276428
0.009039468131959438
0.011995813809335232
0.010680083185434341
0.0067495321854949
0.014717768877744675
0.011021893471479416
0.007877985946834087
0.01293274573981762
0.009308744221925735
0.013570521026849747
0.010708892717957497
0.014323776587843895
0.010947512462735176
0.008208137936890125
0.009758626110851765
0.009240538813173771
0.009632863104343414
0.007072740234434605
0.01458671409636736
0.014331764541566372
0.012990586459636688
0.013813833706080914
0.011554522439837456
0.009460010565817356
0.009597213938832283
0.010077245533466339
0.014954139478504658
0.010968414135277271
0.009003616869449615
0.012272853404283524
0.012491125613451004
0.01468164473772049
0.02443607896566391
0.014558903872966766
0.010114669799804688
0.012574191205203533
0.00934792309999466
0.007749307435005903
0.009820517152547836
0.011094611138105392
0.011272426694631577
0.01858467049896717
0.012130344286561012
0.013097771443426609
0.03152444213628769
0.011309921741485596
0.011233324185013771
0.010853372514247894
0.014058440923690796
0.011542143300175667
0.010012228973209858
0.00767588522285223
0.00990708451718092
0.01752511039376259
0.00840792991220951
0.015817102044820786
0.016013141721487045
0.011181504465639591
0.01006777212023735
0.014929584227502346
0.014088017866015434
0.009453656151890755
0.015889305621385574
0.009769566357135773
0.011184357106685638
0.019042683765292168
0.009849674068391323
0.010648256167769432
0.01410674024373293
0.008220051415264606
0.008397472091019154
0.008894436992704868
0.021906400099396706
0.01308859046548605
0.011702553369104862
0.013780414126813412
0.016658486798405647
0.01130177453160286
0.013593479990959167
0.02680746093392372
0.015708299353718758
0.013680866919457912
0.011508682742714882
0.006768195889890194
0.010507546365261078
0.010170267894864082
0.011022569611668587
0.012093891389667988
0.009934733621776104
0.013610626570880413
0.012646742165088654
0.012894206680357456
0.012301210314035416
0.010244213975965977
0.00791547354310751
0.02247261442244053
0.010813958011567593
0.010078049264848232
0.012887934222817421
0.009950810112059116
0.009540040045976639
0.010076683014631271
0.01196499913930893
0.011773727834224701
0.015421131625771523
0.009302085265517235
0.010193247348070145
0.011583700776100159
0.00970425270497799
0.01212850771844387
0.014708261005580425
0.008636840619146824
0.011220738291740417
0.013555757701396942
0.014156457036733627
0.011493155732750893
0.008175384253263474
0.013380312360823154
0.015715887770056725
0.009235931560397148
0.00978001207113266
0.009650393389165401
0.01063011959195137
0.010671641677618027
0.009702510200440884
0.008723029866814613
0.010936443693935871
0.010905317030847073
0.012697910889983177
0.00848701037466526
0.006849391385912895
0.008554307743906975
0.011849265545606613
0.009906534105539322
0.007455335929989815
0.01030691061168909
0.011435126885771751
0.008354419842362404
0.014646689407527447
0.008678838610649109
0.01136424858123064
0.01209514494985342
0.008453832939267159
0.009829847142100334
0.01346723921597004
0.007655077613890171
0.008938965387642384
0.0094158248975873
0.006545549258589745
0.010660295374691486
0.01113072782754898
0.0075116935186088085
0.013100367039442062
0.007944535464048386
0.012585138902068138
0.009178603999316692
0.008158504031598568
0.009431896731257439
0.026084603741765022
0.0064163426868617535
0.008140151388943195
0.008169418200850487
0.006956593133509159
0.009742616675794125
0.006196063011884689
0.007470683194696903
0.007964587770402431
0.01091829128563404
0.010925985872745514
0.008649015799164772
0.008273236453533173
0.010132014751434326
0.011248028837144375
0.013822177425026894
0.006985297426581383
0.008350332267582417
0.014982465654611588
0.007857713848352432
0.008891724050045013
0.010721828788518906
0.015270616859197617
0.009835699573159218
0.008710518479347229
0.010930112563073635
0.00853283703327179
0.010650735348463058
0.007001806050539017
0.008582733571529388
0.015133796259760857
0.009963981807231903
0.013554632663726807
0.00872945599257946
0.01409919559955597
0.00692144688218832
0.008885333314538002
0.011861802078783512
0.011952836066484451
0.010436651296913624
0.00799331720918417
0.008840689435601234
0.01036075223237276
0.014349302276968956
0.010487407445907593
0.011676779948174953
0.007900086231529713
0.012518979609012604
0.009563740342855453
0.00877797044813633
0.006743141449987888
0.012608766555786133
0.01194925606250763
0.00858299620449543
0.025472179055213928
0.013273146003484726
0.0077794501557946205
0.011062363162636757
0.008999155834317207
0.008310620673000813
0.010851084254682064
0.009867297485470772
0.006818816065788269
0.008714904077351093
0.01300513744354248
0.007394519168883562
0.006300916895270348
0.01071841735392809
0.011478612199425697
0.009288584813475609
0.008291580714285374
0.008630761876702309
0.008579562418162823
0.009788727387785912
0.008902642875909805
0.010853206738829613
0.009963407181203365
0.01381437387317419
0.010838808491826057
0.011319242417812347
0.006908900570124388
0.007886119186878204
0.013315128162503242
0.009771282784640789
0.010341456159949303
0.007993599399924278
0.008204643614590168
0.013425122946500778
0.01547254342585802
0.007747788447886705
0.008592882193624973
0.010268326848745346
0.010976606979966164
0.0105110052973032
0.010705359280109406
0.0115974647924304
0.007372148334980011
0.00884944573044777
0.017876461148262024
0.014120768755674362
0.009607023559510708
0.016381248831748962
0.014332837425172329
0.0069045573472976685
0.008571835234761238
0.010720517486333847
0.010725460015237331
0.012639334425330162
0.007135559804737568
0.010562820360064507
0.013744330033659935
0.009413016960024834
0.014827696606516838
0.0085302097722888
0.008955306373536587
0.011058975011110306
0.011590149253606796
0.013046564534306526
0.010471714660525322
0.011026043444871902
0.010188918560743332
0.009321329183876514
0.009722767397761345
0.011000491678714752
0.00994730181992054
0.01087570283561945
0.013109955936670303
0.009106534533202648
0.0095016248524189
0.01142046321183443
0.012087821960449219
0.008719157427549362
0.012519747018814087
0.009786438196897507
0.008677847683429718
0.007725131697952747
0.012569108977913857
0.008533690124750137
0.01101633906364441
0.01000816747546196
0.009848888963460922
0.009856540709733963
0.007408123463392258
0.01087554544210434
0.009249831549823284
0.007814435288310051
0.011367560364305973
0.011010384187102318
0.018506433814764023
0.008475583046674728
0.007885166443884373
0.009751241654157639
0.008841540664434433
0.00997727271169424
0.009323217906057835
0.007500220090150833
0.00825546681880951
0.006495170760899782
0.011337900534272194
0.009527385234832764
0.00847802497446537
0.009038716554641724
0.009440419264137745
0.007564104627817869
0.02531842142343521
0.008996164426207542
0.008607430383563042
0.006009754259139299
0.010278170928359032
0.00748220132663846
0.011062287725508213
0.008323165588080883
0.015737488865852356
0.008631319738924503
0.010677553713321686
0.011601299047470093
0.007209897972643375
0.010647374205291271
0.007627858314663172
0.007672886364161968
0.00953703559935093
0.010857182554900646
0.01060328260064125
0.007840363308787346
0.005762351211160421
0.009875395335257053
0.00811258889734745
0.008050579577684402
0.008276915177702904
0.012441558763384819
0.010000931099057198
0.007019269745796919
0.007743575610220432
0.008376533165574074
0.008569696918129921
0.013033917173743248
0.010670140385627747
0.010180626064538956
0.006166072562336922
0.007796088699251413
0.02209007740020752
0.007340093608945608
0.007428128272294998
0.01053435355424881
0.007248762995004654
0.009202245622873306
0.009273862466216087
0.006913300603628159
0.0077680060639977455
0.009606076404452324
0.008418597280979156
0.007572460919618607
0.006102885119616985
0.008043929003179073
0.00964681152254343
0.009882866404950619
0.008394942618906498
0.007023187819868326
0.011415576562285423
0.006953682750463486
0.009319569915533066
0.012962235137820244
0.005892094690352678
0.00793612003326416
0.010217059403657913
0.005608110688626766
0.010912062600255013
0.011518408544361591
0.007653720676898956
0.009864050894975662
0.01036922074854374
0.0093537587672472
0.010747402906417847
0.009930401109158993
0.008501013740897179
0.007454318460077047
0.008920888416469097
0.010410862043499947
0.006518889218568802
0.010219404473900795
0.00761560071259737
0.0073701804503798485
0.008400173857808113
0.011324243620038033
0.015414604917168617
0.007924210280179977
0.005823896266520023
0.008699442259967327
0.006135216914117336
0.007446251809597015
0.009070143103599548
0.007771048694849014
0.0084600318223238
0.009434813633561134
0.008480237796902657
0.006555147934705019
0.008675592951476574
0.009715938940644264
0.009585777297616005
0.010012112557888031
0.006315353326499462
0.0068356189876794815
0.007747132796794176
0.01122906431555748
0.0073837218806147575
0.011417066678404808
0.008742415346205235
0.011759666725993156
0.009473372250795364
0.010934382677078247
0.005800612736493349
0.008870325051248074
0.009142611175775528
0.011484355665743351
0.010126794688403606
0.007299353368580341
0.008004838600754738
0.008656897582113743
0.006573843769729137
0.006599054671823978
0.005512446165084839
0.010021069087088108
0.006831564009189606
0.009758627973496914
0.005360639188438654
0.009740614332258701
0.006673494819551706
0.00900773610919714
0.009161954745650291
0.021411780267953873
0.007174101658165455
0.006997663527727127
0.007664361037313938
0.006920673418790102
0.013555122539401054
0.00832153856754303
0.008679412305355072
0.010965673252940178
0.00726028997451067
0.009085964411497116
0.00806337222456932
0.013748646713793278
0.012151053175330162
0.008629810065031052
0.007897492498159409
0.00819256342947483
0.007707218173891306
0.0095910569652915
0.017044516280293465
0.008984677493572235
0.010024222545325756
0.008149472996592522
0.00910031609237194
0.011127656325697899
0.009279731661081314
0.006228654179722071
0.007027576677501202
0.009188792668282986
0.00683246273547411
0.011346191167831421
0.010161011479794979
0.009179700165987015
0.0076071894727647305
0.008835389278829098
0.007896947674453259
0.01643245667219162
0.007800327613949776
0.01342011708766222
0.010410304181277752
0.007016369141638279
0.00832226499915123
0.005601635202765465
0.00746567826718092
0.007739018648862839
0.008996644988656044
0.010231182910501957
0.011006757616996765
0.010472009889781475
0.008506843820214272
0.0067039974965155125
0.00812806561589241
0.008379243314266205
0.008203594014048576
0.011011111550033092
0.007270933128893375
0.006337753031402826
0.011008153669536114
0.007772515062242746
0.010677882470190525
0.009874142706394196
0.007530572358518839
0.007344895042479038
0.009429058991372585
0.009722713381052017
0.007120456080883741
0.0103509072214365
0.006479702424257994
0.007230767980217934
0.008963844738900661
0.008983482606709003
0.0079953633248806
0.0076010082848370075
0.008910245262086391
0.012508293613791466
0.0100356824696064
0.005808379966765642
0.008436432108283043
0.013794983737170696
0.007437898777425289
0.005974295549094677
0.007733230013400316
0.007867158390581608
0.009530803188681602
0.007262928877025843
0.006388658657670021
0.008386828936636448
0.012109680101275444
0.008232120424509048
0.006798271089792252
0.014089923352003098
0.0059749046340584755
0.008158250711858273
0.00921805389225483
0.006675060838460922
0.00889110192656517
0.00948722567409277
0.009070886299014091
0.009532279334962368
0.007383937947452068
0.009548715315759182
0.009714004583656788
0.009109160862863064
0.007356427609920502
0.0103682279586792
0.007966620847582817
0.00607411889359355
0.006824977230280638
0.009501021355390549
0.00860318448394537
0.009405168704688549
0.011009985581040382
0.008763947524130344
0.010780992917716503
0.00918932817876339
0.008566662669181824
0.007564881816506386
0.008286232128739357
0.009198635816574097
0.008070681244134903
0.007249131333082914
0.010652335360646248
0.009337712079286575
0.007963733747601509
0.020566796883940697
0.007231683470308781
0.008158299140632153
0.006490487605333328
0.006035542115569115
0.007850302383303642
0.007793048862367868
0.01160372607409954
0.007834067568182945
0.010607362724840641
0.009442930109798908
0.01533038355410099
0.006476080976426601
0.006958739832043648
0.006028485018759966
0.00950009934604168
0.005214305128902197
0.004912729375064373
0.00628284364938736
0.008731631562113762
0.006319768726825714
0.010869985446333885
0.005965549498796463
0.006017611362040043
0.007345543708652258
0.008873140439391136
0.009777134284377098
0.00712236575782299
0.006737742107361555
0.006669941358268261
0.008494055829942226
0.00578815583139658
0.008701884187757969
0.0052925157360732555
0.014716969802975655
0.00847599282860756
0.008033906109631062
0.006354294717311859
0.012362641282379627
0.013431129977107048
0.006064692046493292
0.010052496567368507
0.006730674300342798
0.008063525892794132
0.008953027427196503
0.008428874425590038
0.008430808782577515
0.006097626872360706
0.007373102940618992
0.010913798585534096
0.012928996235132217
0.00926557369530201
0.0048454501666128635
0.007964800111949444
0.007428767159581184
0.00459851510822773
0.006304891314357519
0.008614052087068558
0.006521521136164665
0.00884938146919012
0.004949532449245453
0.008099394850432873
0.006524926517158747
0.02108553610742092
0.007293884642422199
0.00817432813346386
0.011036384850740433
0.010237389244139194
0.006960799917578697
0.007209363393485546
0.007924238219857216
0.009590979665517807
0.0050660837441682816
0.004679669160395861
0.010006923228502274
0.006324434652924538
0.007390165235847235
0.009345030412077904
0.010050714015960693
0.010472707450389862
0.008356875739991665
0.00974007323384285
0.00701645202934742
0.007322292309254408
0.010068638250231743
0.008216196671128273
0.008381515741348267
0.008585137315094471
0.008112352341413498
0.006082294508814812
0.006411002483218908
0.012626392766833305
0.007664592005312443
0.009305652230978012
0.012064358219504356
0.0072653405368328094
0.0074805342592298985
0.008290080353617668
0.01195242628455162
0.012305919080972672
0.006923977751284838
0.007782532833516598
0.008515555411577225
0.006603620946407318
0.006372242700308561
0.010733358561992645
0.00634123245254159
0.006683936342597008
0.009577660821378231
0.005146549083292484
0.006554432213306427
0.007467613555490971
0.005841290578246117
0.006401866674423218
0.01126412209123373
0.00589991407468915
0.010692229494452477
0.0066804890520870686
0.0068231066688895226
0.0050629316829144955
0.007248088251799345
0.020151441916823387
0.00839973147958517
0.007960053160786629
0.007613244000822306
0.006776224356144667
0.006969057023525238
0.0055130477994680405
0.009270747192203999
0.003607225138694048
0.005881115794181824
0.007923426106572151
0.007289515808224678
0.00704210577532649
0.005562203004956245
0.006606161594390869
0.0061447396874427795
0.008196284994482994
0.012757357209920883
0.0057295761071145535
0.00780144426971674
0.004327428061515093
0.012279307469725609
0.009324122220277786
0.0055152797140181065
0.00833319965749979
0.0069200424477458
0.005627738777548075
0.005675186403095722
0.013694481924176216
0.0072092330083251
0.006839406676590443
0.0076853614300489426
0.006623753346502781
0.014683821238577366
0.006879300810396671
0.006858207751065493
0.007865344174206257
0.008226830512285233
0.007234679069370031
0.01099864486604929
0.007215309422463179
0.008197087794542313
0.006059744395315647
0.007236985489726067
0.010400707833468914
0.010333809070289135
0.01809985190629959
0.006334860343486071
0.011970799416303635
0.005804900545626879
0.009494847618043423
0.005927976220846176
0.006041519809514284
0.008315841667354107
0.008710043504834175
0.007400054484605789
0.010642905719578266
0.006378513295203447
0.006223529577255249
0.0048462990671396255
0.007468043826520443
0.011879969388246536
0.006731495261192322
0.009167158044874668
0.005160101689398289
0.0055379560217261314
0.010254506021738052
0.01230100728571415
0.010752325877547264
0.010442092083394527
0.006905782967805862
0.008384453132748604
0.007188628893345594
0.009514003992080688
0.006713974289596081
0.005809296388179064
0.007618193980306387
0.00807264819741249
0.007261060643941164
0.005135388113558292
0.006130818743258715
0.007510263938456774
0.005932335741817951
0.006401946768164635
0.00837361067533493
0.01107029989361763
0.011306448839604855
0.006278717890381813
0.006871459074318409
0.00906931422650814
0.02013935148715973
0.006784229073673487
0.008439280092716217
0.007083117961883545
0.006059006787836552
0.008134901523590088
0.005112851969897747
0.009984953328967094
0.007176583167165518
0.006579997017979622
0.010151175782084465
0.011982401832938194
0.007182840257883072
0.008990246802568436
0.007064130622893572
0.008707141503691673
0.006208396516740322
0.007883330807089806
0.007180855609476566
0.006815264001488686
0.005700878798961639
0.0056821852922439575
0.006625128444284201
0.0237782783806324
0.005816660821437836
0.008199863135814667
0.007161371409893036
0.006665526889264584
0.008426586166024208
0.0053024897351861
0.00686638941988349
0.007854017429053783
0.007895629853010178
0.005856099538505077
