0.09779441356658936
0.09726431220769882
0.09750838577747345
0.09690819680690765
0.09708350896835327
0.0970916748046875
0.09684894979000092
0.09691176563501358
0.096749447286129
0.09717172384262085
0.09675481915473938
0.09649249166250229
0.09553296118974686
0.0960378348827362
0.09541032463312149
0.0957634225487709
0.09411713480949402
0.09442087262868881
0.09359044581651688
0.09280659258365631
0.0930437445640564
0.09325038641691208
0.09262114763259888
0.09028594940900803
0.08879488706588745
0.09101030975580215
0.09000729024410248
0.08843473345041275
0.08852438628673553
0.08390505611896515
0.07938788086175919
0.0823773667216301
0.08044657856225967
0.0783749595284462
0.0740756094455719
0.06917593628168106
0.07610446214675903
0.07327132672071457
0.07396364957094193
0.06609790027141571
0.06493108719587326
0.06455942243337631
0.057976264506578445
0.053407248109579086
0.0451086051762104
0.045228261500597
0.03443227708339691
0.030925782397389412
0.023818206042051315
0.029921727254986763
0.023769458755850792
0.01992008090019226
0.015997445210814476
0.011763487011194229
0.01012327428907156
0.011406833305954933
0.0053454176522791386
0.004485444165766239
0.006019493564963341
0.0032188764307647943
0.0026040873490273952
0.0007534094038419425
0.0005780102801509202
0.0006254135514609516
0.0007777566206641495
0.004010522272437811
0.0009528102818876505
0.001281318604014814
0.001047223573550582
0.0006429366767406464
0.00024902005679905415
0.0006202500080689788
0.0026346854865550995
0.0004361869068816304
0.0006535983411595225
0.000500067020766437
0.00035670370562002063
0.00039406391442753375
0.0005975716048851609
0.00016424203931819648
0.003016299568116665
0.0009785003494471312
0.0037718284875154495
0.0005208956426940858
0.001123798661865294
0.0007550327572971582
0.0009084935882128775
0.0014705870999023318
0.03568447381258011
0.0009807515889406204
0.001770493807271123
0.0013395642163231969
0.0010975971817970276
0.0004239196132402867
9.501528984401375e-05
0.0011279770405963063
0.0019584926776587963
0.0004231891070958227
0.0017858603969216347
0.0004963458050042391
0.0017942831618711352
0.003822589758783579
0.0020783054642379284
0.002684239996597171
0.003253944218158722
0.0004675345844589174
0.0025982060469686985
0.0024873807560652494
0.003064309014007449
0.0029083748813718557
0.002628634450957179
0.003978910855948925
0.0010889481054618955
0.0026112818159163
0.0032742456533014774
0.005244313273578882
0.005380538757890463
0.008448268286883831
0.005286242812871933
0.00412504468113184
0.0016061192145571113
0.007244092412292957
0.005671847611665726
0.005859806202352047
0.005279784090816975
0.007564524654299021
0.008082139305770397
0.008709285408258438
0.007570001762360334
0.011468085460364819
0.007997581735253334
0.012906378135085106
0.010189101099967957
0.008607571013271809
0.005468722432851791
0.006306339520961046
0.007580377161502838
0.013028731569647789
0.010591774247586727
0.0064922659657895565
0.01212415099143982
0.009878233075141907
0.0073029338382184505
0.006881412118673325
0.009684257209300995
0.006132266949862242
0.00851472094655037
0.011719663627445698
0.010544548742473125
0.006427348591387272
0.007808418944478035
0.005933388136327267
0.007974052801728249
0.006569267250597477
0.007071075029671192
0.015713326632976532
0.009870755486190319
0.007714135106652975
0.009252382442355156
0.008091573603451252
0.0059598637744784355
0.008543980307877064
0.009974475018680096
0.008086574263870716
0.01007640641182661
0.013834224082529545
0.008996689692139626
0.00611182302236557
0.01455792598426342
0.009235348552465439
0.008902614004909992
0.007564293686300516
0.00656516570597887
0.014091731049120426
0.013384523801505566
0.007210294716060162
0.00807720236480236
0.005756608210504055
0.008400097489356995
0.0036887445021420717
0.005237107630819082
0.012000658549368382
0.00845316518098116
0.006380369886755943
0.008021813817322254
0.007860314100980759
0.006627407856285572
0.004612225107848644
0.0056373970583081245
0.007670372724533081
0.007629009895026684
0.011486450210213661
0.006352833937853575
0.006800808012485504
0.007701143156737089
0.004855556413531303
0.008314703591167927
0.0056097256019711494
0.007636656053364277
0.006418128497898579
0.008284780196845531
0.004868829622864723
0.008064855821430683
0.00686641177162528
0.005015133414417505
0.005939291790127754
0.00990405771881342
0.0033876474481076
0.006951049901545048
0.00856505986303091
0.007569253910332918
0.006112522445619106
0.005995775572955608
0.00503632752224803
0.005227190442383289
0.0052826725877821445
0.008192594163119793
0.004799183923751116
0.005675771273672581
0.003915014211088419
0.003031384665518999
0.005120992660522461
0.0035433361772447824
0.006192741449922323
0.0023316270671784878
0.005724630784243345
0.00598051818087697
0.0024989659432321787
0.010886408388614655
0.003988690674304962
0.0036147120408713818
0.0019696601666510105
0.004148796200752258
0.005907165352255106
0.004388710018247366
0.004693405702710152
0.00254289573058486
0.0035826191306114197
0.002999398857355118
0.004342202562838793
0.0033946349285542965
0.003965625539422035
0.004652110394090414
0.006714260671287775
0.004159770905971527
0.0024455171078443527
0.004988981410861015
0.0019646596629172564
0.0031939917244017124
0.002867241855710745
0.002921000588685274
0.0028750288765877485
0.0036842103581875563
0.003964634612202644
0.0026125346776098013
0.004114758223295212
0.004046297166496515
0.0027918450068682432
0.002570247743278742
0.0038177073001861572
0.001817153301090002
0.0010111206211149693
0.0030927264597266912
0.008767865598201752
0.0019884787034243345
0.003450153861194849
0.002747426275163889
0.0012872744118794799
0.0020984369330108166
0.0019422430777922273
0.003575179260224104
0.0024027545005083084
0.0020168223418295383
0.0020987284369766712
0.003318744245916605
0.0019314589444547892
0.0011491840705275536
0.0007741681765764952
0.0034906286746263504
0.005156618542969227
0.0013317748671397567
0.001161012682132423
0.0010814942652359605
0.0007085456745699048
0.0019059726037085056
0.0018164636567234993
0.0012080586748197675
0.0020609546918421984
0.0036397660151124
0.001935630920343101
0.0019000436877831817
0.002369791269302368
0.0016211697366088629
0.004049642477184534
0.00277544092386961
0.0006828056648373604
0.002041094470769167
0.001988417701795697
0.0014988720649853349
0.0016325440956279635
0.0005237749428488314
0.0017731423722580075
0.0007526783738285303
0.0011633374961093068
0.001818919088691473
0.0007601145771332085
0.0017285951180383563
0.0007284983876161277
0.0013350012013688684
0.0010876617161557078
0.002220799447968602
0.0008646745118312538
0.0010799434967339039
0.0009250006987713277
0.0005380500806495547
0.0009016386466100812
0.0010424479842185974
0.0017309056129306555
0.0006815703236497939
0.0009331068722531199
0.0003260336525272578
0.0008025104179978371
0.0021923778112977743
0.003017164533957839
0.000581880914978683
0.0017606973415240645
0.0009346448350697756
0.00032183434814214706
0.0019149677827954292
0.0008362852968275547
0.0004254544619470835
0.0015626089880242944
0.0007411230471916497
0.0007085588877089322
0.0008002833346836269
0.00038310280069708824
0.0008368115522898734
0.000308296614093706
0.0010713639203459024
0.0003790759656112641
0.00027598245651461184
0.00013974310422781855
0.006745589431375265
0.0013870066031813622
0.00044663946027867496
0.0002556066610850394
0.0011112461797893047
0.0008884581038728356
0.0006978429737500846
0.0004844052600674331
0.0006206334219314158
0.0006904945475980639
0.0005287629901431501
0.0005291777779348195
0.00035432010190561414
0.00042078382102772593
0.0004030989948660135
0.0010288262274116278
0.0002658918674569577
0.00019413806148804724
0.0012268489226698875
0.0006940171588212252
0.00042928216862492263
0.0012859523994848132
0.0013262926368042827
0.000627953268121928
0.0009901721496134996
0.0002456262009218335
0.0006305290153250098
0.00029204634483903646
0.0009365847217850387
0.0005033263005316257
0.0014657796127721667
0.0013859157916158438
0.0009005672764033079
0.00019535335013642907
0.0004299646243453026
0.0003766909067053348
0.0015041071455925703
0.0008769104606471956
0.0013259793631732464
0.0012504429323598742
0.0004888412076979876
0.00030298903584480286
0.00043177581392228603
0.0013731742510572076
0.0010084190871566534
0.0019863424822688103
0.0001744571782182902
0.000885521643795073
0.0002678292221389711
0.0006830469937995076
9.912772657116875e-05
0.0004301480366848409
0.0002543415757827461
0.0007785930065438151
0.004992603790014982
0.0034976396709680557
0.00034883111948147416
0.00040165873360820115
0.00018727716815192252
0.00032657431438565254
0.0006702296086587012
0.0002507690223865211
0.0002653894480317831
0.000712200824636966
0.00032518975785933435
0.0008199468720704317
0.00011200294102309272
0.0007150261662900448
0.001175713841803372
0.000583011656999588
0.00011115568486275151
0.00015819977852515876
0.0005301537457853556
0.0001589349703863263
0.00018446306057740003
0.0005143311573192477
0.0003373513463884592
0.0010040783090516925
0.0002758082700893283
0.0005307993851602077
0.00039823123370297253
0.0007378521258942783
0.0002823756658472121
0.0003882358723785728
0.0013728677295148373
0.0006199207273311913
0.0006874142563901842
0.0006297859363257885
0.0008347397670149803
0.0003647496923804283
0.0015226276591420174
0.0002074438234558329
0.0006432292284443974
0.0004758131690323353
0.00028168814606033266
0.000795439351350069
0.0002962172729894519
0.0006809075130149722
0.003014924470335245
0.00021996913710609078
0.0008415419142693281
0.0008510915795341134
0.0002827851567417383
0.0003765008004847914
0.000518308428581804
0.00029344193171709776
0.000462567200884223
0.0009094079723581672
0.00012996695295441896
0.0004846395459026098
0.00022156379418447614
0.0001873655419331044
0.0005011401372030377
0.0002755316090770066
0.0014819246716797352
0.000813190417829901
0.0007740791770629585
0.0002514660300221294
0.0005338343326002359
0.00027239610790275037
0.0004042579384986311
0.0007223025895655155
0.00015777543012518436
0.00028912126435898244
0.0008533438085578382
0.0013091802829876542
0.00025928669492714107
0.0003975423169322312
0.00038553663762286305
0.0007170478347688913
0.0005761641077697277
0.0002347697882214561
0.00024838082026690245
0.0006656605401076376
0.0002301431813975796
0.00030163145856931806
0.0007764281472191215
0.0004978060605935752
0.00033086136681959033
0.00047076866030693054
0.00039183098124340177
0.00021319215011317283
0.0007113757310435176
0.0009090093662962317
0.00014654028927907348
0.00024417968234047294
0.00032903847750276327
0.0003568099346011877
0.0021920925937592983
0.00027135631535202265
0.00029513397021219134
0.0003321553813293576
0.00017793189908843488
0.00020454950572457165
0.0004004118964076042
0.0003967696102336049
0.00017149402992799878
0.00016300793504342437
0.0008080363040789962
0.00024315777409356087
0.002127403859049082
0.00028748897602781653
0.00031769723864272237
0.00017620011931285262
0.005609528627246618
0.0002606346388347447
0.0011818355415016413
0.0002083596627926454
0.00039471674244850874
0.00047531822929158807
0.0002218693698523566
0.000635067350231111
0.0019646710716187954
0.00046818354167044163
0.0005518163088709116
0.0002908374008256942
0.0004317829152569175
0.00028643361292779446
0.0012897816486656666
0.0001585624850122258
0.0005430668825283647
0.00048774463357403874
0.00023781374329701066
0.00013832612603437155
0.0001948292483575642
0.0005013757618144155
0.00042307941475883126
0.00020382653747219592
0.0003146032686345279
0.0007464273367077112
0.0003268627915531397
0.00022189703304320574
0.0009279896039515734
0.001244469080120325
0.0003720311797223985
0.00036695817834697664
0.0004911884316243231
0.00045904386206530035
0.0006783647695556283
0.0003604001831263304
0.003176554571837187
0.0006367054884321988
0.0005314318696036935
0.00038472370943054557
0.00023146343301050365
0.0005572288064286113
0.0016127432463690639
0.00041652657091617584
0.0008095617522485554
0.0008946702582761645
0.0003318475210107863
0.0007077596383169293
0.00016093112935777754
0.0002603561442811042
0.00026088228332810104
0.00038208276964724064
0.00039888813626021147
0.0007518432103097439
0.00031149774440564215
0.0004945122636854649
0.00032607134198769927
0.00032810441916808486
0.00023464827972929925
0.0002739103219937533
0.0005337400361895561
0.0001850767876021564
0.00034454595879651606
0.0003235310432501137
0.0004462262149900198
0.0006696486379951239
0.0004723732126876712
0.0005921993870288134
0.0003119494649581611
0.0008544881129637361
0.0003609095001593232
0.0004454351728782058
0.0009229981806129217
0.0009563496569171548
0.0008260558824986219
0.0005220757448114455
0.00024005539307836443
0.001216993434354663
0.0003525526262819767
0.0009105557110160589
0.006139447912573814
0.00040637407801114023
0.0003024263132829219
0.00021952277165837586
0.000849630800075829
0.00041747576324269176
0.0005304596852511168
0.001027824473567307
0.0010819622548297048
0.0007165089482441545
0.00021288020070642233
0.00021303098765201867
0.00035806058440357447
0.0004699970013462007
0.0004890379495918751
0.0004845199582632631
0.0001980421511689201
0.0007466970710083842
0.00017364617087878287
0.000589794188272208
0.00016945158131420612
0.00037979503395035863
0.00044527644058689475
0.00038291249074973166
0.0003601721255108714
0.00037181845982559025
0.00016517816402483732
0.0005651031970046461
0.0017753305146470666
0.0003740442916750908
0.0003071250976063311
0.00028323003789409995
0.00019044618238694966
0.00042621942702680826
0.0002758849586825818
0.00027456218958832324
0.00015024372260086238
0.00026249245274811983
0.0007444483926519752
0.0005616919952444732
0.0002516296517569572
0.0003734366619028151
0.0002727026294451207
0.000251400051638484
0.0005582620506174862
0.003243295708671212
0.0006011133082211018
0.0002730407868511975
0.00026800567866303027
0.0007707057520747185
0.0007536816410720348
0.000328810972860083
0.0010675117373466492
0.001083470182493329
0.00023505499120801687
0.00023520796094089746
0.0005237107397988439
0.0005271548288874328
0.0008618213469162583
0.00038843386573717
0.0003728794981725514
0.0010030808625742793
0.00180120300501585
0.0003091719700023532
0.0036686905659735203
0.00023096748918760568
0.0016680159606039524
0.0008139846031554043
0.0005192112876102328
0.00032325697247870266
0.000552072306163609
0.0008575212559662759
0.00021142880723346025
0.0010024771327152848
0.00023260200396180153
0.0009443054441362619
0.000505691219586879
0.0007350340019911528
0.00030527301714755595
0.0006569278775714338
0.0007932010339573026
0.003279824508354068
0.0005412478349171579
0.0014983058208599687
0.0008751649875193834
0.00029566301964223385
0.000805870455224067
0.0003560760524123907
0.0005584578611887991
0.0007312688394449651
0.0005671422113664448
0.00033103549503721297
0.00052045495249331
0.0003147104289382696
0.00026367834652774036
0.0004436303861439228
0.00027673793374560773
0.0003646778641268611
0.0002677091397345066
0.0009562408085912466
0.0004826569929718971
0.00029322615591809154
0.000390699744457379
0.0003055414999835193
0.0003470179799478501
0.0009899094002321362
0.0007913248846307397
0.0019883736968040466
0.0002855595084838569
0.0005921336123719811
0.00032465942786075175
0.0004064411041326821
0.00027069213683716953
0.00030196848092600703
0.0006391145288944244
0.0006570352707058191
0.001278724055737257
0.0006388236070051789
0.0017340605845674872
0.000864753092173487
0.0013138443464413285
0.00019742170115932822
0.0002520788402762264
0.00045805974514223635
0.0008439493831247091
0.00023998934193514287
0.00020172601216472685
0.00036798027576878667
0.0008951884228736162
0.0005698302993550897
0.00027123437030240893
0.0002388219436397776
0.0007945378893055022
0.00045026332372799516
0.00023122437414713204
0.0010646071750670671
0.0002438404189888388
0.0007213036878965795
0.0002659632300492376
0.00020342119387350976
0.0003087395161855966
0.0008838125504553318
0.0003103836497757584
0.00038658975972793996
0.00034235077328048646
0.0004660796548705548
0.0002081581624224782
0.0008795973844826221
0.0002932425413746387
0.0008123633451759815
0.0009859394049271941
0.0006011985242366791
0.0004443712532520294
0.0005315592861734331
0.0004740433068946004
0.0008513599168509245
0.0007196011720225215
0.0008248093072324991
0.0005430252640508115
0.00029321786132641137
0.0008617927669547498
0.0002855582279153168
0.00030648239771835506
0.0002740482159424573
0.0006666899425908923
0.0004965618718415499
0.0008622846216894686
0.0008019001688808203
0.00024088122881948948
0.004803630523383617
0.001026378246024251
0.000209850215469487
0.0003374924708623439
0.0006888443604111671
0.00023009222059044987
0.00021277509222272784
0.0005601679440587759
0.0006702435784973204
0.0006348828319460154
0.0009106064098887146
0.0017832719022408128
0.0002502610150258988
0.00044523939141072333
0.00025785548496060073
0.00024439668050035834
0.00016747225890867412
0.00013391062384471297
0.0002470067120157182
0.001270185224711895
0.0003008542116731405
0.00035721799940802157
0.0003422240843065083
0.00046241655945777893
0.00019645874272100627
0.0002307659015059471
0.0003099308523815125
0.0003811951610259712
0.00019696299568749964
0.0004330354859121144
0.00036621963954530656
0.00019506755052134395
0.0004069310671184212
0.00033846867154352367
0.0030576789285987616
0.0006719029042869806
0.00029706081841140985
0.0003730864846147597
0.0010890619596466422
0.000497960252687335
0.000592374533880502
0.0006737499497830868
0.0002840587985701859
0.0015039390418678522
0.0003814637311734259
0.0017889407463371754
0.0016773956594988704
0.0006422401056624949
0.000462111784145236
0.0005016953218728304
0.0004845124203711748
0.000356125645339489
0.0004231231869198382
0.00029764469945803285
0.00026842221268452704
0.0004169957246631384
0.00029027083655819297
0.00046741391997784376
0.0005571413785219193
0.00034627935383468866
0.0003303201519884169
0.0004239681293256581
0.00021529271907638758
0.0027026876341551542
0.0003808593610301614
0.0009077774011529982
0.0004203525313641876
0.0003491099632810801
0.00021179539908189327
0.0009072078391909599
0.0002880138927139342
0.0002604403125587851
0.00010499315976630896
0.00019512427388690412
0.00027454871451482177
0.00026290660025551915
0.0005042496486566961
0.00024934523389674723
0.000775554683059454
0.0006356281228363514
0.0005390482256188989
0.0007191664190031588
0.00025042780907824636
0.0002853510668501258
0.0005899967509321868
0.0003116379666607827
0.0002458288799971342
0.00020934284839313477
0.0005690680700354278
0.00030420144321396947
0.0005570690263994038
0.0013142179232090712
0.0005730625707656145
0.0013581612147390842
0.0004564699484035373
0.00027746352134272456
0.0011079353280365467
0.0003034051042050123
0.0006469826912507415
0.0008168302592821419
0.0002243437775177881
0.0006336325313895941
0.00040940643521025777
0.0004058454651385546
0.0002591319789644331
0.0002991291112266481
0.00039239696343429387
0.0008567513432353735
0.0006372026400640607
0.00023557418899144977
0.0007701088907197118
0.0012578095775097609
0.00037675435305573046
0.00020768521062564105
0.0010792160173878074
0.0008846459677442908
0.00036917964462190866
0.00046536923036910594
0.00038587674498558044
0.00038901271182112396
0.0005576896946877241
0.003539595752954483
0.0005944608710706234
0.00039678445318713784
0.0002860509848687798
0.0003160543565172702
0.0006321051041595638
0.00019219444948248565
0.0007855324074625969
0.00010818163718795404
0.00022441460168920457
0.00027232771390117705
0.0003038789436686784
0.0001888385886559263
0.0002851920435205102
0.00017509068129584193
0.0004988429718650877
0.0004624402499757707
0.0005386844277381897
0.0001566223509144038
0.00026152332429774106
0.0005640240851789713
0.0018110857345163822
0.0008372529991902411
0.00017485408170614392
0.00034204625990241766
0.0006876718252897263
0.0002767457044683397
0.0006448582280427217
0.0010391830001026392
0.00022233367781154811
0.00030613126000389457
0.0004620084073394537
0.00019773002713918686
0.0017677771393209696
0.001121067674830556
0.0004652140778489411
0.0002540267596486956
0.0004042493528686464
0.0004303584573790431
0.0008509871549904346
0.0002960455894935876
0.0003694047045428306
0.00017068319721147418
0.0010942230001091957
0.0001998407969949767
0.00033444302971474826
0.0025044609792530537
0.0004948396235704422
0.0007536949124187231
0.0002713670255616307
0.001021882868371904
0.0005552987568080425
0.00020907598081976175
0.0004651385243050754
0.0002755938330665231
0.00016878577298484743
0.0013355171540752053
0.0003019411233253777
0.000390037486795336
0.00013057357864454389
0.0002905144647229463
0.0017058926168829203
0.00020539418619591743
0.00026332883862778544
0.00013086888066027313
0.0003872956440318376
0.0005241180770099163
0.0008151322836056352
0.0002817515633068979
0.0005552808870561421
0.0004535340121947229
0.0003500992897897959
0.0002590879157651216
0.000704069621860981
0.0004691654467023909
0.0007760833250358701
0.0011341827921569347
0.0004424893413670361
0.000589806935749948
0.00013652538473252207
0.0003273382899351418
0.0003697840147651732
0.00026614987291395664
0.00046937126899138093
0.00033990154042840004
0.0006790030747652054
0.00036964265746064484
0.00021580586326308548
0.00014416660997085273
0.00047021161299198866
0.005581271834671497
0.000254257203778252
0.0003907301288563758
0.00018995853315573186
0.000307813985273242
0.0008382066152989864
0.0005717161111533642
0.0010251731146126986
0.00021655476302839816
0.0005814943579025567
0.00034044653875753284
0.0026446967385709286
0.0009308563312515616
0.0008511351188644767
0.0009104250348173082
0.0007015384617261589
0.0002201256575062871
0.00030507188057526946
0.00044106098357588053
0.0002193488326156512
0.00024932995438575745
0.00045933708315715194
0.0001777765282895416
0.005249433685094118
0.0003168435941915959
0.0006660534418188035
0.00025674773496575654
0.0005924400757066905
0.0008775655878707767
0.00020315627625677735
0.0004871305136475712
0.00018566874496173114
0.00023211822554003447
0.0001345596683677286
