0.2239372730255127
0.22345438599586487
0.22367876768112183
0.22314877808094025
0.22330039739608765
0.22331266105175018
0.22309966385364532
0.22316035628318787
0.2230229526758194
0.22339819371700287
0.22303417325019836
0.22280941903591156
0.22197289764881134
0.22242046892642975
0.2218724638223648
0.222181499004364
0.22073142230510712
0.22101011872291565
0.22028163075447083
0.21958263218402863
0.21981215476989746
0.21998605132102966
0.21943986415863037
0.21738217771053314
0.2160772681236267
0.2180292159318924
0.21714887022972107
0.21576263010501862
0.21583367884159088
0.2117776721715927
0.20777620375156403
0.2104513794183731
0.20872561633586884
0.20684713125228882
0.20308871567249298
0.19871143996715546
0.20486146211624146
0.20243459939956665
0.2029615342617035
0.19590510427951813
0.1949009746313095
0.19470657408237457
0.18846192955970764
0.1841498166322708
0.1756053864955902
0.17216092348098755
0.16313274204730988
0.15510211884975433
0.14024701714515686
0.15388545393943787
0.13132025301456451
0.13043072819709778
0.11330586671829224
0.10776431858539581
0.1003088653087616
0.09192019701004028
0.07060906291007996
0.06268197298049927
0.06250491738319397
0.02981671877205372
0.04877999797463417
0.023423224687576294
0.018108883872628212
0.0173945315182209
0.01884382963180542
0.02122418023645878
0.012390857562422752
0.01477326825261116
0.009011618793010712
0.013035167939960957
0.003692375496029854
0.005758244544267654
0.01012544333934784
0.00735577242448926
0.008141345344483852
0.010761884041130543
0.009319199249148369
0.010535934008657932
0.007451820652931929
0.005417840555310249
0.020975850522518158
0.01970047876238823
0.02689383178949356
0.012415213510394096
0.017598219215869904
0.013737007044255733
0.0111195407807827
0.02852160669863224
0.04955263063311577
0.022658400237560272
0.027156032621860504
0.021360598504543304
0.024294041097164154
0.01676155999302864
0.01750762388110161
0.016941318288445473
0.023974493145942688
0.020617984235286713
0.02711663395166397
0.019209932535886765
0.03498486056923866
0.05551048740744591
0.03159692510962486
0.041966624557971954
0.03605588153004646
0.02843310497701168
0.04085240513086319
0.029493002220988274
0.052512940019369125
0.03468950465321541
0.03608230873942375
0.05790760740637779
0.04079274460673332
0.04144725203514099
0.04529432952404022
0.05292671173810959
0.05341210216283798
0.05920674651861191
0.04362011328339577
0.046566978096961975
0.03146132081747055
0.05921496823430061
0.04383935406804085
0.04784560576081276
0.04616118595004082
0.043312687426805496
0.06731607019901276
0.06347832083702087
0.06275802850723267
0.0586276538670063
0.04004870355129242
0.07098177075386047
0.057054292410612106
0.05690130218863487
0.03561907634139061
0.04208189994096756
0.03997974470257759
0.06442620605230331
0.050995834171772
0.037917718291282654
0.05265096575021744
0.050503890961408615
0.03343023359775543
0.04064770042896271
0.03833635523915291
0.03169410675764084
0.04009776562452316
0.045014072209596634
0.041483908891677856
0.026447482407093048
0.03464239463210106
0.025223378092050552
0.03186718747019768
0.02452710270881653
0.024901874363422394
0.04194370284676552
0.027285510674118996
0.02326356992125511
0.0244622603058815
0.024647710844874382
0.01824435591697693
0.020933857187628746
0.02176651917397976
0.01864572800695896
0.023546665906906128
0.024457918480038643
0.023064522072672844
0.025154922157526016
0.021144988015294075
0.021430395543575287
0.014759419485926628
0.01397240161895752
0.010849295184016228
0.016749616712331772
0.01946287974715233
0.015259012579917908
0.012340180575847626
0.009344768710434437
0.011748540215194225
0.009909681044518948
0.011668369174003601
0.016750570386648178
0.012971699237823486
0.01065050158649683
0.005898769944906235
0.016459476202726364
0.014785781502723694
0.006519634742289782
0.010460112243890762
0.009142473340034485
0.008341147564351559
0.01279218215495348
0.011017004027962685
0.010181979276239872
0.011300716549158096
0.01400695275515318
0.006322502624243498
0.007555934134870768
0.00564939808100462
0.006039506755769253
0.0065295156091451645
0.0065295035019516945
0.010332180187106133
0.008964650332927704
0.008228222839534283
0.005547798704355955
0.008249461650848389
0.002470212522894144
0.007707609329372644
0.009395833127200603
0.007524274289608002
0.007251281291246414
0.006455298513174057
0.012383309192955494
0.0069175707176327705
0.009460465051233768
0.010079535655677319
0.012894567102193832
0.009014805778861046
0.0044380598701536655
0.003139734733849764
0.012953735888004303
0.005554453935474157
0.010714838281273842
0.004159906413406134
0.0071381558664143085
0.012245332822203636
0.004578008782118559
0.012302293442189693
0.006981772370636463
0.004488872829824686
0.004132553935050964
0.012149857357144356
0.009812282398343086
0.009433173574507236
0.010519122704863548
0.004971175454556942
0.008187751285731792
0.0030289944261312485
0.008647376671433449
0.015159333124756813
0.00894344225525856
0.009486755356192589
0.00993284024298191
0.0041876137256622314
0.007551065646111965
0.007018886506557465
0.0065010348334908485
0.008039313368499279
0.0076372334733605385
0.007727747783064842
0.008304587565362453
0.013348395004868507
0.009895200841128826
0.003782345913350582
0.0075216349214315414
0.010182397440075874
0.013999649323523045
0.009273877367377281
0.009001977741718292
0.00510017853230238
0.0073804245330393314
0.010873240418732166
0.02187296748161316
0.009415905922651291
0.012281941249966621
0.009457282721996307
0.008538422174751759
0.007615942973643541
0.011184382252395153
0.010135476477444172
0.012382090091705322
0.008144250139594078
0.0089854272082448
0.00796936172991991
0.012170362286269665
0.0065750679932534695
0.010313653387129307
0.01903500407934189
0.01642024889588356
0.006573996040970087
0.005578702315688133
0.007060658186674118
0.007961077615618706
0.010823491029441357
0.007348674815148115
0.006154526025056839
0.009774167090654373
0.013459050096571445
0.010716762393712997
0.010154684074223042
0.010687573812901974
0.01138924527913332
0.011861995793879032
0.012477753683924675
0.007739026565104723
0.00983987096697092
0.014323703944683075
0.015477149747312069
0.010377909056842327
0.009043688885867596
0.013655516318976879
0.009518016129732132
0.011142737232148647
0.012661958113312721
0.008927350863814354
0.012366813607513905
0.007617519702762365
0.012710231356322765
0.008195922710001469
0.0159175843000412
0.013382514007389545
0.011457468383014202
0.011552348732948303
0.006884438917040825
0.011639419943094254
0.012375043705105782
0.018738746643066406
0.006528757978230715
0.014102369546890259
0.013990459032356739
0.014870931394398212
0.016201617196202278
0.017640311270952225
0.012600887566804886
0.014619403518736362
0.012079760432243347
0.01275325845927
0.018453454598784447
0.011358500458300114
0.009738053195178509
0.014296436682343483
0.007740777917206287
0.012371772900223732
0.015021881088614464
0.010880851186811924
0.020066037774086
0.010926950722932816
0.013804767280817032
0.010386074893176556
0.011805890128016472
0.008367077447474003
0.028778811916708946
0.01602860912680626
0.0139314541593194
0.011528084985911846
0.015364136546850204
0.0124500822275877
0.01154748909175396
0.009926880709826946
0.014404116198420525
0.018584664911031723
0.02071063220500946
0.011028578504920006
0.010665951296687126
0.01661362126469612
0.012421786785125732
0.012252331711351871
0.013371548615396023
0.013334257528185844
0.01945197582244873
0.016257820650935173
0.010868210345506668
0.01763979345560074
0.017170391976833344
0.013100771233439445
0.019473301246762276
0.013823278248310089
0.011820659972727299
0.011349520646035671
0.01334224734455347
0.014787700027227402
0.02440657652914524
0.014684490859508514
0.02063165418803692
0.01059675868600607
0.014929093420505524
0.011796481907367706
0.013198114931583405
0.016782676801085472
0.021457236260175705
0.0127971600741148
0.016218528151512146
0.011756653897464275
0.018165916204452515
0.020408034324645996
0.0256374292075634
0.01958352141082287
0.010744379833340645
0.01857418566942215
0.015774592757225037
0.01658446341753006
0.010939735919237137
0.019628893584012985
0.01417844370007515
0.010770197957754135
0.029763072729110718
0.023747429251670837
0.012192548252642155
0.012079971842467785
0.010383756831288338
0.012983477674424648
0.013062967918813229
0.01314475852996111
0.012310373596847057
0.011686611920595169
0.01848171278834343
0.014818236231803894
0.008209857158362865
0.012880668044090271
0.018577463924884796
0.015224401839077473
0.009932657703757286
0.014051969163119793
0.012788385152816772
0.016083965077996254
0.01403699442744255
0.012405846267938614
0.013895215466618538
0.016919000074267387
0.012549910694360733
0.013966625556349754
0.008423970080912113
0.012529601342976093
0.01526712067425251
0.017318516969680786
0.014865713194012642
0.011555406264960766
0.008734737522900105
0.013358952477574348
0.018338171765208244
0.007353194989264011
0.013119170442223549
0.011209910735487938
0.00928356871008873
0.014511240646243095
0.010899958200752735
0.011171131394803524
0.008380576968193054
0.009856200776994228
0.015291632153093815
0.014910547062754631
0.009218697436153889
0.01702696457505226
0.01871161162853241
0.009825153276324272
0.007763529196381569
0.011484486982226372
0.01350704301148653
0.013900496996939182
0.008141057565808296
0.009126576595008373
0.012023373506963253
0.010432341136038303
0.017726974561810493
0.00971087347716093
0.010592748410999775
0.017648544162511826
0.01196384709328413
0.01234283484518528
0.00941687822341919
0.010336209088563919
0.013020356185734272
0.009191535413265228
0.007992992177605629
0.008943052962422371
0.011786379851400852
0.009808249771595001
0.011972286738455296
0.009067196398973465
0.010019715875387192
0.010748378932476044
0.015676626935601234
0.006371698807924986
0.012539265677332878
0.008651231415569782
0.0076017193496227264
0.006131630390882492
0.010618035681545734
0.008117297664284706
0.014270376414060593
0.009383894503116608
0.007055531721562147
0.009885050356388092
0.006288866512477398
0.00930853933095932
0.007595183327794075
0.009476345963776112
0.014867267571389675
0.01133847888559103
0.0173550583422184
0.008037502877414227
0.0067984843626618385
0.008006305433809757
0.007730337791144848
0.008931637741625309
0.007766335271298885
0.005920077208429575
0.0065103997476398945
0.002691855886951089
0.010564358904957771
0.006906322669237852
0.010823169723153114
0.0056538330391049385
0.006850971840322018
0.0073383525013923645
0.02735293097794056
0.005041365046054125
0.0066614290699362755
0.004702155478298664
0.011179732158780098
0.008420023135840893
0.005638566799461842
0.006796597968786955
0.015158943831920624
0.0063198464922606945
0.00767070148140192
0.010797429829835892
0.004823611583560705
0.010391835123300552
0.007778148632496595
0.004901610314846039
0.009806782007217407
0.00919259898364544
0.008452659472823143
0.0065557449124753475
0.005490804091095924
0.006062752567231655
0.0048371572047472
0.008047027513384819
0.007322718854993582
0.01406780257821083
0.005954773165285587
0.006211601197719574
0.009406224824488163
0.007868641056120396
0.009612707421183586
0.013255740515887737
0.008158470503985882
0.007664177566766739
0.0044587585143744946
0.005257919896394014
0.025157669559121132
0.00541681656613946
0.005170522723346949
0.006755984388291836
0.0026378226466476917
0.006402367725968361
0.008576851338148117
0.005497588310390711
0.0057011754252016544
0.006750750821083784
0.006271045655012131
0.005845255218446255
0.00281872833147645
0.007358381990343332
0.006747537758201361
0.00892403069883585
0.005976664833724499
0.004793249070644379
0.00775395380333066
0.0045941052958369255
0.004664665553718805
0.007147785276174545
0.005340231116861105
0.004898454993963242
0.009067481383681297
0.002441510558128357
0.006208042614161968
0.00657400768250227
0.003710297169163823
0.007040753029286861
0.0053217243403196335
0.005343704484403133
0.004515236243605614
0.003885736223310232
0.0061537520959973335
0.005831449292600155
0.007504270877689123
0.0060701556503772736
0.005694488063454628
0.008963841944932938
0.006821418181061745
0.0037805968895554543
0.003222254803404212
0.009218400344252586
0.0072999382391572
0.002933251904323697
0.003417433239519596
0.0035353642888367176
0.00538997258991003
0.006598047912120819
0.006554038263857365
0.006565052084624767
0.008068125694990158
0.006524990312755108
0.005418803077191114
0.0052263494580984116
0.005729518830776215
0.004719388205558062
0.007676085457205772
0.004338568542152643
0.004994643852114677
0.005017629358917475
0.004502406343817711
0.007817104458808899
0.004655379801988602
0.004010416567325592
0.0038495492190122604
0.0070076980628073215
0.008174275048077106
0.008635235950350761
0.0031088399700820446
0.004256422631442547
0.007971441373229027
0.009849349968135357
0.004221824929118156
0.004005045164376497
0.005812394432723522
0.006865633185952902
0.004177656956017017
0.0029243160970509052
0.00218342081643641
0.007916506379842758
0.002926348941400647
0.004037801641970873
0.0017961729317903519
0.0043865712359547615
0.003442345652729273
0.006691392511129379
0.004535685759037733
0.03466571867465973
0.007032005116343498
0.004349529277533293
0.0032416018657386303
0.004060796927660704
0.010522694326937199
0.005914454348385334
0.00416905153542757
0.006152455694973469
0.004487467464059591
0.0019293604418635368
0.00633526686578989
0.013292592018842697
0.007081958465278149
0.0032215500250458717
0.0031000105664134026
0.0064391945488750935
0.005621894728392363
0.004466860555112362
0.006012393161654472
0.00549005763605237
0.005938053131103516
0.006777546368539333
0.003977672196924686
0.007110401056706905
0.004745555110275745
0.002799148904159665
0.003613910637795925
0.009089031256735325
0.0018941687885671854
0.006674421019852161
0.004416216164827347
0.005173508543521166
0.004449957516044378
0.003904992248862982
0.003551311558112502
0.00866300705820322
0.003902722615748644
0.012696035206317902
0.006808745674788952
0.0018072850070893764
0.005327421240508556
0.0034324810840189457
0.0023181606084108353
0.0037744580768048763
0.005524402484297752
0.009832938201725483
0.008908171206712723
0.005949231795966625
0.003528632689267397
0.00506171677261591
0.003659193404018879
0.004223071038722992
0.00433571171015501
0.0059361206367611885
0.00477387523278594
0.0018541330937296152
0.0071494802832603455
0.003673598635941744
0.003379074390977621
0.00732676824554801
0.00476052425801754
0.00357927568256855
0.008301929570734501
0.005578927230089903
0.002548021962866187
0.006437855307012796
0.0037422594614326954
0.0045756008476018906
0.010341391898691654
0.006232944317162037
0.0045928615145385265
0.0030308179557323456
0.006263141054660082
0.008390838280320168
0.007548158522695303
0.003130451776087284
0.003116429317742586
0.006868287455290556
0.0041034328751266
0.0034737596288323402
0.005961771588772535
0.0035336401779204607
0.005806752480566502
0.004796986468136311
0.002898111939430237
0.003842567093670368
0.005065287929028273
0.006430920213460922
0.006462934426963329
0.010759025812149048
0.002205213764682412
0.0036282027140259743
0.005669193807989359
0.003713622223585844
0.002141352044418454
0.0036470554769039154
0.004604711197316647
0.003324210410937667
0.0020698090083897114
0.004654424265027046
0.00293758325278759
0.010705101303756237
0.002243366092443466
0.009880558587610722
0.005081904120743275
0.0029691816307604313
0.002713459078222513
0.010827697813510895
0.00524551747366786
0.003433816134929657
0.0033553922548890114
0.0041958331130445
0.006191842723637819
0.0027712599840015173
0.0053245797753334045
0.005083555821329355
0.004747803322970867
0.004842082038521767
0.0039357952773571014
0.0035700229927897453
0.00477069616317749
0.005643874406814575
0.004110508132725954
0.04168714955449104
0.005137693602591753
0.004433666821569204
0.0042893001809716225
0.003914277069270611
0.0043043103069067
0.0034701377153396606
0.006039646919816732
0.0048112510703504086
0.007266802713274956
0.008642655797302723
0.005722744390368462
0.0036408808082342148
0.0030655008740723133
0.0020419517531991005
0.006185918115079403
0.003016231581568718
0.0022045844234526157
0.0026314151473343372
0.005910962820053101
0.005908112972974777
0.004809187725186348
0.0017101180274039507
0.003978997003287077
0.0035415501333773136
0.004227952565997839
0.006341629195958376
0.002760396571829915
0.0027119219303131104
0.004530097357928753
0.003380008740350604
0.002323645167052746
0.007029939442873001
0.0032156622037291527
0.007125087082386017
0.004162466619163752
0.002473416505381465
0.0024921149015426636
0.005693001672625542
0.005678308196365833
0.004997992888092995
0.006369532085955143
0.0049207923002541065
0.005426973104476929
0.0047937980853021145
0.005281427409499884
0.005206271540373564
0.00341038522310555
0.00391237111762166
0.006429792381823063
0.00653231143951416
0.005120120011270046
0.002177861286327243
0.0041659558191895485
0.003288518637418747
0.0025780722498893738
0.0030867112800478935
0.006994538940489292
0.002813564380630851
0.010367956943809986
0.0017047865549102426
0.003973876591771841
0.0023475349880754948
0.042793214321136475
0.004592414479702711
0.006379724945873022
0.005075462162494659
0.008299470879137516
0.0048261345364153385
0.004479863680899143
0.007081147283315659
0.0040537165477871895
0.00203538266941905
0.0021710069850087166
0.006338016130030155
0.0040152911096811295
0.005475407931953669
0.005310853011906147
0.006249130703508854
0.005035762675106525
0.006308236159384251
0.006457719951868057
0.0022766704205423594
0.003580711781978607
0.006776969879865646
0.004436678718775511
0.004145095124840736
0.0053540850058197975
0.0039804428815841675
0.0034056100994348526
0.0028195767663419247
0.011035372503101826
0.005674634128808975
0.0035988003946840763
0.005474036559462547
0.005374244414269924
0.003937640227377415
0.005447849631309509
0.010025547817349434
0.009204335510730743
0.003436075523495674
0.005196724086999893
0.0037091628182679415
0.002263209782540798
0.0019831208046525717
0.0028785737231373787
0.0034893457777798176
0.005610996391624212
0.00461465772241354
0.004174492787569761
0.002602328546345234
0.004393813665956259
0.00621070247143507
0.003209192305803299
0.0062407273799180984
0.008102641440927982
0.004387532360851765
0.004248280078172684
0.00405238987877965
0.0033701155334711075
0.006660157814621925
0.04762445390224457
0.005362922791391611
0.00430708471685648
0.003017494920641184
0.0020322580821812153
0.003963923547416925
0.001894770422950387
0.007386261597275734
0.0010499361669644713
0.002016424899920821
0.003678032197058201
0.0026374650187790394
0.002760666888207197
0.003157784463837743
0.0032251854427158833
0.003691656980663538
0.00509452261030674
0.0065261609852313995
0.0017568920738995075
0.004244198091328144
0.0029658526182174683
0.010514423251152039
0.006570303812623024
0.0028342693112790585
0.006015025079250336
0.003218988887965679
0.002609644317999482
0.0024236799217760563
0.00717855803668499
0.005775318946689367
0.0034889811649918556
0.0031780702993273735
0.003535815980285406
0.007255577016621828
0.006074189208447933
0.004841816145926714
0.003851683344691992
0.004265488125383854
0.003212517127394676
0.007875495590269566
0.0030649276450276375
0.005234034266322851
0.0019368432695046067
0.0047667017206549644
0.003970975987613201
0.005473940167576075
0.01285665761679411
0.00583009235560894
0.006187506020069122
0.002959968987852335
0.005429791286587715
0.002486321609467268
0.005492727272212505
0.004088175017386675
0.004319367464631796
0.004533874802291393
0.00951299723237753
0.003362479619681835
0.002197038847953081
0.0021346185822039843
0.006996228825300932
0.010655826888978481
0.002467110753059387
0.004423385951668024
0.0035240440629422665
0.002828420139849186
0.005223377142101526
0.013074996881186962
0.0081483144313097
0.004212639294564724
0.004531224723905325
0.003969000652432442
0.00392003171145916
0.004390144720673561
0.003050500527024269
0.004223716910928488
0.005768760107457638
0.005183028988540173
0.00417758384719491
0.001926340744830668
0.0031294170767068863
0.005798244383186102
0.0028223455883562565
0.0032494680490344763
0.005304181482642889
0.007961587980389595
0.007311459630727768
0.004485823214054108
0.004233155399560928
0.003159970510751009
0.03993431106209755
0.003903983160853386
0.0030327043496072292
0.0026863939128816128
0.00594352837651968
0.005385186988860369
0.0026287478394806385
0.010368380695581436
0.00342046981677413
0.002772741951048374
0.005340734031051397
0.008683377876877785
0.006396080832928419
0.0044022416695952415
0.0040493858978152275
0.005658769980072975
0.0025169169530272484
0.004227563738822937
0.004494881257414818
0.002819914137944579
0.0031616538763046265
0.0031701980624347925
0.0038812286220490932
0.03785240277647972
0.002644483232870698
0.0033728042617440224
0.003115908708423376
0.0036843284033238888
0.005036500748246908
0.0021848343312740326
0.004824831150472164
0.0019711924251168966
0.002159216906875372
0.002356883604079485
