0.005352376960217953
0.005324504338204861
0.005336150527000427
0.005458294413983822
0.005331235472112894
0.0053368788212537766
0.00531357666477561
0.005334252025932074
0.005335531197488308
0.005266429856419563
0.005269997287541628
0.005294951144605875
0.005345628131181002
0.005300501361489296
0.005355192348361015
0.005259166471660137
0.00529985036700964
0.005337793380022049
0.005310751497745514
0.005294459871947765
0.005298473872244358
0.005294492933899164
0.005330214276909828
0.005379366688430309
0.005295489449054003
0.005233393982052803
0.0052346824668347836
0.00534434150904417
0.005336607340723276
0.005280384328216314
0.005333095323294401
0.005306176841259003
0.005294076632708311
0.005321108736097813
0.005300787277519703
0.005377250257879496
0.005203903187066317
0.005371939390897751
0.0053051491267979145
0.005295935552567244
0.005292542744427919
0.005318590439856052
0.005231640301644802
0.0054002003744244576
0.0052667828276753426
0.005253300536423922
0.005322253797203302
0.005286338739097118
0.005256965756416321
0.005234138108789921
0.005231881979852915
0.005224320106208324
0.0052529554814100266
0.005215029697865248
0.005181208718568087
0.005166445858776569
0.005167427472770214
0.00515136169269681
0.005121323745697737
0.005263012368232012
0.005148797761648893
0.005202656611800194
0.005192634649574757
0.005159863270819187
0.005210027098655701
0.005291372071951628
0.0052421484142541885
0.005250282119959593
0.005296031013131142
0.005485557019710541
0.0052911145612597466
0.005602701101452112
0.005391118582338095
0.00530153326690197
0.005489618517458439
0.005347129423171282
0.005499616730958223
0.00540207140147686
0.005300147924572229
0.0055084144696593285
0.00547668756917119
0.005470032803714275
0.0055097006261348724
0.005395420361310244
0.005369589664041996
0.005538039840757847
0.005311349872499704
0.005341961048543453
0.005330600310117006
0.005310875363647938
0.005311355460435152
0.005422754678875208
0.0053230770863592625
0.00527939572930336
0.005521236453205347
0.0053616114892065525
0.005305419210344553
0.005274641793221235
0.005305626895278692
0.005581552162766457
0.005548072047531605
0.005607180297374725
0.005856728181242943
0.00579836405813694
0.005704724229872227
0.006155410781502724
0.0058126323856413364
0.00596529059112072
0.0064579788595438
0.006380682345479727
0.005799079313874245
0.006065033376216888
0.006288458593189716
0.0060339877381920815
0.006232128478586674
0.005974579602479935
0.006071064155548811
0.005682848393917084
0.00612639170140028
0.00629687774926424
0.005952703766524792
0.005435901693999767
0.0058341072872281075
0.005870649591088295
0.005587265361100435
0.005806365981698036
0.005863984115421772
0.005721969995647669
0.006052731070667505
0.0056845275685191154
0.005862624850124121
0.00600176677107811
0.005687289871275425
0.005917900241911411
0.006016467232257128
0.005934566725045443
0.005924094468355179
0.005985708441585302
0.006393303629010916
0.006357002072036266
0.0068056415766477585
0.00615944666787982
0.006056482437998056
0.006065291818231344
0.007505613844841719
0.007453232072293758
0.006878954358398914
0.007106260396540165
0.006861673202365637
0.006493896245956421
0.00743359699845314
0.006200780626386404
0.007904238067567348
0.006331178359687328
0.006574845872819424
0.006810381077229977
0.006094883196055889
0.007775487378239632
0.007815592922270298
0.006135475356131792
0.00688824150711298
0.006227171514183283
0.005980916321277618
0.006507468409836292
0.006556689739227295
0.005803551059216261
0.006412161514163017
0.006282101850956678
0.005721248686313629
0.006504393648356199
0.005803095176815987
0.005599162075668573
0.0061181350611150265
0.006154577247798443
0.006163535639643669
0.005677372217178345
0.006373990792781115
0.005832999479025602
0.006243950221687555
0.006170177832245827
0.005973389837890863
0.0066330875270068645
0.006492519751191139
0.006374032236635685
0.006356609985232353
0.006272008642554283
0.005899650044739246
0.006058833096176386
0.006428971886634827
0.006189522799104452
0.005846493411809206
0.006763579323887825
0.0064768302254378796
0.007466405630111694
0.00724512804299593
0.007328418083488941
0.006384340114891529
0.00701336283236742
0.006590960081666708
0.006544341333210468
0.007302878424525261
0.00633550388738513
0.0072178952395915985
0.0072366041131317616
0.0068055507726967335
0.00806696992367506
0.006360508967190981
0.007619824260473251
0.007015462964773178
0.007455066312104464
0.0066098496317863464
0.006392944138497114
0.006188081111758947
0.00847204402089119
0.0064211031422019005
0.006984051316976547
0.006888421252369881
0.006881742738187313
0.006475610658526421
0.006374989170581102
0.006155266892164946
0.006032207980751991
0.006029724143445492
0.006345947273075581
0.006666241679340601
0.0060672275722026825
0.0060722907073795795
0.0065542105585336685
0.006389839109033346
0.0066025760024785995
0.005879637785255909
0.005619816482067108
0.006079075857996941
0.006215569097548723
0.005732098128646612
0.005623987875878811
0.0058862147852778435
0.005806264467537403
0.005415480583906174
0.006345019675791264
0.005491919349879026
0.005898670759052038
0.005926046520471573
0.005613279994577169
0.006713534239679575
0.005845065228641033
0.005748235620558262
0.0058873663656413555
0.006293189711868763
0.00556266400963068
0.005694848019629717
0.005595075897872448
0.005583941005170345
0.005804459098726511
0.00548899220302701
0.0054816994816064835
0.0061509739607572556
0.00567596172913909
0.005515930242836475
0.005661761853843927
0.006040941923856735
0.005812311545014381
0.005619751289486885
0.006104299798607826
0.00584259582683444
0.005540552083402872
0.006369156762957573
0.005579979624599218
0.005968510173261166
0.006338795181363821
0.005584160331636667
0.005994801409542561
0.006009938195347786
0.005447986535727978
0.005741885397583246
0.005489511415362358
0.005923759192228317
0.005704978480935097
0.005672432482242584
0.00578015111386776
0.005816433113068342
0.005880183074623346
0.005946101155132055
0.005572060588747263
0.005466516129672527
0.00586858531460166
0.005804637912660837
0.00571793969720602
0.0058599053882062435
0.005799999926239252
0.0057134730741381645
0.005706422962248325
0.006007440388202667
0.005667918361723423
0.005949366372078657
0.005992765538394451
0.005631743464618921
0.0054339515045285225
0.006183112505823374
0.006652671378105879
0.005741402972489595
0.005857045296579599
0.005548609886318445
0.00634295167401433
0.005854619201272726
0.005379875190556049
0.006025825627148151
0.005756299942731857
0.005814294796437025
0.005952822044491768
0.005997595377266407
0.005876003764569759
0.006155698094516993
0.006166195496916771
0.0053948406130075455
0.005658184178173542
0.006201492622494698
0.005530891939997673
0.005849852692335844
0.005541973747313023
0.005925033241510391
0.0059496210888028145
0.005692088045179844
0.005826708860695362
0.005732790566980839
0.006147695239633322
0.005556849297136068
0.00562577648088336
0.006161813624203205
0.005764687899500132
0.0056852735579013824
0.0059737712144851685
0.0056908875703811646
0.005727882497012615
0.0058554657734930515
0.0056068142876029015
0.005823636427521706
0.005651755724102259
0.005802705883979797
0.0057476782239973545
0.005785432178527117
0.005718537140637636
0.0059255678206682205
0.0058906190097332
0.005763330962508917
0.005748869385570288
0.00559726869687438
0.0054594650864601135
0.0056043691001832485
0.005721116438508034
0.005288396961987019
0.005648800637573004
0.005371257197111845
0.005454466678202152
0.005687142722308636
0.005241957493126392
0.005680187605321407
0.005352746229618788
0.0057829394936561584
0.005441109649837017
0.0055953385308384895
0.0053163254633545876
0.005623382516205311
0.005487016402184963
0.0054932404309511185
0.005492674186825752
0.005555125884711742
0.005722056142985821
0.005336984526365995
0.005486166104674339
0.006127210333943367
0.00535808177664876
0.0055212401784956455
0.005126774311065674
0.005491187330335379
0.005487809423357248
0.0056369490921497345
0.005432615987956524
0.005868065636605024
0.005481070373207331
0.005414127837866545
0.0052048806101083755
0.0054582636803388596
0.0053258128464221954
0.005193915218114853
0.0054726749658584595
0.0052315108478069305
0.005516951438039541
0.005252545699477196
0.005313393659889698
0.00524369440972805
0.005309651605784893
0.0053940424695611
0.005342372227460146
0.005370130762457848
0.005281307268887758
0.005574726965278387
0.005431103054434061
0.005455304402858019
0.005593192297965288
0.005321290343999863
0.005148772150278091
0.005424982402473688
0.005261323414742947
0.005317071918398142
0.005358084104955196
0.005243086256086826
0.005231518764048815
0.005289718974381685
0.005240229889750481
0.005186759866774082
0.0052791861817240715
0.005151607096195221
0.0053088548593223095
0.005186192691326141
0.005207065027207136
0.005181510001420975
0.005351410247385502
0.005223652347922325
0.005231008864939213
0.005166738294064999
0.005226610694080591
0.005092068109661341
0.005173986312001944
0.005266700871288776
0.005268048960715532
0.005211204290390015
0.005151529796421528
0.005276945419609547
0.005271194037050009
0.005299428012222052
0.0051391697488725185
0.005277419462800026
0.005198801402002573
0.00521674333140254
0.005183582194149494
0.005249081179499626
0.005236865021288395
0.005240870639681816
0.005181053187698126
0.005152080673724413
0.00531639764085412
0.005246021319180727
0.005347943864762783
0.005349962972104549
0.005234267096966505
0.005228994879871607
0.005191894248127937
0.0054216450080275536
0.005209253169596195
0.005105688702315092
0.005321088247001171
0.005259081721305847
0.005299125332385302
0.00527051230892539
0.005185568239539862
0.00533099751919508
0.0054159341380000114
0.0052477107383310795
0.005204204469919205
0.005228523164987564
0.005193513818085194
0.005255934316664934
0.005293883848935366
0.005310254171490669
0.005353502929210663
0.0052727689035236835
0.005431715399026871
0.005171603988856077
0.005151278339326382
0.005224148277193308
0.005408922675997019
0.005205557215958834
0.005323137156665325
0.005278655793517828
0.005155396182090044
0.005319992080330849
0.005267362575978041
0.0053839716129004955
0.005456855054944754
0.005173585843294859
0.005205187015235424
0.005318263079971075
0.00529952347278595
0.00522049143910408
0.005439615808427334
0.005191929172724485
0.005255707073956728
0.0052732015028595924
0.00531790079548955
0.005233297124505043
0.005260741338133812
0.005124970339238644
0.005355872679501772
0.005352336913347244
0.005173149053007364
0.005200519692152739
0.005223252810537815
0.005130110774189234
0.005341569427400827
0.005378947593271732
0.0052363136783242226
0.005387208424508572
0.005232080351561308
0.0053551881574094296
0.005224712658673525
0.005332550033926964
0.0054887584410607815
0.005234207026660442
0.005268726497888565
0.0051607657223939896
0.0051309033297002316
0.005393651779741049
0.005161193665117025
0.005286675412207842
0.005218248814344406
0.005181011278182268
0.0051969257183372974
0.005151556804776192
0.005256442353129387
0.005248923785984516
0.005216425750404596
0.005314130336046219
0.005286715924739838
0.0053777266293764114
0.005065127741545439
0.005233220290392637
0.005251012276858091
0.005237436853349209
0.005171952769160271
0.005210854113101959
0.005236677825450897
0.005164869129657745
0.005324303172528744
0.00516615342348814
0.005188902374356985
0.005296266172081232
0.005247667897492647
0.005299527198076248
0.0052002063021063805
0.005250201094895601
0.005325899459421635
0.005320015829056501
0.0052453866228461266
0.005411079619079828
0.005309244152158499
0.0052236150950193405
0.005180245731025934
0.005216566845774651
0.005326299928128719
0.005305763799697161
0.005286280531436205
0.005250216461718082
0.005269375629723072
0.005135401617735624
0.0051802839152514935
0.005239392630755901
0.005149634089320898
0.005131424404680729
0.005181864835321903
0.0051799314096570015
0.005182695109397173
0.005160794593393803
0.005118022672832012
0.005179795436561108
0.005116975866258144
0.005165901500731707
0.0052055236883461475
0.0050924960523843765
0.0051566194742918015
0.0051913014613091946
0.005201514344662428
0.005106024909764528
0.005257039796561003
0.00515982648357749
0.005127996671944857
0.005120099056512117
0.005142513662576675
0.00523380795493722
0.005139220505952835
0.00511846411973238
0.0051531195640563965
0.005069639068096876
0.005108127370476723
0.005103548988699913
0.005116308107972145
0.0051463996060192585
0.005112426821142435
0.005091812461614609
0.005100063513964415
0.005116618704050779
0.005099746398627758
0.005130184814333916
0.005113053135573864
0.005092949140816927
0.005136305466294289
0.0051643201150000095
0.005095906555652618
0.005100762005895376
0.005163013469427824
0.0051210252568125725
0.005128071643412113
0.005113441962748766
0.005078598391264677
0.005103801842778921
0.005113585386425257
0.005084475036710501
0.005163948982954025
0.005122415255755186
0.005106255412101746
0.005070866551250219
0.005047377198934555
0.005109051242470741
0.0050942800007760525
0.005079274997115135
0.005112550687044859
0.005059105344116688
0.005135083105415106
0.0050721983425319195
0.005131982266902924
0.005051812157034874
0.005071477964520454
0.005056397058069706
0.005064032040536404
0.005079855676740408
0.005142766050994396
0.005138007923960686
0.005057725124061108
0.005115066654980183
0.005054818466305733
0.0050679841078817844
0.005115510430186987
0.005076664034277201
0.005124238785356283
0.00507161021232605
0.0051163495518267155
0.005059462506324053
0.005075913853943348
0.005161301698535681
0.005114072933793068
0.005041788332164288
0.005080409813672304
0.005111698526889086
0.005065334960818291
0.005091536790132523
0.00510590523481369
0.005098456516861916
0.005091480910778046
0.005098068621009588
0.005083214957267046
0.005071951076388359
0.005061124451458454
0.005060404539108276
0.005068706814199686
0.00506820622831583
0.005052024032920599
0.0050654420629143715
0.005083651281893253
0.005040142685174942
0.005096485838294029
0.005037256050854921
0.005069703795015812
0.005083130672574043
0.005056807771325111
0.005072182044386864
0.005061610136181116
0.005115091800689697
0.005024521145969629
0.005126588512212038
0.005068207625299692
0.005103397648781538
0.005071983207017183
0.005096093751490116
0.005077125038951635
0.0050638411194086075
0.005144553259015083
0.005047553218901157
0.005078982096165419
0.005045545287430286
0.005092177540063858
0.005088686011731625
0.005043643061071634
0.005067210178822279
0.005073252134025097
0.005073341075330973
0.005088777747005224
0.005038132891058922
0.005088777281343937
0.00510867964476347
0.005076239351183176
0.005078728310763836
0.0050492063164711
0.0050579337403178215
0.005096669774502516
0.005061999429017305
0.005097212735563517
0.005069402977824211
0.0050674919039011
0.005053492728620768
0.005090044811367989
0.005126447882503271
0.005140507593750954
0.005052291322499514
0.005096868611872196
0.005117648281157017
0.005062543787062168
0.005092243198305368
0.005055676214396954
0.0050921812653541565
0.0050279079005122185
0.005111612379550934
0.005065479781478643
0.005073473323136568
0.005060627590864897
0.0050521669909358025
0.005074367858469486
0.005096874199807644
0.005033099092543125
0.005150732584297657
0.005059344694018364
0.005072067026048899
0.005086234305053949
0.0050827027298510075
0.0050405520014464855
0.005071725230664015
0.005070945713669062
0.00503183389082551
0.005134784150868654
0.005120968911796808
0.00508625153452158
0.005076254718005657
0.005066296551376581
0.00504534225910902
0.005046169273555279
0.00508504593744874
0.005077446345239878
0.0050787413492798805
0.00508858822286129
0.005067586898803711
0.005048284772783518
0.00504828616976738
0.005035089328885078
0.005122531671077013
0.005055439192801714
0.0051521360874176025
0.005074649583548307
0.005063650198280811
0.005082475487142801
0.005091964267194271
0.005083524156361818
0.005070311017334461
0.005060844589024782
0.005041666328907013
0.005046912468969822
0.005080746486783028
0.005127816926687956
0.005045258905738592
0.005106928292661905
0.0050802030600607395
0.005053651053458452
0.005042181350290775
0.005087873432785273
0.005078516434878111
0.005077773705124855
0.005035232752561569
0.005054809153079987
0.005073681473731995
0.00505846505984664
0.005058141890913248
0.005078383721411228
0.005037792958319187
0.005059835966676474
0.005052021238952875
0.0050367750227451324
0.005078364163637161
0.005052531603723764
0.005070002283900976
0.005044305697083473
0.005046472419053316
0.005053963046520948
0.005052072461694479
0.005058827344328165
0.005050495266914368
0.005049210973083973
0.005047280807048082
0.005042480770498514
0.005033521447330713
0.005039785522967577
0.005046691745519638
0.005058690439909697
0.005057988688349724
0.005067167337983847
0.005055168643593788
0.005056785419583321
0.005056596361100674
0.005065260920673609
0.005037001799792051
0.005040141753852367
0.005059614311903715
0.005056275986135006
0.005049575585871935
0.0050439476035535336
0.005053425673395395
0.005046315956860781
0.005056341644376516
0.0050696139223873615
0.005039654206484556
0.005046364385634661
0.005049498751759529
0.005058827344328165
0.005021024961024523
0.005040050949901342
0.005035546142607927
0.005058169364929199
0.005031099077314138
0.00504631781950593
0.005037756636738777
0.005020885728299618
0.005058973096311092
0.005086794029921293
0.005042500793933868
0.005047918297350407
0.005038957577198744
0.005052775144577026
0.005066358018666506
0.005043545737862587
0.005037762690335512
0.005034026689827442
0.005028731655329466
0.0050279307179152966
0.005039498209953308
0.0050607831217348576
0.00502777099609375
0.0050413040444254875
0.005037347786128521
0.005030366126447916
0.005053157918155193
0.005021722987294197
0.005036852788180113
0.005025985650718212
0.005041562020778656
0.005033995024859905
0.00502590648829937
0.0050277793779969215
0.005030312575399876
0.005030567292124033
0.0050357673317193985
0.005024475511163473
0.005057423375546932
0.005027756094932556
0.0050162202678620815
0.0050332313403487206
0.00503003504127264
0.005024931859225035
0.0050177485682070255
0.005033759865909815
0.005022524856030941
0.005035236943513155
0.005046717822551727
0.005026618484407663
0.005017702467739582
0.005024273414164782
0.005035426467657089
0.005029983352869749
0.005025056190788746
0.005023825913667679
0.005024700425565243
0.005015378352254629
0.005026473198086023
0.005021980497986078
0.0050225588493049145
0.005017765797674656
0.005014040507376194
0.005032829940319061
0.005027115810662508
0.005022154655307531
0.005036960821598768
0.0050187790766358376
0.005026116035878658
0.005021694116294384
0.005030539818108082
0.0050452579744160175
0.005015247967094183
0.00501991668716073
0.005017577670514584
0.005029925610870123
0.005019502714276314
0.00502663804218173
0.005033035762608051
0.005027020815759897
0.005035871639847755
0.005021384451538324
0.005022394470870495
0.005028066225349903
0.00502017792314291
0.0050214435905218124
0.005016977898776531
0.0050116335041821
0.005030860658735037
0.005020559299737215
0.005035825073719025
0.005023418925702572
0.005018776748329401
0.005019533913582563
0.005038890987634659
0.0050229220651090145
0.005019955337047577
0.005019482225179672
0.005033287685364485
0.0050210715271532536
0.005016302689909935
0.005034869536757469
0.005027749575674534
0.005018811672925949
0.005026694852858782
0.005025469232350588
0.00503257941454649
0.0050149885937571526
0.005016746930778027
0.0050286659970879555
0.0050155906938016415
0.005017959047108889
0.005030796397477388
0.005019898526370525
0.005031384527683258
0.005026718135923147
0.005028862506151199
0.005021234974265099
0.00501706637442112
0.0050207762978971004
0.005018581636250019
0.005012770649045706
0.00501012708991766
0.005021761171519756
0.005016741808503866
0.005014295224100351
0.005009760614484549
0.005015081260353327
0.0050168330781161785
0.005018881522119045
0.005015344358980656
0.0050175366923213005
0.005014840979129076
0.005025384481996298
0.005023675505071878
0.0050120363011956215
0.005018868017941713
0.005024778191000223
0.0050209141336381435
0.005020178388804197
0.005012677516788244
0.005011660512536764
0.005021315533667803
0.005011805798858404
0.005030193831771612
0.00501475902274251
0.005011728033423424
0.005021255929023027
0.005018902011215687
0.005010157357901335
0.005024171434342861
0.005019875708967447
0.005014822818338871
0.0050224605947732925
0.005012121982872486
0.005025048274546862
0.005038280040025711
0.005012982524931431
0.0050143711268901825
0.0050184465944767
0.005013174843043089
0.005024529993534088
0.005025031510740519
0.005023018456995487
0.005028564482927322
0.005016561131924391
0.005018465220928192
0.005011903587728739
0.005022960249334574
0.0050276159308850765
0.005024818237870932
0.005019827745854855
0.0050147948786616325
0.005017089657485485
0.0050115082412958145
0.0050162882544100285
0.0050166016444563866
0.0050120591185987
0.005016829818487167
0.005040626972913742
0.005007424857467413
0.005012896377593279
0.005012341309338808
0.0050087436102330685
0.005025151651352644
0.00501321442425251
0.005015204194933176
0.005014876369386911
0.005018533207476139
0.005008312873542309
