0.5616756677627563
0.5612712502479553
0.5614603757858276
0.5610458254814148
0.561156153678894
0.5611724853515625
0.5610043406486511
0.5610628128051758
0.5609647035598755
0.561262845993042
0.5609840154647827
0.5608205199241638
0.5601810216903687
0.5605367422103882
0.5601195096969604
0.5603529810905457
0.5592264533042908
0.55946946144104
0.5589078664779663
0.5583464503288269
0.5585571527481079
0.5586827397346497
0.558277428150177
0.5566809177398682
0.5556695461273193
0.5571926832199097
0.5565019845962524
0.5554335713386536
0.5554798245429993
0.5523390769958496
0.5492087006568909
0.5513434410095215
0.5499968528747559
0.5484540462493896
0.5455712080001831
0.5423306822776794
0.5469100475311279
0.5451526045799255
0.5454612374305725
0.5399607419967651
0.5390575528144836
0.5391345620155334
0.5341506004333496
0.5308368802070618
0.5241143703460693
0.521234393119812
0.5145032405853271
0.5084400773048401
0.49586811661720276
0.5073668360710144
0.485477477312088
0.4891263246536255
0.4692751169204712
0.4678952991962433
0.45731985569000244
0.445451021194458
0.4322953224182129
0.3955245614051819
0.39966049790382385
0.3281328082084656
0.39221206307411194
0.30999189615249634
0.25044912099838257
0.250101238489151
0.24850775301456451
0.206807941198349
0.16256844997406006
0.1765919029712677
0.12339543551206589
0.14779022336006165
0.07919640839099884
0.09148534387350082
0.11019100248813629
0.09868589043617249
0.0690128430724144
0.11437147855758667
0.1289157271385193
0.11869359761476517
0.100337915122509
0.11700707674026489
0.1728460043668747
0.19923388957977295
0.18277756869792938
0.16595594584941864
0.18798966705799103
0.19041885435581207
0.17772284150123596
0.23995959758758545
0.22165866196155548
0.2308722585439682
0.21373380720615387
0.20897339284420013
0.272323876619339
0.24066607654094696
0.24659128487110138
0.22348324954509735
0.23986613750457764
0.24766695499420166
0.2592954635620117
0.2382216602563858
0.2783086597919464
0.337325781583786
0.2502846121788025
0.28507834672927856
0.2596048414707184
0.2526681423187256
0.27765247225761414
0.2386561930179596
0.2902631461620331
0.21555781364440918
0.22882620990276337
0.27908289432525635
0.2800086736679077
0.23306286334991455
0.23373621702194214
0.23663827776908875
0.25600966811180115
0.21684768795967102
0.19954179227352142
0.1990254521369934
0.18341504037380219
0.22137171030044556
0.17237089574337006
0.20542262494564056
0.18996334075927734
0.16412532329559326
0.19770658016204834
0.19468912482261658
0.16959252953529358
0.18847475945949554
0.12604352831840515
0.21357887983322144
0.1410953551530838
0.17848904430866241
0.1389147937297821
0.1545712947845459
0.1529262661933899
0.10666878521442413
0.1110711619257927
0.13196735084056854
0.12109410762786865
0.1375790536403656
0.1321193426847458
0.11193723231554031
0.1009378656744957
0.12209788709878922
0.13773807883262634
0.12644906342029572
0.1069396436214447
0.11175099015235901
0.14094361662864685
0.13216900825500488
0.12002718448638916
0.1149098351597786
0.13864681124687195
0.12184393405914307
0.10615953803062439
0.10895507037639618
0.10569848865270615
0.14076299965381622
0.11179406940937042
0.13405928015708923
0.16610613465309143
0.13218528032302856
0.15091022849082947
0.14242395758628845
0.17765764892101288
0.2266368418931961
0.18297803401947021
0.18243321776390076
0.13912877440452576
0.16815388202667236
0.16359885036945343
0.1520894318819046
0.19219054281711578
0.1651669293642044
0.18016427755355835
0.14794868230819702
0.18989889323711395
0.21710088849067688
0.14629381895065308
0.2158011496067047
0.18762066960334778
0.2049940824508667
0.1926533728837967
0.18909205496311188
0.20192240178585052
0.1539277285337448
0.19252894818782806
0.16797854006290436
0.17271766066551208
0.20837052166461945
0.19995053112506866
0.16813257336616516
0.19600382447242737
0.17484363913536072
0.19114089012145996
0.17851896584033966
0.22063498198986053
0.2010539323091507
0.20377643406391144
0.21172431111335754
0.19326189160346985
0.20227953791618347
0.17843927443027496
0.20340898633003235
0.25234225392341614
0.1771472990512848
0.17173081636428833
0.19887638092041016
0.19554251432418823
0.19558441638946533
0.18477466702461243
0.16427764296531677
0.18724866211414337
0.17677512764930725
0.22485525906085968
0.17486608028411865
0.20703260600566864
0.16148772835731506
0.18488681316375732
0.1699036806821823
0.17458845674991608
0.20295989513397217
0.1414525955915451
0.20486938953399658
0.1880001276731491
0.1765853762626648
0.26474252343177795
0.1631438285112381
0.17865261435508728
0.171622633934021
0.15243858098983765
0.21941275894641876
0.1937776654958725
0.17736563086509705
0.1424214094877243
0.17339932918548584
0.19072411954402924
0.17066965997219086
0.1517101675271988
0.1743556261062622
0.1944398432970047
0.19510312378406525
0.19077785313129425
0.14479529857635498
0.19286978244781494
0.1275397688150406
0.1527964472770691
0.18871444463729858
0.1350480169057846
0.15790265798568726
0.18546360731124878
0.14659377932548523
0.1882687360048294
0.12999144196510315
0.20744849741458893
0.16713947057724
0.16019316017627716
0.1856367588043213
0.1637408584356308
0.12965014576911926
0.13314175605773926
0.15606383979320526
0.1737968921661377
0.17441241443157196
0.1545385718345642
0.11639092862606049
0.13633759319782257
0.10687624663114548
0.14211000502109528
0.1273076981306076
0.16304343938827515
0.11927918344736099
0.17349618673324585
0.1251050978899002
0.1415431648492813
0.08041691035032272
0.11267474293708801
0.20431457459926605
0.17565196752548218
0.15733982622623444
0.11961571127176285
0.19841113686561584
0.10351461917161942
0.15453964471817017
0.1980668306350708
0.149444118142128
0.17804886400699615
0.18390128016471863
0.14019055664539337
0.19170714914798737
0.16009099781513214
0.19624534249305725
0.15505576133728027
0.19078771770000458
0.19174917042255402
0.20289891958236694
0.11139754951000214
0.11899677664041519
0.14262643456459045
0.1892932951450348
0.1594342738389969
0.09615093469619751
0.10797558724880219
0.1370905190706253
0.10126889497041702
0.16804486513137817
0.10608720779418945
0.20363745093345642
0.11966141313314438
0.1630571037530899
0.1529616117477417
0.11988978087902069
0.13997243344783783
0.11140388995409012
0.18794181942939758
0.21321144700050354
0.11851448565721512
0.13419660925865173
0.1304289549589157
0.0831732228398323
0.2291768342256546
0.12819424271583557
0.16535544395446777
0.17922894656658173
0.18938787281513214
0.16960999369621277
0.13783177733421326
0.0891793742775917
0.15647833049297333
0.10207787156105042
0.11859795451164246
0.15479210019111633
0.14068226516246796
0.13963983952999115
0.14460620284080505
0.12921729683876038
0.1444869339466095
0.1627919226884842
0.13804355263710022
0.1712716817855835
0.17254506051540375
0.11172235012054443
0.1336723417043686
0.13857215642929077
0.10085135698318481
0.158560112118721
0.13997681438922882
0.11024194210767746
0.14892330765724182
0.16399981081485748
0.16137918829917908
0.16420169174671173
0.11128179728984833
0.13799269497394562
0.1484350860118866
0.1962296962738037
0.1021752581000328
0.13874247670173645
0.1735934168100357
0.09001577645540237
0.130034402012825
0.11802072823047638
0.2014167457818985
0.1536916047334671
0.12809833884239197
0.14379259943962097
0.11488907784223557
0.19763047993183136
0.09506111592054367
0.13234563171863556
0.17431585490703583
0.11836668103933334
0.15216214954853058
0.11000991612672806
0.1740986406803131
0.11943621933460236
0.11140947788953781
0.14512865245342255
0.1917354166507721
0.14761224389076233
0.09211679548025131
0.1257605105638504
0.16508497297763824
0.16246312856674194
0.1381153166294098
0.13295744359493256
0.12182436138391495
0.18019293248653412
0.14348432421684265
0.10911237448453903
0.09354419261217117
0.1805499792098999
0.16024257242679596
0.12820421159267426
0.1695137768983841
0.15254661440849304
0.1036178395152092
0.1507016271352768
0.11506222933530807
0.11016567051410675
0.1524028778076172
0.14178843796253204
0.12394264340400696
0.12522247433662415
0.16312748193740845
0.1268438696861267
0.10699879378080368
0.1204584389925003
0.14813697338104248
0.1516929566860199
0.12991444766521454
0.10505807399749756
0.11353563517332077
0.11397551000118256
0.11822044104337692
0.1229683980345726
0.13376237452030182
0.163338765501976
0.1528511494398117
0.14144442975521088
0.10026431083679199
0.09142720699310303
0.16761024296283722
0.14837150275707245
0.1597534865140915
0.12325754761695862
0.10997389256954193
0.14718486368656158
0.12894436717033386
0.12256179004907608
0.14356562495231628
0.12986242771148682
0.13230270147323608
0.12794995307922363
0.1177588477730751
0.1304158717393875
0.1482621729373932
0.13586640357971191
0.14340144395828247
0.1339917629957199
0.10859212279319763
0.15959957242012024
0.1879071146249771
0.10935984551906586
0.11527255922555923
0.11888595670461655
0.1306409239768982
0.14329726994037628
0.09516756981611252
0.14302471280097961
0.15813185274600983
0.12520098686218262
0.16330336034297943
0.10514610260725021
0.13956712186336517
0.1135978251695633
0.1451827883720398
0.12121804803609848
0.15183936059474945
0.11357871443033218
0.16244721412658691
0.10082324594259262
0.11178173869848251
0.14496049284934998
0.144479900598526
0.15876449644565582
0.13359080255031586
0.13385754823684692
0.1315278559923172
0.12869413197040558
0.11142023652791977
0.12380002439022064
0.13218015432357788
0.12359577417373657
0.11895305663347244
0.1261940449476242
0.13623879849910736
0.10218793898820877
0.1386319100856781
0.10390053689479828
0.11882173269987106
0.13432936370372772
0.15024645626544952
0.10902940481901169
0.11182142794132233
0.1156078577041626
0.12137425690889359
0.11108113825321198
0.13467451930046082
0.1536819487810135
0.12544596195220947
0.13406489789485931
0.1201174259185791
0.11403455585241318
0.1180054098367691
0.10409172624349594
0.11185236275196075
0.10578605532646179
0.11638594418764114
0.1020936444401741
0.15482306480407715
0.11388333886861801
0.10370342433452606
0.10850928723812103
0.17668266594409943
0.11613161861896515
0.15238189697265625
0.1362762153148651
0.10899616777896881
0.12170043587684631
0.1136835366487503
0.1117071807384491
0.1281810998916626
0.11273525655269623
0.11389168351888657
0.12343715131282806
0.09079097956418991
0.11648232489824295
0.14957083761692047
0.1071651503443718
0.11271831393241882
0.11063725501298904
0.10782401263713837
0.11246707290410995
0.11521749198436737
0.11382291465997696
0.12318550795316696
0.11649341881275177
0.11038882285356522
0.10606177151203156
0.1184733584523201
0.12432468682527542
0.15607047080993652
0.09718272089958191
0.11286715418100357
0.09742887318134308
0.10487934947013855
0.09942227602005005
0.15688996016979218
0.11284904927015305
0.14079707860946655
0.0913224145770073
0.11873412132263184
0.11560457199811935
0.10569586604833603
0.10096516460180283
0.14606477320194244
0.11223061382770538
0.10985060036182404
0.11088769137859344
0.10003337264060974
0.11675262451171875
0.1215214729309082
0.10834226757287979
0.11149092018604279
0.12241368740797043
0.0949375182390213
0.12681177258491516
0.1049160286784172
0.10514148324728012
0.11139903962612152
0.12800399959087372
0.10780743509531021
0.12857650220394135
0.0859755352139473
0.12467879056930542
0.09902126342058182
0.12588928639888763
0.11125800013542175
0.14677095413208008
0.09735791385173798
0.147303968667984
0.09418147802352905
0.1697959452867508
0.08287854492664337
0.09836956113576889
0.16237254440784454
0.11993212252855301
0.08362004160881042
0.0891658142209053
0.13476362824440002
0.1217111200094223
0.09900861233472824
0.10244637727737427
0.20074251294136047
0.10982266068458557
0.10061642527580261
0.10661909729242325
0.10083363205194473
0.09904519468545914
0.11785246431827545
0.11140162497758865
0.12756748497486115
0.1500968486070633
0.10118833929300308
0.0977233350276947
0.09500707685947418
0.11699599027633667
0.09903421998023987
0.10505015403032303
0.08488304913043976
0.09731180965900421
0.11520949006080627
0.1070760041475296
0.1063840463757515
0.10467827320098877
0.1446097195148468
0.09767620265483856
0.11062359809875488
0.1049286276102066
0.11800194531679153
0.13515359163284302
0.10836858302354813
0.09709922969341278
0.12599174678325653
0.110032819211483
0.10271081328392029
0.13096372783184052
0.09246326237916946
0.09730947762727737
0.12954725325107574
0.0910622775554657
0.1221955418586731
0.08524768054485321
0.1568032205104828
0.09280581027269363
0.13324788212776184
0.11110309511423111
0.1443101465702057
0.11216127127408981
0.10589933395385742
0.10597626864910126
0.10336504131555557
0.13304148614406586
0.11154841631650925
0.0957576259970665
0.13490407168865204
0.08921487629413605
0.09327469766139984
0.11427098512649536
0.11180325597524643
0.14038392901420593
0.12411194294691086
0.13947224617004395
0.14909210801124573
0.134608194231987
0.13750186562538147
0.14684098958969116
0.15203459560871124
0.08508424460887909
0.08643028885126114
0.12564250826835632
0.12393131107091904
0.1068500205874443
0.10831023752689362
0.12119020521640778
0.10551223158836365
0.12125616520643234
0.10737927258014679
0.11878053843975067
0.10183367878198624
0.11439695209264755
0.12295936048030853
0.09095757454633713
0.1191357895731926
0.13960890471935272
0.11568757891654968
0.13490942120552063
0.12435188889503479
0.11058793216943741
0.08313042670488358
0.09670202434062958
0.13938675820827484
0.12007775157690048
0.09228351712226868
0.11798907816410065
0.11665327101945877
0.11895079910755157
0.10962461680173874
0.13182058930397034
0.09236070513725281
0.10042187571525574
0.10511519014835358
0.13623712956905365
0.09271306544542313
0.08849246054887772
0.09718243777751923
0.1231122836470604
0.12292534857988358
0.10939247161149979
0.11458172649145126
0.13941869139671326
0.0912228599190712
0.0966399535536766
0.10597984492778778
0.09554290771484375
0.10446138679981232
0.08133159577846527
0.10288765281438828
0.14385437965393066
0.14296339452266693
0.10244186967611313
0.1113477349281311
0.09206671267747879
0.11872844398021698
0.10791837424039841
0.09396298974752426
0.11131295561790466
0.10929389297962189
0.09762340039014816
0.09520108252763748
0.0992095023393631
0.09648363292217255
0.08843781799077988
0.09938765317201614
0.09835844486951828
0.09745535254478455
0.1216132640838623
0.12483679503202438
0.13849373161792755
0.11037889122962952
0.1281266063451767
0.08736047893762589
0.11931607127189636
0.10391929745674133
0.12723423540592194
0.0770626962184906
0.11909760534763336
0.1023104190826416
0.08965196460485458
0.09853959083557129
0.11153411865234375
0.10031972825527191
0.09234437346458435
0.09789502620697021
0.11393505334854126
0.0987842008471489
0.1327345222234726
0.11259248852729797
0.10336177796125412
0.09768182039260864
0.11695845425128937
0.09257098287343979
0.09442824870347977
0.09826340526342392
0.09140446037054062
0.08130538463592529
0.09390237927436829
0.09352516382932663
0.10868800431489944
0.12152212858200073
0.10712430626153946
0.09514300525188446
0.11653786152601242
0.08793781697750092
0.09217330813407898
0.11674148589372635
0.08031807839870453
0.08956892043352127
0.10672392696142197
0.09534624963998795
0.08706287294626236
0.10570362210273743
0.0983487218618393
0.10177908092737198
0.0948963314294815
0.10118170827627182
0.07117877155542374
0.09770145267248154
0.07924418151378632
0.08382972329854965
0.08638790994882584
0.09567234665155411
0.08206122368574142
0.12270557135343552
0.11607677489519119
0.0885610431432724
0.12671607732772827
0.08297909796237946
0.10517528653144836
0.08469374477863312
0.134029358625412
0.08460839092731476
0.09595484286546707
0.07668063044548035
0.11842729896306992
0.12757720053195953
0.09309316426515579
0.08142179250717163
0.08223143965005875
0.09219076484441757
0.0998314768075943
0.09408479928970337
0.09006623178720474
0.10283339768648148
0.09821248799562454
0.11451578885316849
0.0924845039844513
0.08765961229801178
0.10212216526269913
0.11505657434463501
0.09257213026285172
0.0967663824558258
0.12063628435134888
0.10516701638698578
0.14097335934638977
0.10508812963962555
0.10655803233385086
0.0804644376039505
0.08997584879398346
0.09138485789299011
0.07734323292970657
0.1392977386713028
0.08934337645769119
0.11260917037725449
0.08974047750234604
0.13064676523208618
0.08519457280635834
0.0987054705619812
0.11354789137840271
0.12004479020833969
0.09667298197746277
0.083113893866539
0.08834430575370789
0.08787750452756882
0.10490833967924118
0.06914195418357849
0.09265826642513275
0.10905938595533371
0.09805373847484589
0.10315264016389847
0.08779030293226242
0.11133775115013123
0.0711304172873497
0.10647157579660416
0.08962219208478928
0.08153088390827179
0.13807883858680725
0.10024324804544449
0.10376744717359543
0.11285508424043655
0.1052703708410263
0.09340159595012665
0.07249218225479126
0.1106434166431427
0.09382253140211105
0.10325954854488373
0.12428435683250427
0.12286840379238129
0.08486881107091904
0.11219879239797592
0.1261599212884903
0.13236157596111298
0.10818687081336975
0.09209785610437393
0.09851569682359695
0.09733273833990097
0.08925695717334747
0.12203912436962128
0.08511099964380264
0.08149990439414978
0.11358645558357239
0.07503112405538559
0.0983850434422493
0.10509190708398819
0.11811400204896927
0.07936175912618637
0.14238718152046204
0.09769396483898163
0.09829376637935638
0.07952838391065598
0.08504416793584824
0.06600293517112732
0.10650797933340073
0.1462419331073761
0.10020899027585983
0.09786020219326019
0.0654585212469101
0.09336365759372711
0.08279594033956528
0.10466136038303375
0.12565690279006958
0.074397511780262
0.06754837930202484
0.10372896492481232
0.07494783401489258
0.07102096825838089
0.09900423884391785
0.07262635231018066
0.07755109667778015
0.08230730891227722
0.11041991412639618
0.07176022976636887
0.09089422971010208
0.05507109686732292
0.13130992650985718
0.09893788397312164
0.0728706568479538
0.09613125771284103
0.10583815723657608
0.06823576986789703
0.0934845432639122
0.13390932977199554
0.12472569197416306
0.10307732969522476
0.08352608978748322
0.0994807630777359
0.1060311421751976
0.07951773703098297
0.10420363396406174
0.09494937211275101
0.13069526851177216
0.08832196146249771
0.08593978732824326
0.06617426872253418
0.0928223505616188
0.06957549601793289
0.09135082364082336
0.09193498641252518
0.13780918717384338
0.16995450854301453
0.10079294443130493
0.13134625554084778
0.09443165361881256
0.08169271796941757
0.09111987799406052
0.09425130486488342
0.10931605845689774
0.10181169956922531
0.0711662694811821
0.12141657620668411
0.0763201117515564
0.07842334359884262
0.05974088981747627
0.1225048154592514
0.15632976591587067
0.08011110872030258
0.11992992460727692
0.0638490840792656
0.08947158604860306
0.12844322621822357
0.14995688199996948
0.15896521508693695
0.08746576309204102
0.0927993580698967
0.10136106610298157
0.10144812613725662
0.15045316517353058
0.08511463552713394
0.08549395203590393
0.0956585705280304
0.1134660392999649
0.0916503369808197
0.11836879700422287
0.07564772665500641
0.08015146106481552
0.11418497562408447
0.07167065143585205
0.1095457375049591
0.11932407319545746
0.1218988299369812
0.09682804346084595
0.09940607100725174
0.08963073790073395
0.14053814113140106
0.11842507123947144
0.06535568833351135
0.08924352377653122
0.10246647894382477
0.09022291004657745
0.09187214076519012
0.11727984994649887
0.09071531891822815
0.1095394715666771
0.12886661291122437
0.1015748530626297
0.08665796369314194
0.07342934608459473
0.08445479720830917
0.10749620944261551
0.08653823286294937
0.09592906385660172
0.13796944916248322
0.09515911340713501
0.08453309535980225
0.06700654327869415
0.06974262744188309
0.14235560595989227
0.08524081110954285
0.10835817456245422
0.0847596675157547
0.09871146827936172
0.1134168729186058
0.11225064098834991
0.08024653047323227
0.05877064913511276
0.06676170974969864
0.04841836541891098
