0.6739371418952942
0.6734557151794434
0.6736779808998108
0.6731493473052979
0.6733002662658691
0.6733129620552063
0.6730994582176208
0.6731590628623962
0.6730237007141113
0.6733976006507874
0.6730346083641052
0.6728108525276184
0.6719727516174316
0.6724198460578918
0.6718725562095642
0.6721813678741455
0.6707305312156677
0.6710081696510315
0.6702834367752075
0.6695840954780579
0.669812798500061
0.6699855327606201
0.6694403886795044
0.6673818826675415
0.666076123714447
0.6680273413658142
0.6671487092971802
0.665762186050415
0.6658351421356201
0.6617779731750488
0.6577765345573425
0.66045081615448
0.6587255597114563
0.6568477153778076
0.6530887484550476
0.6487107276916504
0.6548605561256409
0.6524349451065063
0.6529611945152283
0.6459051966667175
0.6449012160301208
0.6447072625160217
0.6384625434875488
0.6341498494148254
0.6256061792373657
0.622161328792572
0.6131331324577332
0.6051021814346313
0.5896100401878357
0.6038845777511597
0.5761818289756775
0.5801969170570374
0.5552143454551697
0.5533583164215088
0.5400808453559875
0.5250572562217712
0.5072357654571533
0.46189823746681213
0.4668278992176056
0.3754690885543823
0.4568168520927429
0.35550394654273987
0.28348225355148315
0.28461357951164246
0.28184381127357483
0.22812440991401672
0.18298698961734772
0.20038622617721558
0.1378680318593979
0.16677694022655487
0.08807055652141571
0.10242730379104614
0.12401585280895233
0.11461761593818665
0.0788673609495163
0.13276167213916779
0.15305472910404205
0.14138396084308624
0.11940699070692062
0.14144186675548553
0.2074882537126541
0.24101762473583221
0.21981556713581085
0.20065830647945404
0.22625935077667236
0.23009879887104034
0.2137695997953415
0.2869117856025696
0.2562378942966461
0.2782086431980133
0.25656983256340027
0.25053682923316956
0.3256791830062866
0.2874522805213928
0.29504111409187317
0.2666710913181305
0.2849283516407013
0.2933151423931122
0.30907994508743286
0.2834305763244629
0.3320494592189789
0.404649555683136
0.29815673828125
0.34016871452331543
0.3089394271373749
0.2997894585132599
0.3308491110801697
0.2839165925979614
0.34614503383636475
0.2563592493534088
0.27109840512275696
0.33172324299812317
0.33406269550323486
0.2783580422401428
0.2801152169704437
0.2808293104171753
0.3065948486328125
0.2594708204269409
0.2372538447380066
0.23889419436454773
0.21771718561649323
0.26669684052467346
0.2064330279827118
0.24736355245113373
0.2292262315750122
0.19597111642360687
0.236883744597435
0.23594515025615692
0.20475921034812927
0.22107431292533875
0.15032775700092316
0.25464868545532227
0.1713714897632599
0.21287958323955536
0.16756439208984375
0.18636299669742584
0.18364384770393372
0.13041076064109802
0.13587836921215057
0.1594535857439041
0.1435452252626419
0.16416263580322266
0.15799136459827423
0.1346314400434494
0.11991838365793228
0.1458340287208557
0.1641707718372345
0.14641441404819489
0.12413088232278824
0.13315841555595398
0.16755688190460205
0.15785664319992065
0.14144642651081085
0.13395452499389648
0.16477912664413452
0.14112351834774017
0.12455466389656067
0.1271105855703354
0.12392299622297287
0.16520632803440094
0.13235194981098175
0.15497027337551117
0.19752083718776703
0.15471576154232025
0.17773431539535522
0.16412076354026794
0.21030110120773315
0.26910728216171265
0.21299780905246735
0.21448487043380737
0.16175337135791779
0.19537080824375153
0.19338582456111908
0.17289119958877563
0.2245732545852661
0.19447854161262512
0.21091562509536743
0.17348133027553558
0.2214442640542984
0.2573789358139038
0.17089800536632538
0.25551748275756836
0.2186259776353836
0.23976582288742065
0.22448058426380157
0.22094926238059998
0.23809656500816345
0.1784096360206604
0.22487923502922058
0.19443093240261078
0.20196650922298431
0.24479372799396515
0.2364151030778885
0.19514843821525574
0.2316509187221527
0.20385102927684784
0.22446100413799286
0.20983129739761353
0.2624441385269165
0.23697231709957123
0.24077478051185608
0.24983997642993927
0.22685740888118744
0.2387305498123169
0.20850317180156708
0.2390643060207367
0.29710620641708374
0.20851083099842072
0.2019672691822052
0.2357722967863083
0.22870652377605438
0.23116827011108398
0.21798957884311676
0.1942511349916458
0.22035695612430573
0.2070511430501938
0.2616327106952667
0.2063712477684021
0.24641723930835724
0.19076494872570038
0.21921567618846893
0.20134992897510529
0.2076941281557083
0.23928609490394592
0.16639821231365204
0.24143360555171967
0.22437696158885956
0.20949524641036987
0.3092889189720154
0.19323427975177765
0.21291352808475494
0.20559485256671906
0.1803184449672699
0.26162752509117126
0.2308885008096695
0.21198667585849762
0.16910862922668457
0.20563271641731262
0.2283819317817688
0.20264932513237
0.18026313185691833
0.20811210572719574
0.23319168388843536
0.2330225259065628
0.22837413847446442
0.1732081025838852
0.22956159710884094
0.15171200037002563
0.1831204891204834
0.22381608188152313
0.1621338576078415
0.1886908859014511
0.22185522317886353
0.1749512404203415
0.22639642655849457
0.15593312680721283
0.24636873602867126
0.201994389295578
0.1911969631910324
0.22155579924583435
0.19618633389472961
0.1559801995754242
0.15850093960762024
0.17863760888576508
0.20870153605937958
0.2093483805656433
0.1860242784023285
0.1406954526901245
0.16402307152748108
0.12852993607521057
0.1705949753522873
0.1515205353498459
0.1956227719783783
0.14321771264076233
0.207134410738945
0.1499234437942505
0.17088979482650757
0.09699517488479614
0.13601240515708923
0.24631313979625702
0.2114061415195465
0.19081035256385803
0.14348427951335907
0.23775601387023926
0.12418019771575928
0.18515634536743164
0.23866042494773865
0.17860479652881622
0.21157647669315338
0.22092267870903015
0.16983574628829956
0.22926506400108337
0.19194039702415466
0.23739469051361084
0.18486222624778748
0.23024921119213104
0.2301805317401886
0.24307562410831451
0.1338917315006256
0.1419174075126648
0.17306633293628693
0.22733767330646515
0.1899285763502121
0.11598025262355804
0.12822531163692474
0.166237935423851
0.12071800231933594
0.20111483335494995
0.12688365578651428
0.24365197122097015
0.14220137894153595
0.19590747356414795
0.18231940269470215
0.1443365067243576
0.16862492263317108
0.1329784095287323
0.2244410216808319
0.25409725308418274
0.14299270510673523
0.16008341312408447
0.15440095961093903
0.09694886207580566
0.27369290590286255
0.1539003998041153
0.19697213172912598
0.21478332579135895
0.22832980751991272
0.20225825905799866
0.16438299417495728
0.10546799004077911
0.18832652270793915
0.12190677970647812
0.14190475642681122
0.18530882894992828
0.16643710434436798
0.16590872406959534
0.1714765876531601
0.15404349565505981
0.16877630352973938
0.19494576752185822
0.1660076379776001
0.2046622782945633
0.19374847412109375
0.13124531507492065
0.15938784182071686
0.16593948006629944
0.12004020810127258
0.1905800849199295
0.1677996665239334
0.13133157789707184
0.17610286176204681
0.1946372389793396
0.19119419157505035
0.1953669935464859
0.131205752491951
0.16263484954833984
0.17592841386795044
0.2345455139875412
0.11911780387163162
0.16508951783180237
0.20419621467590332
0.10390894114971161
0.15310531854629517
0.138655424118042
0.2399456650018692
0.18274743854999542
0.14893808960914612
0.1717153638601303
0.135319322347641
0.2349523901939392
0.11118238419294357
0.1565963327884674
0.20376387238502502
0.13869477808475494
0.18087446689605713
0.12976139783859253
0.20583903789520264
0.14093893766403198
0.13075165450572968
0.17067141830921173
0.22814993560314178
0.1731332540512085
0.10642344504594803
0.14743919670581818
0.19512073695659637
0.19115878641605377
0.16102969646453857
0.1530458778142929
0.14160403609275818
0.2102862447500229
0.169789120554924
0.12544521689414978
0.10881438851356506
0.21375471353530884
0.18888621032238007
0.15088561177253723
0.19111797213554382
0.17774532735347748
0.12100278586149216
0.17730747163295746
0.13546504080295563
0.12761224806308746
0.1800464242696762
0.16720779240131378
0.14605280756950378
0.14725224673748016
0.1922743171453476
0.1498727947473526
0.12399154901504517
0.14033904671669006
0.17507816851139069
0.17767897248268127
0.1525614708662033
0.11999396979808807
0.13237641751766205
0.13257181644439697
0.13773737847805023
0.14292427897453308
0.15678910911083221
0.19196005165576935
0.1802893728017807
0.16533857583999634
0.11589962989091873
0.10490870475769043
0.19711235165596008
0.17244665324687958
0.18984931707382202
0.14502698183059692
0.12755708396434784
0.17222675681114197
0.14877358078956604
0.14222905039787292
0.16846342384815216
0.15310153365135193
0.15302135050296783
0.1506330519914627
0.13845598697662354
0.15114948153495789
0.1748673915863037
0.1592167466878891
0.1647420972585678
0.15709619224071503
0.1262885183095932
0.18750107288360596
0.22296485304832458
0.12799687683582306
0.1352526843547821
0.13728176057338715
0.1541077047586441
0.1697205901145935
0.11011500656604767
0.16632206737995148
0.18701475858688354
0.147198885679245
0.19321556389331818
0.12200150638818741
0.16161946952342987
0.1330316662788391
0.1710648238658905
0.14121559262275696
0.17703257501125336
0.1322641372680664
0.19397500157356262
0.11700459569692612
0.13161960244178772
0.16913223266601562
0.1676933467388153
0.18755239248275757
0.1579253077507019
0.15669173002243042
0.15313512086868286
0.1502273976802826
0.1302955448627472
0.1444816142320633
0.15591564774513245
0.14419792592525482
0.1397269368171692
0.14926955103874207
0.1579468548297882
0.11878223717212677
0.16403120756149292
0.1203441172838211
0.13802945613861084
0.15882648527622223
0.1772441267967224
0.12724070250988007
0.13148044049739838
0.13585342466831207
0.14243556559085846
0.12893427908420563
0.1538587212562561
0.18160510063171387
0.14613975584506989
0.15582238137722015
0.14154359698295593
0.13356050848960876
0.13874416053295135
0.12346373498439789
0.13104785978794098
0.12460828572511673
0.1357293277978897
0.11922884732484818
0.18126167356967926
0.1342066079378128
0.12231369316577911
0.12528672814369202
0.20337249338626862
0.1374792456626892
0.18027931451797485
0.15968553721904755
0.12538057565689087
0.14282172918319702
0.13129878044128418
0.132964625954628
0.14802394807338715
0.1312728226184845
0.133573979139328
0.14454631507396698
0.10537444055080414
0.13643473386764526
0.17874592542648315
0.1270904839038849
0.13233038783073425
0.12898361682891846
0.12946707010269165
0.13281741738319397
0.13606910407543182
0.13437345623970032
0.14349070191383362
0.13739927113056183
0.12977510690689087
0.12406493723392487
0.13791890442371368
0.14699441194534302
0.18338453769683838
0.1151578277349472
0.13472548127174377
0.11283079534769058
0.12260329723358154
0.11697367578744888
0.18785738945007324
0.13165558874607086
0.1622929871082306
0.10804998874664307
0.138827845454216
0.1335335373878479
0.12482620775699615
0.11746002733707428
0.17238281667232513
0.1323954463005066
0.1287015676498413
0.1305667757987976
0.11768267303705215
0.13768264651298523
0.1433461457490921
0.12612730264663696
0.12827180325984955
0.1448442041873932
0.11057901382446289
0.14984489977359772
0.12207138538360596
0.1243848130106926
0.13059072196483612
0.14872711896896362
0.12770283222198486
0.15288223326206207
0.10015840828418732
0.14916156232357025
0.1136716827750206
0.14650093019008636
0.12966008484363556
0.17387868463993073
0.11278215050697327
0.17557594180107117
0.1102016419172287
0.20232075452804565
0.09715141355991364
0.1178530678153038
0.19176769256591797
0.1414574235677719
0.09771426022052765
0.10413850843906403
0.15993386507034302
0.144572913646698
0.116514191031456
0.11895781755447388
0.23577740788459778
0.13078872859477997
0.11876729130744934
0.12661884725093842
0.1211078092455864
0.11624088138341904
0.1375507116317749
0.1318618208169937
0.15164941549301147
0.17702923715114594
0.11892647296190262
0.11537884175777435
0.11218525469303131
0.1369367390871048
0.11813316494226456
0.12384063005447388
0.10061776638031006
0.1152464747428894
0.13730868697166443
0.12482448667287827
0.12653517723083496
0.12317492067813873
0.17061583697795868
0.11300790309906006
0.13090144097805023
0.1225297823548317
0.14152155816555023
0.16076011955738068
0.12773363292217255
0.11406361311674118
0.14929935336112976
0.13050906360149384
0.12186480313539505
0.1585315465927124
0.11077266186475754
0.11345162987709045
0.15394549071788788
0.10641609132289886
0.14757147431373596
0.09839344024658203
0.1876722276210785
0.10658455640077591
0.16011567413806915
0.1311291754245758
0.1725858598947525
0.12886196374893188
0.12712165713310242
0.1247749775648117
0.12271334230899811
0.15886516869068146
0.12928305566310883
0.11342547833919525
0.1604248285293579
0.10416175425052643
0.11059188842773438
0.13646343350410461
0.13358497619628906
0.16302934288978577
0.1455341875553131
0.16753797233104706
0.17882703244686127
0.1602611541748047
0.16434061527252197
0.17254120111465454
0.17648392915725708
0.09925100952386856
0.10147679597139359
0.14927881956100464
0.14750653505325317
0.12408817559480667
0.12676480412483215
0.14482319355010986
0.12506979703903198
0.14406946301460266
0.12677930295467377
0.14052365720272064
0.12000571191310883
0.134567528963089
0.14550082385540009
0.10644383728504181
0.14217109978199005
0.1615229845046997
0.1389695405960083
0.15959873795509338
0.14552094042301178
0.13213297724723816
0.09737079590559006
0.11500319093465805
0.16656778752803802
0.14317363500595093
0.10848520696163177
0.14041656255722046
0.1363096684217453
0.14050589501857758
0.13025124371051788
0.1587977558374405
0.10780571401119232
0.11939127743244171
0.12575584650039673
0.16263574361801147
0.1091921478509903
0.1060972660779953
0.11327089369297028
0.14851124584674835
0.1473919004201889
0.1295768916606903
0.1360529214143753
0.16787464916706085
0.1075563132762909
0.11354562640190125
0.12594780325889587
0.11047842353582382
0.12487249821424484
0.09618859738111496
0.12033713608980179
0.17124950885772705
0.1705809235572815
0.1191825270652771
0.13223768770694733
0.10520248115062714
0.13981187343597412
0.12906165421009064
0.11155939847230911
0.12993356585502625
0.1316131055355072
0.11643924564123154
0.111746646463871
0.1169920563697815
0.11135505139827728
0.10367339849472046
0.11725696921348572
0.11537192016839981
0.11323121935129166
0.14309194684028625
0.14772729575634003
0.16024284064769745
0.13340982794761658
0.15154050290584564
0.10238999873399734
0.14307211339473724
0.12007169425487518
0.15144319832324982
0.08933188766241074
0.14044925570487976
0.11982908099889755
0.1049632802605629
0.11319505423307419
0.13135451078414917
0.11752688139677048
0.10674169659614563
0.11550651490688324
0.13518521189689636
0.11795394122600555
0.1558913290500641
0.13332602381706238
0.12155590951442719
0.1136336550116539
0.13812951743602753
0.10615348070859909
0.10955414921045303
0.11477894335985184
0.10711206495761871
0.09385275840759277
0.10985832661390305
0.11069343239068985
0.12925001978874207
0.14421994984149933
0.12724930047988892
0.11187521368265152
0.1318758875131607
0.10521240532398224
0.10801466554403305
0.14064843952655792
0.09496688842773438
0.10430089384317398
0.12485262006521225
0.11053181439638138
0.1019689217209816
0.1223248839378357
0.11719751358032227
0.11510074883699417
0.11320128291845322
0.11856251209974289
0.08256944268941879
0.11358100175857544
0.09267208725214005
0.10082395374774933
0.10084071755409241
0.1113731861114502
0.09575992822647095
0.14316371083259583
0.13855475187301636
0.10374385863542557
0.14700625836849213
0.09599461406469345
0.12214520573616028
0.09850279241800308
0.1577940732240677
0.10057733207941055
0.10931435227394104
0.08884340524673462
0.13664811849594116
0.1552984118461609
0.10576149821281433
0.09557203948497772
0.09548427909612656
0.1094566211104393
0.11201563477516174
0.10573165118694305
0.10509548336267471
0.11985653638839722
0.11612699925899506
0.1353941708803177
0.1069924607872963
0.1026415303349495
0.11901060491800308
0.13801316916942596
0.10608790069818497
0.1103203296661377
0.1383344531059265
0.12163699418306351
0.16903412342071533
0.11999153345823288
0.12605074048042297
0.09568937867879868
0.10443400591611862
0.10780329257249832
0.08944503217935562
0.16182182729244232
0.10685252398252487
0.12959527969360352
0.10392075031995773
0.1444040834903717
0.09839914739131927
0.11317512392997742
0.13099902868270874
0.13997520506381989
0.10976509004831314
0.09649509936571121
0.10331083834171295
0.09943104535341263
0.12336450815200806
0.08061306923627853
0.10631530731916428
0.12655797600746155
0.11498412489891052
0.12039664387702942
0.10194171220064163
0.12618808448314667
0.08221373707056046
0.12284848093986511
0.10253245383501053
0.09733124822378159
0.15876221656799316
0.11709419637918472
0.1210232675075531
0.13244682550430298
0.1210363358259201
0.10896611213684082
0.08279244601726532
0.12657099962234497
0.10922735184431076
0.12039737403392792
0.1424160599708557
0.14474689960479736
0.09808545559644699
0.13038168847560883
0.14649716019630432
0.1507524698972702
0.12666693329811096
0.1058025062084198
0.11271101236343384
0.11275412142276764
0.10227363556623459
0.1397293508052826
0.09780567139387131
0.09392737597227097
0.13010895252227783
0.08727876842021942
0.11337970197200775
0.12226460129022598
0.13730503618717194
0.0934298187494278
0.16700294613838196
0.11451111733913422
0.11268922686576843
0.0929965153336525
0.09990089386701584
0.07785134762525558
0.12485408037900925
0.15992391109466553
0.11575743556022644
0.11255664378404617
0.07438991218805313
0.10589112341403961
0.09588939696550369
0.12497802078723907
0.14498911798000336
0.08472685515880585
0.07804270833730698
0.11968659609556198
0.08448207378387451
0.08428018540143967
0.11430370062589645
0.0826152041554451
0.08936537057161331
0.09400179237127304
0.12414073199033737
0.08408790081739426
0.10450298339128494
0.06393660604953766
0.1503167301416397
0.11163481324911118
0.08451998233795166
0.1118454709649086
0.12378515303134918
0.08031326532363892
0.11006944626569748
0.15186373889446259
0.14486132562160492
0.11780539900064468
0.09703565388917923
0.11652542650699615
0.12002742290496826
0.09227895736694336
0.11857185512781143
0.10775529593229294
0.14948126673698425
0.10176911950111389
0.09767584502696991
0.07500364631414413
0.10705312341451645
0.07887904345989227
0.10592759400606155
0.10683245956897736
0.15843521058559418
0.19367292523384094
0.11738313734531403
0.15236245095729828
0.10792764276266098
0.09542971849441528
0.10477682948112488
0.10945164412260056
0.124722920358181
0.11713963747024536
0.08360777050256729
0.14185695350170135
0.08795620501041412
0.09057888388633728
0.06867577135562897
0.14176678657531738
0.17999659478664398
0.09297291189432144
0.13790883123874664
0.07338285446166992
0.10402718931436539
0.14955854415893555
0.17683079838752747
0.18512161076068878
0.09869417548179626
0.1072910726070404
0.11574209481477737
0.11874130368232727
0.1737249195575714
0.09776804596185684
0.10006211698055267
0.10985508561134338
0.13189807534217834
0.10427302122116089
0.13638314604759216
0.08908403664827347
0.09300047904253006
0.13246594369411469
0.0832844004034996
0.12593291699886322
0.13775981962680817
0.1407826691865921
0.11344069987535477
0.11512504518032074
0.1011100560426712
0.15328475832939148
0.13732989132404327
0.07351689040660858
0.1018536314368248
0.11927158385515213
0.10570959746837616
0.10619121789932251
0.13559526205062866
0.1054406613111496
0.1245381161570549
0.14868095517158508
0.1145896315574646
0.10023032128810883
0.08558148145675659
0.0979471504688263
0.12413085997104645
0.09995075315237045
0.11166785657405853
0.1606714427471161
0.11005299538373947
0.09753740578889847
0.07770692557096481
0.08039906620979309
0.15279118716716766
0.09943238645792007
0.12615914642810822
0.09583442658185959
0.11454401910305023
0.1302386373281479
0.13032802939414978
0.09293117374181747
0.06596797704696655
0.07541472464799881
0.055199675261974335
