0.04941916465759277
0.04933561757206917
0.04941695183515549
0.049305710941553116
0.04930052533745766
0.04934130236506462
0.04933789372444153
0.04925094544887543
0.049244172871112823
0.04923423007130623
0.04925290495157242
0.04928748309612274
0.049011699855327606
0.049011558294296265
0.04915250092744827
0.04904470592737198
0.04894428700208664
0.04890281334519386
0.04884403571486473
0.04874846711754799
0.04861816018819809
0.048738911747932434
0.0486278235912323
0.04840032011270523
0.0479789637029171
0.04805384576320648
0.047821298241615295
0.047951601445674896
0.0475592203438282
0.04686375707387924
0.046222686767578125
0.04651644080877304
0.04602868854999542
0.04543288052082062
0.0454980842769146
0.04417194426059723
0.04443873092532158
0.04386722669005394
0.04468965530395508
0.04365330934524536
0.04276327043771744
0.04273206740617752
0.0417962521314621
0.04008916765451431
0.03803570941090584
0.03543815389275551
0.03607776388525963
0.03348863124847412
0.030710216611623764
0.03466574475169182
0.0271090529859066
0.02738911844789982
0.023031946271657944
0.021985365077853203
0.017088502645492554
0.01812683418393135
0.016773531213402748
0.013808855786919594
0.012748290784657001
0.008200261741876602
0.00965500995516777
0.006646865978837013
0.005624561570584774
0.005050829146057367
0.004851979203522205
0.011924482882022858
0.005174929741770029
0.006229206454008818
0.00450995285063982
0.008064983412623405
0.006074286065995693
0.008410241454839706
0.009755129925906658
0.005494397133588791
0.009706574492156506
0.008796312846243382
0.008330915123224258
0.0078161945566535
0.0077673993073403835
0.009838334284722805
0.008539813570678234
0.010668580420315266
0.010578520596027374
0.0069546764716506
0.007970795035362244
0.006263272371143103
0.00712197832763195
0.009290961548686028
0.06583137065172195
0.004750737454742193
0.004179205745458603
0.005735944025218487
0.005148570518940687
0.0072664846666157246
0.0045274849981069565
0.005637772846966982
0.006528484635055065
0.006255146581679583
0.0067632123827934265
0.006403990555554628
0.004128866363316774
0.005436637904495001
0.006376348435878754
0.0056432695128023624
0.005418573506176472
0.0047768051736056805
0.004038952756673098
0.005034336820244789
0.004875265993177891
0.006061634048819542
0.005875807721167803
0.005090202670544386
0.0029683387838304043
0.0031715980730950832
0.0035495080519467592
0.005482385400682688
0.004342652857303619
0.006048764102160931
0.005868334788829088
0.005154212936758995
0.0038046797271817923
0.004881814122200012
0.004559161141514778
0.002964169252663851
0.004510836210101843
0.005458887666463852
0.004805920645594597
0.003966525197029114
0.004482925869524479
0.007391869090497494
0.0052061257883906364
0.007410287857055664
0.0064493450336158276
0.005082686431705952
0.003651790786534548
0.004317271988838911
0.0033865426667034626
0.008564351126551628
0.006634528283029795
0.003414540085941553
0.0057266936637461185
0.006362969055771828
0.004738721530884504
0.004371567163616419
0.005842489656060934
0.004105702508240938
0.004331630188971758
0.0070916651748120785
0.005896084476262331
0.003975619096308947
0.004599135369062424
0.0037644095718860626
0.005633259657770395
0.005069248378276825
0.005773203447461128
0.007264045532792807
0.004963158629834652
0.0052372170612216
0.00616854801774025
0.004014540463685989
0.003919768147170544
0.005597653798758984
0.005432570353150368
0.00506970938295126
0.006274466402828693
0.009338773787021637
0.0052870651707053185
0.003175991354510188
0.007140154484659433
0.005981725640594959
0.005981254391372204
0.004099379293620586
0.005636195186525583
0.01023804023861885
0.009476558305323124
0.0035104844719171524
0.005014389753341675
0.00408110162243247
0.005253775976598263
0.003317119088023901
0.004881021101027727
0.007384863682091236
0.00468909926712513
0.0034368718042969704
0.00648097600787878
0.00547487149015069
0.00460522435605526
0.003309577237814665
0.005978351924568415
0.005801561754196882
0.005250557791441679
0.009586467407643795
0.0038486537523567677
0.007050920277833939
0.00616387790068984
0.004416745156049728
0.006136674899607897
0.004258173983544111
0.005630895961076021
0.004141589626669884
0.005326807498931885
0.003214907832443714
0.006101289764046669
0.005287628620862961
0.005187632516026497
0.006058600731194019
0.006846865173429251
0.004087100736796856
0.004288156051188707
0.006309491582214832
0.005515758413821459
0.005533747840672731
0.004104184918105602
0.004195411689579487
0.005154374521225691
0.004861540161073208
0.008644351735711098
0.004054086282849312
0.004994245246052742
0.004317618906497955
0.0031252962071448565
0.004049922805279493
0.003198939608410001
0.0042329165153205395
0.0030897152610123158
0.0057723913341760635
0.003939660731703043
0.003992968238890171
0.011935509741306305
0.0036616595461964607
0.0030100676231086254
0.002979456912726164
0.005077950190752745
0.003660263027995825
0.0034285809379070997
0.002737722359597683
0.0031666173599660397
0.005093379877507687
0.002898510079830885
0.004160463344305754
0.0037536004092544317
0.002970909932628274
0.003782799933105707
0.006149337626993656
0.004433560650795698
0.0027525313198566437
0.004808052442967892
0.0027288077399134636
0.0034441465977579355
0.005607032682746649
0.0031624622642993927
0.0030036475509405136
0.00432784715667367
0.002138444921001792
0.0026755116414278746
0.0037911338731646538
0.0050639621913433075
0.00485664326697588
0.003548941109329462
0.003778290469199419
0.005442262161523104
0.0027241634670645
0.0038166879676282406
0.009383996948599815
0.004844205919653177
0.005109380930662155
0.003169761272147298
0.0021995415445417166
0.0030786229763180017
0.003017785958945751
0.0036953382659703493
0.004307120107114315
0.002870147582143545
0.0036043464206159115
0.0038207138422876596
0.003991275560110807
0.0029860143549740314
0.0031449669040739536
0.0027133424300700426
0.007307139225304127
0.00296301138587296
0.003010326996445656
0.0028392805252224207
0.0033061420544981956
0.003252164227887988
0.003523134859278798
0.003923056181520224
0.003603546880185604
0.0047331457026302814
0.00253715505823493
0.0029459064826369286
0.004254429135471582
0.003284432226791978
0.004842003807425499
0.005493240896612406
0.0026277508586645126
0.0039434293285012245
0.0046970839612185955
0.00522496085613966
0.0039285821840167046
0.0026480937376618385
0.004523296840488911
0.004489903338253498
0.003089325036853552
0.0039307670667767525
0.003135985229164362
0.0034613655880093575
0.0039646741934120655
0.003571687266230583
0.0031238142400979996
0.003397950204089284
0.003257119795307517
0.003955082502216101
0.0029190622735768557
0.0024055365938693285
0.0031595134641975164
0.0041857557371258736
0.0035410206764936447
0.0026981120463460684
0.0032221125438809395
0.004005310125648975
0.002492607571184635
0.006135729141533375
0.003853959497064352
0.004379913676530123
0.0040526483207941055
0.0030965206678956747
0.0034497291781008244
0.00448875455185771
0.0027284056413918734
0.0028557388577610254
0.0038363714702427387
0.0023334030993282795
0.003302390919998288
0.0035922653041779995
0.002878343453630805
0.005377357825636864
0.0028706779703497887
0.004427157808095217
0.0028930669650435448
0.0037902528420090675
0.0031849746592342854
0.008813412860035896
0.0022914891596883535
0.0030907737091183662
0.002808848163112998
0.0024590955581516027
0.0038028962444514036
0.002300719264894724
0.002648191060870886
0.0022695250809192657
0.0038356143049895763
0.003774175886064768
0.0029425625689327717
0.003987871576100588
0.0033975697588175535
0.004802561365067959
0.005184900481253862
0.0022069700062274933
0.0033018807880580425
0.005773607175797224
0.003035033354535699
0.0033178776502609253
0.004689395427703857
0.005873860791325569
0.0029857701156288385
0.003007053630426526
0.0035221341531723738
0.0036534699611365795
0.0034241804387420416
0.0025856781285256147
0.002577361185103655
0.00619436614215374
0.004383291583508253
0.004279749933630228
0.003800101112574339
0.004921909887343645
0.0024978304281830788
0.0036962623707950115
0.0040558925829827785
0.00477950181812048
0.003521894570440054
0.003660637652501464
0.0026924367994070053
0.0033258802723139524
0.006150670815259218
0.0032343482598662376
0.006177320145070553
0.003557733725756407
0.004485625308007002
0.002885011490434408
0.003025058191269636
0.002163501689210534
0.0040157390758395195
0.004522108007222414
0.003011067397892475
0.009102057665586472
0.005028473678976297
0.0038885592948645353
0.004577754531055689
0.0036392987240105867
0.0024375945795327425
0.004325038753449917
0.00342765636742115
0.002120707416906953
0.0030058869160711765
0.004193547181785107
0.00278921565040946
0.0023174763191491365
0.004468858242034912
0.004066667519509792
0.0032874341122806072
0.0027817662339657545
0.002905662637203932
0.0028762107249349356
0.002936773467808962
0.0020975260995328426
0.00438490929082036
0.0037844218313694
0.00489656999707222
0.0033576188143342733
0.0030962249729782343
0.003232053481042385
0.0032138675451278687
0.002750290324911475
0.0030725605320185423
0.0035731582902371883
0.002053049160167575
0.0030427193269133568
0.005184018053114414
0.006337014492601156
0.0028778233099728823
0.003429034724831581
0.002851853845641017
0.005622615572065115
0.004333470016717911
0.004064738750457764
0.0041983481496572495
0.0020383992232382298
0.002939817262813449
0.008362251333892345
0.003957125823944807
0.0038299639709293842
0.005845780484378338
0.003491361625492573
0.0027373326011002064
0.0034688650630414486
0.0033141025342047215
0.002860170556232333
0.0035365596413612366
0.002780256327241659
0.004874854348599911
0.0034856770653277636
0.002835765015333891
0.0035785629879683256
0.004110970534384251
0.003113152226433158
0.004705654922872782
0.0034244328271597624
0.004036392085254192
0.003871433436870575
0.0037899387534707785
0.0027526714839041233
0.0041395388543605804
0.002625221386551857
0.0031279854010790586
0.002625283319503069
0.003950478974729776
0.003352767787873745
0.003603030228987336
0.0021049154456704855
0.003919978626072407
0.004402284976094961
0.0024374136701226234
0.003566375467926264
0.003079543821513653
0.0028637819923460484
0.0023937427904456854
0.004409492947161198
0.002718985313549638
0.0032199688721448183
0.003382752649486065
0.003709678538143635
0.003139891428872943
0.002561289817094803
0.004444578662514687
0.0023359719198197126
0.002685204381123185
0.002832259051501751
0.00431774090975523
0.007347623817622662
0.0024747406132519245
0.00312629877589643
0.0036818869411945343
0.00206755637191236
0.0033755949698388577
0.0031504398211836815
0.0021554934792220592
0.0027412939816713333
0.0022139116190373898
0.0035846622195094824
0.0031558084301650524
0.003248319961130619
0.003374670632183552
0.004263198934495449
0.002443954348564148
0.00840560719370842
0.0022399069275707006
0.002912640105932951
0.00207903771661222
0.0038703656755387783
0.002430383348837495
0.0044799428433179855
0.002090641064569354
0.006016555242240429
0.0027859052643179893
0.0034257969819009304
0.003623021300882101
0.003191446652635932
0.0031147447880357504
0.0026793351862579584
0.002365733962506056
0.0024822931736707687
0.0035342168994247913
0.0030719502829015255
0.002410078886896372
0.0016296838875859976
0.003183522494509816
0.0030948249623179436
0.0026026468258351088
0.002803056500852108
0.0048558576963841915
0.003232131712138653
0.0026385278906673193
0.0030747330747544765
0.0031192812602967024
0.0023429840803146362
0.004120641387999058
0.0036462675780057907
0.003986368887126446
0.002238412154838443
0.0031426416244357824
0.007002054248005152
0.002380138961598277
0.0028678583912551403
0.00321649806573987
0.002502686344087124
0.003978395834565163
0.0033887114841490984
0.0021929272916167974
0.00299773458391428
0.002790487837046385
0.0025901393964886665
0.0027136406861245632
0.0022920172195881605
0.003058535745367408
0.0042848302982747555
0.002905054483562708
0.0023803478106856346
0.0029329080134630203
0.0037005566991865635
0.0024239683989435434
0.0034205899573862553
0.004894288722425699
0.0022965145763009787
0.0031652539037168026
0.003771865274757147
0.001915455679409206
0.0038648773916065693
0.004698293283581734
0.003158174455165863
0.0032256203703582287
0.004047869239002466
0.003083517076447606
0.0038420320488512516
0.003539199708029628
0.003145762486383319
0.0024611898697912693
0.003354265820235014
0.0036046146415174007
0.0023950226604938507
0.003382873022928834
0.003519495017826557
0.0028278105892241
0.0035984069108963013
0.004826275631785393
0.006243555806577206
0.002737660426646471
0.002206195844337344
0.003238045610487461
0.0025625983253121376
0.0027545893099159002
0.004295901395380497
0.002702585654333234
0.0032182014547288418
0.0030498760752379894
0.0029655599500983953
0.0023499566596001387
0.0027566400822252035
0.0036925775930285454
0.0034260209649801254
0.003782996442168951
0.0020029419101774693
0.0027268100529909134
0.002506101503968239
0.003422109642997384
0.0025724174920469522
0.004184715449810028
0.0032942553516477346
0.004008949734270573
0.0035466444678604603
0.004841718357056379
0.0020516442600637674
0.0037482609041035175
0.003581157885491848
0.0047551835887134075
0.00299976603128016
0.0021853537764400244
0.002733007073402405
0.002555778482928872
0.0018958693835884333
0.002083438215777278
0.0020324881188571453
0.003674497827887535
0.0023878782521933317
0.003236692398786545
0.0017722673946991563
0.003551443573087454
0.0024328315630555153
0.003241367405280471
0.0030451349448412657
0.006232080049812794
0.00274169584736228
0.002654768992215395
0.002397403819486499
0.002556644380092621
0.004856212064623833
0.00281003350391984
0.0025691501796245575
0.0032264534384012222
0.0022310882341116667
0.0031348534394055605
0.0027328929863870144
0.005510620307177305
0.004962208680808544
0.002558952197432518
0.002846634481102228
0.003210565773770213
0.0031112106516957283
0.0035444495733827353
0.005952949170023203
0.0033276902977377176
0.004084344953298569
0.0026367730461061
0.0031445815693587065
0.004191536456346512
0.0036573102697730064
0.002047313842922449
0.0027767557185143232
0.0033460494596511126
0.0026716836728155613
0.0038485864643007517
0.0035800004843622446
0.0036433020140975714
0.002065722132101655
0.0032399410847574472
0.002667723223567009
0.005865138024091721
0.00223004468716681
0.004908281844109297
0.003255763789638877
0.002625557128340006
0.002960505895316601
0.0017741512274369597
0.0022086561657488346
0.0023838868364691734
0.0032998905517160892
0.003267417661845684
0.0037531384732574224
0.004284311085939407
0.002783730160444975
0.002552768914029002
0.002501987386494875
0.0028855614364147186
0.0024315547198057175
0.004177732393145561
0.0029049976728856564
0.0016009989194571972
0.0035679922439157963
0.0026348496321588755
0.00391486007720232
0.0033931280486285686
0.0027019549161195755
0.0022835275158286095
0.00340083334594965
0.003323244396597147
0.002429431304335594
0.0030419097747653723
0.0021555046550929546
0.0023149438202381134
0.0030973320826888084
0.003110883291810751
0.002856617793440819
0.0023358247708529234
0.003308874787762761
0.005144570022821426
0.0039549460634589195
0.0019159062067046762
0.0027382930275052786
0.0052599129267036915
0.002642829669639468
0.0018773006740957499
0.0032099438831210136
0.00276884320192039
0.003668364603072405
0.002030251082032919
0.002008670475333929
0.002702191239222884
0.004337049089372158
0.002929690293967724
0.002502970863133669
0.0053796726278960705
0.0019675458315759897
0.00243204552680254
0.0031477133743464947
0.002132187131792307
0.003329990664497018
0.003153744153678417
0.002896654885262251
0.002770292805507779
0.0019618168007582426
0.0038739622104912996
0.0032727844081819057
0.003613814478740096
0.002190785249695182
0.003890909254550934
0.0030931609217077494
0.002136136870831251
0.002465616911649704
0.004056580364704132
0.0027762497775256634
0.0037572626024484634
0.003803466446697712
0.0032208976335823536
0.0036852355115115643
0.0030228672549128532
0.003229155670851469
0.002370989415794611
0.0031506873201578856
0.003375241532921791
0.002673117909580469
0.0025109299458563328
0.0033901259303092957
0.003498286008834839
0.002654541749507189
0.007016070187091827
0.0024412558414041996
0.0025536217726767063
0.002651996910572052
0.002337105106562376
0.0025351988151669502
0.002732277847826481
0.0038960319943726063
0.0026942030526697636
0.003914545755833387
0.0036282551009207964
0.005721536930650473
0.0022555224131792784
0.002198705216869712
0.002214183332398534
0.0031098793260753155
0.001764626707881689
0.0016639583045616746
0.0020898610819131136
0.003545068670064211
0.0027337102219462395
0.004042720887809992
0.0020661749877035618
0.002503772731870413
0.002344696316868067
0.003277766052633524
0.0038589434698224068
0.0022263997234404087
0.002416817471385002
0.002471156418323517
0.0029745649080723524
0.002087885979562998
0.0033480904530733824
0.00169079820625484
0.005641091614961624
0.0029176874086260796
0.002617597347125411
0.002150000538676977
0.004473027307540178
0.005175148602575064
0.002298141596838832
0.0034768914338201284
0.0024871742352843285
0.003929578233510256
0.003486333414912224
0.003363560186699033
0.0027809329330921173
0.002849975135177374
0.002514069201424718
0.00392208993434906
0.004866152070462704
0.0034145493991672993
0.001813590177334845
0.002562187612056732
0.0028080265037715435
0.001719416817650199
0.0023602142464369535
0.0034067295491695404
0.0023257224820554256
0.0038943844847381115
0.0020435028709471226
0.0026202634908258915
0.002236663131043315
0.006762771401554346
0.0023742052726447582
0.002874278463423252
0.004837799351662397
0.004261098336428404
0.0023698757868260145
0.002687812317162752
0.0034272894263267517
0.003715003374963999
0.0014779529301449656
0.001458826009184122
0.0034333562944084406
0.002293876139447093
0.0029852665029466152
0.003341960720717907
0.0041726129129529
0.003974247723817825
0.0038558566011488438
0.0040195779874920845
0.0025676432996988297
0.0030583967454731464
0.003724451642483473
0.003109551966190338
0.003117199521511793
0.0036660335026681423
0.0025515758898109198
0.001986896386370063
0.0022625005804002285
0.005489411298185587
0.0030574356205761433
0.0030088424682617188
0.004693596623837948
0.00309740100055933
0.003033721586689353
0.0032918271608650684
0.004895394667983055
0.00432210136204958
0.0022137875203043222
0.0032993308268487453
0.0032764736097306013
0.002289129886776209
0.002410036977380514
0.0038757866714149714
0.0025810152292251587
0.002167003694921732
0.0037894072011113167
0.001713974168524146
0.002134365262463689
0.002907878253608942
0.0019692708738148212
0.002544342540204525
0.004925632383674383
0.002415978815406561
0.0037211047019809484
0.00232347147539258
0.0026825452223420143
0.001782147097401321
0.002584031317383051
0.007283921353518963
0.0027904589660465717
0.0028231181204319
0.002799917943775654
0.002264628419652581
0.002439423929899931
0.0019642736297100782
0.004036165773868561
0.0011169217759743333
0.0020741596817970276
0.002756673377007246
0.0023863622918725014
0.002274871338158846
0.00205910112708807
0.0024472365621477365
0.002337148878723383
0.002460339106619358
0.005861841142177582
0.0018978423904627562
0.002611769363284111
0.0014656895073130727
0.005045379512012005
0.0037838369607925415
0.0021045864559710026
0.0031444374471902847
0.002839079825207591
0.002008860232308507
0.002107844687998295
0.005391183774918318
0.002724554156884551
0.002228833269327879
0.002597405109554529
0.0025740100536495447
0.005917697679251432
0.0027734413743019104
0.0029602220747619867
0.0027868938632309437
0.002634731587022543
0.0026886791456490755
0.0043271067552268505
0.0029124522116035223
0.003010549582540989
0.0026162501890212297
0.0029647902119904757
0.004140821285545826
0.0036594606935977936
0.0073349676094949245
0.002210837323218584
0.00434764102101326
0.0022546304389834404
0.003971971571445465
0.0019253104692324996
0.0020850214641541243
0.003290735185146332
0.003110662568360567
0.002905533416196704
0.004070074763149023
0.0025427767541259527
0.0026097125373780727
0.002098319586366415
0.0030304288957268
0.00423471862450242
0.0024072236847132444
0.0030556905549019575
0.0020364290103316307
0.0020066024735569954
0.0037773356307297945
0.005061427131295204
0.004077338147908449
0.004062154330313206
0.0025032442063093185
0.0033407837618142366
0.0025159334763884544
0.003618272952735424
0.002431939821690321
0.0023581283167004585
0.00304494914598763
0.002937956480309367
0.00252128136344254
0.0018642772920429707
0.002529921242967248
0.002763169351965189
0.0017855822807177901
0.002332013100385666
0.003250251291319728
0.004131736233830452
0.004864480346441269
0.0023165582679212093
0.0026113539934158325
0.0032905018888413906
0.007479144725948572
0.002055790973827243
0.0027541308663785458
0.002617611549794674
0.002464363584294915
0.0027265683747828007
0.0018318460788577795
0.004217877984046936
0.002456352347508073
0.0022147339768707752
0.0041602011770009995
0.00458963867276907
0.0028641989920288324
0.003347524907439947
0.0027088355273008347
0.0031436702702194452
0.002137587172910571
0.0029225503094494343
0.0024371494073420763
0.0025254555512219667
0.0019109579734504223
0.0022845889907330275
0.0026065772399306297
0.009407474659383297
0.0021648977417498827
0.0029717637225985527
0.0024102837778627872
0.0021101650781929493
0.003125288523733616
0.0021453213412314653
0.0027272175066173077
0.0033260176423937082
0.003373426152393222
0.0020963591523468494
