0.2236606329679489
0.22349976003170013
0.22368791699409485
0.2233445644378662
0.22347328066825867
0.2234940379858017
0.22345775365829468
0.22330614924430847
0.22327189147472382
0.22328954935073853
0.22329306602478027
0.22324250638484955
0.22266550362110138
0.22266656160354614
0.22280944883823395
0.22263413667678833
0.22228728234767914
0.2220674306154251
0.221849724650383
0.22175246477127075
0.22130779922008514
0.22157186269760132
0.22121790051460266
0.22059844434261322
0.2192758023738861
0.21954630315303802
0.21902748942375183
0.2190714180469513
0.21815243363380432
0.21617315709590912
0.21432942152023315
0.21514813601970673
0.21345724165439606
0.2121756374835968
0.21203291416168213
0.20771712064743042
0.20948031544685364
0.20749355852603912
0.20983172953128815
0.20686672627925873
0.20488309860229492
0.2040109932422638
0.20146039128303528
0.1963590532541275
0.1905183345079422
0.18328846991062164
0.18387863039970398
0.17608293890953064
0.16821782290935516
0.17963694036006927
0.1552535593509674
0.15583088994026184
0.1405567228794098
0.13816235959529877
0.11606945097446442
0.1170230433344841
0.11190477013587952
0.09389454126358032
0.09418707340955734
0.05477951839566231
0.07496143877506256
0.04569089040160179
0.031007152050733566
0.03142852708697319
0.03184972703456879
0.026566097512841225
0.017109736800193787
0.023041652515530586
0.01261993870139122
0.017372388392686844
0.003684371244162321
0.006846523843705654
0.010999585501849651
0.01016046479344368
0.009896907955408096
0.016040198504924774
0.00846292544156313
0.010422924533486366
0.006961148232221603
0.008065125904977322
0.02239217422902584
0.016956716775894165
0.02192203886806965
0.008204236626625061
0.01885947585105896
0.014925377443432808
0.011370152235031128
0.025725562125444412
0.04926951602101326
0.022854115813970566
0.025987012311816216
0.019066350534558296
0.02184031717479229
0.01768159121274948
0.015102109871804714
0.01554412953555584
0.021038956940174103
0.017111292108893394
0.03083319403231144
0.02135227434337139
0.038536325097084045
0.05177368223667145
0.028799356892704964
0.03569531813263893
0.0384497195482254
0.02308310754597187
0.036080848425626755
0.029692670330405235
0.04601706564426422
0.038509268313646317
0.03390258550643921
0.050023265182971954
0.040750861167907715
0.03486061841249466
0.044663093984127045
0.051490895450115204
0.05520760267972946
0.06182266026735306
0.044089142233133316
0.05193144828081131
0.03162211552262306
0.05197640135884285
0.04397440329194069
0.040487319231033325
0.036591242998838425
0.04483504593372345
0.05920254811644554
0.0532551109790802
0.0576995387673378
0.054171282798051834
0.04201962798833847
0.05308712646365166
0.05383208394050598
0.0489216111600399
0.03096340037882328
0.036470986902713776
0.03939274325966835
0.06289692968130112
0.04845387488603592
0.03434976190328598
0.04379688948392868
0.043163638561964035
0.03021109290421009
0.03781299293041229
0.039094239473342896
0.029224781319499016
0.03610508516430855
0.035169817507267
0.03742358461022377
0.021706003695726395
0.03494126349687576
0.022251557558774948
0.029503636062145233
0.023502174764871597
0.02546723000705242
0.029604166746139526
0.019065095111727715
0.02092265710234642
0.023469962179660797
0.016301438212394714
0.019332218915224075
0.015134988352656364
0.018051935359835625
0.018784228712320328
0.021682407706975937
0.01975562795996666
0.01865127682685852
0.02988477796316147
0.015637487173080444
0.017888985574245453
0.012547796592116356
0.01264135167002678
0.010009648278355598
0.01285270880907774
0.012513719499111176
0.011239497922360897
0.012484756298363209
0.009356505237519741
0.010956849902868271
0.011732377111911774
0.01353468932211399
0.012360267341136932
0.01115860790014267
0.011515693739056587
0.00822663027793169
0.019267570227384567
0.015036544762551785
0.005497664213180542
0.015825513750314713
0.008345913141965866
0.006105223670601845
0.012767001986503601
0.00897956546396017
0.012097012251615524
0.007436232641339302
0.016494037583470345
0.006388021633028984
0.010363820008933544
0.006631598807871342
0.00696191843599081
0.00661260262131691
0.007490165065973997
0.01049550250172615
0.008759674616158009
0.008846234530210495
0.006937295198440552
0.010320669040083885
0.0027189506217837334
0.009944814257323742
0.012580633163452148
0.005626763682812452
0.010088097304105759
0.0056740352883934975
0.013531587086617947
0.008329255506396294
0.009019194170832634
0.009891215711832047
0.015575222671031952
0.012105359695851803
0.004604207817465067
0.0057735806331038475
0.017051732167601585
0.00833914428949356
0.01137060672044754
0.004436606541275978
0.008510608226060867
0.012486950494349003
0.006584803573787212
0.011484789662063122
0.008303258568048477
0.00560449343174696
0.007785709574818611
0.016211938112974167
0.011070802807807922
0.011341406032443047
0.006625928450375795
0.006312328856438398
0.005945966579020023
0.0064266095869243145
0.0067304577678442
0.018686294555664062
0.01118384674191475
0.008975498378276825
0.010202936828136444
0.004885857924818993
0.008760304190218449
0.005542395636439323
0.010228262282907963
0.01134394109249115
0.00830460712313652
0.008242885582149029
0.008339297026395798
0.01672722026705742
0.008900204673409462
0.005540269892662764
0.008204053156077862
0.009074356406927109
0.0178830586373806
0.014106955379247665
0.009396987967193127
0.006191553547978401
0.008561469614505768
0.01189013384282589
0.022529950365424156
0.009730194695293903
0.010791337117552757
0.010811754502356052
0.012255695648491383
0.009655551053583622
0.012647192925214767
0.009776784107089043
0.012219098396599293
0.008508714847266674
0.01044436078518629
0.008002330549061298
0.012570098973810673
0.00602696044370532
0.012338564731180668
0.019562501460313797
0.014962568879127502
0.0056723179295659065
0.006482905708253384
0.008962953463196754
0.008394758217036724
0.011021673679351807
0.007632576394826174
0.007247266825288534
0.007884351536631584
0.010269556194543839
0.012022235430777073
0.0075122034177184105
0.01025456190109253
0.008334590122103691
0.012689916417002678
0.013255738653242588
0.007376187480986118
0.011272942647337914
0.011829360388219357
0.019289519637823105
0.013126243837177753
0.007514202035963535
0.013529300689697266
0.007941109128296375
0.011249965056777
0.012918257154524326
0.007637706119567156
0.011355376802384853
0.011186283081769943
0.011613271199166775
0.00938701257109642
0.012764125131070614
0.009584848769009113
0.010866155847907066
0.008527254685759544
0.007926938124001026
0.013490322045981884
0.012263178825378418
0.016576159745454788
0.00486625824123621
0.012265746481716633
0.014203768223524094
0.011580352671444416
0.01361832208931446
0.019692040979862213
0.011875047348439693
0.011897703632712364
0.009020240046083927
0.01219369750469923
0.01512239221483469
0.012022476643323898
0.008700654841959476
0.013621333055198193
0.008359106257557869
0.012204742059111595
0.010723169893026352
0.008211475796997547
0.01567748934030533
0.006932169198989868
0.014727773144841194
0.008267048746347427
0.013375643640756607
0.00713166082277894
0.023898139595985413
0.010907208546996117
0.014219130389392376
0.009838427416980267
0.012815291061997414
0.011200182139873505
0.00800170935690403
0.007826426066458225
0.010945482179522514
0.013773597776889801
0.017180483788251877
0.007853861898183823
0.009818825870752335
0.012891313061118126
0.012158775702118874
0.010361392050981522
0.011313497088849545
0.012944250367581844
0.015264299698174
0.013777080923318863
0.00784931518137455
0.0113674933090806
0.015158065594732761
0.011529071256518364
0.017956877127289772
0.011915775947272778
0.0114828459918499
0.008870197460055351
0.011390015482902527
0.010005678981542587
0.01972639374434948
0.011629641056060791
0.017963921651244164
0.009916726499795914
0.012582987546920776
0.008502215147018433
0.011727015487849712
0.012732717208564281
0.01707652024924755
0.00863278191536665
0.010944996029138565
0.009751479141414165
0.016597144305706024
0.018311068415641785
0.019070608541369438
0.015050833113491535
0.007554166950285435
0.013833686709403992
0.011282424442470074
0.011865343898534775
0.009433973580598831
0.013535626232624054
0.011502026580274105
0.009995471686124802
0.023473141714930534
0.013998199254274368
0.009016244672238827
0.007135949097573757
0.006779502145946026
0.008749701082706451
0.010023748502135277
0.009716582484543324
0.005962783936411142
0.010583382099866867
0.01518446858972311
0.012194565497338772
0.004085942171514034
0.01280157919973135
0.015483894385397434
0.00781852938234806
0.005686226300895214
0.010093625634908676
0.008940844796597958
0.013585439883172512
0.009410801343619823
0.00949898548424244
0.011027386412024498
0.010239634662866592
0.00788867473602295
0.010502921417355537
0.006456676404923201
0.010249393992125988
0.011474208906292915
0.012302844785153866
0.009895103983581066
0.004389345645904541
0.005066965240985155
0.012283435091376305
0.01392771489918232
0.004131518304347992
0.006756184156984091
0.007936235517263412
0.007851600646972656
0.008905179798603058
0.009186068549752235
0.008437566459178925
0.004031416494399309
0.007725007366389036
0.010462705045938492
0.014108492061495781
0.004557414911687374
0.013756981119513512
0.013707077130675316
0.0073579344898462296
0.005318196956068277
0.007073678076267242
0.009729740209877491
0.011964093893766403
0.005182054825127125
0.00779479555785656
0.008288094773888588
0.007957146503031254
0.013048898428678513
0.007398596964776516
0.006251742132008076
0.013948015868663788
0.01039558183401823
0.010447491891682148
0.007066622376441956
0.007387281861156225
0.008439614437520504
0.0049170516431331635
0.005450555123388767
0.00885607860982418
0.0071572111919522285
0.0069573139771819115
0.009755062870681286
0.006269877776503563
0.006773286033421755
0.006865683477371931
0.012647719122469425
0.004227285273373127
0.0113359484821558
0.006653850898146629
0.00513737415894866
0.003839386161416769
0.006950478069484234
0.005950470920652151
0.010728134773671627
0.008807264268398285
0.003819811623543501
0.010863817296922207
0.004383421037346125
0.007242387626320124
0.006974584888666868
0.007727394346147776
0.01202691625803709
0.011220921762287617
0.014012854546308517
0.00575061421841383
0.004522948991507292
0.00531496899202466
0.0044715264812111855
0.007505548652261496
0.005827917717397213
0.005061993841081858
0.004061996005475521
0.0014717268059030175
0.0071575152687728405
0.006808866746723652
0.008076035417616367
0.004090456757694483
0.00581366429105401
0.005298672243952751
0.02263353206217289
0.003953156061470509
0.0033863727003335953
0.002421435434371233
0.0073181018233299255
0.007619685493409634
0.004666031338274479
0.005455397069454193
0.009810811839997768
0.00510837696492672
0.005645987577736378
0.00829619076102972
0.005621086340397596
0.010168567299842834
0.0062371050007641315
0.0031751920469105244
0.00928956363350153
0.00822216086089611
0.007241344079375267
0.00540155591443181
0.003627144731581211
0.0057229031808674335
0.003316679038107395
0.005482387728989124
0.006216187030076981
0.013718284666538239
0.004892671015113592
0.0039263698272407055
0.007493842858821154
0.006420147605240345
0.00656172726303339
0.008314640261232853
0.00511978892609477
0.006194115616381168
0.004071575123816729
0.0054058171808719635
0.022456001490354538
0.004184324759989977
0.005786259192973375
0.006279606372117996
0.002350873313844204
0.005040183663368225
0.00649378402158618
0.005093038082122803
0.004699805285781622
0.004298021085560322
0.005857471842318773
0.005273404996842146
0.0024451036006212234
0.007586469873785973
0.005914829671382904
0.007401567883789539
0.004712843801826239
0.003708105767145753
0.007154230494052172
0.00360269658267498
0.005505809560418129
0.005210700444877148
0.004049848765134811
0.004280163440853357
0.009095845744013786
0.002478900831192732
0.005963499657809734
0.006709158420562744
0.003948505036532879
0.006375799886882305
0.006777720060199499
0.0033349976874887943
0.004720065277069807
0.003798207500949502
0.006837146822363138
0.006387181580066681
0.005644825287163258
0.005441945977509022
0.004450543317943811
0.00938268844038248
0.007056752685457468
0.003004851285368204
0.0030458825640380383
0.008559875190258026
0.0055794185027480125
0.0027583257760852575
0.0034095554146915674
0.003846455365419388
0.004995275754481554
0.0060590216889977455
0.005821171682327986
0.006632952019572258
0.005818767473101616
0.006974825169891119
0.00464286282658577
0.004903703462332487
0.003937908448278904
0.004882769659161568
0.008296613581478596
0.004573732148855925
0.0031542854849249125
0.004684970248490572
0.005673849023878574
0.006085213273763657
0.00444708950817585
0.003963240422308445
0.0037461481988430023
0.009659848175942898
0.00875092763453722
0.008422255516052246
0.0031432160176336765
0.004568695090711117
0.0058694081380963326
0.008501931093633175
0.0029156836681067944
0.0033721490763127804
0.005316241644322872
0.005102982744574547
0.004086309112608433
0.0022570276632905006
0.0019408015068620443
0.006723377387970686
0.0022321571595966816
0.00470627611503005
0.0012079726438969374
0.004327814094722271
0.0035665978211909533
0.0074603562243282795
0.0024713140446692705
0.028742153197526932
0.007187503855675459
0.004460963420569897
0.003321318421512842
0.002968737855553627
0.007794125005602837
0.004217932466417551
0.0033333227038383484
0.004574655555188656
0.0046773431822657585
0.002308242954313755
0.005303648300468922
0.01589169166982174
0.007594474591314793
0.0026990100741386414
0.0024098686408251524
0.00546846492215991
0.0036903093568980694
0.004141463898122311
0.004219438415020704
0.004997106269001961
0.005663729272782803
0.0056441971100866795
0.0038162712007761
0.007963491603732109
0.004660115577280521
0.0021885980386286974
0.0034232093021273613
0.007186343427747488
0.002280237153172493
0.005569192580878735
0.004443050362169743
0.005218460224568844
0.0028425424825400114
0.0030182255432009697
0.0034084422513842583
0.0061787087470293045
0.0035057137720286846
0.010520278476178646
0.004245961084961891
0.0026101020630449057
0.005147809628397226
0.003354707732796669
0.0016652860213071108
0.0024121056776493788
0.0059293643571436405
0.008324435912072659
0.00808741059154272
0.006255145184695721
0.0030631297267973423
0.004057393409311771
0.003953871317207813
0.0030935415998101234
0.0027386012952774763
0.0041667865589261055
0.003912447020411491
0.0011854540789499879
0.006623314693570137
0.0029437753837555647
0.0032955165952444077
0.006564208772033453
0.004920871928334236
0.002601039595901966
0.006053119897842407
0.005342468619346619
0.002456886461004615
0.004592607729136944
0.003434788901358843
0.004229588899761438
0.008675811812281609
0.004207901656627655
0.003124806797131896
0.004326414316892624
0.004916375502943993
0.0076165818609297276
0.005826402455568314
0.0031814854592084885
0.0030168076045811176
0.006191735155880451
0.0032035312615334988
0.002891847165301442
0.006423662416636944
0.004325265064835548
0.006196756847202778
0.004130844958126545
0.0024570804089307785
0.0033867124002426863
0.004373617470264435
0.005581595003604889
0.005628778133541346
0.010097954422235489
0.0028356618713587523
0.0026070212479680777
0.005126619711518288
0.003698413260281086
0.002826010575518012
0.0033697932958602905
0.003951698541641235
0.0028429669328033924
0.001766809611581266
0.0052077025175094604
0.0034079025499522686
0.010957309044897556
0.00212826463393867
0.006367046386003494
0.0048783509992063046
0.0027372518088668585
0.0028219916857779026
0.010232911445200443
0.003358944319188595
0.003789538284763694
0.0033937618136405945
0.003803383093327284
0.005123641341924667
0.003879076801240444
0.004499408416450024
0.006285453215241432
0.004688402637839317
0.005808788817375898
0.003885438432916999
0.0038295951671898365
0.003559194039553404
0.005271406844258308
0.004186255391687155
0.034723952412605286
0.0039071389473974705
0.0033466608729213476
0.0044234576635062695
0.002959899604320526
0.003466194961220026
0.004287597723305225
0.004374613054096699
0.003122734371572733
0.006015321239829063
0.007118948735296726
0.00604480504989624
0.0030581606552004814
0.0030452001374214888
0.0027272298466414213
0.004230319522321224
0.0023138830438256264
0.001597255584783852
0.002715814858675003
0.005960441194474697
0.005883898586034775
0.004437082447111607
0.0019073429284617305
0.003530706511810422
0.0023437379859387875
0.004384434781968594
0.006868485361337662
0.0028372632805258036
0.002449606079608202
0.0025249337777495384
0.003038751892745495
0.002733265981078148
0.006423294544219971
0.002302877139300108
0.006851154379546642
0.00512373773381114
0.0025881431065499783
0.0026542553678154945
0.005308927968144417
0.004830907564610243
0.004041362553834915
0.005558266304433346
0.005458319094032049
0.004826099146157503
0.00373036228120327
0.005458422005176544
0.0030177305452525616
0.0037755747325718403
0.0033018928952515125
0.0061324406415224075
0.005865827202796936
0.00467066653072834
0.002972446382045746
0.003413958940654993
0.0035292531829327345
0.0019465222721919417
0.003341710427775979
0.00623734388500452
0.002355889417231083
0.008376454003155231
0.0021740810479968786
0.0036548818461596966
0.002405955921858549
0.03116275556385517
0.002606074558570981
0.004196031950414181
0.0049354019574820995
0.009017727337777615
0.0037450571544468403
0.0030317693017423153
0.006754834204912186
0.004161354154348373
0.001413163379766047
0.0018790814792737365
0.005742010660469532
0.003509524976834655
0.005420784931629896
0.004126900807023048
0.005301224999129772
0.004540395922958851
0.006563588976860046
0.007034537382423878
0.002630232134833932
0.004338736645877361
0.00516890175640583
0.003693726845085621
0.00526858726516366
0.005339742172509432
0.00373641075566411
0.0032355557195842266
0.003059577662497759
0.010789573192596436
0.0033520888537168503
0.003520859405398369
0.005832860246300697
0.005351530387997627
0.0035448914859443903
0.005261541344225407
0.009436173364520073
0.006707562133669853
0.0033734634052962065
0.0036304527893662453
0.0037100762128829956
0.0025057531893253326
0.002096475102007389
0.0034503177739679813
0.0031483229249715805
0.00413875188678503
0.004384951665997505
0.0026797717437148094
0.0016410320531576872
0.002947564236819744
0.0035304389894008636
0.0030930517241358757
0.004107405431568623
0.004524401389062405
0.003691586432978511
0.002733748871833086
0.004510608501732349
0.0034170709550380707
0.004994030110538006
0.0369260273873806
0.0038966606371104717
0.0025551817379891872
0.0028371834196150303
0.002037630882114172
0.001895829918794334
0.0021064216271042824
0.006705933250486851
0.0011819072533398867
0.0018963494803756475
0.0038805599324405193
0.0023582405410706997
0.001996514620259404
0.0029238739516586065
0.0033749209251254797
0.0027823911514133215
0.0034765154123306274
0.006169987842440605
0.002046302892267704
0.002741314237937331
0.0020628406200557947
0.007376839406788349
0.00511791929602623
0.0023961071856319904
0.003950667101889849
0.0033411565236747265
0.0022573426831513643
0.001969214528799057
0.005464035086333752
0.004533019848167896
0.0021685080137103796
0.0030484769959002733
0.0032569831237196922
0.006810246035456657
0.0042196582071483135
0.0032066605053842068
0.002747767372056842
0.002602167660370469
0.0028817327693104744
0.0055631245486438274
0.003010593820363283
0.003415154991671443
0.002301414031535387
0.002748612081632018
0.0036297710612416267
0.004209787584841251
0.010071506723761559
0.0038584412541240454
0.005093241110444069
0.002400982426479459
0.005201227031648159
0.0022270656190812588
0.003937866073101759
0.003496615681797266
0.003099204506725073
0.00461619533598423
0.004406597465276718
0.0030778031796216965
0.002608291804790497
0.0016890746774151921
0.004228502046316862
0.006013405043631792
0.002416912466287613
0.0025908849202096462
0.0034662308171391487
0.0024204778019338846
0.004986335523426533
0.01124089676886797
0.005835786461830139
0.0029034665785729885
0.00399780785664916
0.0033770890440791845
0.0033291110303252935
0.004361724015325308
0.0033027888275682926
0.003010223852470517
0.003868184285238385
0.003395314095541835
0.003059055656194687
0.001778320875018835
0.0036495118401944637
0.005168486386537552
0.0018043691525235772
0.002058877144008875
0.0041878195479512215
0.005969288758933544
0.006295545492321253
0.0033217535819858313
0.0039361389353871346
0.002974248491227627
0.03052344173192978
0.0024680488277226686
0.002674415707588196
0.0024326536804437637
0.004863652400672436
0.0037347967736423016
0.002248424803838134
0.007589899003505707
0.0024921956937760115
0.002331262920051813
0.00479586236178875
0.006285195238888264
0.004671063274145126
0.0027240142226219177
0.003034719731658697
0.0035891011357307434
0.0023102869745343924
0.0026881832163780928
0.003563106060028076
0.0028649764135479927
0.0022166527342051268
0.0028926008380949497
0.003979851491749287
0.03062272258102894
0.0026871352456510067
0.002517212647944689
0.0020890452433377504
0.0017347726970911026
0.003565029241144657
0.0030502588488161564
0.004009546246379614
0.0021857307292521
0.002281654393300414
0.0024971067905426025
