0.24598996341228485
0.24581210315227509
0.24602416157722473
0.2456274926662445
0.24578435719013214
0.24580077826976776
0.24575477838516235
0.24558690190315247
0.24554365873336792
0.24556615948677063
0.24556028842926025
0.2454882562160492
0.244832381606102
0.24483151733875275
0.24497444927692413
0.24477939307689667
0.24436421692371368
0.244099959731102
0.24383601546287537
0.24374493956565857
0.24321123957633972
0.24351508915424347
0.24310021102428436
0.2423814833164215
0.24081644415855408
0.2411441206932068
0.2405576854944229
0.24057839810848236
0.23953211307525635
0.23722589015960693
0.235067218542099
0.23603540658950806
0.23402126133441925
0.23261873424053192
0.2323903888463974
0.2273149937391281
0.22949089109897614
0.2271367609500885
0.22986578941345215
0.22642041742801666
0.22419971227645874
0.22307351231575012
0.2201267033815384
0.2141827642917633
0.20743004977703094
0.1990712732076645
0.1995861977338791
0.190560445189476
0.1815478503704071
0.19467639923095703
0.16638502478599548
0.16711008548736572
0.14991582930088043
0.1467595249414444
0.12214630097150803
0.12284121662378311
0.11672552675008774
0.09738150984048843
0.09706559032201767
0.054699670523405075
0.07653675973415375
0.04603443667292595
0.02996203675866127
0.030876731500029564
0.031344782561063766
0.024488186463713646
0.016329172998666763
0.022804055362939835
0.01178011018782854
0.01614607311785221
0.0021123297046869993
0.004840647801756859
0.009326204657554626
0.009634537622332573
0.008586972951889038
0.01525026373565197
0.007374225649982691
0.009698735550045967
0.006014274898916483
0.007004608400166035
0.023410214111208916
0.017124583944678307
0.022783150896430016
0.00791695062071085
0.019839270040392876
0.01574915647506714
0.011703473515808582
0.026941517367959023
0.04792380332946777
0.024801943451166153
0.028244974091649055
0.02037937194108963
0.023616285994648933
0.018743200227618217
0.016315514221787453
0.016484450548887253
0.02266656793653965
0.01835448481142521
0.03326109051704407
0.022845184430480003
0.04203063249588013
0.05650268867611885
0.03091040439903736
0.03870590403676033
0.041635267436504364
0.024759789928793907
0.03915252164006233
0.03204537183046341
0.05000225827097893
0.041363395750522614
0.03644309937953949
0.05408347025513649
0.044124945998191833
0.03771431744098663
0.04848141968250275
0.0555531308054924
0.05989494174718857
0.06693112850189209
0.04752586409449577
0.056106217205524445
0.033578284084796906
0.05635567009449005
0.04755229130387306
0.043995507061481476
0.03895092383027077
0.04857174679636955
0.06390931457281113
0.05738476291298866
0.06240459159016609
0.05829622596502304
0.04536983743309975
0.057341065257787704
0.058026909828186035
0.052786268293857574
0.033278610557317734
0.03906432166695595
0.042654938995838165
0.06785839796066284
0.05207441374659538
0.03715696930885315
0.04718497395515442
0.0460413433611393
0.032204024493694305
0.040608473122119904
0.04190424829721451
0.031140292063355446
0.038939010351896286
0.037439290434122086
0.04036448895931244
0.02296658232808113
0.03782157227396965
0.023610230535268784
0.03165210410952568
0.02491503208875656
0.02689840830862522
0.03155302628874779
0.020136980339884758
0.021979203447699547
0.024918634444475174
0.017316358163952827
0.0207198653370142
0.01546233706176281
0.018957143649458885
0.01972992718219757
0.022707467898726463
0.020403392612934113
0.019834699109196663
0.03209787979722023
0.01589253917336464
0.01862475648522377
0.012746324762701988
0.012944946996867657
0.010122770443558693
0.012927633710205555
0.012434768490493298
0.011571635492146015
0.012732824310660362
0.009734801016747952
0.011180763132870197
0.012174423784017563
0.013926615938544273
0.012417877092957497
0.011053782887756824
0.01190146803855896
0.007586905267089605
0.01959589682519436
0.015399272553622723
0.005298953037708998
0.01490833517163992
0.007405723445117474
0.005627098493278027
0.01213090866804123
0.00896849762648344
0.01134426612406969
0.006890034768730402
0.01627192273736
0.004962541628628969
0.01035090908408165
0.005840406287461519
0.006779487710446119
0.005903725046664476
0.0076568033546209335
0.009386255405843258
0.007461416069418192
0.007646733429282904
0.0054513271898031235
0.009639416821300983
0.001477971556596458
0.009476162493228912
0.012241425924003124
0.004188045393675566
0.008997801691293716
0.004874226171523333
0.013055448420345783
0.007354267872869968
0.007181286811828613
0.006850777193903923
0.015352528542280197
0.012054355815052986
0.003296235576272011
0.005071359220892191
0.01800766959786415
0.007888893596827984
0.010743147693574429
0.0033110107760876417
0.006570237688720226
0.012712759897112846
0.005071221850812435
0.009708070196211338
0.007676808163523674
0.004363231360912323
0.007269517984241247
0.016463564708828926
0.011159053072333336
0.011373345740139484
0.006527859717607498
0.005710162688046694
0.003346615005284548
0.006149875931441784
0.005528680980205536
0.01866992563009262
0.011234607547521591
0.008741306141018867
0.008637296967208385
0.003506697015836835
0.008726498112082481
0.0034725454170256853
0.009940650314092636
0.011202452704310417
0.005907970014959574
0.007676425855606794
0.007691186387091875
0.017077865079045296
0.008681661449372768
0.005325499456375837
0.007944388315081596
0.007239459548145533
0.018162017688155174
0.014248759485781193
0.008760928176343441
0.004257667809724808
0.007949097082018852
0.011703325435519218
0.02303723618388176
0.0085543068125844
0.009913229383528233
0.010786553844809532
0.012773379683494568
0.009201092645525932
0.012742169201374054
0.009631406515836716
0.01180171500891447
0.008329201489686966
0.010136515833437443
0.0073601724579930305
0.012508613057434559
0.0050513409078121185
0.012151217088103294
0.020729681476950645
0.013630326837301254
0.004687239415943623
0.005854469258338213
0.008424093946814537
0.00803600437939167
0.011197864077985287
0.006873335689306259
0.006356229539960623
0.007431176956743002
0.009927541948854923
0.012050998397171497
0.00737121794372797
0.01004058588296175
0.00785750150680542
0.01232412550598383
0.013195440173149109
0.007251078728586435
0.011028742417693138
0.01157319825142622
0.018938535824418068
0.01289358176290989
0.0072552538476884365
0.013548105955123901
0.006732190027832985
0.011276374571025372
0.012735980562865734
0.00707747507840395
0.011150170117616653
0.011055812239646912
0.011450279504060745
0.009308861568570137
0.012641453184187412
0.009244865737855434
0.010559409856796265
0.008203994482755661
0.007727714255452156
0.013660863973200321
0.012130769900977612
0.01685531623661518
0.004186744336038828
0.012056134641170502
0.014247474260628223
0.01173879113048315
0.012414556927978992
0.02046790160238743
0.011712324805557728
0.01146688312292099
0.008801267482340336
0.011978020891547203
0.0147847980260849
0.012061746791005135
0.008189927786588669
0.013247434049844742
0.008334836922585964
0.012147391214966774
0.010388756170868874
0.007697517983615398
0.015176931396126747
0.006223591975867748
0.014612429775297642
0.007759007625281811
0.013067126274108887
0.0065649328753352165
0.023808058351278305
0.011168931610882282
0.014179427176713943
0.0097535140812397
0.01295962743461132
0.010572614148259163
0.00757639342918992
0.007261319551616907
0.010577529668807983
0.013603834435343742
0.01728818565607071
0.007305448409169912
0.009360255673527718
0.01247724611312151
0.011440086178481579
0.009432325139641762
0.011098802089691162
0.012715991586446762
0.014534110203385353
0.013759762980043888
0.007108128629624844
0.010888193733990192
0.01466493308544159
0.011361939832568169
0.018409093841910362
0.01152110006660223
0.011089612729847431
0.008492359891533852
0.010915860533714294
0.009630187414586544
0.019605975598096848
0.011399738490581512
0.017898721620440483
0.009056391194462776
0.011976171284914017
0.008039985783398151
0.011396227404475212
0.012526034377515316
0.0166880302131176
0.008100466802716255
0.010579521767795086
0.00952165573835373
0.016496356576681137
0.018050488084554672
0.019159676507115364
0.014706726185977459
0.006486075464636087
0.013424081727862358
0.01100215781480074
0.01115288957953453
0.009120013564825058
0.013387397862970829
0.010892302729189396
0.009725545533001423
0.022842422127723694
0.013468034565448761
0.008691934868693352
0.0060482327826321125
0.005915153305977583
0.008271961472928524
0.009404432028532028
0.008934328332543373
0.0052608102560043335
0.010182678699493408
0.014694648794829845
0.012129430659115314
0.0034313504584133625
0.012219763360917568
0.015494093298912048
0.007006855681538582
0.005022801924496889
0.009748969227075577
0.008302104659378529
0.013309977948665619
0.00933905504643917
0.008571834303438663
0.010926173999905586
0.009153480641543865
0.007205476518720388
0.010065156035125256
0.00585118168964982
0.010070792399346828
0.01135646179318428
0.011891934089362621
0.009493128396570683
0.0036881761625409126
0.004335823934525251
0.011643986217677593
0.013396583497524261
0.0034325788728892803
0.0058650001883506775
0.007442875765264034
0.006755239795893431
0.007812007796019316
0.008575201034545898
0.007679940201342106
0.003333455417305231
0.007420053705573082
0.008771191351115704
0.01382642611861229
0.003686813171952963
0.013034856878221035
0.013487100601196289
0.007155469618737698
0.004516080487519503
0.006230989936739206
0.009475932456552982
0.011813829652965069
0.00448518106713891
0.006834033876657486
0.007490471471101046
0.007284694816917181
0.012726238928735256
0.006725143175572157
0.005599848926067352
0.013785326853394508
0.010066966526210308
0.009517570957541466
0.006124909967184067
0.0067579192109405994
0.007944120094180107
0.0039173006080091
0.004773666616529226
0.008393020369112492
0.006553997285664082
0.005977090913802385
0.009297340176999569
0.0055497619323432446
0.006400644779205322
0.005777374375611544
0.012290224432945251
0.003283508587628603
0.01096116192638874
0.005967406556010246
0.004263486713171005
0.0030041940044611692
0.006025814916938543
0.005259017460048199
0.010408069007098675
0.008400333113968372
0.002187156118452549
0.01036015059798956
0.0036163562908768654
0.006054241210222244
0.006323890760540962
0.007357767783105373
0.011761604808270931
0.010406563989818096
0.0130348214879632
0.0050985924899578094
0.0036619193851947784
0.004320974461734295
0.003793118754401803
0.007017767056822777
0.004880969412624836
0.004421258345246315
0.003142743604257703
0.0004046678659506142
0.006328043062239885
0.0059983995743095875
0.007466540671885014
0.0029903114773333073
0.004660946317017078
0.004548906348645687
0.020847896113991737
0.0028486913070082664
0.0019788737408816814
0.0014964283909648657
0.006264896132051945
0.007247541099786758
0.0031356418039649725
0.005209169816225767
0.008287922479212284
0.003972976002842188
0.004656392149627209
0.007247318513691425
0.004536119289696217
0.01013122871518135
0.005701584741473198
0.0022835242561995983
0.00926155038177967
0.007276654243469238
0.006625323090702295
0.0047989641316235065
0.0032750421669334173
0.00464957719668746
0.0022131234873086214
0.0048618135042488575
0.00527930585667491
0.01350172609090805
0.0038243518210947514
0.0026927744038403034
0.007041757460683584
0.005410879850387573
0.006040612235665321
0.007320940960198641
0.004024193622171879
0.00482210423797369
0.0032734328415244818
0.004385080188512802
0.02042696252465248
0.0031876403372734785
0.005177067127078772
0.005224702414125204
0.001419904176145792
0.003839792450889945
0.005174499470740557
0.0041918945498764515
0.003639503614977002
0.003017643466591835
0.005059909541159868
0.004443034529685974
0.0014354658778756857
0.0067751724272966385
0.00411971565335989
0.006670570932328701
0.003986010793596506
0.0029067436698824167
0.006256181746721268
0.002513190731406212
0.004449339583516121
0.0030944757163524628
0.003195958910509944
0.003011877415701747
0.008693034760653973
0.0016205242136493325
0.00461181066930294
0.005023728124797344
0.0027759410440921783
0.005404180381447077
0.005380450282245874
0.0016701348358765244
0.003229305846616626
0.0016563029494136572
0.006021807435899973
0.005921491887420416
0.004488901700824499
0.0043594567105174065
0.003748886054381728
0.008696174249053001
0.006205886602401733
0.0017636734992265701
0.001431564916856587
0.007374995853751898
0.003559634555131197
0.0013156348140910268
0.0024109939113259315
0.0021736673079431057
0.00424292404204607
0.005275770556181669
0.004353631287813187
0.006021345965564251
0.0049085658974945545
0.00599865335971117
0.0035749373491853476
0.00409296527504921
0.0027279264759272337
0.0030387616716325283
0.007381637580692768
0.0029590213671326637
0.002397172851487994
0.0037225259002298117
0.005107218865305185
0.005096285603940487
0.003734801895916462
0.002283184789121151
0.0023237564601004124
0.009113306179642677
0.008321399800479412
0.007005626801401377
0.00220536720007658
0.0030504046007990837
0.004025531001389027
0.007660978008061647
0.0014412801247090101
0.0022656572982668877
0.004347741603851318
0.004279487766325474
0.0032296536955982447
0.001085197553038597
0.0008522802963852882
0.005816502030938864
0.0010568791767582297
0.0032353128772228956
0.00017501723777968436
0.0025594111066311598
0.00237092562019825
0.006700992584228516
0.00038880889769643545
0.026389412581920624
0.006457418203353882
0.0032477471977472305
0.002569174161180854
0.001973569393157959
0.005852432455867529
0.003257869742810726
0.0018746298737823963
0.0032308539375662804
0.0037185538094490767
0.000638082274235785
0.004178313072770834
0.015380588360130787
0.005687575321644545
0.001109883189201355
0.0003969412646256387
0.004599928855895996
0.0020895306952297688
0.00178887031506747
0.001741510583087802
0.003944125026464462
0.004214473534375429
0.004734930582344532
0.0022626759018749
0.006572157610207796
0.0033024954609572887
0.0010049189440906048
0.0018725006375461817
0.00606974121183157
0.0010525428224354982
0.004159723408520222
0.002987124025821686
0.004160824231803417
0.0013933407608419657
0.0014959899708628654
0.0015584235079586506
0.004189584869891405
0.0020016368944197893
0.008623145520687103
0.002547144191339612
0.0012818712275475264
0.003939866088330746
0.0021961068268865347
0.0002868587034754455
0.0005781283834949136
0.004075717180967331
0.0077805109322071075
0.0070223817601799965
0.004471685737371445
0.0011466892901808023
0.002680051838979125
0.002949743065983057
0.0016811616951599717
0.0009371447376906872
0.002135645132511854
0.0024763618130236864
0.00013947421393822879
0.00511260936036706
0.0013335425173863769
0.0015860206913203
0.005711164325475693
0.003913523629307747
0.0015274625038728118
0.004713724367320538
0.004005660768598318
0.0009348787716589868
0.0030871457420289516
0.0021493176463991404
0.0034916235599666834
0.007733279839158058
0.0026144173461943865
0.0008475421345792711
0.003340226598083973
0.003590829437598586
0.005865295883268118
0.004618263803422451
0.0023239741567522287
0.0015034881653264165
0.00429269764572382
0.0016472693532705307
0.001594549510627985
0.005380343180149794
0.0029633985832333565
0.0048488425090909
0.003179491264745593
0.0007328679785132408
0.002098849741742015
0.002186388010159135
0.004628712311387062
0.004939666949212551
0.008944276720285416
0.0016126536065712571
0.0014417864149436355
0.0036364400293678045
0.0025306150782853365
0.0006921057938598096
0.0015589531976729631
0.002330699935555458
0.0009023862658068538
0.0003251515736337751
0.00362299638800323
0.0021700868383049965
0.010934559628367424
0.0006024789763614535
0.00483892485499382
0.0035417932085692883
0.0011761578498408198
0.0014473475748673081
0.009418436326086521
0.0015085962368175387
0.0022684172727167606
0.0009131159167736769
0.0018937514396384358
0.003584954421967268
0.002121272264048457
0.003153676399961114
0.005847435910254717
0.0028897773008793592
0.003888108069077134
0.0025581237860023975
0.0021069098729640245
0.001374483690597117
0.003676041029393673
0.0027967419009655714
0.03147513419389725
0.002786490600556135
0.0017622103914618492
0.0031839946750551462
0.002065268810838461
0.0019661213736981153
0.002941061509773135
0.00199677050113678
0.0019929143600165844
0.003479285631328821
0.006178033538162708
0.0036171607207506895
0.001956706866621971
0.0017384429229423404
0.0010963613167405128
0.0028951503336429596
0.0007197222439572215
0.0004279101558495313
0.0009543547639623284
0.004537268541753292
0.0052375178784132
0.003037870628759265
0.00022825866471976042
0.0025603491812944412
0.0009070163359865546
0.002603405388072133
0.005398848094046116
0.0011500348336994648
0.0013751164078712463
0.0012158381287008524
0.0015971639659255743
0.0016409544041380286
0.005249733570963144
0.001113565289415419
0.004477123264223337
0.003941392991691828
0.0004294801619835198
0.0012465001782402396
0.0031902375631034374
0.0025525984819978476
0.0027447231113910675
0.004405381623655558
0.004293993581086397
0.002464459277689457
0.0020404397509992123
0.00427315104752779
0.0018501949962228537
0.0026515829376876354
0.001573924208059907
0.003845837200060487
0.0036225859075784683
0.0027603041380643845
0.0014722307678312063
0.0019900333136320114
0.0018763274420052767
0.0011270460672676563
0.002101027173921466
0.005015884060412645
0.0002802470698952675
0.007746177259832621
0.001070639817044139
0.002539722714573145
0.000737505208235234
0.026349108666181564
0.0012688193237408996
0.0020742660854011774
0.002411981113255024
0.007269031368196011
0.002419438911601901
0.0015847421018406749
0.005239908583462238
0.0017178617417812347
0.0003283111727796495
0.0007957204943522811
0.004098815377801657
0.0023428406566381454
0.004310394637286663
0.002547439420595765
0.0036597666330635548
0.0022178085055202246
0.0051728407852351665
0.006011016666889191
0.0007822640473023057
0.002616007812321186
0.0034775289241224527
0.002256866544485092
0.003887292928993702
0.003928018733859062
0.0022766736801713705
0.001659264089539647
0.0018458522390574217
0.009041571989655495
0.0021083459723740816
0.0013678434770554304
0.003950199112296104
0.004526255652308464
0.002154384972527623
0.0033431584015488625
0.007981833070516586
0.004912176169455051
0.0020051468163728714
0.0014906261349096894
0.002088276669383049
0.0007251150091178715
0.0005260623875074089
0.0011913194321095943
0.001897886861115694
0.003260358702391386
0.002108261687681079
0.0014344259398058057
0.0003009875654242933
0.001523502403870225
0.0026300668250769377
0.00192219705786556
0.0017774030566215515
0.0038986383005976677
0.0015159810427576303
0.0013863466447219253
0.0031985915265977383
0.0023748900275677443
0.0041068000718951225
0.033311083912849426
0.0023611998185515404
0.0006963114719837904
0.0012861593859270215
0.0005976932006888092
0.0002910862094722688
0.0009259869111701846
0.005174723453819752
0.00015267710841726512
0.0003699378576129675
0.002590014599263668
0.0007529393187724054
0.0003025565529242158
0.0016865422949194908
0.0015158187597990036
0.001094820094294846
0.0023211422376334667
0.0036638446617871523
0.0007293512462638319
0.0007126799318939447
0.0010394493583589792
0.005076526198536158
0.00308638415299356
0.000836635590530932
0.0021794706117361784
0.0014836745103821158
0.0010172839974984527
0.0004690050263889134
0.0032909386791288853
0.0032524392008781433
0.0005562275182455778
0.0012572386767715216
0.0017029744340106845
0.004512041341513395
0.0029264907352626324
0.0011719553731381893
0.0006379192345775664
0.0009658618364483118
0.0009475778788328171
0.0034861767198890448
0.001226478605531156
0.0015399452531710267
0.0005053016357123852
0.0013742548180744052
0.001164634944871068
0.002372592454776168
0.007434725761413574
0.002623226959258318
0.0031528943218290806
0.0007510132854804397
0.0034686396829783916
0.0006524024647660553
0.002884549554437399
0.001583426259458065
0.002022526925429702
0.0031823143362998962
0.0028337452095001936
0.0015636306488886476
0.0007979827933013439
0.00033052725484594703
0.002915776800364256
0.00482916459441185
0.0009282628307119012
0.0008811837760731578
0.0023987484164536
0.0008646124042570591
0.0030413190834224224
0.009944871068000793
0.0041103968396782875
0.0008771672728471458
0.00264380918815732
0.0019941271748393774
0.0017230536323040724
0.002359425649046898
0.0018633457366377115
0.0020237930584698915
0.0022589953150600195
0.0015659172786399722
0.0016608992591500282
0.0005461374530568719
0.002527686534449458
0.0036811120808124542
0.0006774154026061296
0.0009661016520112753
0.0025676495861262083
0.004142989404499531
0.003854870330542326
0.0018720929510891438
0.0028357820119708776
0.0012183628277853131
0.02617386169731617
0.0010182138066738844
0.0006508851074613631
0.0007399258902296424
0.004023199900984764
0.002204259391874075
0.0009664720855653286
0.0060851420275866985
0.0009040799923241138
0.0008147102198563516
0.003117172047495842
0.0032506482675671577
0.0034000168088823557
0.0012297705980017781
0.001385138020850718
0.001805438892915845
0.0009862028528004885
0.0010045404778793454
0.00238379230722785
0.0011145073221996427
0.0007645810255780816
0.0014638605061918497
0.002418244956061244
0.02499793842434883
0.001665173564106226
0.0009356435039080679
0.0006233036983758211
0.000553337624296546
0.0019674603827297688
0.0018311904277652502
0.0024569593369960785
0.00031666873837821186
0.0002649748348630965
0.0009616249590180814
