0.08875544369220734
0.088469959795475
0.08867137879133224
0.08830054849386215
0.08834297209978104
0.08855985105037689
0.08860534429550171
0.08834999054670334
0.08840343356132507
0.08808610588312149
0.08837190270423889
0.08826635777950287
0.08805200457572937
0.08801838010549545
0.0882459282875061
0.08803800493478775
0.0876225084066391
0.08747351169586182
0.08733558654785156
0.08759894967079163
0.0875466987490654
0.08690542727708817
0.08674877136945724
0.08650234341621399
0.08587660640478134
0.08629018813371658
0.08544468879699707
0.0855598971247673
0.08429235965013504
0.08478911966085434
0.08425616472959518
0.08354103565216064
0.08099498599767685
0.08059243112802505
0.08217890560626984
0.08168771117925644
0.07827608287334442
0.07964581996202469
0.07533471286296844
0.07713699340820312
0.07673469185829163
0.0727076381444931
0.07033427804708481
0.07108595222234726
0.0700431615114212
0.06416251510381699
0.06203794851899147
0.055038828402757645
0.06377933919429779
0.05744973197579384
0.053350403904914856
0.04339880868792534
0.03939572349190712
0.028775135055184364
0.03771449625492096
0.02486274763941765
0.02397884614765644
0.014690149575471878
0.017609573900699615
0.014581786468625069
0.011674714274704456
0.0046693854965269566
0.0036453502252697945
0.005126666743308306
0.0035559935495257378
0.003798515535891056
0.001835089409723878
0.001289963722229004
0.0027735948096960783
0.001799723133444786
0.0015753612387925386
0.0022321532014757395
0.0021384949795901775
0.0013999054208397865
0.0023613194935023785
0.0019795247353613377
0.00228953012265265
0.0022227060981094837
0.0021639142651110888
0.002079342259094119
0.0024680758360773325
0.0019987549167126417
0.0020832533482462168
0.0014768644468858838
0.00223634485155344
0.0016058386536315084
0.0016596227651461959
0.0030111295636743307
0.0018327704165130854
0.0020463489927351475
0.002035474870353937
0.0014548797626048326
0.0018076208652928472
0.0022964170202612877
0.0026532320771366358
0.0012620969209820032
0.0009765680879354477
0.0022573263850063086
0.0014437827048823237
0.0014539773110300303
0.0013122486416250467
0.0027303602546453476
0.0017838538624346256
0.002353235613554716
0.0018744162516668439
0.002989312866702676
0.001393201295286417
0.0017304315697401762
0.002004793379455805
0.0027902298606932163
0.023583007976412773
0.001945477444678545
0.0021069166250526905
0.0014813619200140238
0.0024994898121804
0.0025978118646889925
0.0028300355188548565
0.0017970784101635218
0.003988998476415873
0.002440905198454857
0.002855749800801277
0.004204222466796637
0.004213533829897642
0.0038204039447009563
0.001767377252690494
0.0035228438209742308
0.005903664045035839
0.002575314836576581
0.005848719738423824
0.002912319963797927
0.004711284302175045
0.006457678508013487
0.006463398225605488
0.004704138729721308
0.0069235279224812984
0.005254276096820831
0.005093185696750879
0.005337230861186981
0.00702765304595232
0.01620306447148323
0.005187815520912409
0.006062550935894251
0.004314798396080732
0.005253339186310768
0.0051493882201612
0.0051437621004879475
0.00446541840210557
0.006191828288137913
0.004733929876238108
0.005110201891511679
0.004638891201466322
0.007397858425974846
0.00581479212269187
0.00459982780739665
0.0059173135086894035
0.00920296460390091
0.004044019617140293
0.008306973613798618
0.004702824633568525
0.006370664108544588
0.007536084856837988
0.007953129708766937
0.00612229760736227
0.0077806380577385426
0.00713611813262105
0.005992300808429718
0.006215153727680445
0.008185936138033867
0.014192603528499603
0.005771456751972437
0.005031599197536707
0.005080695264041424
0.005265636835247278
0.005259119439870119
0.005226723849773407
0.004719939082860947
0.00594576308503747
0.0050744060426950455
0.005309500731527805
0.004358442034572363
0.006435465533286333
0.005592708010226488
0.004459494724869728
0.004813923966139555
0.008283247239887714
0.0036868329625576735
0.006685050670057535
0.004082030151039362
0.005856923758983612
0.006703246850520372
0.007206371519714594
0.004463478457182646
0.005902343895286322
0.005376512184739113
0.00426961574703455
0.005129111465066671
0.00584994163364172
0.012208671309053898
0.004309680312871933
0.003966926597058773
0.004168431740254164
0.0037159521598368883
0.0038426551036536694
0.003763749962672591
0.0034937141463160515
0.00428144121542573
0.0037656340282410383
0.0042540342546999454
0.0029155942611396313
0.004274499602615833
0.0042843809351325035
0.0026749270036816597
0.002772405743598938
0.0055090212263166904
0.0024593116249889135
0.003748631803318858
0.0026941667310893536
0.004347706213593483
0.004684156272560358
0.00426749512553215
0.003914274740964174
0.0037546493113040924
0.0030095481779426336
0.0022952225990593433
0.003602602519094944
0.003554078284651041
0.010310174897313118
0.002794779371470213
0.0026269981171935797
0.0021359329111874104
0.0024878347758203745
0.0023474127519875765
0.002289979951456189
0.0020345309749245644
0.0027831874322146177
0.0026052275206893682
0.0031976967584341764
0.0019037934252992272
0.0025394598487764597
0.0023551667109131813
0.002695400733500719
0.0015550930984318256
0.00309537211433053
0.0014841601951047778
0.0018266248516738415
0.0017973019275814295
0.0029665108304470778
0.002645298605784774
0.001996067352592945
0.002546443836763501
0.0016144970431923866
0.0016624743584543467
0.0010848697274923325
0.0027254323940724134
0.0022881869226694107
0.0087484922260046
0.001884512952528894
0.0016529983840882778
0.0009702396346256137
0.0016158674843609333
0.0014527833554893732
0.001407503616064787
0.0012115051504224539
0.001823852420784533
0.0018749863374978304
0.002577634295448661
0.0014421988744288683
0.0013538593193516135
0.0016803358448669314
0.0021785087883472443
0.000808952609077096
0.0019457077141851187
0.0010164163541048765
0.0008403602405451238
0.0014052412007004023
0.002075964817777276
0.0015617538010701537
0.0009599580080248415
0.0017581365536898375
0.001035718829371035
0.0017425644909963012
0.0006988905370235443
0.0021196480374783278
0.0017117859097197652
0.007383046206086874
0.0013450969709083438
0.001219147234223783
0.0006425896426662803
0.0011521419510245323
0.0011693798005580902
0.0011602516751736403
0.0009359936229884624
0.0013616346986964345
0.0014707408845424652
0.0021188384853303432
0.0012056255945935845
0.0008724390645511448
0.001584341167472303
0.00207275222055614
0.0006960438331589103
0.0007263583829626441
0.001031958614476025
0.0006591041455976665
0.0012315581552684307
0.0016366278287023306
0.001339138951152563
0.0008057575323618948
0.0013681757263839245
0.0008706091903150082
0.0013574645854532719
0.0011610391084104776
0.001700068823993206
0.0015730848535895348
0.00627312995493412
0.0011801859363913536
0.0010626227594912052
0.0006652966840192676
0.0010406931396573782
0.0010170916793867946
0.0011966244783252478
0.001263499609194696
0.0012101060710847378
0.0014109989861026406
0.0018448244081810117
0.0010711830109357834
0.0007906449609436095
0.0016094447346404195
0.0020761992782354355
0.0007156862411648035
0.0007682970026507974
0.0014324503717944026
0.000710618041921407
0.0011482300469651818
0.0014343723887577653
0.0012780717806890607
0.0008190117077901959
0.0012511947425082326
0.0008740727207623422
0.0011938343523070216
0.0012115812860429287
0.0008312048739753664
0.0015767288859933615
0.005389105528593063
0.0011113617802038789
0.0010690615745261312
0.0006918480503372848
0.0010751140071079135
0.000971465662587434
0.0012723641702905297
0.0013545604888349771
0.0008375215111300349
0.0014710183022543788
0.0017100044060498476
0.0010055694729089737
0.0008438738877885044
0.0016534823225811124
0.002074201125651598
0.0007611637120135128
0.000811409205198288
0.0014510321198031306
0.0013026305241510272
0.0011279413010925055
0.0013755757827311754
0.0012339612003415823
0.0008776495815254748
0.0012627039104700089
0.0009074966073967516
0.001157251768745482
0.001279685297049582
0.0009166216477751732
0.0012486109044402838
0.004779872018843889
0.001078303437680006
0.0011224427726119757
0.0007216852391138673
0.0011357876937836409
0.0009648544946685433
0.0013373841065913439
0.00143991329241544
0.0008674320997670293
0.0012764745624735951
0.001633452600799501
0.0010394518030807376
0.000918377423658967
0.0017093779752030969
0.002069666516035795
0.0008084222208708525
0.000849108851980418
0.0015091495588421822
0.001432156888768077
0.0008561823051422834
0.0013829089002683759
0.0011996043613180518
0.0009335228824056685
0.0013070537243038416
0.0009399754926562309
0.0011834922479465604
0.0013343341415748
0.0009839076083153486
0.0011889416491612792
0.0016780165024101734
0.0010587008437141776
0.0011773165315389633
0.0007481921929866076
0.0012028516503050923
0.000972050940617919
0.0013842231128364801
0.001507513807155192
0.0008914211066439748
0.0013330482179298997
0.0015985879581421614
0.001078748726285994
0.000978306052275002
0.0017712241970002651
0.0020589244086295366
0.0008457049843855202
0.000878777471370995
0.0015609655529260635
0.001533545320853591
0.0009065875201486051
0.0011585562024265528
0.0011691387044265866
0.0009721183450892568
0.0013512854930013418
0.0009661237127147615
0.001218640012666583
0.001373137580230832
0.0010309561621397734
0.0011603899765759706
0.001728528062812984
0.004089078865945339
0.001217301469296217
0.0007693367078900337
0.0012576573062688112
0.0009795542573556304
0.0014131953939795494
0.0015552296536043286
0.0009070128435268998
0.0013801965396851301
0.001635221065953374
0.0015572651755064726
0.001020433264784515
0.001827671774663031
0.002046112669631839
0.0008704590727575123
0.0008951384807005525
0.001595171052031219
0.001607266254723072
0.0009409573976881802
0.0011725404765456915
0.0014215025585144758
0.0010011957492679358
0.0013823589542880654
0.0009840006241574883
0.0012430677888914943
0.0013972941087558866
0.001059026806615293
0.0011439543450251222
0.0017626781482249498
0.003856100607663393
0.0010308756027370691
0.0007837075390852988
0.0012965236091986299
0.0009820670820772648
0.0014265148201957345
0.0015874728560447693
0.0009146736701950431
0.001413759309798479
0.00165386195294559
0.0015345962019637227
0.0011313676368445158
0.0018692570738494396
0.002026225673034787
0.0008839811780489981
0.0009006056352518499
0.0016121886437758803
0.0016569955041632056
0.0009618239710107446
0.0011793319135904312
0.0014299716567620635
0.0011598443379625678
0.0014005940174683928
0.0009938979055732489
0.001258892472833395
0.001409395132213831
0.001072363811545074
0.001126871444284916
0.0017813247395679355
0.0036416819784790277
0.0010181465186178684
0.0012579599861055613
0.0013230842305347323
0.0009793462231755257
0.0014281414914876223
0.0016068071126937866
0.0009156156447716057
0.001433570054359734
0.0016590887680649757
0.0015168804675340652
0.0011423473479226232
0.0010623191483318806
0.002000824548304081
0.0008886933792382479
0.0008981416467577219
0.001615081331692636
0.0016876551089808345
0.0009720625239424407
0.0011789628770202398
0.0014290391700342298
0.0011592379305511713
0.0010279746493324637
0.0009976737201213837
0.0012651177821680903
0.0014121924759820104
0.0010748099302873015
0.001108771888539195
0.0017861592350527644
0.0034575709141790867
0.0010035145096480846
0.0012641377979889512
0.0007927707047201693
0.0009729965822771192
0.001420960295945406
0.0016164614353328943
0.0009110398241318762
0.001443000277504325
0.0016543497331440449
0.001500396174378693
0.0011454311897978187
0.0010677370009943843
0.0019168935250490904
0.0008871660684235394
0.0008891627076081932
0.0016072283033281565
0.0017036335775628686
0.0009744682465679944
0.0011733169667422771
0.0014209987130016088
0.0011526477755978703
0.0010284334421157837
0.0014076115330681205
0.001264233491383493
0.0014083320274949074
0.0010696434183046222
0.0010893149301409721
0.001780538004823029
0.0033002893906086683
0.0009882438462227583
0.0012642688816413283
0.0007906036917120218
0.0013440841576084495
0.0014078387757763267
0.0016187416622415185
0.0009027721243910491
0.001444603898562491
0.0016416683793067932
0.0014847966376692057
0.0011422692332416773
0.0010663350112736225
0.0019262571586295962
0.0019451818661764264
0.000875926751177758
0.0015918428543955088
0.0017084808787330985
0.0009711665334179997
0.0011643777834251523
0.0014082016423344612
0.0011408630525693297
0.0010230386396870017
0.0013998267240822315
0.0009933589026331902
0.0013996507041156292
0.0010591823374852538
0.0010693457443267107
0.0017672452377155423
0.0031577288173139095
0.0009724219562485814
0.0012598395114764571
0.000785015057772398
0.0013422335032373667
0.0009545922512188554
0.0016155332559719682
0.0008922088891267776
0.0014406072441488504
0.001623636926524341
0.0014699130551889539
0.0011345469392836094
0.00106004998087883
0.0019287450704723597
0.0019190351013094187
0.0008732764981687069
0.0015711979940533638
0.0017051886534318328
0.0009639509371481836
0.0011531352065503597
0.0013925880193710327
0.0011257226578891277
0.001013797358609736
0.0013869128888472915
0.0009879042627289891
0.0012482610763981938
0.0010455885203555226
0.001049006124958396
0.0017493569757789373
0.00303913583047688
0.0009563054190948606
0.0012525174533948302
0.000777691078837961
0.0013352015521377325
0.0009446959011256695
0.001370666199363768
0.0008804919198155403
0.0014330201083794236
0.0016033881111070514
0.0014561819843947887
0.0011239454615861177
0.0010505870450288057
0.0019264055881649256
0.0018929213983938098
0.0008638367289677262
0.0008452782058157027
0.0016964853275567293
0.0009543802589178085
0.0011403848184272647
0.00137486238963902
0.0011089527979493141
0.0010022370843216777
0.0013710582861676812
0.000981194549240172
0.001236504758708179
0.0013745524920523167
0.001028629019856453
0.0017291003605350852
0.00293743540532887
0.0009403341682627797
0.001243465580046177
0.0007688714540563524
0.0013247658498585224
0.0009345306898467243
0.0013504751259461045
0.0015998882008716464
0.0014232761459425092
0.001581559656187892
0.0014435711782425642
0.0011117251124233007
0.001039263210259378
0.0019211581675335765
0.0018670804565772414
0.0008538185502402484
0.0008302296046167612
0.0015223212540149689
0.0009435986285097897
0.0011267713271081448
0.001356172957457602
0.0010917953914031386
0.0009895338444039226
0.0013535021571442485
0.0009740240056999028
0.0012233367888256907
0.0013609405141323805
0.0010141663951799273
0.0017079130047932267
0.002854692516848445
0.0009251206065528095
0.001233649905771017
0.0007592556066811085
0.0013123463140800595
0.0009245473193004727
0.001329647609964013
0.0015901683364063501
0.0008559193229302764
0.0015597835881635547
0.0014320432674139738
0.001098742475733161
0.0010270531056448817
0.0019140549702569842
0.0018420633859932423
0.0008437700453214347
0.0008153623784892261
0.0014978839317336679
0.0016707370523363352
0.001112738042138517
0.001337044988758862
0.0010748584754765034
0.0009763774578459561
0.001335246954113245
0.0009667356498539448
0.0012095343554392457
0.0013468280667439103
0.0009985114447772503
0.0009894538670778275
0.002783803502097726
0.0009105865028686821
0.0012236220063641667
0.0007495162426494062
0.0012987133814021945
0.0009149543475359678
0.0013088128762319684
0.001579688279889524
0.0008443219703622162
0.0014013524632900953
0.0014213750837370753
0.0010855091968551278
0.0010143968975171447
0.0019061955390498042
0.0018180260667577386
0.000833960366435349
0.0008007888682186604
0.0014735708246007562
0.0016563693061470985
0.0009206397808156908
0.0013185929274186492
0.0010585221461951733
0.0009632990695536137
0.0013169285375624895
0.0009596234885975718
0.0011957514798268676
0.001332731219008565
0.000983165460638702
0.0009713699109852314
0.001666632597334683
0.0008970906492322683
0.0012137620942667127
0.0007398010930046439
0.0012847257312387228
0.0009059419389814138
0.001288454863242805
0.0015690572327002883
0.0008332589059136808
0.001390598015859723
0.001517021213658154
0.001072464743629098
0.001001824508421123
0.001898013986647129
0.0017951978370547295
0.0008247305522672832
0.0007869491819292307
0.0014499741373583674
0.0016416482394561172
0.0009096686844713986
0.001084878109395504
0.0010431701084598899
0.0009506864589639008
0.0012989426031708717
0.0009528971277177334
0.0011823729146271944
0.0013188329758122563
0.0009683736716397107
0.0009535399731248617
0.0016485614469274879
0.002674151211977005
0.0012041098671033978
0.0007301779114641249
0.0012707486748695374
0.0008974435622803867
0.0012685715919360518
0.0015584140783175826
0.0008227506768889725
0.0013800256419926882
0.0014967727474868298
0.001404649461619556
0.0009895309340208769
0.0018897632835432887
0.001773635856807232
0.0008161053410731256
0.000773847394157201
0.001427255105227232
0.0016266765305772424
0.000898964237421751
0.0010717398254200816
0.0012850981438532472
0.0009385723969899118
0.0012813281500712037
0.0009465886978432536
0.0011695838766172528
0.0013052604626864195
0.0009541541221551597
0.0009363844874314964
0.0016312042716890574
0.002636168384924531
0.0008740627090446651
0.0007209525210782886
0.0012569144601002336
0.0008895414066500962
0.001249245717190206
0.0015481654554605484
0.0008129006018862128
0.001369674690067768
0.0014774675946682692
0.0013984593097120523
0.0010473249712958932
0.0018817990785464644
0.001753730233758688
0.0008080690167844296
0.000761592760682106
0.0014058607630431652
0.0016120020300149918
0.0008887142757885158
0.0010592601029202342
0.0012710350565612316
0.0010150675661861897
0.0012645041570067406
0.0009408497135154903
0.0011576106771826744
0.0012922134483233094
0.0009407616453245282
0.000920252176001668
0.0016149894800037146
0.0026010905858129263
0.0008645678753964603
0.001186417997814715
0.0012436783872544765
0.0008822637610137463
0.0012308949371799827
0.0015384979778900743
0.0008037802763283253
0.0013598502846434712
0.0014595588436350226
0.0013923580991104245
0.001036174246110022
0.0009664620156399906
0.0017355058807879686
0.00080074806464836
0.0007501905784010887
0.0013862313935533166
0.0015980855096131563
0.0008790778229013085
0.001047713216394186
0.0012587442761287093
0.0010029675904661417
0.0009162179194390774
0.0009357165545225143
0.0011465412098914385
0.0012798040406778455
0.0009282552637159824
0.0009054018300957978
0.0016001317417249084
0.0025695008225739002
0.0008555304957553744
0.001178994425572455
0.000704017817042768
0.0008756121969781816
0.0012136446312069893
0.0015294982586055994
0.0007953553576953709
0.001350968610495329
0.001442671986296773
0.0013865625951439142
0.0010257415706291795
0.0009563259081915021
0.0018682011868804693
0.0007941112853586674
0.0007397955050691962
0.0013684979639947414
0.0015850762138143182
0.0008701248443685472
0.0010373365366831422
0.0012477285927161574
0.0009918689029291272
0.0009065369376912713
0.001234023249708116
0.0011364372912794352
0.0012681328225880861
0.0009166761301457882
0.000891862204298377
0.0015867295442149043
0.0025407178327441216
0.0008469976019114256
0.0011721188202500343
0.000696567352861166
0.0012193260481581092
0.0011974903754889965
0.0015212252037599683
0.0007876520394347608
0.0013428822858259082
0.0014269249513745308
0.0013811204116791487
0.0010160375386476517
0.0009468995849601924
0.0018630323465913534
0.001703920541331172
0.0007302617887035012
0.00135198759380728
0.0015729174483567476
0.0008617887506261468
0.001027772668749094
0.0012377083767205477
0.0009816802339628339
0.0008977142861112952
0.0012206844985485077
0.0009271578164771199
0.0012570673134177923
0.0009058751165866852
0.0008796784095466137
0.0015747268917039037
0.002514455933123827
0.0008394282776862383
0.001165746129117906
0.000689616659656167
0.0012085442431271076
0.0008642204920761287
0.0015136494766920805
0.0007805659552104771
0.0013358176220208406
0.0014126019086688757
0.0013761643785983324
0.001006962964311242
0.0009381066192872822
0.0018580362666398287
0.0016909930855035782
0.0007825919310562313
0.0013366562779992819
0.0015615251613780856
0.0008540292619727552
0.001019069692119956
0.0012285651173442602
0.0009723952389322221
0.0008898881496861577
0.0012080938322469592
0.0009238243801519275
0.0011190068908035755
0.0008959174156188965
0.0008692884584888816
0.00156448467168957
0.0024905866011977196
0.0008330231648869812
0.0011599338613450527
0.0006832454819232225
0.0011985552264377475
0.0008595975814387202
0.0011683441698551178
0.0007741269655525684
0.0013296232791617513
0.0013996261404827237
0.001371521968394518
0.0009986363584175706
0.000930046197026968
0.0018535938579589128
0.0016787007916718721
0.0007778849103488028
0.0007134158513508737
0.0015511004021391273
0.0008469437598250806
0.0010113186435773969
0.001220487873069942
0.000964104721788317
0.0008827956044115126
0.0011963571887463331
0.0009209529380314052
0.0011120382696390152
0.001237019314430654
0.0008597659762017429
0.0015559045132249594
0.002468785969540477
0.0008275534491986036
0.0011546921450644732
0.0006773997447453439
0.0011894427007064223
0.0008552538929507136
0.0011557337129488587
0.0015009607886895537
0.001324098790064454
0.0013880146434530616
0.0013670343905687332
0.0009910636581480503
0.0009227543487213552
0.0018497132696211338
0.0016670895274728537
0.0007737596170045435
0.0007062698132358491
0.0013096141628921032
0.0008405541302636266
0.0010043596848845482
0.001213417504914105
0.0009566735825501382
0.0008771789143793285
0.0011854582699015737
0.0009185716044157743
0.0011059435782954097
0.001228419365361333
0.0008783623925410211
0.0015480421716347337
0.0024502803571522236
0.0008226085337810218
0.0011500524124130607
0.0006720907986164093
0.0011812688317149878
0.0008512164931744337
0.001143887871876359
0.0014960748376324773
0.0007630684413015842
0.0013775986153632402
0.0013626203872263432
0.0009841762948781252
0.0009162138449028134
0.0018463598098605871
0.0016562214586883783
0.0007701868307776749
0.0006997373420745134
0.0012982554035261273
