0.002852364908903837
0.002824511844664812
0.0028361512813717127
0.0029582930728793144
0.002831235295161605
0.0028368658386170864
0.002813580445945263
0.0028342523146420717
0.0028355394024401903
0.002766428282484412
0.0027699857018887997
0.0027949565555900335
0.0028456300497055054
0.00280049629509449
0.0028551972936838865
0.0027591679245233536
0.002799857407808304
0.0028377899434417486
0.0028107475955039263
0.0027944580651819706
0.002798474160954356
0.0027944850735366344
0.002830209443345666
0.0028793553356081247
0.002795491134747863
0.0027333826292306185
0.0027346955612301826
0.002844329457730055
0.0028366062324494123
0.002780376700684428
0.002833097707480192
0.002806175034493208
0.0027940876316279173
0.0028211066965013742
0.002800782909616828
0.002877255203202367
0.002703912789002061
0.002871939679607749
0.002805146388709545
0.00279594911262393
0.002792537910863757
0.002818585839122534
0.002731628715991974
0.0029002144001424313
0.0027667752001434565
0.0027533015236258507
0.0028222582768648863
0.0027863350696861744
0.002756991423666477
0.002734146546572447
0.002731878310441971
0.0027243271470069885
0.0027529539074748755
0.0027150274254381657
0.0026812050491571426
0.0026664368342608213
0.0026674349792301655
0.002651359885931015
0.0026213196106255054
0.0027630154509097338
0.002648804569616914
0.002702657599002123
0.0026926314458251
0.00265987659804523
0.0027100250590592623
0.0027913637459278107
0.0027421622071415186
0.002750283805653453
0.0027960350271314383
0.0029855482280254364
0.002791115315631032
0.0031027025543153286
0.0028911165427416563
0.002801537746563554
0.0029896164778620005
0.0028471220284700394
0.002999621443450451
0.0029020789079368114
0.002800147281959653
0.0030084033496677876
0.002976678777486086
0.0029700251761823893
0.003009689273312688
0.0028954437002539635
0.002869589254260063
0.0030380384996533394
0.0028113455045968294
0.0028419634327292442
0.0028306024614721537
0.0028108758851885796
0.0028113466687500477
0.002922752173617482
0.0028230762109160423
0.002779389964416623
0.0030212332494556904
0.0028616050258278847
0.0028054085560142994
0.0027746353298425674
0.00280562206171453
0.0030815512873232365
0.003048079553991556
0.0031071873381733894
0.0033567268401384354
0.0032983641140162945
0.003204712877050042
0.003655423875898123
0.0033126259222626686
0.003465288784354925
0.0039579723961651325
0.0038806830998510122
0.003299074713140726
0.0035650236532092094
0.0037884595803916454
0.003533985000103712
0.0037321229465305805
0.00347457779571414
0.0035710702650249004
0.0031828535720705986
0.0036263989750295877
0.0037968852557241917
0.003452709410339594
0.002935894066467881
0.003334101289510727
0.003370648482814431
0.0030872628558427095
0.003306363243609667
0.0033639902248978615
0.003221974242478609
0.0035527332220226526
0.0031845320481806993
0.0033626281656324863
0.0035017679911106825
0.003187290858477354
0.0034179009962826967
0.003516450524330139
0.003434564219787717
0.003424104768782854
0.0034857019782066345
0.0038933097384870052
0.003856989787891507
0.004305638372898102
0.0036594392731785774
0.00355648435652256
0.003565313294529915
0.005005607381463051
0.004953233990818262
0.004378948826342821
0.0046062711626291275
0.004361671395599842
0.003993910737335682
0.004933598451316357
0.003700779052451253
0.005404247902333736
0.003831174923107028
0.004074835684150457
0.0043103969655931
0.003594879060983658
0.00527548510581255
0.0053155976347625256
0.0036354688927531242
0.0043882327154278755
0.0037271748296916485
0.003480918938294053
0.004007475450634956
0.004056693986058235
0.0033035376109182835
0.0039121597073972225
0.00378209981136024
0.00322125107049942
0.004004402551800013
0.003303093835711479
0.0030991751700639725
0.0036181285977363586
0.0036545628681778908
0.0036635282449424267
0.003177390433847904
0.0038739903829991817
0.0033330130390822887
0.0037439526058733463
0.003670182079076767
0.003473378252238035
0.004133093636482954
0.003992511425167322
0.0038740173913538456
0.0038566209841519594
0.00377201521769166
0.003399658016860485
0.0035588210448622704
0.0039289649575948715
0.0036895256489515305
0.003346493933349848
0.004263570997864008
0.003976833075284958
0.004966409411281347
0.004745138809084892
0.00482840184122324
0.0038843313232064247
0.004513360559940338
0.004090962465852499
0.004044341389089823
0.004802869167178869
0.0038355044089257717
0.004717905540019274
0.004736598581075668
0.004305551759898663
0.005566977895796299
0.003860505297780037
0.005119817331433296
0.0045154523104429245
0.004955071955919266
0.004109854809939861
0.0038929348811507225
0.0036880746483802795
0.005972051527351141
0.003921106923371553
0.004484051838517189
0.004388416185975075
0.00438174232840538
0.003975612111389637
0.003874987130984664
0.0036552706733345985
0.003532207105308771
0.003529716981574893
0.0038459456991404295
0.004166243597865105
0.0035672010853886604
0.0035722898319363594
0.004054211545735598
0.0038898345082998276
0.0041025676764547825
0.0033796450588852167
0.003119813743978739
0.0035790838301181793
0.003715571016073227
0.003232094459235668
0.0031239741947501898
0.003386215539649129
0.0033062670845538378
0.0029154676012694836
0.0038450181018561125
0.0029919107910245657
0.003398672677576542
0.003426042851060629
0.0031132835429161787
0.004213531035929918
0.003345075761899352
0.0032482489477843046
0.0033873633947223425
0.0037931911647319794
0.003062664298340678
0.0031948445830494165
0.0030950699001550674
0.0030839501414448023
0.00330445752479136
0.002988979686051607
0.002981690689921379
0.003650977276265621
0.003175961086526513
0.003015931462869048
0.003161774715408683
0.003540954552590847
0.003312314860522747
0.003119755769148469
0.003604318480938673
0.0033425879664719105
0.0030405446887016296
0.0038691493682563305
0.003079981543123722
0.0034685074351727962
0.003838806878775358
0.003084183670580387
0.0034947958774864674
0.00350993312895298
0.0029479782097041607
0.0032418877817690372
0.0029895163606852293
0.0034237587824463844
0.0032049703877419233
0.0031724204309284687
0.0032801469787955284
0.003316414076834917
0.0033801901154220104
0.003446100279688835
0.0030720471404492855
0.0029665117617696524
0.003368573961779475
0.003304634941741824
0.0032179250847548246
0.003359915455803275
0.0033000041730701923
0.00321346428245306
0.0032064183615148067
0.0035074453335255384
0.003167914692312479
0.003449356183409691
0.0034927858505398035
0.0031317402608692646
0.0029339466709643602
0.0036831118632107973
0.0041526928544044495
0.0032413951121270657
0.003357035107910633
0.003048594808205962
0.0038429549895226955
0.0033546241465955973
0.0028798740822821856
0.0035258359275758266
0.003256307914853096
0.0033142943866550922
0.003452813718467951
0.0034975942689925432
0.0033759926445782185
0.003655705600976944
0.003666194621473551
0.0028948436956852674
0.00315818190574646
0.003701495472341776
0.0030308817513287067
0.003349853213876486
0.0030419849790632725
0.0034250416792929173
0.0034496134612709284
0.003192089032381773
0.003326704492792487
0.0032327943481504917
0.003647696226835251
0.0030568535439670086
0.0031257839873433113
0.0036618118174374104
0.0032647037878632545
0.0031852717511355877
0.003473764518275857
0.003190884832292795
0.003227885812520981
0.0033554709516465664
0.003106810385361314
0.0033236192539334297
0.0031517604365944862
0.0033027012832462788
0.003247673623263836
0.0032854375895112753
0.0032185264863073826
0.0034255734644830227
0.0033906102180480957
0.0032633310183882713
0.003248881082981825
0.0030972689855843782
0.002959468401968479
0.0031043647322803736
0.003221122082322836
0.0027883993461728096
0.003148786025121808
0.002871260978281498
0.002954465337097645
0.0031871497631073
0.002741957316175103
0.0031801951117813587
0.0028527455870062113
0.0032829325646162033
0.0029411152936518192
0.0030953637324273586
0.0028163280803710222
0.0031233816407620907
0.00298701087012887
0.002993249334394932
0.0029926723800599575
0.003055127337574959
0.00322203291580081
0.0028369890060275793
0.002986152656376362
0.003627215977758169
0.0028580650687217712
0.0030212360434234142
0.0026267729699611664
0.0029911890160292387
0.00298780994489789
0.00313694030046463
0.0029326106887310743
0.0033680659253150225
0.0029810708947479725
0.0029141223058104515
0.002704882761463523
0.0029582760762423277
0.00282581290230155
0.002693913644179702
0.0029726785141974688
0.0027315039187669754
0.0030169603414833546
0.0027525490149855614
0.002813383238390088
0.002743697026744485
0.0028096609748899937
0.0028940411284565926
0.0028423708863556385
0.0028701177798211575
0.0027813154738396406
0.0030747198034077883
0.002931097522377968
0.0029552998021245003
0.003093191422522068
0.0028213111218065023
0.0026487698778510094
0.002924975473433733
0.0027613285928964615
0.0028170724399387836
0.0028580937068909407
0.0027430886402726173
0.0027315213810652494
0.0027897246181964874
0.0027402322739362717
0.0026867552660405636
0.002779180882498622
0.0026516071520745754
0.002808854915201664
0.0026861908845603466
0.0027070597279816866
0.002681494690477848
0.0028514142613857985
0.0027236472815275192
0.0027310093864798546
0.002666732296347618
0.0027266056276857853
0.0025920579209923744
0.002673971699550748
0.00276669068261981
0.0027680371422320604
0.0027112059760838747
0.002651545684784651
0.0027769433800131083
0.00277120154350996
0.002799438312649727
0.002639153739437461
0.0027773978654295206
0.00269879586994648
0.0027167326770722866
0.0026835771277546883
0.0027490791399031878
0.0027368657756596804
0.002740873023867607
0.0026810206472873688
0.0026520807296037674
0.0028163993265479803
0.002746031852439046
0.002847934840247035
0.0028499471955001354
0.002734267618507147
0.0027290054131299257
0.002691887551918626
0.002921639010310173
0.002709220862016082
0.002605684567242861
0.0028210680466145277
0.002759069437161088
0.0027991102542728186
0.002770512131974101
0.0026855701580643654
0.002830999903380871
0.0029159279074519873
0.002747703343629837
0.002704208018258214
0.002728529740124941
0.0026935148052871227
0.002755940891802311
0.0027938757557421923
0.0028102598153054714
0.0028535055462270975
0.002772755455225706
0.0029317340813577175
0.002671588212251663
0.002651281887665391
0.002724137157201767
0.002908923663198948
0.0027055677492171526
0.0028231178876012564
0.00277865887619555
0.0026553880888968706
0.002819993533194065
0.002767370780929923
0.0028839646838605404
0.0029568492900580168
0.0026735877618193626
0.0027051838114857674
0.0028182570822536945
0.0027995228301733732
0.0027204842772334814
0.002939615398645401
0.0026919269002974033
0.002755714813247323
0.002773193409666419
0.002817896893247962
0.002733298810198903
0.0027607413940131664
0.0026249773800373077
0.002855867613106966
0.002852317411452532
0.0026731451507657766
0.002700514392927289
0.0027232517022639513
0.0026301024481654167
0.0028415569104254246
0.00287894275970757
0.0027363006956875324
0.0028871996328234673
0.0027320643421262503
0.0028551947325468063
0.0027247206307947636
0.002832551719620824
0.002988718915730715
0.0027342101093381643
0.0027687172405421734
0.0026607587933540344
0.002630903385579586
0.0028936651069670916
0.0026611718349158764
0.0027866605669260025
0.002718247938901186
0.0026810243725776672
0.002696931827813387
0.002651570364832878
0.0027564323972910643
0.0027489170897752047
0.0027164239436388016
0.0028141208458691835
0.002786726225167513
0.0028777141124010086
0.002565103815868497
0.002733219414949417
0.0027509944047778845
0.002737458096817136
0.0026719444431364536
0.0027108527719974518
0.002736668800935149
0.002664867788553238
0.0028243085835129023
0.0026661467272788286
0.0026889084838330746
0.0027962648309767246
0.0027476935647428036
0.0027995265554636717
0.0027002026326954365
0.002750220475718379
0.002825910458341241
0.0028200200758874416
0.002745391335338354
0.0029110645409673452
0.002809243742376566
0.002723616547882557
0.002680238103494048
0.002716565504670143
0.0028262988198548555
0.0028057482559233904
0.0027862784918397665
0.002750219777226448
0.002769378013908863
0.0026354072615504265
0.0026802760548889637
0.0027393957134336233
0.0026496180798858404
0.0026314142160117626
0.002681853948161006
0.0026799170300364494
0.002682676538825035
0.002660779980942607
0.002618030644953251
0.002679798984900117
0.002616973128169775
0.002665884094312787
0.00270553189329803
0.002592498902231455
0.00265662744641304
0.002691296860575676
0.002701508579775691
0.0026060370728373528
0.002757037989795208
0.0026598230469971895
0.002628001617267728
0.00262007350102067
0.002642484148964286
0.002733801258727908
0.00263920403085649
0.002618466503918171
0.0026530970353633165
0.0025696202646940947
0.0026081139221787453
0.0026035334449261427
0.0026163049042224884
0.002646379405632615
0.0026124073192477226
0.0025918001774698496
0.002600067527964711
0.0026165833696722984
0.0025997317861765623
0.002630181610584259
0.0026130557525902987
0.0025929403491318226
0.002636292949318886
0.002664320869371295
0.0025959063787013292
0.0026007688138633966
0.002663001185283065
0.002620998304337263
0.002628062618896365
0.0026134499348700047
0.0025786093901842833
0.0026038051582872868
0.002613573335111141
0.00258446391671896
0.0026639339048415422
0.002622400177642703
0.0026062335819005966
0.0025708540342748165
0.0025473737623542547
0.0026090475730597973
0.002594262594357133
0.002579267369583249
0.0026125540025532246
0.0025591047015041113
0.0026350701227784157
0.0025721995625644922
0.0026319827884435654
0.00255181104876101
0.0025714829098433256
0.0025563957169651985
0.00256403349339962
0.0025798501446843147
0.002642761915922165
0.0026380103081464767
0.0025576867628842592
0.002615060191601515
0.002554782433435321
0.002567968564108014
0.002615518169477582
0.002576660830527544
0.0026242113672196865
0.002571613760665059
0.0026163477450609207
0.00255944742821157
0.002575923688709736
0.002661304548382759
0.0026140669360756874
0.0025417746510356665
0.0025803965982049704
0.002611694857478142
0.002565317554399371
0.002591547090560198
0.0026059129741042852
0.0025984563399106264
0.0025914772413671017
0.0025980581995099783
0.0025832040701061487
0.002571954159066081
0.002561112167313695
0.0025604143738746643
0.002568698488175869
0.0025681904517114162
0.0025520019698888063
0.0025654234923422337
0.002583651803433895
0.0025401082821190357
0.002596472855657339
0.0025372605305165052
0.002569689881056547
0.0025831202510744333
0.0025567999109625816
0.002572172088548541
0.0025615980848670006
0.0026150690391659737
0.002524498850107193
0.002626582747325301
0.002568191150203347
0.002603366272523999
0.0025719900149852037
0.0025960819330066442
0.002577112289145589
0.0025638174265623093
0.002644560532644391
0.00254753022454679
0.002578987739980221
0.0025455267168581486
0.002592189237475395
0.0025886723306030035
0.0025436494033783674
0.002567199757322669
0.00257324380800128
0.002573329024016857
0.0025887778028845787
0.002538140630349517
0.0025887435767799616
0.002608680631965399
0.002576248487457633
0.0025787237100303173
0.002549197990447283
0.002557937288656831
0.0025966691318899393
0.0025619775988161564
0.0025971955619752407
0.0025694069918245077
0.002567476825788617
0.0025534823071211576
0.002590035554021597
0.0026264283806085587
0.002640513237565756
0.0025522722862660885
0.002596859121695161
0.0026176495011895895
0.002562552457675338
0.0025922285858541727
0.002555675571784377
0.0025921526830643415
0.002527890494093299
0.002611620118841529
0.0025654658675193787
0.0025734328664839268
0.0025606025010347366
0.0025521484203636646
0.0025743748992681503
0.0025968453846871853
0.0025330819189548492
0.0026507372967898846
0.0025593454483896494
0.0025720589328557253
0.0025862224865704775
0.0025827062781900167
0.0025405322667211294
0.0025717178359627724
0.002570921555161476
0.0025318064726889133
0.002634794218465686
0.0026209598872810602
0.0025862446054816246
0.0025762415025383234
0.00256629497744143
0.002545327180996537
0.002546149305999279
0.0025850378442555666
0.0025774305686354637
0.0025787586346268654
0.0025885794311761856
0.002567581832408905
0.0025482496712356806
0.0025482908822596073
0.0025350817013531923
0.0026225256733596325
0.002555424813181162
0.002652124036103487
0.0025746284518390894
0.0025636316277086735
0.002582492306828499
0.0025919475592672825
0.0025834981352090836
0.0025703012943267822
0.002560834400355816
0.0025416493881493807
0.002546891802921891
0.002580751432105899
0.0026278274599462748
0.002545246621593833
0.002606907393783331
0.0025802250020205975
0.002553625265136361
0.0025421648751944304
0.00258786347694695
0.0025784645695239305
0.002577737905085087
0.002535225125029683
0.002554791048169136
0.0025736752431839705
0.0025584688410162926
0.0025581377558410168
0.0025783823803067207
0.002537776017561555
0.002559822052717209
0.002552004996687174
0.0025367559865117073
0.002578362124040723
0.0025525130331516266
0.002570001408457756
0.0025442717596888542
0.002546454779803753
0.0025539607740938663
0.0025520557537674904
0.0025588234420865774
0.002550465054810047
0.0025491879787296057
0.002547255950048566
0.002542475936934352
0.002533498452976346
0.0025397795252501965
0.0025466885417699814
0.002558695152401924
0.00255797547288239
0.0025671347975730896
0.0025551472790539265
0.002556780120357871
0.0025565826799720526
0.0025652521289885044
0.0025369746144860983
0.0025401352904736996
0.0025596297346055508
0.0025562583468854427
0.002549553057178855
0.002543947659432888
0.0025534131564199924
0.00254629529081285
0.002556328661739826
0.0025696030352264643
0.0025396537967026234
0.0025463667698204517
0.002549464115872979
0.0025588299613445997
0.002521023852750659
0.0025400198064744473
0.00253555690869689
0.0025581601075828075
0.0025310483761131763
0.0025462962221354246
0.0025377480778843164
0.0025208648294210434
0.0025589526630938053
0.0025867775548249483
0.002542501548305154
0.0025478966999799013
0.0025389736983925104
0.002552752150222659
0.0025663396809250116
0.0025435350835323334
0.0025377620477229357
0.0025340185966342688
0.00252871448174119
0.002527911914512515
0.002539498033002019
0.002560726832598448
0.0025277473032474518
0.0025412803515791893
0.0025373175740242004
0.0025303554721176624
0.002553126774728298
0.0025217088405042887
0.00253684283234179
0.0025259668473154306
0.002541547641158104
0.0025339636486023664
0.002525880467146635
0.0025277771055698395
0.0025302923750132322
0.0025305654853582382
0.002535752020776272
0.00252445787191391
0.0025574471801519394
0.0025277487002313137
0.002516197506338358
0.002533207880333066
0.00253000995144248
0.0025248948950320482
0.0025177355855703354
0.0025337401311844587
0.0025224825367331505
0.002535213017836213
0.0025466850493103266
0.0025266066659241915
0.0025176648050546646
0.002524246694520116
0.0025354279205203056
0.0025299228727817535
0.0025250352919101715
0.002523818053305149
0.0025246581062674522
0.0025153690949082375
0.0025264443829655647
0.0025219491217285395
0.002522546099498868
0.0025177591014653444
0.0025140237994492054
0.002532812301069498
0.002527117496356368
0.0025221598334610462
0.0025369119830429554
0.002518754219636321
0.002526114461943507
0.0025216778740286827
0.0025305140297859907
0.0025452589616179466
0.0025152203161269426
0.002519879024475813
0.0025175269693136215
0.0025299175176769495
0.0025194890331476927
0.0025266327429562807
0.0025330185890197754
0.002527005970478058
0.002535870997235179
0.0025213570334017277
0.002522381953895092
0.0025280213449150324
0.0025201435200870037
0.002521389164030552
0.002516956301406026
0.002511579543352127
0.002530821831896901
0.00252054282464087
0.0025358048733323812
0.0025233987253159285
0.002518770517781377
0.0025195053312927485
0.00253882585093379
0.002522881142795086
0.0025199244264513254
0.002519459929317236
0.002533262362703681
0.0025210510939359665
0.0025162880774587393
0.0025348502676934004
0.0025277684908360243
0.0025187795981764793
0.0025266800075769424
0.0025254320353269577
0.0025325689930468798
0.002514963038265705
0.0025167567655444145
0.0025286581367254257
0.0025155849289149046
0.002517930930480361
0.0025307852774858475
0.002519897883757949
0.002531376900151372
0.0025267028249800205
0.00252884766086936
0.0025212231557816267
0.0025170184671878815
0.002520704874768853
0.0025185353588312864
0.002512758830562234
0.0025101087521761656
0.0025217272341251373
0.0025167004205286503
0.002514258958399296
0.0025097141042351723
0.0025150487199425697
0.002516813576221466
0.0025188422296196222
0.002515323692932725
0.00251752813346684
0.002514801686629653
0.002525354502722621
0.0025235963985323906
0.0025119921192526817
0.002518844325095415
0.002524740295484662
0.0025208797305822372
0.0025201754178851843
0.0025126412510871887
0.0025116100441664457
0.002521305112168193
0.00251177279278636
0.002530189696699381
0.002514735097065568
0.002511702012270689
0.0025212394539266825
0.00251887459307909
0.0025101329665631056
0.0025241519324481487
0.002519858069717884
0.002514793537557125
0.0025224259588867426
0.0025120736099779606
0.002525046467781067
0.0025382530875504017
0.0025129462592303753
0.002514318097382784
0.002518397755920887
0.002513130661100149
0.002524519804865122
0.0025250022299587727
0.002522981259971857
0.002528549637645483
0.002516529755666852
0.0025184175465255976
0.0025118833873420954
0.002522913971915841
0.0025275801308453083
0.0025248010642826557
0.002519795671105385
0.0025147695560008287
0.0025170526932924986
0.0025114647578448057
0.002516274806112051
0.002516566775739193
0.0025120137725025415
0.00251679215580225
0.00254061259329319
0.002507394878193736
0.002512881299480796
0.002512307371944189
0.0025087143294513226
0.002525128424167633
0.002513210754841566
0.002515168162062764
0.002514858962967992
0.00251854513771832
0.002508290344849229
