0.24997074902057648
0.2498219907283783
0.24989330768585205
0.24984760582447052
0.24980297684669495
0.2498185932636261
0.24976247549057007
0.24980181455612183
0.24978840351104736
0.2498403638601303
0.24978607892990112
0.24977076053619385
0.2496776580810547
0.24975791573524475
0.24971134960651398
0.24971811473369598
0.24950960278511047
0.24962320923805237
0.24952657520771027
0.24940040707588196
0.2494901418685913
0.24951621890068054
0.2495204657316208
0.24927985668182373
0.24906562268733978
0.24931347370147705
0.24922659993171692
0.24911920726299286
0.24914194643497467
0.2486378252506256
0.24819694459438324
0.24847789108753204
0.24837738275527954
0.24812069535255432
0.24773530662059784
0.24755330383777618
0.2477831393480301
0.24785324931144714
0.24774743616580963
0.24695570766925812
0.24678318202495575
0.2470093071460724
0.24620191752910614
0.24594247341156006
0.24496297538280487
0.2445301115512848
0.24390661716461182
0.2433653622865677
0.2412051558494568
0.2432388812303543
0.24023635685443878
0.24145644903182983
0.2386874109506607
0.23891636729240417
0.2373611181974411
0.23588842153549194
0.23577912151813507
0.23034724593162537
0.2311594933271408
0.22557218372821808
0.2314993143081665
0.22193875908851624
0.212641179561615
0.20997633039951324
0.21395328640937805
0.21207432448863983
0.1923786997795105
0.193007230758667
0.174540713429451
0.1835796982049942
0.15974438190460205
0.1411648988723755
0.15302971005439758
0.14059889316558838
0.1121448203921318
0.13407106697559357
0.10173290222883224
0.1002795621752739
0.08110237121582031
0.06835578382015228
0.0863967016339302
0.09163148701190948
0.09333665668964386
0.07499684393405914
0.08577465265989304
0.07792486250400543
0.07538976520299911
0.1035289466381073
0.1407891809940338
0.09684701263904572
0.09446746110916138
0.09260713309049606
0.12575262784957886
0.10694656521081924
0.11377563327550888
0.10768281668424606
0.11925050616264343
0.1261449158191681
0.13506481051445007
0.12667715549468994
0.14423903822898865
0.16684310138225555
0.13927434384822845
0.15226098895072937
0.1432093232870102
0.14323505759239197
0.1527259349822998
0.13691100478172302
0.15973488986492157
0.13470695912837982
0.14291177690029144
0.15980331599712372
0.15926693379878998
0.14278976619243622
0.14162150025367737
0.1499095857143402
0.15306121110916138
0.14495427906513214
0.13108885288238525
0.12926176190376282
0.1264457404613495
0.14294832944869995
0.12096287310123444
0.12711766362190247
0.13046523928642273
0.10922542959451675
0.14354826509952545
0.1313684731721878
0.12614896893501282
0.13671639561653137
0.09664365649223328
0.14269933104515076
0.11485125124454498
0.12081962823867798
0.09919179230928421
0.10278867930173874
0.10015971958637238
0.1039472296833992
0.09192598611116409
0.09699628502130508
0.09291514754295349
0.10871904343366623
0.09158078581094742
0.08010858297348022
0.07897251844406128
0.08606515824794769
0.09172064065933228
0.1012803241610527
0.08035781234502792
0.07756021618843079
0.08789632469415665
0.0861462652683258
0.0828763023018837
0.08882269263267517
0.08797195553779602
0.08839734643697739
0.0717281848192215
0.07671257108449936
0.07534368336200714
0.09709746390581131
0.07428698986768723
0.09425251930952072
0.1041427031159401
0.08539669960737228
0.09828436374664307
0.0983697846531868
0.1067802831530571
0.12817391753196716
0.11541734635829926
0.10836881399154663
0.09106969833374023
0.10622896254062653
0.10112885385751724
0.11124736070632935
0.11599838733673096
0.09940120577812195
0.10671953856945038
0.09281498193740845
0.11362171173095703
0.12034041434526443
0.09600494801998138
0.1127704381942749
0.11285614967346191
0.12192187458276749
0.11323396116495132
0.11831577867269516
0.11685995012521744
0.09948744624853134
0.11890216171741486
0.11239088326692581
0.11078529804944992
0.12076126039028168
0.11115337908267975
0.10951825231313705
0.11541655659675598
0.11118337512016296
0.11347237974405289
0.10951310396194458
0.11888274550437927
0.12375374138355255
0.11493603885173798
0.12450315803289413
0.11249957978725433
0.12147887796163559
0.11437292397022247
0.12390720844268799
0.14206035435199738
0.11755192279815674
0.1077820435166359
0.11140349507331848
0.12550000846385956
0.1158500537276268
0.11322860419750214
0.09832338243722916
0.11968525499105453
0.11649476736783981
0.15069615840911865
0.11275965720415115
0.11374779790639877
0.10894539952278137
0.11658775806427002
0.10965391993522644
0.10702099651098251
0.13211020827293396
0.10832105576992035
0.1350700706243515
0.1089497059583664
0.11885523051023483
0.1765131652355194
0.10982203483581543
0.11505923420190811
0.1078493520617485
0.10129553079605103
0.1333666741847992
0.13141053915023804
0.1206076517701149
0.09661252796649933
0.11705157905817032
0.13204562664031982
0.1218746155500412
0.10375190526247025
0.1095915362238884
0.12137660384178162
0.11406389623880386
0.12067658454179764
0.09852640330791473
0.12136225402355194
0.10656074434518814
0.10105079412460327
0.13145478069782257
0.09696601331233978
0.10638919472694397
0.12517037987709045
0.10878665745258331
0.12646061182022095
0.0947127491235733
0.1507539302110672
0.10591944307088852
0.11890783160924911
0.12355265766382217
0.11532927304506302
0.09693069010972977
0.10264378786087036
0.1381608247756958
0.11302309483289719
0.10982488095760345
0.10896564275026321
0.08417187631130219
0.09712618589401245
0.07842376083135605
0.10434319823980331
0.08698461949825287
0.11093573272228241
0.0911320149898529
0.1262446641921997
0.0899340808391571
0.0938410833477974
0.08004557341337204
0.08177318423986435
0.129215270280838
0.11483283340930939
0.1089860200881958
0.09834648668766022
0.12020343542098999
0.0749281719326973
0.09889920055866241
0.1219649463891983
0.09998036921024323
0.10649930685758591
0.12021301686763763
0.10218731313943863
0.1149897500872612
0.10005414485931396
0.10808151960372925
0.10342227667570114
0.12127036601305008
0.1142742782831192
0.11888961493968964
0.08068367838859558
0.08559490740299225
0.09821340441703796
0.11528240889310837
0.10562734305858612
0.0758991539478302
0.08028848469257355
0.08907553553581238
0.07587521523237228
0.10366681963205338
0.08058897405862808
0.11415233463048935
0.09250698983669281
0.11354845762252808
0.09320281445980072
0.08761005848646164
0.08812287449836731
0.07777892798185349
0.11119603365659714
0.11622490733861923
0.08281999826431274
0.08856646716594696
0.0863974466919899
0.07084036618471146
0.13411390781402588
0.08756847679615021
0.10379461199045181
0.10695452243089676
0.10830189287662506
0.10335560888051987
0.0898546576499939
0.07135092467069626
0.09551258385181427
0.06830544769763947
0.07704050093889236
0.0927625223994255
0.08882201462984085
0.10082820057868958
0.09085406363010406
0.08197644352912903
0.09386932849884033
0.09426970779895782
0.08314026892185211
0.1033388078212738
0.12969158589839935
0.08129250258207321
0.0857333317399025
0.08235606551170349
0.0816035196185112
0.09618069231510162
0.08807137608528137
0.07800690084695816
0.09093359112739563
0.09718434512615204
0.09759251773357391
0.0976269543170929
0.07681475579738617
0.09704558551311493
0.0925675556063652
0.10840451717376709
0.0803440660238266
0.08535129576921463
0.10907583683729172
0.08595363050699234
0.08579838275909424
0.08298151195049286
0.11508235335350037
0.09402509778738022
0.0838506817817688
0.0886257216334343
0.08095412701368332
0.11771532893180847
0.08557739853858948
0.09209176152944565
0.10784871876239777
0.08014284074306488
0.08893206715583801
0.08250171691179276
0.09870484471321106
0.08302956819534302
0.0812261551618576
0.09500148147344589
0.1085289716720581
0.09084232151508331
0.07943803071975708
0.08670371770858765
0.09602081775665283
0.10789927840232849
0.09191436320543289
0.09706944972276688
0.08480771631002426
0.11924464255571365
0.0873849093914032
0.09043985605239868
0.08185365051031113
0.09753499180078506
0.096739761531353
0.08856530487537384
0.12386791408061981
0.10336464643478394
0.07974694669246674
0.10054802149534225
0.08646383881568909
0.08506648987531662
0.10453230887651443
0.08847853541374207
0.08423390984535217
0.08388687670230865
0.10042513161897659
0.08424302190542221
0.08550582081079483
0.09544156491756439
0.09265369921922684
0.10140717029571533
0.08843440562486649
0.0923900306224823
0.09043591469526291
0.0850914940237999
0.09547009319067001
0.08895982801914215
0.08807544410228729
0.10080093890428543
0.09758943319320679
0.09882493317127228
0.083452969789505
0.08036338537931442
0.11368748545646667
0.11079876124858856
0.0939798355102539
0.08305519819259644
0.08902624249458313
0.10047614574432373
0.0932183638215065
0.10535884648561478
0.09617224335670471
0.09331328421831131
0.10204215347766876
0.09144511818885803
0.08239630609750748
0.09987403452396393
0.10362599045038223
0.09613580256700516
0.11159945279359818
0.09149123728275299
0.09107229113578796
0.1091436967253685
0.11625882983207703
0.09096109867095947
0.08032222837209702
0.10580523312091827
0.09156595915555954
0.09774191677570343
0.08428585529327393
0.10793381929397583
0.10917127132415771
0.08750942349433899
0.10380255430936813
0.09232820570468903
0.10781499743461609
0.08225185424089432
0.09430664777755737
0.09547966718673706
0.11495346575975418
0.09092257171869278
0.10846985131502151
0.08858658373355865
0.08498276770114899
0.10748497396707535
0.10617784410715103
0.10937762260437012
0.09389933943748474
0.10169044882059097
0.09756860136985779
0.09689304232597351
0.0903538167476654
0.09369506686925888
0.09573840349912643
0.0879625603556633
0.08975043892860413
0.0940510705113411
0.10966291278600693
0.08337658643722534
0.099942147731781
0.08544708788394928
0.10293720662593842
0.09658726304769516
0.11001169681549072
0.08891784399747849
0.08211270719766617
0.08422967791557312
0.08820869773626328
0.08811484277248383
0.1254206746816635
0.1010156124830246
0.09754744917154312
0.10251502692699432
0.09714701026678085
0.08456485718488693
0.09370049834251404
0.07873181253671646
0.08406795561313629
0.08671212196350098
0.09156092256307602
0.08141128718852997
0.11045969277620316
0.0851084440946579
0.08299645781517029
0.08980181068181992
0.12230892479419708
0.08371953666210175
0.10617491602897644
0.10288499295711517
0.09552493691444397
0.0934310331940651
0.1002834141254425
0.08587745577096939
0.09771222621202469
0.08575493097305298
0.085147924721241
0.08909711986780167
0.08347389101982117
0.09309747815132141
0.09138797968626022
0.08270285278558731
0.08746874332427979
0.08944293856620789
0.07997216284275055
0.08689470589160919
0.08577239513397217
0.0837203711271286
0.09498012065887451
0.08679471164941788
0.08138202875852585
0.08564838021993637
0.08944517374038696
0.08588036894798279
0.11198396980762482
0.07573194801807404
0.07726775109767914
0.08287466317415237
0.08496597409248352
0.07455119490623474
0.09631672501564026
0.08450096845626831
0.10518089681863785
0.07330086827278137
0.08853752166032791
0.10082835704088211
0.07421953976154327
0.08050979673862457
0.09855711460113525
0.08081156015396118
0.08533113449811935
0.08138691633939743
0.07723270356655121
0.08281756192445755
0.09260918200016022
0.08854268491268158
0.0901351273059845
0.08986049890518188
0.07599686086177826
0.08772802352905273
0.08732082694768906
0.07372089475393295
0.08674387633800507
0.10144023597240448
0.07558216154575348
0.08105359971523285
0.08106569200754166
0.08132199198007584
0.07839030027389526
0.1034049391746521
0.08062633872032166
0.09211303293704987
0.0820637047290802
0.09711946547031403
0.08353802561759949
0.10776320844888687
0.0687732994556427
0.07786475121974945
0.09799836575984955
0.08073481172323227
0.0703585147857666
0.0829390361905098
0.08896263688802719
0.08660953491926193
0.07534240186214447
0.08663451671600342
0.131611630320549
0.07590208202600479
0.07327587157487869
0.07633498311042786
0.06769056618213654
0.0809750109910965
0.08035323768854141
0.07643995434045792
0.0820784866809845
0.1069791242480278
0.07246726751327515
0.07277907431125641
0.06778064370155334
0.08191978931427002
0.08218604326248169
0.07289034128189087
0.06735363602638245
0.07441908866167068
0.0818350687623024
0.0867614895105362
0.0739515870809555
0.09206879138946533
0.09820320457220078
0.09705475717782974
0.07489774376153946
0.08039277046918869
0.0770377367734909
0.08415381610393524
0.07225624471902847
0.07934064418077469
0.08311242610216141
0.07538630068302155
0.0716482475399971
0.07880455255508423
0.0650952085852623
0.06947818398475647
0.07805722206830978
0.07745557278394699
0.07640035450458527
0.07291258871555328
0.09150779992341995
0.07637052237987518
0.08269363641738892
0.08779206871986389
0.09572353214025497
0.09247960150241852
0.07483749836683273
0.0724673941731453
0.07556835561990738
0.07365692406892776
0.08760075271129608
0.07469690591096878
0.08098096400499344
0.07336624711751938
0.07158686220645905
0.07468343526124954
0.08129547536373138
0.09753990918397903
0.0779256671667099
0.08656533807516098
0.09128911793231964
0.07776126265525818
0.08493722230195999
0.09138866513967514
0.10976386070251465
0.06818615645170212
0.07223452627658844
0.07093768566846848
0.07766813039779663
0.08096373826265335
0.07744133472442627
0.07713772356510162
0.07526468485593796
0.08291447907686234
0.07742885500192642
0.08143585175275803
0.07302355766296387
0.07324723899364471
0.08394734561443329
0.07100510597229004
0.0755956619977951
0.10757043957710266
0.07748541235923767
0.08344404399394989
0.08231436461210251
0.07781502604484558
0.0710134506225586
0.06509563326835632
0.08219913393259048
0.07621291279792786
0.0691431313753128
0.08868665993213654
0.09022282063961029
0.0884559154510498
0.07410286366939545
0.07998846471309662
0.07330326735973358
0.07892979681491852
0.07812142372131348
0.09788476675748825
0.07190056145191193
0.06653406471014023
0.08071970194578171
0.08400557190179825
0.08075689524412155
0.0750974640250206
0.06852460652589798
0.07974636554718018
0.07419995963573456
0.08158097416162491
0.06815782934427261
0.080000139772892
0.07039175182580948
0.06866100430488586
0.07390324026346207
0.09111597388982773
0.09399184584617615
0.07306190580129623
0.07886826992034912
0.07545202970504761
0.07803040742874146
0.0778079554438591
0.07396557927131653
0.08383350819349289
0.07699558883905411
0.06896006315946579
0.07999668270349503
0.07627443224191666
0.08562862128019333
0.08060798794031143
0.06835661083459854
0.0783882737159729
0.07857561856508255
0.08712256699800491
0.07432768493890762
0.10769153386354446
0.07531614601612091
0.07843820005655289
0.07075025141239166
0.07739296555519104
0.08660957217216492
0.09089658409357071
0.0682324469089508
0.08379403501749039
0.07255088537931442
0.0678306519985199
0.09246252477169037
0.10224665701389313
0.0687485858798027
0.08131817728281021
0.06849602609872818
0.07882623374462128
0.06640096008777618
0.10128287971019745
0.0800829827785492
0.07730906456708908
0.08221745491027832
0.07613452523946762
0.08061454445123672
0.08959481120109558
0.0782233476638794
0.07458721846342087
0.07213933020830154
0.08420015126466751
0.06749898940324783
0.07705545425415039
0.08660182356834412
0.08086299896240234
0.07065775245428085
0.11001300066709518
0.06985442340373993
0.08124996721744537
0.07434451580047607
0.0650358721613884
0.08427642285823822
0.08980238437652588
0.08990122377872467
0.06935690343379974
0.09028254449367523
0.08669361472129822
0.09723708778619766
0.07187087088823318
0.08204132318496704
0.0722586140036583
0.07645119726657867
0.06972216069698334
0.06051594018936157
0.07153748720884323
0.07468922436237335
0.07420400530099869
0.10384375602006912
0.09184575825929642
0.08105968683958054
0.10402455180883408
0.0755879282951355
0.08252878487110138
0.08300327509641647
0.10123152285814285
0.06658636778593063
0.09255710244178772
0.0753612294793129
0.10037829726934433
0.07465511560440063
0.08186785876750946
0.07097753137350082
0.07576945424079895
0.08142825961112976
0.10164837539196014
0.0918571949005127
0.07327688485383987
0.07743091136217117
0.06915824860334396
0.08557306230068207
0.08846698701381683
0.07228019088506699
0.08351364731788635
0.08813125640153885
0.0820864588022232
0.08274910598993301
0.09921290725469589
0.08758491277694702
0.09043561667203903
0.09802144020795822
0.07860494405031204
0.06470087915658951
0.08168540894985199
0.06867881864309311
0.07122819870710373
0.12153277546167374
0.07269471883773804
0.10130514949560165
0.07247759401798248
0.1278584748506546
0.07931718975305557
0.08450043201446533
0.08476094901561737
0.09316875785589218
0.0914672464132309
0.06815966218709946
0.07230198383331299
0.08864790201187134
0.08210083842277527
0.06728764623403549
0.08523636311292648
0.08290952444076538
0.08417274057865143
0.07943408191204071
0.06747808307409286
0.09462429583072662
0.0691593587398529
0.0946863517165184
0.08208298683166504
0.06841085106134415
0.1160438284277916
0.08492940664291382
0.08004193007946014
0.0940207988023758
0.08786781877279282
0.08387292176485062
0.06694558262825012
0.09362876415252686
0.07249002903699875
0.08302407711744308
0.10208050161600113
0.08832281082868576
0.07244440913200378
0.08724791556596756
0.10372287034988403
0.11344306915998459
0.08147378265857697
0.07937923073768616
0.07927639782428741
0.07943938672542572
0.08100501447916031
0.09910418093204498
0.07474151998758316
0.07260993123054504
0.09488742798566818
0.06608273088932037
0.08800327032804489
0.07803073525428772
0.08841075003147125
0.07104625552892685
0.10560727119445801
0.07074157893657684
0.0809464380145073
0.07225910574197769
0.06916946917772293
0.05804147571325302
0.0773911401629448
0.13967594504356384
0.09288960695266724
0.08418488502502441
0.06788922846317291
0.0858333557844162
0.07282797247171402
0.07692598551511765
0.09439945220947266
0.07063298672437668
0.06653551012277603
0.0885443314909935
0.07467196136713028
0.06181500479578972
0.08218131214380264
0.07522385567426682
0.07055293768644333
0.07667604088783264
0.0944012850522995
0.061001941561698914
0.07290990650653839
0.05498919636011124
0.09984516352415085
0.09496092051267624
0.06595459580421448
0.07362593710422516
0.08800631761550903
0.061934780329465866
0.06947401165962219
0.11116527765989304
0.10054896771907806
0.08665996789932251
0.06954340636730194
0.07621484994888306
0.0975368469953537
0.06299781054258347
0.08339227735996246
0.08210283517837524
0.09855290502309799
0.07797814905643463
0.08726781606674194
0.0638602152466774
0.07566726952791214
0.07154808193445206
0.07366800308227539
0.06807747483253479
0.10109192878007889
0.12246837466955185
0.08064450323581696
0.09740491211414337
0.0811416432261467
0.07289201021194458
0.06810487061738968
0.08118388801813126
0.09084748476743698
0.08469092845916748
0.06302677094936371
0.08174103498458862
0.06724593788385391
0.06489745527505875
0.06596115976572037
0.08933946490287781
0.10624608397483826
0.06661757826805115
0.08383414149284363
0.057554394006729126
0.07326680421829224
0.09038078784942627
0.1003161296248436
0.11719266325235367
0.083396315574646
0.07629357278347015
0.09163693338632584
0.07597866654396057
0.10209490358829498
0.07228600978851318
0.06931940466165543
0.07412771135568619
0.08418991416692734
0.07997938245534897
0.08741280436515808
0.06315350532531738
0.06841106712818146
0.08371462672948837
0.06734897941350937
0.08084883540868759
0.08225446194410324
0.08994147181510925
0.07497594505548477
0.07596006989479065
0.0798342227935791
0.12470740079879761
0.08897610008716583
0.06682731956243515
0.07637809216976166
0.07619289308786392
0.06726594269275665
0.08119198679924011
0.08206270635128021
0.06876109540462494
0.08198945969343185
0.10308025777339935
0.09101862460374832
0.0722237378358841
0.06723543256521225
0.06988494098186493
0.07671687752008438
0.07151833176612854
0.0753437802195549
0.0980582907795906
0.07108545303344727
0.06428270041942596
0.06057904288172722
0.06678129732608795
0.1325264275074005
0.06656874716281891
0.07431638240814209
0.07234254479408264
0.07016907632350922
0.08676022291183472
0.08391623198986053
0.06335045397281647
0.0630488470196724
0.06034701317548752
0.058932945132255554
