0.24629418551921844
0.24576397240161896
0.24600884318351746
0.24540847539901733
0.24558395147323608
0.24559205770492554
0.24534925818443298
0.24541203677654266
0.24524937570095062
0.24567164480686188
0.2452545017004013
0.24499240517616272
0.24403338134288788
0.2445376068353653
0.2439107447862625
0.24426355957984924
0.2426176816225052
0.24292126297950745
0.2420901209115982
0.24130676686763763
0.24154354631900787
0.2417505830526352
0.24112164974212646
0.23878556489944458
0.23729516565799713
0.23951095342636108
0.2385074496269226
0.23693528771400452
0.23702435195446014
0.23240534961223602
0.22788798809051514
0.23087763786315918
0.228946715593338
0.2268747091293335
0.22257590293884277
0.2175242155790329
0.22460372745990753
0.221770241856575
0.2224629670381546
0.21445268392562866
0.21340449154376984
0.21305809915065765
0.2060902714729309
0.20116107165813446
0.19153517484664917
0.18784508109092712
0.17741969227790833
0.1682119369506836
0.15182292461395264
0.16693294048309326
0.14195962250232697
0.14045721292495728
0.12191708385944366
0.11556091904640198
0.10751474648714066
0.09836658090353012
0.07429870963096619
0.06637857109308243
0.06598641723394394
0.030482349917292595
0.051064591854810715
0.02376355230808258
0.01806064136326313
0.017403509467840195
0.018905265256762505
0.018467117100954056
0.012045767158269882
0.014566212892532349
0.008416561409831047
0.011513548903167248
0.0019706059247255325
0.0031351109500974417
0.0070527526549994946
0.00666784169152379
0.006691718474030495
0.009367065504193306
0.008136836811900139
0.010008567944169044
0.006515600718557835
0.004899274557828903
0.022009054198861122
0.020114285871386528
0.02818862721323967
0.012712262570858002
0.018237914890050888
0.014338081702589989
0.0111765181645751
0.02996264584362507
0.04882706329226494
0.024156369268894196
0.029292980208992958
0.022716745734214783
0.02574654296040535
0.01741262711584568
0.01853828690946102
0.0179225355386734
0.025645805522799492
0.021705903112888336
0.028635244816541672
0.020219184458255768
0.03761718049645424
0.06026550009846687
0.033652130514383316
0.0452410988509655
0.038588687777519226
0.03015049919486046
0.04393249377608299
0.03152931109070778
0.056667353957891464
0.0371149517595768
0.038408540189266205
0.062006860971450806
0.043677594512701035
0.04455353319644928
0.0488709881901741
0.056744273751974106
0.05751596391201019
0.06386223435401917
0.046865545213222504
0.049892909824848175
0.0330120325088501
0.06385649740695953
0.047289345413446426
0.051776327192783356
0.04906987026333809
0.046658340841531754
0.07223809510469437
0.06865008175373077
0.06739329546689987
0.06271640211343765
0.04309592396020889
0.07647518068552017
0.06120217591524124
0.06110689789056778
0.0379721038043499
0.04491401091217995
0.04297899454832077
0.06894519180059433
0.05485761538147926
0.04055735096335411
0.05668237805366516
0.05370364710688591
0.0351889543235302
0.04346819594502449
0.04104311391711235
0.033553771674633026
0.04312301427125931
0.04815138876438141
0.044524893164634705
0.028023578226566315
0.037414487451314926
0.02668600156903267
0.03406286984682083
0.025748148560523987
0.026446254923939705
0.04514125734567642
0.029161769896745682
0.024570709094405174
0.025852695107460022
0.02636510133743286
0.019549736753106117
0.02170279063284397
0.02325326018035412
0.019639169797301292
0.024787599220871925
0.025617873296141624
0.0248348917812109
0.026787614449858665
0.021661946550011635
0.022912997752428055
0.015457400120794773
0.014417042024433613
0.011302150785923004
0.01714329607784748
0.020124634727835655
0.016109170392155647
0.012826642952859402
0.009775931015610695
0.012069492600858212
0.010228567756712437
0.012015096843242645
0.017525630071759224
0.013147450052201748
0.01087895780801773
0.0053646438755095005
0.01704338937997818
0.015421762131154537
0.006544186268001795
0.009751827456057072
0.008638245984911919
0.008539051748812199
0.012970171868801117
0.01150237862020731
0.009670577012002468
0.011619788594543934
0.013682865537703037
0.005320381373167038
0.007430048193782568
0.0053352597169578075
0.005734918173402548
0.006004763301461935
0.006597076077014208
0.00912649929523468
0.008066941983997822
0.007474069483578205
0.00449775718152523
0.00796401035040617
0.0017284557688981295
0.007211653050035238
0.009297506883740425
0.006260363385081291
0.0067284852266311646
0.006121854763478041
0.012229354120790958
0.005947677418589592
0.008395221084356308
0.007260000798851252
0.012613204307854176
0.009077697061002254
0.003272314090281725
0.002172990469262004
0.013768649660050869
0.00484676705673337
0.01050937082618475
0.0032384824007749557
0.0053755673579871655
0.012499428354203701
0.003212030977010727
0.009693760424852371
0.006609166506677866
0.003058799309656024
0.0031378467101603746
0.012051740661263466
0.009971183724701405
0.009404798038303852
0.011042970232665539
0.004257597029209137
0.005563228391110897
0.0021689932327717543
0.006749440915882587
0.015038862824440002
0.008760282769799232
0.009505403228104115
0.00865742564201355
0.0030024631414562464
0.007456563878804445
0.005137854255735874
0.006141002755612135
0.007826189510524273
0.004865983035415411
0.007291862741112709
0.007989811711013317
0.013317406177520752
0.00964602455496788
0.0032808217220008373
0.007386416662484407
0.008174893446266651
0.013991003856062889
0.008873805403709412
0.00818371307104826
0.0033451756462454796
0.006679451558738947
0.010822325944900513
0.021452736109495163
0.008654789999127388
0.011843298561871052
0.009398084133863449
0.008713463321328163
0.007081430405378342
0.01123994030058384
0.010115893557667732
0.012120980769395828
0.008021460846066475
0.008303198963403702
0.007254953030496836
0.012066174298524857
0.00549285626038909
0.010334981605410576
0.020486153662204742
0.0154131930321455
0.0057491762563586235
0.004713660571724176
0.006165039259940386
0.007745057810097933
0.011005093343555927
0.0067441267892718315
0.005408304277807474
0.00935776811093092
0.01336454227566719
0.010281979106366634
0.010004880838096142
0.010335993021726608
0.011289319023489952
0.011387823149561882
0.0122604975476861
0.0075218770653009415
0.009319581091403961
0.014570215716958046
0.014665544033050537
0.009779473766684532
0.009235472418367863
0.013812385499477386
0.008264302276074886
0.011230225674808025
0.012632847763597965
0.008648375049233437
0.012462502345442772
0.0072022066451609135
0.012634353712201118
0.007954017259180546
0.01596386730670929
0.012879801914095879
0.011226309463381767
0.011486328206956387
0.006456619128584862
0.011735588312149048
0.011943468824028969
0.019574595615267754
0.006021133624017239
0.014187751337885857
0.013794939033687115
0.015482364222407341
0.015505573712289333
0.01817263476550579
0.012379915453493595
0.014467457309365273
0.012110560201108456
0.012421424500644207
0.01849561557173729
0.011343044228851795
0.009142269380390644
0.014075816608965397
0.007646353915333748
0.012023313902318478
0.01473379135131836
0.010464591905474663
0.02054706960916519
0.010854518972337246
0.013525749556720257
0.009920698590576649
0.01136634312570095
0.007576607167720795
0.028637196868658066
0.01683858036994934
0.013876008801162243
0.011535276658833027
0.01567978598177433
0.011949990876019001
0.011126725934445858
0.009676494635641575
0.013950048945844173
0.01824292168021202
0.021328480914235115
0.010258263908326626
0.010241629555821419
0.016109591349959373
0.011708814650774002
0.011233353056013584
0.013433360494673252
0.012872854247689247
0.01921188458800316
0.01632378064095974
0.01029261201620102
0.017672032117843628
0.016485730186104774
0.013217741623520851
0.02009320817887783
0.013511981815099716
0.011539244093000889
0.010835597291588783
0.013215328566730022
0.014795320108532906
0.025041325017809868
0.015205353498458862
0.020878830924630165
0.00994950346648693
0.014298195019364357
0.01168645266443491
0.012980245053768158
0.01648103818297386
0.02102755382657051
0.01243078988045454
0.016153676435351372
0.011529981158673763
0.018060702830553055
0.02041567675769329
0.026493821293115616
0.019495032727718353
0.009658579714596272
0.018237628042697906
0.015825463458895683
0.016148412600159645
0.010653918609023094
0.019681783393025398
0.013318127021193504
0.010359935462474823
0.02937988191843033
0.023782270029187202
0.012027967721223831
0.011147010140120983
0.009762567467987537
0.012556320987641811
0.012624860741198063
0.01232243049889803
0.011851551942527294
0.01111204456537962
0.018160182982683182
0.014911388978362083
0.007672017440199852
0.012363357469439507
0.018827782943844795
0.014931153506040573
0.009172086603939533
0.013896050862967968
0.012456909753382206
0.01604938693344593
0.014251340180635452
0.011932373046875
0.013787616044282913
0.01619386114180088
0.012086229398846626
0.013787256553769112
0.007958350703120232
0.012706904672086239
0.015352554619312286
0.017080606892704964
0.0145421102643013
0.010800442658364773
0.007853246293962002
0.012410171329975128
0.018037233501672745
0.0067174844443798065
0.012515108101069927
0.010411572642624378
0.0081323916092515
0.013732334598898888
0.010184596292674541
0.010457766242325306
0.0075374324806034565
0.009438585489988327
0.013467930257320404
0.014426236972212791
0.008492769673466682
0.016800004988908768
0.01895125024020672
0.00956677459180355
0.0072053344920277596
0.010889559052884579
0.013338281773030758
0.013537022285163403
0.007653422653675079
0.008372407406568527
0.01121009886264801
0.010145489126443863
0.01772882603108883
0.009271838702261448
0.009883035905659199
0.017950991168618202
0.011488772928714752
0.011539251543581486
0.008509187959134579
0.009710399433970451
0.01274675689637661
0.00873605627566576
0.0076747676357626915
0.00834884587675333
0.011548098176717758
0.009129524230957031
0.011823421344161034
0.008579079061746597
0.009651812724769115
0.009553926065564156
0.015482894144952297
0.005538214463740587
0.012340592220425606
0.00797867402434349
0.007043368183076382
0.005473911762237549
0.009747383184731007
0.007640582975000143
0.013984317891299725
0.009039807133376598
0.006073960568755865
0.00923909805715084
0.005717636551707983
0.008466492407023907
0.006793847773224115
0.009508735500276089
0.014646979980170727
0.010507544502615929
0.016146013513207436
0.007422488648444414
0.006168147083371878
0.007210788317024708
0.00734229851514101
0.008280560374259949
0.007065901067107916
0.00555767584592104
0.005904467776417732
0.0018182976637035608
0.01017097756266594
0.006224713753908873
0.010416381992399693
0.005104266107082367
0.0059944745153188705
0.006777085363864899
0.02602161467075348
0.00403878279030323
0.005603627301752567
0.0039696465246379375
0.010512497276067734
0.008127721957862377
0.0041884370148181915
0.006657881196588278
0.013935121707618237
0.005382776726037264
0.006771107669919729
0.010027514770627022
0.003961379639804363
0.010513088665902615
0.007689552381634712
0.0041310740634799
0.009736498817801476
0.008686653338372707
0.00816469918936491
0.005903132725507021
0.005501920823007822
0.005022623110562563
0.003761501982808113
0.007695321459323168
0.006565459072589874
0.013607094995677471
0.0051621804013848305
0.005141783505678177
0.008827129378914833
0.0071702017448842525
0.009330819360911846
0.012481315061450005
0.00747042428702116
0.006767796818166971
0.003653871361166239
0.004370369948446751
0.02350589446723461
0.004848679061979055
0.00449404725804925
0.00569947948679328
0.0019223445560783148
0.005631326697766781
0.0073862625285983086
0.004675890319049358
0.004812219180166721
0.005604353733360767
0.005830271169543266
0.005196150857955217
0.002013439778238535
0.006583705078810453
0.005320850759744644
0.008319259621202946
0.005487896502017975
0.004256675019860268
0.007150023709982634
0.003968564327806234
0.0035303221084177494
0.004918249323964119
0.0048743425868451595
0.003916399087756872
0.008529509417712688
0.0017145902384072542
0.004829291254281998
0.004820446949452162
0.0024702635128051043
0.005857573822140694
0.004249385092407465
0.0040843430906534195
0.003108768491074443
0.002350218128412962
0.005592972971498966
0.005431122612208128
0.0064817448146641254
0.005004806909710169
0.005462138447910547
0.008246553130447865
0.00637033861130476
0.002813632832840085
0.0021003580186516047
0.008237428031861782
0.005306267645210028
0.0015439377166330814
0.0026318728923797607
0.0018486790359020233
0.005001602228730917
0.006005819421261549
0.005392927210777998
0.006001515779644251
0.007242197170853615
0.00575608154758811
0.004540995694696903
0.00449965288862586
0.005027366802096367
0.0031844794284552336
0.007365788798779249
0.0028777490369975567
0.0045352503657341
0.004216467030346394
0.0035891602747142315
0.007018607575446367
0.004238290712237358
0.002416458912193775
0.002417943673208356
0.006094133481383324
0.00778726814314723
0.007589323911815882
0.0022559254430234432
0.0029002667870372534
0.006481742952018976
0.009637291543185711
0.0028865092899650335
0.003020772011950612
0.005021940916776657
0.006213256623595953
0.0033329895231872797
0.0019788318313658237
0.0012591599952429533
0.007223859429359436
0.001976904459297657
0.002402747515588999
0.0008535683155059814
0.002718269592151046
0.002304762601852417
0.005740168038755655
0.0028605670668184757
0.03213075175881386
0.0063662114553153515
0.0034923660568892956
0.0024064229801297188
0.003510745009407401
0.008847691118717194
0.005375844892114401
0.0026171898934990168
0.004632974974811077
0.0036787253338843584
0.0005429840530268848
0.005432869307696819
0.012659887783229351
0.005514593794941902
0.0020454584155231714
0.0015164194628596306
0.005524636246263981
0.0045450967736542225
0.0024136987049132586
0.00339431781321764
0.004501592833548784
0.004769444465637207
0.0061919186264276505
0.0025448522064834833
0.0056839147582650185
0.003113851649686694
0.0019160922383889556
0.0025296120438724756
0.008317757397890091
0.0007977914065122604
0.005334008950740099
0.0027786754071712494
0.0038876072503626347
0.0031509697437286377
0.002541203051805496
0.001922191004268825
0.0062722098082304
0.0025689625181257725
0.010844447650015354
0.00549432635307312
0.0004944545216858387
0.004371090326458216
0.0026405444368720055
0.0010759527795016766
0.002344317501410842
0.004031229764223099
0.009631272405385971
0.007584709208458662
0.004458022303879261
0.0019355840049684048
0.0037497971206903458
0.002616637386381626
0.0026666950434446335
0.0028476249426603317
0.004514638334512711
0.0038023791275918484
0.0008287858800031245
0.0059420946054160595
0.002072687726467848
0.0017912425100803375
0.006395396310836077
0.0037561713252216578
0.0026080708485096693
0.0073916055262088776
0.004301670007407665
0.0014281005132943392
0.005036177579313517
0.0027397731319069862
0.004113049246370792
0.009730211459100246
0.005424714181572199
0.0032210182398557663
0.0021518231369554996
0.005260822828859091
0.007025372236967087
0.006584870163351297
0.0024504538159817457
0.0018495451658964157
0.005482220556586981
0.0029689969960600138
0.0025616565253585577
0.005023013800382614
0.0020335654262453318
0.0045384312979876995
0.0037835361436009407
0.0014939906541258097
0.0029720815364271402
0.003280129050835967
0.00601600157096982
0.0058964937925338745
0.009715590626001358
0.0010168736334890127
0.002980237128213048
0.004533751402050257
0.0027250389102846384
0.00039320578798651695
0.002124497666954994
0.00295528257265687
0.0016593888867646456
0.000638134719338268
0.0031290510669350624
0.001426800386980176
0.010855949483811855
0.000897316902410239
0.008905057795345783
0.0036823805421590805
0.0016946338582783937
0.0013585116248577833
0.010607549920678139
0.003515616524964571
0.002059551188722253
0.0009542939951643348
0.0026456196792423725
0.004994561430066824
0.0008954369695857167
0.004186523612588644
0.004676858428865671
0.0035012918524444103
0.003091378603130579
0.002731920452788472
0.0020469690207391977
0.002788896905258298
0.004002532456070185
0.002875336678698659
0.0378183089196682
0.004148790147155523
0.003272855654358864
0.003398414934054017
0.003026950638741255
0.002591541735455394
0.002001158893108368
0.003677902277559042
0.003830391215160489
0.0050987983122467995
0.007720761001110077
0.002928335452452302
0.0026969383470714092
0.0018275410402566195
0.0005859375232830644
0.005054770037531853
0.001656122854910791
0.0012011855142191052
0.0013398469891399145
0.004742348100990057
0.005363778211176395
0.0038485757540911436
0.0002096780517604202
0.003274967661127448
0.0027376709040254354
0.002616112818941474
0.004982830490916967
0.001017645699903369
0.0020446160342544317
0.0036306423135101795
0.0024591635446995497
0.0013865154469385743
0.006226489786058664
0.0022457640152424574
0.0045354897156357765
0.0030225024092942476
0.0005789690767414868
0.00125852320343256
0.0036967676132917404
0.003735800040885806
0.004241992253810167
0.005108640529215336
0.0042746844701468945
0.004170123487710953
0.003205501474440098
0.003926020115613937
0.004289077129215002
0.0021010106429457664
0.0020915032364428043
0.004508450627326965
0.0047386521473526955
0.0034336375538259745
0.0008114842930808663
0.0029497689101845026
0.0014975226949900389
0.0019600563682615757
0.001999699277803302
0.005914418026804924
0.0007761141750961542
0.010469406843185425
0.0007247254252433777
0.003054186934605241
0.0006122319027781487
0.03812013939023018
0.003501203143969178
0.004844774957746267
0.003081610891968012
0.006597630679607391
0.00374724087305367
0.0033118801657110453
0.005891143344342709
0.0016107349656522274
0.0011868249857798219
0.0011824553366750479
0.004981408827006817
0.0030442848801612854
0.004607367794960737
0.0038543378468602896
0.004889647010713816
0.0030869764741510153
0.005079956259578466
0.005576513707637787
0.0006708856672048569
0.0022187833674252033
0.005436846986413002
0.003149032825604081
0.002574568148702383
0.004096959251910448
0.0028129846323281527
0.0019896302837878466
0.0015394644578918815
0.00951512809842825
0.004734245594590902
0.0015273948665708303
0.003612609812989831
0.004862298257648945
0.0025373937096446753
0.003810040419921279
0.009206857532262802
0.007818810641765594
0.0024116365239024162
0.003436349332332611
0.002257297048345208
0.0008333181613124907
0.0006004998576827347
0.0010055741295218468
0.002422608667984605
0.004690158646553755
0.0023575921077281237
0.003259475575760007
0.0014610827201977372
0.003641529241576791
0.00551472557708621
0.002115577459335327
0.004788591992110014
0.008031891658902168
0.0027362904511392117
0.003169913776218891
0.002975648269057274
0.002485991222783923
0.005805943626910448
0.04451574385166168
0.003987633157521486
0.0027992622926831245
0.0014795658644288778
0.0005278786993585527
0.0024795711506158113
0.0007506976253353059
0.0063833389431238174
0.0001841296470956877
0.0005687990924343467
0.0022423798218369484
0.0008056270889937878
0.0013862737687304616
0.002138500800356269
0.0017228869255632162
0.002447659382596612
0.003963787108659744
0.004124542232602835
0.0005101242568343878
0.0025060030166059732
0.0022373313549906015
0.008927032351493835
0.005035434849560261
0.0016477019526064396
0.004672200884670019
0.0020139033440500498
0.0017065342981368303
0.0012232537847012281
0.00527600385248661
0.0050675650127232075
0.0018748959992080927
0.0016187620349228382
0.0021484708413481712
0.004473632201552391
0.005018831696361303
0.0033518990967422724
0.0024560780730098486
0.003087469143792987
0.0018277581548318267
0.006208112463355064
0.0014491562033072114
0.0037588123232126236
0.00036523357266560197
0.00387187791056931
0.0021969620138406754
0.003896148409694433
0.010453939437866211
0.004933602176606655
0.004552268423140049
0.0017549735493957996
0.0038389908149838448
0.001309411134570837
0.0045132446102797985
0.0025306392926722765
0.003147829556837678
0.0033013613428920507
0.008857322856783867
0.002394231967628002
0.0007947937119752169
0.0012266042176634073
0.005891868844628334
0.010007303208112717
0.000991610693745315
0.0032011892180889845
0.0023390178102999926
0.0017185243777930737
0.003679524175822735
0.011965717189013958
0.006978918332606554
0.0018958841683343053
0.003249198431149125
0.0024219690822064877
0.0028338038828223944
0.002752456581220031
0.0016619887901470065
0.0036505109164863825
0.004443966783583164
0.004172287415713072
0.0028774640522897243
0.0007698428817093372
0.0021948260255157948
0.004700542893260717
0.0022590532898902893
0.0026215198449790478
0.003988898824900389
0.00640289019793272
0.0055161574855446815
0.003354432061314583
0.0032608401961624622
0.0016790078952908516
0.03653039038181305
0.002324322471395135
0.0011351703433319926
0.0008265107753686607
0.005211883224546909
0.004033379256725311
0.0014022433897480369
0.009528135880827904
0.0020763014908879995
0.0014477785443887115
0.0036487125325948
0.006758482661098242
0.005601022392511368
0.003313436871394515
0.0028775143437087536
0.0043423413299024105
0.0012868181802332401
0.0025181507226079702
0.0037946333177387714
0.0011324728839099407
0.001854538801126182
0.0021288569550961256
0.0024851670023053885
0.033321596682071686
0.001560020144097507
0.0022690133191645145
0.0016140294028446078
0.0025804985780268908
0.0039372616447508335
0.0011208904907107353
0.0037890144158154726
0.00022399301815312356
0.00053329614456743
0.0008828691206872463
