0.3745731711387634
0.3742969036102295
0.374428391456604
0.37420082092285156
0.37423691153526306
0.3742569386959076
0.37415197491645813
0.37420493364334106
0.37415871024131775
0.3743341863155365
0.3741806149482727
0.3741035461425781
0.3737713098526001
0.3739815056324005
0.3737712502479553
0.3738885521888733
0.373271107673645
0.37344712018966675
0.3731432855129242
0.37281930446624756
0.37298935651779175
0.3730463981628418
0.37286972999572754
0.372016966342926
0.3714546859264374
0.3722887635231018
0.3719165623188019
0.371355801820755
0.3713880479335785
0.3697304427623749
0.3680388629436493
0.36918625235557556
0.3685208857059479
0.3676445782184601
0.3661363422870636
0.3646840453147888
0.3667393624782562
0.36604470014572144
0.36609214544296265
0.36311978101730347
0.36251339316368103
0.36285433173179626
0.3600594699382782
0.35848531126976013
0.354828417301178
0.3531372547149658
0.34996330738067627
0.34715205430984497
0.33978530764579773
0.34642279148101807
0.33453094959259033
0.33745473623275757
0.32648348808288574
0.32607683539390564
0.32038670778274536
0.314005583524704
0.30876046419143677
0.28794530034065247
0.2900560796260834
0.2550576627254486
0.2872143089771271
0.24136191606521606
0.20476403832435608
0.2004716843366623
0.2036174237728119
0.18120405077934265
0.13909076154232025
0.1456342339515686
0.10666149109601974
0.1234995499253273
0.07177077233791351
0.07580788433551788
0.09016185253858566
0.07495170086622238
0.05347287654876709
0.08381769806146622
0.08757773786783218
0.0798845887184143
0.06629400700330734
0.07385972887277603
0.11241040378808975
0.1251363307237625
0.11579949408769608
0.10254006087779999
0.1195959597826004
0.11884717643260956
0.11074573546648026
0.15463925898075104
0.16070470213890076
0.1457984298467636
0.1378457099199295
0.13368132710456848
0.17909760773181915
0.15503941476345062
0.16048426926136017
0.1468450427055359
0.16021734476089478
0.16575126349925995
0.1735210120677948
0.15927588939666748
0.1862947791814804
0.22374606132507324
0.16857658326625824
0.19172024726867676
0.17574378848075867
0.17212700843811035
0.18797555565834045
0.16201642155647278
0.19693024456501007
0.14813700318336487
0.15799857676029205
0.19198039174079895
0.18999767303466797
0.1585109829902649
0.15820594131946564
0.16532421112060547
0.1741812825202942
0.15033257007598877
0.13819468021392822
0.13394713401794434
0.12777484953403473
0.14953044056892395
0.11896275728940964
0.1366681009531021
0.12751999497413635
0.11225832998752594
0.1370517909526825
0.12978896498680115
0.11498331278562546
0.1376951038837433
0.08876166492700577
0.14798253774642944
0.09812959283590317
0.12110033631324768
0.09306683391332626
0.10271034389734268
0.1018843799829483
0.0755695030093193
0.07545404881238937
0.08894947171211243
0.08627376705408096
0.09603801369667053
0.0896826907992363
0.07340249419212341
0.07289086282253265
0.08416560292243958
0.09445188194513321
0.0948256105184555
0.07850826531648636
0.07498706877231598
0.09548313915729523
0.08845864236354828
0.08382266014814377
0.08410625904798508
0.09561712294816971
0.08878278732299805
0.07473690062761307
0.07743876427412033
0.07445898652076721
0.0995078831911087
0.07568371295928955
0.09759007394313812
0.11497329920530319
0.09204956889152527
0.10561089962720871
0.10460980236530304
0.12237565219402313
0.15290607511997223
0.1297478824853897
0.12726189196109772
0.09885935485363007
0.11804023385047913
0.11327391862869263
0.11437618732452393
0.13535629212856293
0.11374064534902573
0.12627176940441132
0.1021989956498146
0.13411110639572144
0.14692172408103943
0.10247326642274857
0.14642773568630219
0.13166943192481995
0.14233286678791046
0.13542287051677704
0.1320292204618454
0.13945382833480835
0.10920903086662292
0.13569767773151398
0.12092748284339905
0.12198198586702347
0.1451955884695053
0.13580872118473053
0.12045802175998688
0.13537146151065826
0.12375658750534058
0.13279609382152557
0.12337115406990051
0.14935173094272614
0.13927584886550903
0.13991941511631012
0.14486895501613617
0.13420963287353516
0.13981539011001587
0.12638044357299805
0.14148445427417755
0.1743241399526596
0.12360262125730515
0.11881739646196365
0.13526414334774017
0.13826489448547363
0.1335277110338211
0.12691174447536469
0.11253895610570908
0.13004358112812042
0.12471488863229752
0.16122367978096008
0.12141013890504837
0.13824492692947388
0.11181185394525528
0.12660416960716248
0.11710448563098907
0.11760096251964569
0.14170122146606445
0.09934316575527191
0.14247362315654755
0.12659141421318054
0.12053058296442032
0.19029678404331207
0.11196965724229813
0.1219746395945549
0.114009790122509
0.10562525689601898
0.1467735767364502
0.1335887610912323
0.11939670145511627
0.09708447009325027
0.11910015344619751
0.1292937994003296
0.11752720922231674
0.10419802367687225
0.11795583367347717
0.12945908308029175
0.13045263290405273
0.12654800713062286
0.09672357141971588
0.13134220242500305
0.08958716690540314
0.10249435901641846
0.13097800314426422
0.09065984934568405
0.1076791062951088
0.12558192014694214
0.10117579251527786
0.1256411373615265
0.08758312463760376
0.14394168555736542
0.10803145915269852
0.10945364087820053
0.1269642412662506
0.10971761494874954
0.08502058684825897
0.09156779199838638
0.12207917869091034
0.11498751491308212
0.11516880244016647
0.10460493713617325
0.07720886170864105
0.09261214733123779
0.07163293659687042
0.0962676852941513
0.0868113711476326
0.10796157270669937
0.08060486614704132
0.11925579607486725
0.08489298820495605
0.09303823113441467
0.05698326602578163
0.07560352236032486
0.13404574990272522
0.11479458212852478
0.10360418260097504
0.08260579407215118
0.13133926689624786
0.07092821598052979
0.10365843027830124
0.12987501919269562
0.09962794184684753
0.12042275816202164
0.12361406534910202
0.0924178808927536
0.12841181457042694
0.1056947112083435
0.12926466763019562
0.10544567555189133
0.12519638240337372
0.12859700620174408
0.13480877876281738
0.07439209520816803
0.0822567418217659
0.09585879743099213
0.12624527513980865
0.10790037363767624
0.06551454961299896
0.07458877563476562
0.08952823281288147
0.07066236436367035
0.11393150687217712
0.07366666942834854
0.1348588913679123
0.0855354592204094
0.11186221241950989
0.10310354828834534
0.08288033306598663
0.0925113782286644
0.07637908309698105
0.1270906627178192
0.14327472448349
0.078448586165905
0.0911114290356636
0.08925722539424896
0.061042673885822296
0.1541747748851776
0.08766362071037292
0.10997980833053589
0.1205618605017662
0.12343095242977142
0.11636950075626373
0.09234165400266647
0.06321633607149124
0.10370704531669617
0.06899869441986084
0.07823492586612701
0.10396303236484528
0.0970495343208313
0.09706110507249832
0.09991376847028732
0.08731275796890259
0.10201086848974228
0.10856125503778458
0.09238351881504059
0.11436274647712708
0.1350988745689392
0.08015221357345581
0.09149627387523651
0.09194240719079971
0.07117854803800583
0.10624285042285919
0.09563003480434418
0.07652793079614639
0.10372035205364227
0.11132623255252838
0.10881389677524567
0.11266627162694931
0.07813894003629684
0.09584300220012665
0.10206098109483719
0.13150572776794434
0.07217850536108017
0.09301786124706268
0.1200312077999115
0.0676761344075203
0.09094056487083435
0.08403362333774567
0.13605105876922607
0.10381360352039337
0.0923917293548584
0.09733489900827408
0.07959219068288803
0.13280239701271057
0.06983621418476105
0.0904487669467926
0.12208238244056702
0.08302854001522064
0.1038949117064476
0.07805654406547546
0.11859208345413208
0.08210423588752747
0.07937708497047424
0.10058046132326126
0.13168977200984955
0.1032075360417366
0.0683702901005745
0.08791840821504593
0.11218912154436111
0.11334284394979477
0.09719828516244888
0.09735814481973648
0.08600719273090363
0.1261003166437149
0.09791584312915802
0.08125411719083786
0.06770969927310944
0.12247169017791748
0.10975844413042068
0.08889970928430557
0.1300005465745926
0.10992710292339325
0.0739961713552475
0.10589832067489624
0.07982730865478516
0.07869039475917816
0.10603705793619156
0.09736938029527664
0.08531084656715393
0.08786364644765854
0.11190294474363327
0.0877765640616417
0.07693738490343094
0.08763399720191956
0.10184942930936813
0.10689877718687057
0.0900326520204544
0.07864443957805634
0.08086789399385452
0.08124484121799469
0.08401816338300705
0.08736889809370041
0.09352491796016693
0.11398347467184067
0.1057048812508583
0.09990070015192032
0.07189695537090302
0.06791459769010544
0.11564807593822479
0.10685062408447266
0.10832451283931732
0.08601849526166916
0.07980768382549286
0.10415661334991455
0.09344897419214249
0.08954291045665741
0.1005527600646019
0.09005232155323029
0.09601791203022003
0.08918921649456024
0.08225170522928238
0.09450776129961014
0.10303708910942078
0.09591758251190186
0.10734924674034119
0.09272230416536331
0.07822643965482712
0.11160364747047424
0.12910525500774384
0.07745936512947083
0.08010947704315186
0.08778384327888489
0.09071937203407288
0.09876193106174469
0.06909515708684921
0.10185319930315018
0.10973741114139557
0.08728088438510895
0.11388828605413437
0.076336570084095
0.10132163763046265
0.08063431084156036
0.10128097236156464
0.08701422065496445
0.1088637262582779
0.08139730244874954
0.11039316654205322
0.07367166131734848
0.07874086499214172
0.10414573550224304
0.10521937906742096
0.10881185531616211
0.09252160787582397
0.09428565204143524
0.09498623013496399
0.09343833476305008
0.07929161190986633
0.08855124562978745
0.09176429361104965
0.08796975016593933
0.08319121599197388
0.08808855712413788
0.09931106865406036
0.0744810625910759
0.09660851210355759
0.0755755603313446
0.08678682148456573
0.09490049630403519
0.10376475006341934
0.07945605367422104
0.07914096117019653
0.07995767146348953
0.0850297212600708
0.08117891103029251
0.10346583276987076
0.1060103252530098
0.08828219771385193
0.09539131075143814
0.08671711385250092
0.08076275885105133
0.0820976123213768
0.07115650922060013
0.07967158406972885
0.07429918646812439
0.08487577736377716
0.07354576140642166
0.10868772119283676
0.07885835319757462
0.07230650633573532
0.07954872399568558
0.12994563579559326
0.08067212998867035
0.10405909270048141
0.09673499315977097
0.08034643530845642
0.08547629415988922
0.08403706550598145
0.07548744976520538
0.09448964148759842
0.08101993054151535
0.08064420521259308
0.08850742876529694
0.06569426506757736
0.08537246286869049
0.09863649308681488
0.07408200949430466
0.08021636307239532
0.08003419637680054
0.0723659098148346
0.07983164489269257
0.07995232939720154
0.07910871505737305
0.08784189820289612
0.08084863424301147
0.07769370824098587
0.07648123800754547
0.08518847823143005
0.0836406797170639
0.10975918918848038
0.06596120446920395
0.07585762441158295
0.07266196608543396
0.07570215314626694
0.0693107545375824
0.10409324616193771
0.08020671457052231
0.10397285223007202
0.06419765949249268
0.08490588515996933
0.08662956207990646
0.07330667972564697
0.07239490002393723
0.10040854662656784
0.07714861631393433
0.07746769487857819
0.07758984714746475
0.07012274116277695
0.07945956289768219
0.0816052258014679
0.07739001512527466
0.08118357509374619
0.08716686069965363
0.06835226714611053
0.08724726736545563
0.07836529612541199
0.07149563729763031
0.08046777546405792
0.09072689712047577
0.07228755950927734
0.08650799840688705
0.06270483136177063
0.08189684897661209
0.07263998687267303
0.092575304210186
0.07859401404857635
0.10016263276338577
0.06973504275083542
0.0995318591594696
0.06904725730419159
0.11251379549503326
0.05870906636118889
0.06685808300971985
0.11314302682876587
0.08173194527626038
0.05975015461444855
0.065508171916008
0.09311236441135406
0.08261781185865402
0.06746870279312134
0.07602636516094208
0.1398371160030365
0.07375653088092804
0.06866580247879028
0.07132332772016525
0.06621570140123367
0.0718679279088974
0.08088330924510956
0.07619079202413559
0.08575037866830826
0.1068003699183464
0.06942454725503922
0.0687948688864708
0.06562211364507675
0.08193128556013107
0.06645157188177109
0.07212961465120316
0.057960353791713715
0.06689509004354477
0.07883903384208679
0.07963092625141144
0.07237851619720459
0.07432128489017487
0.10127454996109009
0.07448924332857132
0.07676424086093903
0.07569755613803864
0.07802722603082657
0.09059154987335205
0.07496917247772217
0.06941206753253937
0.08675091713666916
0.07343674451112747
0.06938629597425461
0.08531057089567184
0.06069151312112808
0.06968963146209717
0.08498252183198929
0.06546279788017273
0.07946764677762985
0.062288060784339905
0.10193074494600296
0.06866059452295303
0.08612751215696335
0.0781283900141716
0.09581205248832703
0.08399658650159836
0.07111471891403198
0.07260967791080475
0.07110095769166946
0.08771652728319168
0.08251640200614929
0.06599196046590805
0.09067254513502121
0.06480441242456436
0.06337419152259827
0.07463554292917252
0.07640646398067474
0.10292282700538635
0.08580819517374039
0.09101197123527527
0.09688568860292435
0.08919256180524826
0.0903557687997818
0.1008836030960083
0.10725254565477371
0.0601760596036911
0.06074528396129608
0.08479242771863937
0.08168243616819382
0.07669133692979813
0.07530860602855682
0.08080300688743591
0.06963739544153214
0.08185040950775146
0.07356937229633331
0.08193635940551758
0.07110846787691116
0.07888172566890717
0.08336041122674942
0.06427904963493347
0.07805459201335907
0.10150288045406342
0.07689353078603745
0.09346520900726318
0.08643782138824463
0.07303568720817566
0.05905337631702423
0.06510122865438461
0.09173178672790527
0.07980494201183319
0.06516414880752563
0.08186962455511093
0.08354159444570541
0.08248777687549591
0.07267708331346512
0.08688361942768097
0.06583022326231003
0.06846211850643158
0.0716177225112915
0.08938881754875183
0.06498861312866211
0.059490010142326355
0.07062329351902008
0.08043360710144043
0.08018733561038971
0.0747876688838005
0.07679629325866699
0.08914803713560104
0.06430833041667938
0.06846875697374344
0.070100799202919
0.07048389315605164
0.07018738240003586
0.05785306915640831
0.07254539430141449
0.09693099558353424
0.0950787290930748
0.07227694243192673
0.07489103823900223
0.06945360451936722
0.08230298012495041
0.07236950844526291
0.06472594290971756
0.0797250047326088
0.07146831601858139
0.06460443884134293
0.06796713173389435
0.06871367990970612
0.07131707668304443
0.06236553192138672
0.06810561567544937
0.06972499191761017
0.06988295912742615
0.08548703789710999
0.0847393348813057
0.10242442786693573
0.07207906246185303
0.08621137589216232
0.061582643538713455
0.07945156842470169
0.07503166049718857
0.08719010651111603
0.055903781205415726
0.08145752549171448
0.07109416276216507
0.06386125832796097
0.07248843461275101
0.08125589787960052
0.06860142946243286
0.06773724406957626
0.06769014894962311
0.07692648470401764
0.06528614461421967
0.09460802376270294
0.07653427124023438
0.07200019806623459
0.0708061009645462
0.08064399659633636
0.06926701962947845
0.06953120976686478
0.07012268155813217
0.06471487134695053
0.059859130531549454
0.06739609688520432
0.06406513601541519
0.07337362319231033
0.08352463692426682
0.07412799447774887
0.06608515232801437
0.09130355715751648
0.059846602380275726
0.06612302362918854
0.07720106840133667
0.05493102967739105
0.06534792482852936
0.07700036466121674
0.07114425301551819
0.0620940700173378
0.0792413055896759
0.06835828721523285
0.07942421734333038
0.06467746198177338
0.07102114707231522
0.051910556852817535
0.07064540684223175
0.05598771572113037
0.05490501597523689
0.061250220984220505
0.06823089718818665
0.05941392481327057
0.0891711637377739
0.0806804969906807
0.0629214495420456
0.09159049391746521
0.06054491549730301
0.07689820230007172
0.06176626682281494
0.0947352945804596
0.057464599609375
0.07363532483577728
0.05655881389975548
0.08765795081853867
0.08068428933620453
0.07144686579704285
0.059064749628305435
0.05995761230587959
0.06512130796909332
0.0793776735663414
0.07385555654764175
0.06378299742937088
0.0739276111125946
0.06734539568424225
0.07863078266382217
0.06934620440006256
0.06292100250720978
0.07419361174106598
0.07830510288476944
0.06903624534606934
0.07312170416116714
0.09122222661972046
0.07691120356321335
0.09317245334386826
0.07942978292703629
0.07472868263721466
0.05405886471271515
0.06659289449453354
0.06292634457349777
0.05666664242744446
0.1019575446844101
0.060566022992134094
0.08504900336265564
0.06507737934589386
0.1089571937918663
0.06422115862369537
0.07404708117246628
0.08342043310403824
0.08661135286092758
0.0752473920583725
0.059890951961278915
0.06311308592557907
0.06899739801883698
0.07437896728515625
0.050359565764665604
0.06960894167423248
0.0782901868224144
0.07006996870040894
0.07432584464550018
0.06343196332454681
0.08465305715799332
0.05235461890697479
0.07962783426046371
0.06794381141662598
0.05581280589103699
0.10212177038192749
0.07275917381048203
0.07446260005235672
0.080352284014225
0.07867784053087234
0.06808120757341385
0.05461838096380234
0.08309832215309143
0.06672528386116028
0.0750684142112732
0.09338097274303436
0.08695809543132782
0.06206509843468666
0.08324608951807022
0.09162289649248123
0.10268737375736237
0.07696565240621567
0.06903181970119476
0.07387933880090714
0.07133721560239792
0.0677504763007164
0.09147059172391891
0.06372047960758209
0.060323264449834824
0.08517396450042725
0.054209209978580475
0.07414453476667404
0.07379619032144547
0.08574634790420532
0.05687505751848221
0.10074806213378906
0.06908636540174484
0.07363048940896988
0.05762328580021858
0.06085105985403061
0.04604166001081467
0.07598713785409927
0.12262516468763351
0.07633399963378906
0.07383126020431519
0.05038756877183914
0.0710994154214859
0.06054084002971649
0.07199154794216156
0.09208306670188904
0.05556902289390564
0.050047677010297775
0.07642611861228943
0.05868439003825188
0.0502169094979763
0.07403063029050827
0.055951181799173355
0.05742679163813591
0.06307055801153183
0.08616672456264496
0.05087016522884369
0.06708559393882751
0.03933937847614288
0.09909564256668091
0.07796218991279602
0.05328042432665825
0.06902867555618286
0.07884327322244644
0.04900474101305008
0.06606575101613998
0.10253594815731049
0.09252659231424332
0.07745880633592606
0.061512164771556854
0.070223867893219
0.0817403793334961
0.05766383558511734
0.07952681928873062
0.073636494576931
0.0983290895819664
0.06566200405359268
0.06717731058597565
0.05077805370092392
0.0697164461016655
0.054245639592409134
0.06678987294435501
0.06572073698043823
0.10013464838266373
0.12914372980594635
0.07234706729650497
0.09589767456054688
0.0706215500831604
0.059764325618743896
0.06742065399885178
0.06839168816804886
0.08412818610668182
0.07521050423383713
0.05062592402100563
0.08735267072916031
0.055156417191028595
0.05716142803430557
0.04510020464658737
0.08833032101392746
0.11511271446943283
0.05775773897767067
0.08607305586338043
0.04703114926815033
0.06534352898597717
0.0907604843378067
0.10328495502471924
0.11213040351867676
0.06709502637386322
0.0667915940284729
0.07631957530975342
0.07213606685400009
0.10916422307491302
0.062672920525074
0.060971785336732864
0.07142002880573273
0.0815545991063118
0.06819061934947968
0.08725035190582275
0.05247056856751442
0.057374414056539536
0.08137067407369614
0.05190409719944
0.08049892634153366
0.0872381180524826
0.09021645784378052
0.06846048682928085
0.07011480629444122
0.07009246200323105
0.11771756410598755
0.08543921262025833
0.05048764869570732
0.06551501154899597
0.07222193479537964
0.06427717953920364
0.06753517687320709
0.08587196469306946
0.0652124360203743
0.08148104697465897
0.0929272249341011
0.07848908752202988
0.06431017816066742
0.05192982405424118
0.06170247122645378
0.07827780395746231
0.06376760452985764
0.06709932535886765
0.09685399383306503
0.07007413357496262
0.06200822442770004
0.04915507882833481
0.052713241428136826
0.12263312935829163
0.061141569167375565
0.07503344118595123
0.06357033550739288
0.06956391781568527
0.08429370075464249
0.07970583438873291
0.057980962097644806
0.04568988084793091
0.051311179995536804
0.03696609288454056
