0.12497107684612274
0.1248217523097992
0.1248936802148819
0.12484776228666306
0.12480339407920837
0.12481921911239624
0.12476231157779694
0.124801404774189
0.12478813529014587
0.12483999133110046
0.1247856616973877
0.12477076798677444
0.12467807531356812
0.12475757300853729
0.12471168488264084
0.12471769005060196
0.12451005727052689
0.12462320923805237
0.1245265007019043
0.12439966201782227
0.12448980659246445
0.12451616674661636
0.12452075630426407
0.12428010255098343
0.12406525015830994
0.12431350350379944
0.12422650307416916
0.12411893159151077
0.12414196133613586
0.12363773584365845
0.12319720536470413
0.1234777644276619
0.12337744981050491
0.1231209859251976
0.12273568660020828
0.1225530207157135
0.12278252094984055
0.1228528544306755
0.12274722009897232
0.12195523828268051
0.12178284674882889
0.12200932204723358
0.12120149284601212
0.12094225734472275
0.11996303498744965
0.11953002214431763
0.11890685558319092
0.11836487054824829
0.11620575189590454
0.11823892593383789
0.11523633450269699
0.116456538438797
0.11368768662214279
0.11391644179821014
0.11236128956079483
0.11088897287845612
0.11077967286109924
0.10534701496362686
0.1061599850654602
0.10057235509157181
0.10649935901165009
0.09693867713212967
0.08764559030532837
0.08510442078113556
0.08895312249660492
0.08715034276247025
0.06887355446815491
0.0687507838010788
0.05453680828213692
0.06431901454925537
0.045929983258247375
0.04006950557231903
0.04620007798075676
0.03485206887125969
0.027063719928264618
0.03715229779481888
0.030488722026348114
0.026430245488882065
0.019983261823654175
0.0189202893525362
0.03109581768512726
0.03225690871477127
0.03766456991434097
0.02037152461707592
0.02573627233505249
0.020422548055648804
0.019943134859204292
0.03605765849351883
0.08076757192611694
0.02627371810376644
0.027632668614387512
0.0253213532269001
0.0327238067984581
0.025853868573904037
0.024394910782575607
0.022894812747836113
0.030075611546635628
0.030009306967258453
0.03748520836234093
0.031418368220329285
0.041756801307201385
0.0555594339966774
0.04052984341979027
0.045567020773887634
0.04327484965324402
0.041720204055309296
0.047912970185279846
0.04056738317012787
0.05597374588251114
0.0411902591586113
0.046535320580005646
0.060903288424015045
0.05564515292644501
0.047302063554525375
0.05003555119037628
0.056307025253772736
0.0547880120575428
0.055749207735061646
0.04636400192975998
0.0496954470872879
0.04425438120961189
0.05727248266339302
0.04371362924575806
0.047242432832717896
0.050675518810749054
0.04165484011173248
0.06082650646567345
0.056370433419942856
0.05511553958058357
0.056109488010406494
0.03796308860182762
0.06179020553827286
0.04769361391663551
0.050945114344358444
0.0370890311896801
0.04010755941271782
0.036969251930713654
0.047698505222797394
0.03891700506210327
0.0348697230219841
0.042217038571834564
0.04354118928313255
0.030143018811941147
0.03068915195763111
0.028612837195396423
0.03050319291651249
0.03182913362979889
0.037968821823596954
0.031335197389125824
0.02312244288623333
0.029847262427210808
0.02358212135732174
0.02791028469800949
0.026040885597467422
0.02610728144645691
0.0274658203125
0.0209236741065979
0.025631755590438843
0.02192595601081848
0.024255357682704926
0.017775598913431168
0.0318593792617321
0.022352563217282295
0.02231113240122795
0.02442062273621559
0.024563319981098175
0.026977526023983955
0.03406114503741264
0.02660771645605564
0.02830418571829796
0.01818525604903698
0.017890190705657005
0.017744680866599083
0.02706446498632431
0.02765965461730957
0.02068263664841652
0.02541552484035492
0.012693244963884354
0.02421640232205391
0.025071892887353897
0.019703123718500137
0.02391551434993744
0.026076287031173706
0.024177083745598793
0.02248990908265114
0.032943423837423325
0.02779374271631241
0.015861576423048973
0.03225843608379364
0.02178337052464485
0.018480122089385986
0.02994481287896633
0.023491263389587402
0.028200024738907814
0.024110309779644012
0.0305088572204113
0.021701090037822723
0.01941518858075142
0.025845767930150032
0.02180672436952591
0.023105552420020103
0.019286375492811203
0.028909390792250633
0.02597537264227867
0.02209104783833027
0.028722558170557022
0.032721783965826035
0.01619015261530876
0.02174590528011322
0.028274767100811005
0.026431571692228317
0.024718865752220154
0.02137831412255764
0.027343450114130974
0.026904497295618057
0.027042649686336517
0.04066262021660805
0.030663900077342987
0.02894369699060917
0.023237068206071854
0.023263128474354744
0.02647254429757595
0.024868296459317207
0.0313430018723011
0.022033751010894775
0.03458795323967934
0.02862764149904251
0.025390060618519783
0.05426697060465813
0.029294315725564957
0.02471965178847313
0.028302572667598724
0.029721666127443314
0.036010220646858215
0.03308015316724777
0.03010242059826851
0.023650551214814186
0.03442933037877083
0.02806611731648445
0.03141011670231819
0.039425842463970184
0.033145081251859665
0.03645152226090431
0.03903337940573692
0.03649682551622391
0.02868720330297947
0.03686375170946121
0.026497289538383484
0.02927117608487606
0.03861910104751587
0.02593206986784935
0.03063119575381279
0.03828762471675873
0.027282148599624634
0.033740874379873276
0.02983485721051693
0.04303049296140671
0.04315289855003357
0.03641160950064659
0.037400614470243454
0.03599972277879715
0.030619502067565918
0.03296639025211334
0.05249235779047012
0.04154347628355026
0.04100729897618294
0.03233928233385086
0.02730468288064003
0.028796404600143433
0.02888413891196251
0.029002517461776733
0.03152654692530632
0.03302212804555893
0.030430007725954056
0.034353211522102356
0.03250395506620407
0.031059138476848602
0.027411360293626785
0.026555705815553665
0.04643703252077103
0.032256919890642166
0.027798188850283623
0.02944755367934704
0.037668757140636444
0.02257291041314602
0.03173121437430382
0.038536928594112396
0.03396067023277283
0.040540337562561035
0.036219365894794464
0.029103945940732956
0.037921126931905746
0.03131367638707161
0.03981441259384155
0.034942448139190674
0.033335816115140915
0.03412899747490883
0.0382026806473732
0.03093145042657852
0.02487618662416935
0.02728636935353279
0.03682101517915726
0.0343279205262661
0.02229044958949089
0.02411874197423458
0.02672477439045906
0.024016650393605232
0.03205353394150734
0.025113292038440704
0.035660259425640106
0.028084995225071907
0.033184438943862915
0.03100752644240856
0.022942684590816498
0.02244781330227852
0.021994197741150856
0.037695273756980896
0.04059763252735138
0.01814444363117218
0.02927282452583313
0.02872285805642605
0.020298602059483528
0.04283259063959122
0.023218026384711266
0.03123648278415203
0.03172319382429123
0.025749729946255684
0.032267794013023376
0.028854120522737503
0.01878388598561287
0.023817583918571472
0.020177971571683884
0.02136724814772606
0.02799968235194683
0.028944144025444984
0.02049177885055542
0.03262181952595711
0.02172957733273506
0.029330546036362648
0.025731489062309265
0.020464032888412476
0.02364053949713707
0.06565714627504349
0.016907310113310814
0.024831142276525497
0.022505193948745728
0.01491818018257618
0.02395777218043804
0.01897907257080078
0.018490074202418327
0.023297157138586044
0.028683800250291824
0.02798520214855671
0.026364382356405258
0.018431872129440308
0.02290179207921028
0.025601034983992577
0.03068237192928791
0.015807755291461945
0.0230959951877594
0.033694710582494736
0.016568735241889954
0.02277878299355507
0.02510785311460495
0.03410593047738075
0.02235192060470581
0.0225658155977726
0.024248681962490082
0.01896897330880165
0.026299335062503815
0.016704054549336433
0.016481544822454453
0.033974215388298035
0.01886048913002014
0.029145920649170876
0.020123418420553207
0.03020876832306385
0.015492052771151066
0.02060762420296669
0.02540322206914425
0.03212421387434006
0.02637876570224762
0.017852280288934708
0.017974406480789185
0.024976840242743492
0.03223728761076927
0.02267773449420929
0.026223888620734215
0.016275206580758095
0.02974287047982216
0.02264346182346344
0.01891176961362362
0.013877913355827332
0.028539329767227173
0.02800377830862999
0.018612753599882126
0.0779152363538742
0.03218074142932892
0.0190520491451025
0.02714785560965538
0.019367285072803497
0.015353436581790447
0.01960471272468567
0.024292903020977974
0.016323547810316086
0.020235441625118256
0.028267009183764458
0.020751720294356346
0.014293152838945389
0.020540885627269745
0.02431255578994751
0.02083207294344902
0.016548877581954002
0.017237013205885887
0.016372719779610634
0.019074872136116028
0.016145911067724228
0.022870799526572227
0.019848376512527466
0.03127764165401459
0.02217581495642662
0.020500052720308304
0.014383312314748764
0.01564982905983925
0.02061266452074051
0.017682917416095734
0.022447630763053894
0.015141500160098076
0.01612742617726326
0.026965482160449028
0.02916558086872101
0.014246402308344841
0.01730267144739628
0.020495682954788208
0.021294482052326202
0.02083451673388481
0.020750217139720917
0.02269480749964714
0.015734056010842323
0.015184212476015091
0.03858567029237747
0.026863135397434235
0.02160412073135376
0.0323118157684803
0.027245374396443367
0.014808358624577522
0.01737348735332489
0.01886150799691677
0.01955476403236389
0.02520759589970112
0.013970533385872841
0.022090844810009003
0.02567906305193901
0.02087486907839775
0.026701953262090683
0.018523382022976875
0.01823817752301693
0.022663764655590057
0.02169734239578247
0.027404211461544037
0.019224295392632484
0.022420266643166542
0.02180289849638939
0.017958136275410652
0.01605379953980446
0.020381774753332138
0.017450042068958282
0.02162410318851471
0.024490445852279663
0.01873205602169037
0.01697213016450405
0.022016184404492378
0.023913994431495667
0.01622876711189747
0.0240422785282135
0.020146524533629417
0.017229754477739334
0.015531654469668865
0.02669559232890606
0.017528776079416275
0.023625925183296204
0.02056637965142727
0.019220968708395958
0.019107308238744736
0.014020116999745369
0.022095851600170135
0.01895274966955185
0.016266891732811928
0.022994302213191986
0.02246321737766266
0.04116342216730118
0.019850626587867737
0.016125518828630447
0.018898215144872665
0.015366298146545887
0.020539473742246628
0.0190900731831789
0.015271687880158424
0.017330043017864227
0.011663304641842842
0.021806806325912476
0.01815323531627655
0.015685543417930603
0.01762913353741169
0.01991083100438118
0.01527620479464531
0.06154818460345268
0.01967659592628479
0.019794084131717682
0.014135196805000305
0.02145220711827278
0.01625179871916771
0.023526418954133987
0.017242806032299995
0.0341600626707077
0.01830899529159069
0.021911434829235077
0.02405736595392227
0.01616353914141655
0.023256264626979828
0.0189491156488657
0.0160398967564106
0.01964852586388588
0.02197621762752533
0.022717587649822235
0.016126586124300957
0.014320123940706253
0.020828602835536003
0.018575934693217278
0.016898704692721367
0.018176157027482986
0.026303080841898918
0.022098621353507042
0.017441686242818832
0.019258074462413788
0.018472781404852867
0.018949100747704506
0.028402360156178474
0.02288775146007538
0.020703455433249474
0.01762406900525093
0.01854245364665985
0.05042968690395355
0.01698576658964157
0.01771901175379753
0.02369680628180504
0.019664645195007324
0.019300689920783043
0.022599972784519196
0.01834731362760067
0.017798475921154022
0.0251056756824255
0.02001197263598442
0.018398016691207886
0.014127623289823532
0.01685110479593277
0.02159019187092781
0.02457594685256481
0.020205583423376083
0.017117466777563095
0.02565842680633068
0.017738942056894302
0.023812707513570786
0.029068516567349434
0.015283244661986828
0.022363226860761642
0.02391192689538002
0.016484737396240234
0.02408445067703724
0.024568108841776848
0.01974300853908062
0.026176955550909042
0.02479364722967148
0.021947409957647324
0.022012244910001755
0.024573078379034996
0.021742090582847595
0.017900375649333
0.027104360982775688
0.026105595752596855
0.01886614039540291
0.024439718574285507
0.019844520837068558
0.018815748393535614
0.01760445162653923
0.026661816984415054
0.03871258348226547
0.01983056217432022
0.014609012752771378
0.02209319919347763
0.016035396605730057
0.018918003886938095
0.02676275186240673
0.022179262712597847
0.021729201078414917
0.02580314874649048
0.021098937839269638
0.017565317451953888
0.020527150481939316
0.02278755232691765
0.02568422257900238
0.024578848853707314
0.01604647934436798
0.02092863619327545
0.02396301180124283
0.027486298233270645
0.018930228427052498
0.02362203411757946
0.023430274799466133
0.030296608805656433
0.023734278976917267
0.024822764098644257
0.017181042581796646
0.024563193321228027
0.023312585428357124
0.024550151079893112
0.023146258667111397
0.02174999937415123
0.020723167806863785
0.02241206355392933
0.01830582320690155
0.01905854418873787
0.02022692561149597
0.022906506434082985
0.01814819686114788
0.02394195646047592
0.020202111452817917
0.023717373609542847
0.021209552884101868
0.02445848286151886
0.024162041023373604
0.043648168444633484
0.019509226083755493
0.01991693116724491
0.02090415731072426
0.0213916078209877
0.034222427755594254
0.020458627492189407
0.025766219943761826
0.02558036893606186
0.017743080854415894
0.02047804743051529
0.022675257176160812
0.03343162685632706
0.027114978060126305
0.024411475285887718
0.02227301150560379
0.02055962011218071
0.02239202708005905
0.027171172201633453
0.03666646033525467
0.02173846960067749
0.02298898994922638
0.024517018347978592
0.02022586762905121
0.027523012831807137
0.02305619604885578
0.02006882056593895
0.017012812197208405
0.02446611225605011
0.02109885774552822
0.026250984519720078
0.022857457399368286
0.02155585214495659
0.02445150539278984
0.021056465804576874
0.019932348281145096
0.034525755792856216
0.019300756976008415
0.03169908747076988
0.027490045875310898
0.021702038124203682
0.019039032980799675
0.018346045166254044
0.022451035678386688
0.02207983285188675
0.021580051630735397
0.023304052650928497
0.02675921842455864
0.023904412984848022
0.019282061606645584
0.019370514899492264
0.02246319130063057
0.01939597725868225
0.01960604079067707
0.023198924958705902
0.020187092944979668
0.015514081344008446
0.0241505429148674
0.02128177136182785
0.024008240550756454
0.026287047192454338
0.023132942616939545
0.023695120587944984
0.021582577377557755
0.02330206334590912
0.019088875502347946
0.024726007133722305
0.017294270917773247
0.01814698986709118
0.0264549870043993
0.025284064933657646
0.025383643805980682
0.022376693785190582
0.023156698793172836
0.027571866288781166
0.02607411891222
0.017038367688655853
0.01900697499513626
0.02653542160987854
0.020343028008937836
0.015547693707048893
0.01900375261902809
0.019974537193775177
0.026482971385121346
0.017058495432138443
0.017511874437332153
0.018479570746421814
0.02697170153260231
0.020827438682317734
0.02173423022031784
0.03185930848121643
0.016064660623669624
0.023541266098618507
0.02084314450621605
0.018961669877171516
0.021478399634361267
0.022447487339377403
0.019457772374153137
0.02259891852736473
0.020072977989912033
0.021814582869410515
0.021313168108463287
0.023672012612223625
0.02007739245891571
0.02672100067138672
0.025286342948675156
0.02090037614107132
0.020862409844994545
0.022534996271133423
0.022083578631281853
0.021374158561229706
0.026536639779806137
0.024475587531924248
0.024271588772535324
0.020977888256311417
0.02134665846824646
0.016727034002542496
0.02088082954287529
0.022632624953985214
0.02360273152589798
0.019465750083327293
0.023430924862623215
0.022079575806856155
0.021474648267030716
0.04364091530442238
0.015649553388357162
0.018383605405688286
0.020576508715748787
0.016338512301445007
0.01583682745695114
0.01799314096570015
0.02698715776205063
0.017198678106069565
0.024617936462163925
0.022725164890289307
0.033584579825401306
0.015509315766394138
0.01685076579451561
0.014314942993223667
0.021282736212015152
0.015807343646883965
0.014497494325041771
0.019077932462096214
0.023874174803495407
0.016561876982450485
0.02390776015818119
0.015706121921539307
0.015707869082689285
0.02124529331922531
0.019928382709622383
0.02090660110116005
0.017680589109659195
0.018361371010541916
0.017273567616939545
0.019453462213277817
0.017121966928243637
0.023175358772277832
0.022061165422201157
0.032959356904029846
0.021379981189966202
0.01842610165476799
0.018759991973638535
0.0275052972137928
0.02790718525648117
0.017408186569809914
0.023962272331118584
0.020450524985790253
0.023024655878543854
0.01970197632908821
0.02173563838005066
0.022060012444853783
0.0177519079297781
0.01710108108818531
0.020907238125801086
0.026451565325260162
0.02273261547088623
0.01935765892267227
0.01945289596915245
0.02150593139231205
0.016076337546110153
0.01647956110537052
0.020905468612909317
0.01615741290152073
0.023769043385982513
0.016450025141239166
0.021316155791282654
0.01884358376264572
0.04357359930872917
0.017575038596987724
0.02216310054063797
0.02633512206375599
0.02356354519724846
0.017707787454128265
0.019755512475967407
0.01809980534017086
0.02095278725028038
0.012797728180885315
0.012635842896997929
0.02242477796971798
0.017505133524537086
0.01895744726061821
0.021159127354621887
0.0218308437615633
0.022849520668387413
0.019708290696144104
0.02359534054994583
0.015610089525580406
0.0193936787545681
0.024576112627983093
0.01859244331717491
0.02007807418704033
0.020322998985648155
0.019949372857809067
0.015835167840123177
0.014707488939166069
0.028123170137405396
0.018498819321393967
0.028378892689943314
0.026406679302453995
0.018794268369674683
0.019931696355342865
0.019283881410956383
0.027668096125125885
0.02826111577451229
0.016008274629712105
0.01711062155663967
0.020154546946287155
0.018137019127607346
0.01587417721748352
0.022610902786254883
0.01647656410932541
0.019064191728830338
0.021175667643547058
0.014994123950600624
0.016350407153367996
0.02204107865691185
0.014362492598593235
0.01736282743513584
0.028412513434886932
0.014312323182821274
0.023745324462652206
0.016942553222179413
0.017767688259482384
0.014250273816287518
0.018558256328105927
0.04617653042078018
0.02183482237160206
0.021994363516569138
0.016792187467217445
0.016209257766604424
0.01905900612473488
0.01616576313972473
0.019618287682533264
0.007915199734270573
0.015432683750987053
0.018463540822267532
0.01765577681362629
0.017545420676469803
0.01460189651697874
0.014796311035752296
0.014997939579188824
0.0185745507478714
0.024722807109355927
0.014460824429988861
0.017176851630210876
0.011359676718711853
0.026863161474466324
0.01932710036635399
0.01374739408493042
0.01737595722079277
0.017051132395863533
0.015664078295230865
0.014451306313276291
0.02787214145064354
0.019211409613490105
0.016873493790626526
0.018846752122044563
0.015764201059937477
0.033836159855127335
0.014809152111411095
0.018121272325515747
0.01677522249519825
0.020483970642089844
0.01754022389650345
0.02445416897535324
0.018617786467075348
0.020861763507127762
0.013913857750594616
0.019138777628540993
0.020952969789505005
0.025605417788028717
0.04248986393213272
0.01643265038728714
0.02764900214970112
0.014691878110170364
0.020701516419649124
0.014055567793548107
0.015175022184848785
0.018082376569509506
0.018269255757331848
0.016871144995093346
0.024307148531079292
0.015083041042089462
0.01545846089720726
0.01188303716480732
0.017523206770420074
0.027345802634954453
0.015223640948534012
0.021224219352006912
0.011842940002679825
0.016089487820863724
0.021789265796542168
0.027177222073078156
0.024502864107489586
0.023977763950824738
0.015865813940763474
0.018962493166327477
0.01623641699552536
0.020058710128068924
0.01494184136390686
0.01422622986137867
0.017663998529314995
0.01797444000840187
0.019134994596242905
0.011269966140389442
0.015438571572303772
0.018738768994808197
0.012355158105492592
0.01504509523510933
0.01817997917532921
0.024510763585567474
0.020498573780059814
0.015839973464608192
0.014648642390966415
0.020120330154895782
0.0532168447971344
0.016936225816607475
0.01877516135573387
0.01563924551010132
0.01403440348803997
0.017613565549254417
0.011920880526304245
0.02205805666744709
0.016505632549524307
0.0137094147503376
0.023118246346712112
0.02998308651149273
0.0152454087510705
0.01937948539853096
0.015811631456017494
0.01896028406918049
0.013930944725871086
0.017467929050326347
0.016698503866791725
0.01438880804926157
0.01275123655796051
0.013482332229614258
0.01476383302360773
0.059984106570482254
0.013085818849503994
0.01753474958240986
0.0160151869058609
0.0140287596732378
0.016488829627633095
0.012817089445888996
0.015336369164288044
0.016705628484487534
0.017279064282774925
0.012808343395590782
