0.1874707192182541
0.1873219907283783
0.1873936504125595
0.1873476505279541
0.18730320036411285
0.1873188614845276
0.1872621327638626
0.18730129301548004
0.18728825449943542
0.18734031915664673
0.18728573620319366
0.1872706562280655
0.1871778666973114
0.18725775182247162
0.1872115433216095
0.18721787631511688
0.1870100349187851
0.1871231496334076
0.18702654540538788
0.18690010905265808
0.18698972463607788
0.18701601028442383
0.1870204657316208
0.18677984178066254
0.18656547367572784
0.18681353330612183
0.1867266148328781
0.1866191327571869
0.18664196133613586
0.1861378252506256
0.18569707870483398
0.18597771227359772
0.1858774721622467
0.185620978474617
0.18523544073104858
0.1850529909133911
0.18528282642364502
0.18535268306732178
0.18524697422981262
0.184455007314682
0.1842832714319229
0.1845092624425888
0.18370145559310913
0.1834423691034317
0.18246309459209442
0.18202969431877136
0.18140681087970734
0.180865079164505
0.17870570719242096
0.18073919415473938
0.1777363270521164
0.17895659804344177
0.17618770897388458
0.17641626298427582
0.17486146092414856
0.17338882386684418
0.17327940464019775
0.1678471565246582
0.16866016387939453
0.16307254135608673
0.1689993292093277
0.15943863987922668
0.15014126896858215
0.14747603237628937
0.151452898979187
0.14957426488399506
0.12991586327552795
0.1305069923400879
0.11225418746471405
0.12227074056863785
0.09991728514432907
0.08569318801164627
0.09317579120397568
0.08323376625776291
0.06097456067800522
0.07876706123352051
0.06124388426542282
0.05640648677945137
0.0434713214635849
0.039314933121204376
0.05689171701669693
0.057926081120967865
0.05940144509077072
0.041911277920007706
0.049795620143413544
0.044372424483299255
0.041500288993120193
0.06522194296121597
0.10558891296386719
0.056593600660562515
0.05676998198032379
0.0526202954351902
0.07222627103328705
0.05878354609012604
0.0634710043668747
0.05817810073494911
0.06771763414144516
0.07204151898622513
0.08010346442461014
0.07315681874752045
0.08938173949718475
0.10988027602434158
0.08593158423900604
0.09745050221681595
0.08974893391132355
0.08985644578933716
0.09800232946872711
0.08618244528770447
0.1052415668964386
0.08359954506158829
0.0916927233338356
0.10864237695932388
0.10488665848970413
0.09255722165107727
0.09269125014543533
0.10114067792892456
0.10200688987970352
0.09782890975475311
0.08525999635457993
0.08589234203100204
0.08125356584787369
0.09730260819196701
0.07783052325248718
0.08333399146795273
0.08608085662126541
0.07118299603462219
0.09809912741184235
0.08981890976428986
0.08616715669631958
0.09250780940055847
0.06296321749687195
0.09793213754892349
0.07570715248584747
0.0805898904800415
0.062340203672647476
0.06560923159122467
0.0634588673710823
0.07017376273870468
0.05838209018111229
0.05919762700796127
0.062124185264110565
0.06893745064735413
0.05302286520600319
0.0469806045293808
0.047117725014686584
0.05192434787750244
0.05397791415452957
0.06308241188526154
0.049935370683670044
0.0412733256816864
0.052444733679294586
0.04616016894578934
0.04829050973057747
0.04915764182806015
0.04977017641067505
0.04830311983823776
0.03813939169049263
0.04474274069070816
0.039299532771110535
0.05155982822179794
0.03749951347708702
0.05333729088306427
0.05170775204896927
0.04381881654262543
0.050874143838882446
0.04802799969911575
0.059971123933792114
0.07424258440732956
0.057425372302532196
0.060011379420757294
0.04086681827902794
0.04829312115907669
0.051367565989494324
0.054614387452602386
0.061170436441898346
0.05004552751779556
0.0558629035949707
0.038823653012514114
0.06304450333118439
0.06454644352197647
0.0468195341527462
0.06280870735645294
0.06078416109085083
0.06602368503808975
0.05980952829122543
0.06685402989387512
0.06544899940490723
0.04809412360191345
0.06542734801769257
0.056899845600128174
0.056750889867544174
0.0698993057012558
0.06322338432073593
0.0642080157995224
0.06586222350597382
0.06606144458055496
0.06315532326698303
0.05963956192135811
0.07100725173950195
0.06825082004070282
0.0680401623249054
0.06679859012365341
0.06639257818460464
0.06895630806684494
0.0653136745095253
0.07154807448387146
0.08898290246725082
0.06189490854740143
0.06002955883741379
0.06800038367509842
0.07163294404745102
0.06793305277824402
0.06514240056276321
0.061813127249479294
0.06889362633228302
0.06885794550180435
0.09132186323404312
0.06952065974473953
0.07134877145290375
0.06125061586499214
0.06758242845535278
0.06537678837776184
0.063628189265728
0.08079484105110168
0.0591619648039341
0.08030478656291962
0.06718529760837555
0.0673719048500061
0.11437492817640305
0.06524933129549026
0.06603752076625824
0.06549370288848877
0.061975035816431046
0.08152240514755249
0.0794902965426445
0.0724095031619072
0.05595286935567856
0.0711013674736023
0.07502519339323044
0.07080904394388199
0.06818930059671402
0.06805188953876495
0.07410315424203873
0.07313577830791473
0.07278314232826233
0.05775066465139389
0.07413448393344879
0.06073230132460594
0.06073147803544998
0.0796622633934021
0.054741695523262024
0.06398572027683258
0.07659469544887543
0.06099424883723259
0.07262317091226578
0.05431722477078438
0.08817537873983383
0.06674898415803909
0.06841044127941132
0.07402835786342621
0.06736809760332108
0.053589653223752975
0.06024671345949173
0.09161456674337387
0.06900597363710403
0.06760799884796143
0.06259563565254211
0.047124750912189484
0.056038159877061844
0.04671025276184082
0.05612856149673462
0.05272398516535759
0.06096839904785156
0.05072244256734848
0.0698784589767456
0.05351272225379944
0.054967328906059265
0.04282142221927643
0.04620824754238129
0.07689282298088074
0.06112055480480194
0.05896611884236336
0.0522601455450058
0.07123599946498871
0.04101862385869026
0.05809810012578964
0.07017862051725388
0.05761353299021721
0.06605854630470276
0.06760693341493607
0.05344599485397339
0.06932894885540009
0.05618182197213173
0.06728380173444748
0.060963355004787445
0.06628762185573578
0.06710448861122131
0.07048819959163666
0.04542843624949455
0.04663340002298355
0.05333070084452629
0.06881885975599289
0.06140398234128952
0.03843877464532852
0.04342993348836899
0.04749123752117157
0.04079829156398773
0.06099427491426468
0.04423221945762634
0.06816615164279938
0.051792293787002563
0.062371715903282166
0.05458252876996994
0.04461579769849777
0.0471101775765419
0.04171798378229141
0.0680343434214592
0.07210687547922134
0.03715682029724121
0.052164144814014435
0.05032254755496979
0.03521505743265152
0.08066975325345993
0.045728784054517746
0.057330742478370667
0.0612940788269043
0.057379100471735
0.06165595352649689
0.04727435111999512
0.03581660985946655
0.050730396062135696
0.03563288226723671
0.03883451968431473
0.05185980349779129
0.049991361796855927
0.04651816561818123
0.055443279445171356
0.041872620582580566
0.05348975211381912
0.05025076866149902
0.04412763565778732
0.053139109164476395
0.09985499083995819
0.03981177508831024
0.04841209575533867
0.04413667693734169
0.03535743057727814
0.05292613059282303
0.045162834227085114
0.037773679941892624
0.0504189133644104
0.05488447844982147
0.053595613688230515
0.056373897939920425
0.03894339129328728
0.046764492988586426
0.050526492297649384
0.06417880952358246
0.034710854291915894
0.04548843204975128
0.06439506262540817
0.03688356280326843
0.04417545348405838
0.04496399685740471
0.06875064224004745
0.05032844841480255
0.04746450483798981
0.04833357036113739
0.03890034556388855
0.06407048553228378
0.03736088052392006
0.04211250692605972
0.06557798385620117
0.043193913996219635
0.05403392016887665
0.037850767374038696
0.05908230319619179
0.0381905734539032
0.04218750074505806
0.05193836987018585
0.06645912677049637
0.05192531645298004
0.03690041974186897
0.041599489748477936
0.05554942041635513
0.0624985434114933
0.05031885951757431
0.052047934383153915
0.04230474680662155
0.06488768011331558
0.04897879809141159
0.044647082686424255
0.034643303602933884
0.062061622738838196
0.05726005509495735
0.047236308455467224
0.08837409317493439
0.06268084049224854
0.04034380614757538
0.05700591206550598
0.04174500331282616
0.04086688905954361
0.055510375648736954
0.04992404207587242
0.042519234120845795
0.046790316700935364
0.05897960811853409
0.044873446226119995
0.040011484175920486
0.04905591160058975
0.05409146100282669
0.055120304226875305
0.04501382261514664
0.04492877051234245
0.04311671853065491
0.04591580852866173
0.04560462385416031
0.04850165545940399
0.05016656219959259
0.06291117519140244
0.05695095285773277
0.055506642907857895
0.040174126625061035
0.03938712552189827
0.06322555989027023
0.05782382935285568
0.05684304237365723
0.04681304097175598
0.0455077663064003
0.06253057718276978
0.056187599897384644
0.049949780106544495
0.0530303493142128
0.050643473863601685
0.05621849745512009
0.051225945353507996
0.04760533571243286
0.056666113436222076
0.05475170165300369
0.05236887186765671
0.0694352313876152
0.05523604154586792
0.04753173887729645
0.06770322471857071
0.0711284875869751
0.043118834495544434
0.04524175450205803
0.05565980076789856
0.052353695034980774
0.057570576667785645
0.04137367010116577
0.06087183952331543
0.06555870175361633
0.050648681819438934
0.0655868873000145
0.046425070613622665
0.0588640533387661
0.04765516147017479
0.05719257518649101
0.056422993540763855
0.0628579705953598
0.05110762268304825
0.06190601363778114
0.04582464322447777
0.048817262053489685
0.06408262252807617
0.06308823078870773
0.0626407116651535
0.05820639431476593
0.05339103937149048
0.05616903305053711
0.057244524359703064
0.05066720396280289
0.05303134024143219
0.05885083228349686
0.05183448642492294
0.049938760697841644
0.05337546765804291
0.06520342826843262
0.04634702950716019
0.059848133474588394
0.0471060648560524
0.0542450025677681
0.057286303490400314
0.05892729386687279
0.05154375731945038
0.04934028163552284
0.0473298579454422
0.05222419649362564
0.052454881370067596
0.075813427567482
0.06105200946331024
0.05095493793487549
0.05576229840517044
0.0538422167301178
0.05131552368402481
0.04861677438020706
0.04293220117688179
0.04857362061738968
0.04496418312191963
0.053799670189619064
0.047097302973270416
0.05902763828635216
0.0473746657371521
0.0463651567697525
0.04969188943505287
0.08369722962379456
0.05075063556432724
0.06092796474695206
0.05516651272773743
0.04926940053701401
0.0505487285554409
0.054000124335289
0.04890631139278412
0.06353239715099335
0.05005314201116562
0.05235443636775017
0.05694592371582985
0.04322262108325958
0.05422057583928108
0.053050220012664795
0.043658241629600525
0.05074882507324219
0.051422424614429474
0.045740071684122086
0.0507146492600441
0.04499820992350578
0.04800879955291748
0.05180384963750839
0.04763634130358696
0.04628509655594826
0.052010443061590195
0.05334073305130005
0.045509785413742065
0.06309184432029724
0.03995814174413681
0.04420337826013565
0.05104881152510643
0.049093082547187805
0.04155366122722626
0.05505009740591049
0.048382245004177094
0.06832954287528992
0.03924816474318504
0.051681824028491974
0.05801629647612572
0.04284856095910072
0.04458796977996826
0.057353660464286804
0.042753275483846664
0.04559951648116112
0.048833467066287994
0.04395167529582977
0.04213973879814148
0.04237400367856026
0.04504355415701866
0.05052107200026512
0.05319807678461075
0.04359837993979454
0.04975246638059616
0.053998492658138275
0.03946553170681
0.05172738805413246
0.05548204109072685
0.039351001381874084
0.04789264500141144
0.04368894547224045
0.04364364221692085
0.047237906605005264
0.05916869267821312
0.045155808329582214
0.05698392167687416
0.04425570368766785
0.05617217719554901
0.04585364833474159
0.058319639414548874
0.03871095925569534
0.039604976773262024
0.06331291794776917
0.04834131896495819
0.03790607675909996
0.04257994890213013
0.05014242231845856
0.044882550835609436
0.03754309564828873
0.04852748662233353
0.07943953573703766
0.041702404618263245
0.03644774109125137
0.040348973125219345
0.034772418439388275
0.03923725709319115
0.044485412538051605
0.04278942197561264
0.04435453936457634
0.0597761794924736
0.0385894775390625
0.0394185334444046
0.03728310018777847
0.04679623991250992
0.03891768306493759
0.0408351756632328
0.03191510587930679
0.037870828062295914
0.04367446154356003
0.05226818099617958
0.039815258234739304
0.044839732348918915
0.05651978403329849
0.05152229964733124
0.041918784379959106
0.044095687568187714
0.0384363979101181
0.04821297898888588
0.04268214479088783
0.038929425179958344
0.04852059483528137
0.03924485296010971
0.03553030639886856
0.04314785078167915
0.03222820907831192
0.039548225700855255
0.04328039661049843
0.04024001210927963
0.03862800449132919
0.03895431011915207
0.04781715199351311
0.04131670296192169
0.04100394994020462
0.044555239379405975
0.052615344524383545
0.05673708766698837
0.03509172052145004
0.03927648067474365
0.03934229165315628
0.04196472093462944
0.054669611155986786
0.035427890717983246
0.046651508659124374
0.04003274440765381
0.03275831416249275
0.0374361053109169
0.03996502608060837
0.06323343515396118
0.04740298539400101
0.04505336657166481
0.046737466007471085
0.0437130481004715
0.04660896211862564
0.056220464408397675
0.06743589788675308
0.03404742479324341
0.0348353311419487
0.04330821335315704
0.04019177705049515
0.04586634784936905
0.041400663554668427
0.04167279973626137
0.032737165689468384
0.04149308055639267
0.037982746958732605
0.047697436064481735
0.0410311259329319
0.04277229309082031
0.0439084991812706
0.03694785013794899
0.03989546746015549
0.06422870606184006
0.03931848704814911
0.05290099233388901
0.046806950122117996
0.03692268952727318
0.03318287432193756
0.03154370188713074
0.04423796012997627
0.041011445224285126
0.036914288997650146
0.04220172017812729
0.044847454875707626
0.044150933623313904
0.03747965395450592
0.042564451694488525
0.035774700343608856
0.03512084484100342
0.03663183003664017
0.044655755162239075
0.03423033282160759
0.0297317486256361
0.03961586207151413
0.041060060262680054
0.040565356612205505
0.04156241565942764
0.03865545243024826
0.042218223214149475
0.03696891665458679
0.03841014206409454
0.0342782698571682
0.04212106019258499
0.03458151966333389
0.03168650344014168
0.04094722121953964
0.04940897971391678
0.04945185035467148
0.03931880742311478
0.03802185133099556
0.045459821820259094
0.04405495896935463
0.03641762211918831
0.03290633112192154
0.04549501836299896
0.03621671721339226
0.03186720237135887
0.03629680350422859
0.03778313472867012
0.04194965958595276
0.03215484321117401
0.03367849066853523
0.037369199097156525
0.04180582985281944
0.0453372560441494
0.042125098407268524
0.05935392528772354
0.035547710955142975
0.04273977875709534
0.034585706889629364
0.03882116079330444
0.04264061897993088
0.04700164496898651
0.033685874193906784
0.04204324260354042
0.03910721838474274
0.036007437855005264
0.04461418837308884
0.046006008982658386
0.036172688007354736
0.0399528369307518
0.03894498199224472
0.03940543532371521
0.03443899005651474
0.04705902934074402
0.041606731712818146
0.03985097259283066
0.043774351477622986
0.044297054409980774
0.04192899167537689
0.041009750217199326
0.03993125259876251
0.035988375544548035
0.035259686410427094
0.03965781256556511
0.035386230796575546
0.039309293031692505
0.04653875529766083
0.04161534085869789
0.03703270107507706
0.06868600845336914
0.03186986222863197
0.03682471066713333
0.03845203295350075
0.028610479086637497
0.03784425929188728
0.043749913573265076
0.04585036635398865
0.035014037042856216
0.0488995797932148
0.040248576551675797
0.05692915618419647
0.03408051282167435
0.03956053406000137
0.03084426373243332
0.04073743522167206
0.03122563660144806
0.028241146355867386
0.03503336384892464
0.03977357968688011
0.03179863840341568
0.05297805741429329
0.04413369670510292
0.03554941713809967
0.05136463791131973
0.039305832237005234
0.04331671819090843
0.03690221160650253
0.05043473467230797
0.03218452259898186
0.045728374272584915
0.03383007273077965
0.05166171118617058
0.04038212448358536
0.05004367232322693
0.036408379673957825
0.036249905824661255
0.039060480892658234
0.054398342967033386
0.0483824759721756
0.03608917444944382
0.04439665377140045
0.03728393092751503
0.04403790831565857
0.04329969733953476
0.03802758827805519
0.04318765923380852
0.042990606278181076
0.04049695283174515
0.0454939603805542
0.05549538880586624
0.04485280066728592
0.05067981034517288
0.04842214286327362
0.043823037296533585
0.02967178449034691
0.03936511650681496
0.03693356364965439
0.03517737612128258
0.05835532397031784
0.03450288996100426
0.051904261112213135
0.04163820296525955
0.08437292277812958
0.040420401841402054
0.045357994735240936
0.05157141759991646
0.05294628441333771
0.047461479902267456
0.037969380617141724
0.037772633135318756
0.04708252474665642
0.04319912940263748
0.030750468373298645
0.04293818026781082
0.04459905996918678
0.04152541235089302
0.045830920338630676
0.04013647139072418
0.052701883018016815
0.03402821719646454
0.04934243857860565
0.04340101405978203
0.03544851392507553
0.06060049682855606
0.04332248866558075
0.046532705426216125
0.0472298189997673
0.04769866168498993
0.04212279990315437
0.034706950187683105
0.05281757563352585
0.03915096074342728
0.046300582587718964
0.06123076751828194
0.05034646391868591
0.03874220326542854
0.049136389046907425
0.056004952639341354
0.06371302157640457
0.044603414833545685
0.042862191796302795
0.04468976706266403
0.04464293643832207
0.042798932641744614
0.057663287967443466
0.03931313008069992
0.03704428672790527
0.051164235919713974
0.03165740892291069
0.045089539140462875
0.04322732985019684
0.04894079640507698
0.03533376008272171
0.05911937728524208
0.039347629994153976
0.04644700884819031
0.03740159049630165
0.03909151256084442
0.027014508843421936
0.04425772652029991
0.09156100451946259
0.04837283864617348
0.04571002721786499
0.03551586717367172
0.04479523375630379
0.0383821502327919
0.04403217136859894
0.05333598703145981
0.03318580612540245
0.032317984849214554
0.04742496460676193
0.039068687707185745
0.03275134414434433
0.04476398229598999
0.03777550533413887
0.03607448190450668
0.041985414922237396
0.05734531953930855
0.03239220380783081
0.04307495057582855
0.026339299976825714
0.062347330152988434
0.05025370419025421
0.03341897204518318
0.04187307506799698
0.048593632876873016
0.03020724281668663
0.04188825190067291
0.06598023325204849
0.05478161200881004
0.04692619666457176
0.039370566606521606
0.0439581498503685
0.05714382231235504
0.03469386696815491
0.04878638684749603
0.04846251755952835
0.05818667262792587
0.0417717769742012
0.045222729444503784
0.033682748675346375
0.044640734791755676
0.03737954795360565
0.03947789967060089
0.04126998409628868
0.05828776955604553
0.08094457536935806
0.04297643154859543
0.05821336805820465
0.043682631105184555
0.03953348100185394
0.04055960103869438
0.0409872867166996
0.05454664304852486
0.04454440250992775
0.03186387941241264
0.050723135471343994
0.03428928181529045
0.03780577331781387
0.030948827043175697
0.04924992471933365
0.06641904264688492
0.036040760576725006
0.04907114803791046
0.029622163623571396
0.03988656401634216
0.05395025014877319
0.05714502930641174
0.06295531243085861
0.047336362302303314
0.03995794802904129
0.04751279950141907
0.04283859580755234
0.06369839608669281
0.037824150174856186
0.03705709055066109
0.04329672083258629
0.046844787895679474
0.04036211222410202
0.05108233541250229
0.031147582456469536
0.03643836826086044
0.04351571202278137
0.0332939438521862
0.04738409072160721
0.051388341933488846
0.05559177324175835
0.0391080416738987
0.04001076519489288
0.04711741954088211
0.0911095067858696
0.050390683114528656
0.03482238948345184
0.041749339550733566
0.0398162379860878
0.040640074759721756
0.03869691863656044
0.05071580410003662
0.038117967545986176
0.048187579959630966
0.05439949035644531
0.05208788067102432
0.040024660527706146
0.032599836587905884
0.03665272891521454
0.04659248888492584
0.03739367425441742
0.04002132639288902
0.05300597846508026
0.04053380340337753
0.03667180612683296
0.03182239830493927
0.03370804712176323
0.09862412512302399
0.0362783744931221
0.04154183715581894
0.03861022740602493
0.03847511112689972
0.05027540773153305
0.045454706996679306
0.03376816213130951
0.03256698697805405
0.0358562171459198
0.027315137907862663
