0.07417595386505127
0.0737704336643219
0.07396078109741211
0.0735451951622963
0.07365570217370987
0.07367310672998428
0.07350454479455948
0.07356331497430801
0.07346466928720474
0.07376287132501602
0.07348377257585526
0.07331933081150055
0.07268094271421432
0.07303573191165924
0.07261987030506134
0.07285262644290924
0.0717276856303215
0.07196837663650513
0.07140840590000153
0.0708470493555069
0.07105836272239685
0.07118239253759384
0.07077845931053162
0.06918234378099442
0.06817018985748291
0.06969306617975235
0.06900274008512497
0.06793316453695297
0.06798012554645538
0.06483900547027588
0.06170772388577461
0.06384312361478806
0.06249632313847542
0.06095512583851814
0.058070819824934006
0.05487656220793724
0.05941087752580643
0.057653117924928665
0.05796205997467041
0.052537910640239716
0.05156378820538521
0.05163547769188881
0.0467769131064415
0.043602026998996735
0.03752290457487106
0.037045978009700775
0.029788875952363014
0.027088964357972145
0.021128322929143906
0.025979775935411453
0.02086261659860611
0.018076516687870026
0.014844213612377644
0.011789525859057903
0.01033901795744896
0.011182530783116817
0.006453657057136297
0.005709564313292503
0.00667682895436883
0.004951700568199158
0.004131182562559843
0.002801775000989437
0.0030715898610651493
0.00244628032669425
0.003192178439348936
0.012955499812960625
0.003821840975433588
0.004098412115126848
0.003765502944588661
0.006567714735865593
0.004760341718792915
0.00782099086791277
0.01205719169229269
0.0036308886483311653
0.00599433621391654
0.006366632413119078
0.005682501010596752
0.004397053271532059
0.004599940963089466
0.0031773289665579796
0.005120765417814255
0.005230311769992113
0.007004084996879101
0.003061036579310894
0.0039623272605240345
0.0030091963708400726
0.003434494836255908
0.004900516010820866
0.04546426981687546
0.0028146100230515003
0.0029313545674085617
0.0031654443591833115
0.003095400519669056
0.003011689754202962
0.0018376953667029738
0.0022955825552344322
0.0032761823385953903
0.002262886380776763
0.0042842840775847435
0.0025021566543728113
0.0027587926015257835
0.004591084085404873
0.00330940680578351
0.0034724650904536247
0.004056411329656839
0.001646164688281715
0.0032720770686864853
0.003267353866249323
0.003625478595495224
0.0039743296802043915
0.003776702331379056
0.004650520160794258
0.0016429799143224955
0.002895968733355403
0.00324089708738029
0.005591326858848333
0.005067609250545502
0.007748228032141924
0.005323371849954128
0.004312774166464806
0.00236124568618834
0.006680704187601805
0.005367315839976072
0.004959101788699627
0.005265713203698397
0.006736752577126026
0.007634246256202459
0.0072969733737409115
0.006834869738668203
0.010811267420649529
0.0070121996104717255
0.01140352338552475
0.00902180839329958
0.007949372753500938
0.005020849872380495
0.00607350142672658
0.006535125430673361
0.011465637944638729
0.008985664695501328
0.005548248533159494
0.01037022564560175
0.009327485226094723
0.0067377835512161255
0.006165218539535999
0.008433826267719269
0.005777554586529732
0.007421289570629597
0.010355514474213123
0.00935957208275795
0.005783486645668745
0.006835679989308119
0.005559426266700029
0.006979192607104778
0.006519491318613291
0.006434424314647913
0.013124953024089336
0.008580051362514496
0.007054136134684086
0.008460133336484432
0.007038685958832502
0.005266191437840462
0.008218330331146717
0.008696162141859531
0.007451837882399559
0.00890091247856617
0.012325309216976166
0.007714293897151947
0.005934583954513073
0.013176621869206429
0.008102810941636562
0.007790204603224993
0.007168856915086508
0.0061667850241065025
0.012997748330235481
0.012118231505155563
0.006462179124355316
0.007337224669754505
0.005180782172828913
0.007876714691519737
0.004100254736840725
0.004911947995424271
0.010382305830717087
0.007690113503485918
0.006079086568206549
0.007857955992221832
0.007319827564060688
0.006168657913804054
0.004622522741556168
0.005790604278445244
0.007266117725521326
0.007353589870035648
0.010384207591414452
0.0059715150855481625
0.007095607928931713
0.007293454371392727
0.005201565567404032
0.007751171942800283
0.0053895004093647
0.007109750062227249
0.006272291298955679
0.007771248463541269
0.00458778440952301
0.008125663734972477
0.006796499248594046
0.005154740996658802
0.006525150500237942
0.009071567095816135
0.003668819786980748
0.0063665625639259815
0.007853660732507706
0.007721195463091135
0.005840235855430365
0.005607452243566513
0.0051341974176466465
0.005546629894524813
0.005202614236623049
0.008998041972517967
0.005323794204741716
0.005494162905961275
0.004249599762260914
0.0033401455730199814
0.004555432125926018
0.0038476893678307533
0.006021727342158556
0.002862829016521573
0.006103496998548508
0.0056212046183645725
0.003473385237157345
0.011414574459195137
0.004280595108866692
0.003803388914093375
0.0024665880482643843
0.004527093376964331
0.005553297232836485
0.004454617388546467
0.004271676763892174
0.0031343474984169006
0.004564967472106218
0.0033739791251719
0.005110925994813442
0.004059359431266785
0.0040534487925469875
0.004681659862399101
0.006689284462481737
0.005246677435934544
0.0027517376001924276
0.005405781790614128
0.0024219255428761244
0.0036335703916847706
0.004200336989015341
0.0030821377877146006
0.003231038572266698
0.0038619227707386017
0.003692836267873645
0.002959000878036022
0.004194474313408136
0.005186690017580986
0.003602236043661833
0.0032306076027452946
0.00451627979055047
0.00378214824013412
0.0020400765351951122
0.0037030703388154507
0.009609946981072426
0.0033323518000543118
0.004390905145555735
0.0032299438025802374
0.001721446868032217
0.0027356825303286314
0.0027940638829022646
0.003890835680067539
0.003535435302183032
0.0025984211824834347
0.003001218196004629
0.004037916660308838
0.002958793891593814
0.002511934842914343
0.0018775678472593427
0.0029543451964855194
0.006960214581340551
0.0023755203001201153
0.0024362807162106037
0.0021193937864154577
0.001926508266478777
0.0024680907372385263
0.0028452780097723007
0.002561567584052682
0.0031109750270843506
0.004938448779284954
0.0026886642444878817
0.0027262675575912
0.003706929739564657
0.003117345040664077
0.005192728713154793
0.004292180296033621
0.0017952572088688612
0.0031770803034305573
0.0033878993708640337
0.003422398120164871
0.003465269459411502
0.0015612387796863914
0.0030876551754772663
0.0030260682106018066
0.0023698844015598297
0.003158462466672063
0.002157635521143675
0.002573598176240921
0.0021128286607563496
0.002494333777576685
0.0021426312159746885
0.0032870974391698837
0.002699117409065366
0.0030285140965133905
0.0022151030134409666
0.001635714783333242
0.0020954320207238197
0.0033204047940671444
0.0029025948606431484
0.0019816849380731583
0.002358880825340748
0.0023565825540572405
0.001972806639969349
0.004735306836664677
0.003730183467268944
0.0028370367363095284
0.0033834651112556458
0.002512053120881319
0.0023643483873456717
0.004057243466377258
0.0020682774484157562
0.002000238746404648
0.0031510144472122192
0.0017847371054813266
0.00223173969425261
0.0031376739498227835
0.0018833166686818004
0.003602833952754736
0.002079802332445979
0.003417840925976634
0.0023045942652970552
0.002562260255217552
0.0021511693485081196
0.009522423148155212
0.0019950270652770996
0.0019786821212619543
0.0018313704058527946
0.0018923161551356316
0.0026668694335967302
0.00195799907669425
0.0017757858149707317
0.0020014781039208174
0.0031152425799518824
0.002823285758495331
0.0020822498481720686
0.0026779768522828817
0.002486033597961068
0.002766658319160342
0.004335171543061733
0.001672358368523419
0.002332135569304228
0.004498513415455818
0.0020232289098203182
0.0024442526046186686
0.0036458433605730534
0.00506123062223196
0.0022486981470137835
0.002216967288404703
0.002734230598434806
0.00276697869412601
0.002639859914779663
0.0020601614378392696
0.001902154996059835
0.004282042849808931
0.003062179544940591
0.003221341874450445
0.0026221538428217173
0.0032340511679649353
0.0018435216043144464
0.0031539970077574253
0.0036068616900593042
0.0042848954908549786
0.003372360486537218
0.0023035872727632523
0.001956946449354291
0.0027703489176928997
0.004544113762676716
0.002790322294458747
0.0048565734177827835
0.002709420630708337
0.004105791915208101
0.0019209989113733172
0.00301329861395061
0.0014961272245272994
0.003133513266220689
0.003671178361400962
0.0028916250448673964
0.008717956952750683
0.005954987369477749
0.0027470618952065706
0.0035736155696213245
0.0029503582045435905
0.0018993354169651866
0.0033819214440882206
0.002487183315679431
0.0017812511650845408
0.003054832573980093
0.002970401430502534
0.0023723854683339596
0.0020499094389379025
0.002994832582771778
0.0036398726515471935
0.0033231277484446764
0.002232812810689211
0.002583966823294759
0.002105552004650235
0.002013632794842124
0.0018133933190256357
0.00406948197633028
0.0032160745467990637
0.004872582852840424
0.0027488304767757654
0.0030163340270519257
0.0026091504842042923
0.002470529405400157
0.002365279709920287
0.002170437714084983
0.0035226689651608467
0.0021370085887610912
0.0024847378954291344
0.005034649278968573
0.00498180091381073
0.002294607926160097
0.0032096439972519875
0.0025294185616075993
0.004696856718510389
0.003654442261904478
0.003194105112925172
0.004019836895167828
0.0019676205702126026
0.00250637112185359
0.01006634533405304
0.002849142299965024
0.0037981842178851366
0.005375465378165245
0.0028452444821596146
0.0018784231506288052
0.003101599868386984
0.003106691874563694
0.0021330153103917837
0.003008355386555195
0.002340465085580945
0.00398228457197547
0.0033755472395569086
0.0026369565166532993
0.0034852842800319195
0.0031696695368736982
0.0032965950667858124
0.004414226394146681
0.0035559874959290028
0.004244964104145765
0.003055010689422488
0.004496399313211441
0.0022859240416437387
0.00363257247954607
0.0024406975135207176
0.0029340777546167374
0.0025300823617726564
0.003825230523943901
0.0035221197176724672
0.0034850784577429295
0.0022926272358745337
0.004037228878587484
0.004040658473968506
0.0024278550408780575
0.0034276768565177917
0.0033130899537354708
0.002446806989610195
0.0021732922177761793
0.00450574466958642
0.0027535874396562576
0.0033469325862824917
0.002992090303450823
0.0028767327312380075
0.0024519050493836403
0.0023902752436697483
0.004579218570142984
0.0020758314058184624
0.002205807249993086
0.0027001099660992622
0.003891894593834877
0.008572481572628021
0.0021516408305615187
0.002823025919497013
0.003131568431854248
0.0022728233598172665
0.003281066892668605
0.002687311265617609
0.0021539584267884493
0.0026997560635209084
0.0019388978835195303
0.0037750646006315947
0.00292129535228014
0.0030957097187638283
0.0032336546573787928
0.0039064777083694935
0.002384575316682458
0.009256540797650814
0.0028425578493624926
0.0034034159034490585
0.001999139552935958
0.00397321255877614
0.002214518142864108
0.004247418604791164
0.0021977245341986418
0.006536263972520828
0.0028088248800486326
0.0033400992397218943
0.0033732091542333364
0.0034156800247728825
0.002671766560524702
0.002432105364277959
0.002383149927482009
0.0030580367892980576
0.003429477335885167
0.00258070626296103
0.002146646613255143
0.001700803404673934
0.0027263066731393337
0.0031994772143661976
0.0023681106977164745
0.0027233012951910496
0.003917851485311985
0.0034646319691091776
0.002026299713179469
0.0034109028056263924
0.0032900958321988583
0.002151211490854621
0.004059005528688431
0.0035255602560937405
0.003467375412583351
0.0023957358207553625
0.003148110117763281
0.00747963972389698
0.002992141293361783
0.0031100171618163586
0.004546388052403927
0.0019030708353966475
0.004060647450387478
0.003610293846577406
0.0019892877899110317
0.0032666041515767574
0.003070929553359747
0.002582593122497201
0.0029718847945332527
0.0018973571714013815
0.0029743097256869078
0.0038213557563722134
0.002863248810172081
0.0029536173678934574
0.002709643915295601
0.0031903465278446674
0.002490924671292305
0.003339887596666813
0.0049058604054152966
0.001972568454220891
0.0027570752426981926
0.0039276001043617725
0.0017592463409528136
0.0037459060549736023
0.004202185198664665
0.0037522916682064533
0.0034861289896070957
0.0036748249549418688
0.0030451565980911255
0.00381427351385355
0.0029031774029135704
0.0032650928478688
0.0023176793474704027
0.003578412113711238
0.003860526019707322
0.0027066071052104235
0.003473086515441537
0.002877409104257822
0.003148985793814063
0.0026877415366470814
0.004368994850665331
0.008183705620467663
0.0031350816134363413
0.0025005601346492767
0.0030141135212033987
0.0024573986884206533
0.002965552732348442
0.004017201252281666
0.0032075962517410517
0.002755042864009738
0.0030886377207934856
0.002666993997991085
0.0023622612934559584
0.0027961444575339556
0.0037700876127928495
0.0031451438553631306
0.003664277959614992
0.0019459199393168092
0.0029767416417598724
0.0019485290395095944
0.004145219922065735
0.0022800376173108816
0.0037018945440649986
0.0038857271429151297
0.0037003057077527046
0.0029542988631874323
0.003814821131527424
0.0017451189924031496
0.003243866376578808
0.004090495873242617
0.003334676381200552
0.0026986957527697086
0.002679171971976757
0.001928047277033329
0.002570904791355133
0.0017708501545712352
0.0024753843899816275
0.001385577954351902
0.0031213650945574045
0.0022263091523200274
0.0035077740903943777
0.0017479893285781145
0.004134492017328739
0.0022056568413972855
0.002753081265836954
0.002797208959236741
0.006447224412113428
0.002433568239212036
0.002325665205717087
0.0023579918779432774
0.002097025979310274
0.0048766047693789005
0.002812635386362672
0.0031395242549479008
0.004287842661142349
0.0021189767867326736
0.0022533084265887737
0.002849229611456394
0.004801711533218622
0.004213856998831034
0.00247355573810637
0.002454404253512621
0.0031325509771704674
0.003692581783980131
0.003418848617002368
0.006737137213349342
0.002889558207243681
0.0044821747578680515
0.0030561573803424835
0.003169383853673935
0.00318344053812325
0.0033413285855203867
0.0023201177828013897
0.0021708121057599783
0.003730317112058401
0.00239726435393095
0.0035678513813763857
0.0034562437795102596
0.0036327787674963474
0.002641297411173582
0.003284852020442486
0.002738034352660179
0.006395316682755947
0.0026856400072574615
0.004630944691598415
0.00341362995095551
0.0019693346694111824
0.0029494843911379576
0.0016460779588669538
0.0021550883539021015
0.002670171670615673
0.0023813918232917786
0.0023516735527664423
0.0040168846026062965
0.0033623601775616407
0.0024098954163491726
0.0025586243718862534
0.002387154148891568
0.002691632369533181
0.002391992835327983
0.0036526136100292206
0.0027363556437194347
0.0016104128444567323
0.003243429586291313
0.0021236755419522524
0.002780822105705738
0.003611368592828512
0.002389475703239441
0.002966491039842367
0.0024328818544745445
0.003169594332575798
0.001784222200512886
0.0031211988534778357
0.002101766411215067
0.002117968164384365
0.0027545462362468243
0.0026529445312917233
0.002926599234342575
0.0022909233812242746
0.003329983213916421
0.004597227089107037
0.0036226524971425533
0.0015426203608512878
0.002037257654592395
0.003923468757420778
0.0023341462947428226
0.0015589729882776737
0.0018700850196182728
0.0022414647974073887
0.0034858575090765953
0.0022178576327860355
0.001810711226426065
0.0020938932429999113
0.0041337814182043076
0.00266778701916337
0.0018556166905909777
0.00435611279681325
0.0018411321798339486
0.002219417365267873
0.002186286263167858
0.0016956572653725743
0.002798650413751602
0.003042304888367653
0.0029135867953300476
0.0025655278004705906
0.002120398450642824
0.0030152243562042713
0.0023710697423666716
0.0028888117522001266
0.002272592158988118
0.0036449485924094915
0.0031145098619163036
0.001879876828752458
0.002221542876213789
0.002971184439957142
0.0023118737153708935
0.0027779890224337578
0.00356535566970706
0.0033222134225070477
0.003297436749562621
0.002463745651766658
0.002946056192740798
0.001989584183320403
0.002472655149176717
0.0025450922548770905
0.0027691409923136234
0.0021345673594623804
0.0034915292635560036
0.0031755995005369186
0.002235409803688526
0.0068380217999219894
0.0025750265922397375
0.0018375705694779754
0.0019783542957156897
0.0019228735473006964
0.0020814116578549147
0.0020876864437013865
0.003381315851584077
0.0024140430614352226
0.003311095293611288
0.0033414573408663273
0.0054499246180057526
0.00177035853266716
0.0017491199541836977
0.0018286561826243997
0.002233172534033656
0.001754747936502099
0.0010605505667626858
0.001823408412747085
0.003407698590308428
0.0017835285980254412
0.0028056534938514233
0.001988354604691267
0.0024673971347510815
0.0018642146605998278
0.0022531759459525347
0.002747552702203393
0.0020566144958138466
0.001641048933379352
0.002329623093828559
0.0022324654273688793
0.001804807805456221
0.0027431887574493885
0.0015257445629686117
0.005332772620022297
0.002306878101080656
0.002075664233416319
0.0018175074364989996
0.003850350622087717
0.0036341918166726828
0.001958081964403391
0.003052172251045704
0.0017627577763050795
0.0030483431182801723
0.0027517417911440134
0.003713094163686037
0.003071405692026019
0.0026332023553550243
0.0024547921493649483
0.0030157272703945637
0.0031508137471973896
0.002866696333512664
0.001613284694030881
0.002302462002262473
0.0022353639360517263
0.0016014404827728868
0.0018992646364495158
0.0025910199619829655
0.002197906607761979
0.0029487800784409046
0.0014740035403519869
0.002352135954424739
0.0019794260151684284
0.0061686476692557335
0.0019620105158537626
0.002604331821203232
0.003487355075776577
0.00286058965139091
0.00195837439969182
0.0028049235697835684
0.002624659799039364
0.002765919081866741
0.0010819610906764865
0.0012682428350672126
0.002832388039678335
0.001590508851222694
0.002297335071489215
0.002401764038950205
0.003765874309465289
0.003196581732481718
0.003075847402215004
0.003074218286201358
0.0021381673868745565
0.0017216632841154933
0.0031639873050153255
0.0022095502354204655
0.0020757669117301702
0.0023864922113716602
0.0023087547160685062
0.0014932902995496988
0.001944523537531495
0.004655189346522093
0.0030058478005230427
0.0033251652494072914
0.002806346397846937
0.002055421005934477
0.002478951122611761
0.0024481364525854588
0.0037786406464874744
0.0037093786522746086
0.0016063377261161804
0.0024552978575229645
0.0023989311885088682
0.0018733944743871689
0.0017640376463532448
0.002452469663694501
0.002185884630307555
0.002271655946969986
0.003221034538000822
0.0015101174358278513
0.002015319187194109
0.002700819168239832
0.0015878044068813324
0.0014971013879403472
0.0037533738650381565
0.002439239528030157
0.002758137881755829
0.002236953703686595
0.001972862984985113
0.0012334657367318869
0.0024557067081332207
0.006632529199123383
0.0026141786947846413
0.0024150358512997627
0.0020870983134955168
0.0019721987191587687
0.0023384783416986465
0.0014491125475615263
0.0032146545127034187
0.000864013796672225
0.0015457704430446029
0.001883873948827386
0.0020790016278624535
0.0015875707613304257
0.0015136292204260826
0.0015167688252404332
0.001774936681613326
0.0021446929313242435
0.0036144505720585585
0.0015932446112856269
0.002106703817844391
0.0014857365749776363
0.004582236986607313
0.00333844730630517
0.0014865691773593426
0.002257696120068431
0.0020747892558574677
0.0014747600071132183
0.0019861150067299604
0.0038433149456977844
0.0016984647372737527
0.0017906631110236049
0.00215989351272583
0.001948829274624586
0.00495121069252491
0.0025380756705999374
0.002854452468454838
0.0021663419902324677
0.002081585582345724
0.0022574507165700197
0.003910152707248926
0.0022040295880287886
0.0024818910751491785
0.0017682218458503485
0.0029995539225637913
0.002437801333144307
0.0023577238898724318
0.006396571174263954
0.001849453430622816
0.0037372997030615807
0.0018724920228123665
0.0032165192533284426
0.0018312452593818307
0.0016141904052346945
0.0024737222120165825
0.0020941703114658594
0.0022436652798205614
0.004253047984093428
0.001932593178935349
0.0019577660132199526
0.0011531058698892593
0.002449135296046734
0.004202171694487333
0.001680669141933322
0.002007079776376486
0.001471538096666336
0.0020282212644815445
0.002555530983954668
0.004131135996431112
0.0032775464933365583
0.0031405407935380936
0.001958380686119199
0.0024870350025594234
0.0015587410889565945
0.002529750345274806
0.001965027302503586
0.0026285743806511164
0.003296986687928438
0.002124249702319503
0.002223060932010412
0.0013468810357153416
0.0020214994437992573
0.0024334737099707127
0.001335109700448811
0.001742436084896326
0.0019002556800842285
0.003416593186557293
0.0026542148552834988
0.0017364869127050042
0.0017117047682404518
0.0024195415899157524
0.007611789740622044
0.0019647388253360987
0.0025344386231154203
0.0019336440600454807
0.002040454186499119
0.0027576328720897436
0.00177760049700737
0.003746727015823126
0.001591665088199079
0.0021054758690297604
0.002899480750784278
0.00471462681889534
0.0025432640686631203
0.0032436316832900047
0.0022601140663027763
0.003024452365934849
0.001439963816665113
0.002076649572700262
0.0018865722231566906
0.0017620498547330499
0.0012337486259639263
0.0017010970041155815
0.0019087803084403276
0.00814261194318533
0.0015281799715012312
0.0021910318173468113
0.001828924985602498
0.0019066226668655872
0.002700200304389
0.0013396753929555416
0.00216194661334157
0.002073640236631036
0.001953740371391177
0.0012571756960824132
