0.8989372253417969
0.8984558582305908
0.8986771702766418
0.8981485962867737
0.8982996344566345
0.8983139395713806
0.8980985283851624
0.8981612920761108
0.8980229496955872
0.8983983397483826
0.8980327248573303
0.8978094458580017
0.8969727158546448
0.8974202871322632
0.8968722820281982
0.8971825838088989
0.8957292437553406
0.8960115313529968
0.8952811360359192
0.8945844173431396
0.8948137164115906
0.8949848413467407
0.8944401741027832
0.8923819065093994
0.8910768032073975
0.893027663230896
0.8921496272087097
0.8907623291015625
0.8908349871635437
0.8867770433425903
0.8827759027481079
0.8854507803916931
0.8837264776229858
0.8818477392196655
0.8780892491340637
0.8737120032310486
0.8798602223396301
0.8774360418319702
0.8779599666595459
0.8709041476249695
0.8699022531509399
0.8697077631950378
0.8634620308876038
0.8591493368148804
0.8506056070327759
0.8471611142158508
0.8381296992301941
0.8301019668579102
0.8146108388900757
0.8288862109184265
0.8011819124221802
0.8051954507827759
0.7802162766456604
0.7783582210540771
0.7650818824768066
0.7500576376914978
0.7322356104850769
0.6868904829025269
0.6917361617088318
0.599095344543457
0.6817763447761536
0.5747745633125305
0.49213966727256775
0.4842744767665863
0.486222505569458
0.4160071909427643
0.3408907353878021
0.3689183294773102
0.2757101356983185
0.3199350833892822
0.19494834542274475
0.20506057143211365
0.2371918112039566
0.24472728371620178
0.17167018353939056
0.25147485733032227
0.27868589758872986
0.2697363495826721
0.22851790487766266
0.28210243582725525
0.33756521344184875
0.4202452600002289
0.3791390061378479
0.3659895360469818
0.39920520782470703
0.40557238459587097
0.3835504353046417
0.4776652753353119
0.4227394759654999
0.47638821601867676
0.4299003481864929
0.4313872456550598
0.5204669237136841
0.48026716709136963
0.4824025332927704
0.4489980638027191
0.46886932849884033
0.47921696305274963
0.49532705545425415
0.4734008312225342
0.5164204239845276
0.5958058834075928
0.4671275317668915
0.5172556638717651
0.48060697317123413
0.478010892868042
0.5184438824653625
0.4592633545398712
0.5283334851264954
0.42409229278564453
0.4394107460975647
0.4973059296607971
0.5277894735336304
0.4515058696269989
0.44017642736434937
0.4334087669849396
0.48175713419914246
0.4066182076931
0.3898644745349884
0.38827502727508545
0.38577258586883545
0.4202267527580261
0.3497658669948578
0.4039148986339569
0.4017597436904907
0.3251323699951172
0.3879685699939728
0.3885231912136078
0.34670135378837585
0.3579089641571045
0.2610663175582886
0.41208404302597046
0.32848167419433594
0.3614412844181061
0.3179273009300232
0.3473023772239685
0.33353954553604126
0.26153436303138733
0.27221614122390747
0.3206435739994049
0.26016977429389954
0.3322867751121521
0.3312487006187439
0.2809968888759613
0.24613796174526215
0.29732197523117065
0.3190438151359558
0.2950581908226013
0.24402731657028198
0.27879512310028076
0.3089006841182709
0.3284454941749573
0.2836321294307709
0.2966519594192505
0.3212631344795227
0.3028888404369354
0.2688388526439667
0.2753719091415405
0.28520551323890686
0.33943551778793335
0.283254474401474
0.32233381271362305
0.40544557571411133
0.32134562730789185
0.3473983108997345
0.3619092106819153
0.3897005021572113
0.45395416021347046
0.4165135324001312
0.38354119658470154
0.3440467119216919
0.38636133074760437
0.36479949951171875
0.38119441270828247
0.4161182641983032
0.3616650402545929
0.37671419978141785
0.3487924039363861
0.38423866033554077
0.4333886206150055
0.32786300778388977
0.41729167103767395
0.3855338990688324
0.41225147247314453
0.39895644783973694
0.37991881370544434
0.39632928371429443
0.339115709066391
0.40223929286003113
0.37260764837265015
0.38108909130096436
0.4126300811767578
0.37898677587509155
0.33234596252441406
0.3932097852230072
0.33854568004608154
0.39138057827949524
0.36817288398742676
0.4129250645637512
0.409586638212204
0.3913632929325104
0.430180162191391
0.3791421055793762
0.3987835943698883
0.3651653230190277
0.41626206040382385
0.4777941405773163
0.3915845453739166
0.3551223576068878
0.38238781690597534
0.4153147041797638
0.3836255669593811
0.37649354338645935
0.3076731562614441
0.39466235041618347
0.3621419370174408
0.47705718874931335
0.3323078453540802
0.39394882321357727
0.3619897663593292
0.3969271183013916
0.33836060762405396
0.3543684184551239
0.4144118130207062
0.33734551072120667
0.4430761933326721
0.3667127192020416
0.39156121015548706
0.5196854472160339
0.3484388291835785
0.3998805582523346
0.3553331792354584
0.3136659562587738
0.453565776348114
0.4094490110874176
0.37314629554748535
0.3171536922454834
0.3836512565612793
0.44940242171287537
0.395181804895401
0.3075982332229614
0.353036105632782
0.4191935062408447
0.3958849608898163
0.42337900400161743
0.33367857336997986
0.4224381148815155
0.3241414427757263
0.3372218608856201
0.4318767786026001
0.3287408649921417
0.35680168867111206
0.4114195704460144
0.3645472824573517
0.4599590599536896
0.3240533769130707
0.5084459185600281
0.37014225125312805
0.4033978283405304
0.4169691503047943
0.3986336886882782
0.34641024470329285
0.3337767720222473
0.3284333050251007
0.3945610523223877
0.3946247100830078
0.3891659379005432
0.2984135150909424
0.33114203810691833
0.25337862968444824
0.3848787546157837
0.28075525164604187
0.416191041469574
0.31976988911628723
0.4522109627723694
0.3043561279773712
0.33800745010375977
0.24231953918933868
0.2754763662815094
0.46709346771240234
0.4477531611919403
0.40744373202323914
0.33955150842666626
0.4443224370479584
0.2630302906036377
0.35538598895072937
0.4634046256542206
0.3554142713546753
0.384405255317688
0.4541974365711212
0.3775028586387634
0.4134122133255005
0.37630918622016907
0.43631166219711304
0.3714372217655182
0.45531001687049866
0.41950079798698425
0.43797874450683594
0.27898910641670227
0.3045048415660858
0.36903494596481323
0.4297739565372467
0.3771151304244995
0.2714316248893738
0.2858918607234955
0.35794419050216675
0.25791633129119873
0.3809521198272705
0.28282424807548523
0.42393726110458374
0.32235240936279297
0.4100918173789978
0.33918386697769165
0.32143542170524597
0.3407815992832184
0.277912974357605
0.3991003930568695
0.42849966883659363
0.32683607935905457
0.319873571395874
0.3025132417678833
0.23304270207881927
0.4802723824977875
0.3115350008010864
0.381564736366272
0.4060083031654358
0.4198610484600067
0.37494975328445435
0.32989856600761414
0.24979247152805328
0.3709045946598053
0.24036696553230286
0.295114129781723
0.3505179286003113
0.31306979060173035
0.3657156527042389
0.3273583650588989
0.3032101094722748
0.32844552397727966
0.35857856273651123
0.3187100887298584
0.3851929008960724
0.33703184127807617
0.2856742739677429
0.30574920773506165
0.3028113543987274
0.2801344096660614
0.3481271266937256
0.33133190870285034
0.28473547101020813
0.32576021552085876
0.34918537735939026
0.3436763286590576
0.344662606716156
0.2722584307193756
0.3250565528869629
0.3200528919696808
0.3847362697124481
0.2616236209869385
0.2966846823692322
0.3477487862110138
0.2769061326980591
0.29354751110076904
0.2760113477706909
0.4003569483757019
0.32331734895706177
0.28796446323394775
0.31078043580055237
0.2720266282558441
0.3932158350944519
0.2791174352169037
0.3059351146221161
0.3425154983997345
0.2574008107185364
0.2972087562084198
0.26749181747436523
0.34592708945274353
0.2772039771080017
0.26106536388397217
0.2942216396331787
0.3796475827693939
0.2994612753391266
0.2512941360473633
0.26973772048950195
0.32594814896583557
0.32446444034576416
0.28182223439216614
0.3050382733345032
0.2656908929347992
0.34519028663635254
0.289354532957077
0.2659305930137634
0.2498842030763626
0.32900017499923706
0.30787163972854614
0.2702022194862366
0.3145492672920227
0.3187628388404846
0.24402889609336853
0.3062390685081482
0.25385594367980957
0.25520431995391846
0.31672021746635437
0.2781127691268921
0.2730282247066498
0.2758563160896301
0.30542150139808655
0.27356523275375366
0.26168110966682434
0.2836170494556427
0.2902335822582245
0.3313831090927124
0.26928800344467163
0.26000064611434937
0.2798468768596649
0.2516315281391144
0.2678479850292206
0.2620466351509094
0.27071094512939453
0.3004521429538727
0.3107934892177582
0.2803008258342743
0.24846288561820984
0.2316170483827591
0.31621161103248596
0.3307110667228699
0.3093571662902832
0.25860315561294556
0.2654711902141571
0.2797059714794159
0.256626695394516
0.30709123611450195
0.31334009766578674
0.2706511318683624
0.29567649960517883
0.2750243842601776
0.24451574683189392
0.2689187526702881
0.32712313532829285
0.2861529588699341
0.27305716276168823
0.2677035331726074
0.27027052640914917
0.2850320041179657
0.3387967646121979
0.2928197681903839
0.24601367115974426
0.27180802822113037
0.2806973159313202
0.2969222962856293
0.25456586480140686
0.32855480909347534
0.3063024580478668
0.2666860818862915
0.3014596700668335
0.26440367102622986
0.3374190628528595
0.2550444006919861
0.298799067735672
0.2473359853029251
0.34216418862342834
0.2528911828994751
0.3747222423553467
0.2641417384147644
0.24299126863479614
0.30249741673469543
0.3312080502510071
0.36745762825012207
0.25813186168670654
0.3513955771923065
0.297841876745224
0.283205509185791
0.26558613777160645
0.28202024102211
0.2632930278778076
0.2656942903995514
0.2932366132736206
0.2920287847518921
0.31341567635536194
0.2598366141319275
0.29229089617729187
0.27277761697769165
0.341366171836853
0.28549695014953613
0.3739169239997864
0.2498282492160797
0.23934175074100494
0.2791670262813568
0.2761929929256439
0.2558772563934326
0.2861538827419281
0.3456927239894867
0.3329099416732788
0.3597121834754944
0.3061524033546448
0.25752508640289307
0.32520991563796997
0.2770622670650482
0.2700149714946747
0.28860723972320557
0.29962292313575745
0.24612025916576385
0.41489487886428833
0.29885098338127136
0.28107714653015137
0.2965632677078247
0.3721112906932831
0.26695191860198975
0.37257298827171326
0.3593180477619171
0.31964290142059326
0.31414228677749634
0.3186738193035126
0.2841123640537262
0.2850534915924072
0.2728413939476013
0.26829832792282104
0.2709718346595764
0.272859126329422
0.27839475870132446
0.3452564775943756
0.29463404417037964
0.27183812856674194
0.2964549660682678
0.2760028839111328
0.2806374728679657
0.30895543098449707
0.2879662811756134
0.3295114040374756
0.30323487520217896
0.27360832691192627
0.2627779543399811
0.2953491806983948
0.33427029848098755
0.3905320465564728
0.26691603660583496
0.28773224353790283
0.2299322485923767
0.29002413153648376
0.26510778069496155
0.35983556509017944
0.28693410754203796
0.3316134810447693
0.24339081346988678
0.3104121685028076
0.31112462282180786
0.26265037059783936
0.2906807065010071
0.3547995090484619
0.2939929962158203
0.3009242117404938
0.27235597372055054
0.2618597447872162
0.3107454776763916
0.3640439212322235
0.30659642815589905
0.29124319553375244
0.30328357219696045
0.24609236419200897
0.3125739097595215
0.24700112640857697
0.27065879106521606
0.27549055218696594
0.34581491351127625
0.2833556532859802
0.30016520619392395
0.25523942708969116
0.3189222514629364
0.2525135278701782
0.31546419858932495
0.2929571270942688
0.3351225256919861
0.26713892817497253
0.3524206876754761
0.2748928964138031
0.40648725628852844
0.22186124324798584
0.2824791371822357
0.34656569361686707
0.28332120180130005
0.22392405569553375
0.26533830165863037
0.3131658434867859
0.3298072814941406
0.27985629439353943
0.2651231586933136
0.4214995205402374
0.28520509600639343
0.26723355054855347
0.2862861752510071
0.2681589126586914
0.28275078535079956
0.2685445547103882
0.27157607674598694
0.3011331856250763
0.3705327808856964
0.2595917880535126
0.2488831877708435
0.24576379358768463
0.2880460023880005
0.27445587515830994
0.26019155979156494
0.24390214681625366
0.25614282488822937
0.29900693893432617
0.2669141888618469
0.26345837116241455
0.2890324890613556
0.33402055501937866
0.2842274606227875
0.25475630164146423
0.26034778356552124
0.30374062061309814
0.31739839911460876
0.24225686490535736
0.25561967492103577
0.2928389608860016
0.2749345302581787
0.25149083137512207
0.3069221079349518
0.24124154448509216
0.2383878380060196
0.3003601133823395
0.24353985488414764
0.2913118004798889
0.2272534966468811
0.3583308458328247
0.23877057433128357
0.31414395570755005
0.2835307717323303
0.33063289523124695
0.2564059793949127
0.2689373791217804
0.25273510813713074
0.2630005180835724
0.2776498794555664
0.251740425825119
0.25010550022125244
0.297330766916275
0.2218816876411438
0.24555200338363647
0.2762267291545868
0.2741253077983856
0.3035831153392792
0.2699277997016907
0.30770349502563477
0.32743600010871887
0.2844422161579132
0.31225326657295227
0.3112015724182129
0.32660558819770813
0.21575602889060974
0.22968360781669617
0.255100816488266
0.2766440212726593
0.23629607260227203
0.2458530217409134
0.2766467332839966
0.26294469833374023
0.2800852358341217
0.25759264826774597
0.26292353868484497
0.2374957650899887
0.2493499368429184
0.2699372172355652
0.2149076759815216
0.2676359713077545
0.2879663407802582
0.26580265164375305
0.272350013256073
0.2619602382183075
0.26353225111961365
0.21952858567237854
0.2242397964000702
0.2929810583591461
0.260344535112381
0.21676267683506012
0.2828173041343689
0.26832225918769836
0.2692159116268158
0.25426673889160156
0.2803831100463867
0.21560795605182648
0.2497246265411377
0.2504096031188965
0.3296792209148407
0.22247694432735443
0.21921314299106598
0.23356090486049652
0.2797197699546814
0.2724166512489319
0.24940930306911469
0.2413768470287323
0.2923855185508728
0.23239311575889587
0.24314109981060028
0.23354415595531464
0.23147214949131012
0.23713746666908264
0.2153995782136917
0.23623426258563995
0.3027089834213257
0.3121691346168518
0.22586213052272797
0.25050121545791626
0.2167244255542755
0.24592088162899017
0.2589362859725952
0.22312411665916443
0.2515259385108948
0.2456589788198471
0.21928584575653076
0.2416255623102188
0.23492752015590668
0.2455286979675293
0.23068027198314667
0.21956178545951843
0.23274175822734833
0.22671741247177124
0.26458466053009033
0.2569228410720825
0.3272116184234619
0.2512151300907135
0.2523990869522095
0.20478978753089905
0.25384044647216797
0.24634210765361786
0.2768707871437073
0.19994667172431946
0.256986141204834
0.21942605078220367
0.2055407166481018
0.2467769980430603
0.29955044388771057
0.21162517368793488
0.24268564581871033
0.2081831395626068
0.2510361671447754
0.21962808072566986
0.3137083947658539
0.256137490272522
0.23198436200618744
0.23089943826198578
0.2434980273246765
0.2393607795238495
0.24447976052761078
0.22655461728572845
0.23424400389194489
0.211947962641716
0.24797727167606354
0.22066669166088104
0.22277343273162842
0.25602784752845764
0.2373868077993393
0.21147771179676056
0.2568161189556122
0.2155304104089737
0.24184757471084595
0.2528342306613922
0.20591072738170624
0.24089017510414124
0.2656097710132599
0.2509056627750397
0.20399273931980133
0.26610589027404785
0.2633175849914551
0.23735330998897552
0.23054152727127075
0.24868419766426086
0.20733952522277832
0.22891052067279816
0.21022778749465942
0.1997753530740738
0.22966700792312622
0.22552372515201569
0.2307189702987671
0.32171714305877686
0.2679298222064972
0.25035980343818665
0.29793834686279297
0.21282537281513214
0.2577911913394928
0.23508583009243011
0.307321697473526
0.22176425158977509
0.2578054964542389
0.22764280438423157
0.29123857617378235
0.2657957673072815
0.2173566073179245
0.21330055594444275
0.21927069127559662
0.24627356231212616
0.2766761779785156
0.2617443799972534
0.22836725413799286
0.24321149289608002
0.2273908257484436
0.2583823800086975
0.25489237904548645
0.21364696323871613
0.24631446599960327
0.28238826990127563
0.23789608478546143
0.2426261454820633
0.2895052433013916
0.2718418538570404
0.2880525290966034
0.3110697269439697
0.2437504082918167
0.21124497056007385
0.2495042383670807
0.22627532482147217
0.21020588278770447
0.3961946666240692
0.23789694905281067
0.2970365583896637
0.20618300139904022
0.28344061970710754
0.2373080998659134
0.23942725360393524
0.2657543420791626
0.2905231714248657
0.26281699538230896
0.20284438133239746
0.22542136907577515
0.2371172159910202
0.253440260887146
0.2170684039592743
0.26551109552383423
0.26596376299858093
0.276863694190979
0.241680309176445
0.21605798602104187
0.2763856053352356
0.2079898864030838
0.29979825019836426
0.24616095423698425
0.21474610269069672
0.38132157921791077
0.27276644110679626
0.23984092473983765
0.3218344449996948
0.27540355920791626
0.23738065361976624
0.2073185294866562
0.2657523453235626
0.2354842722415924
0.25080424547195435
0.3107084631919861
0.29932835698127747
0.22799907624721527
0.2677505612373352
0.3397257924079895
0.3327021598815918
0.276509553194046
0.23889757692813873
0.24688391387462616
0.24251388013362885
0.2503732442855835
0.29974934458732605
0.23343904316425323
0.22706487774848938
0.299339234828949
0.2299359142780304
0.269938200712204
0.260955274105072
0.2853306531906128
0.23089328408241272
0.3719320297241211
0.23216663300991058
0.24433507025241852
0.22692738473415375
0.21055802702903748
0.20800445973873138
0.24547438323497772
0.3504101037979126
0.2761895954608917
0.25327977538108826
0.19403524696826935
0.2694034278392792
0.22982095181941986
0.247477725148201
0.31904909014701843
0.23265542089939117
0.2130427062511444
0.297323077917099
0.22123992443084717
0.19964751601219177
0.27026891708374023
0.2330745905637741
0.21364782750606537
0.2345333844423294
0.2701778709888458
0.20198766887187958
0.23024219274520874
0.19650717079639435
0.30468904972076416
0.303133487701416
0.21887069940567017
0.2504812777042389
0.2674683928489685
0.20419946312904358
0.22940398752689362
0.3512909412384033
0.3354059159755707
0.27957969903945923
0.22326676547527313
0.23907819390296936
0.29882049560546875
0.20886100828647614
0.2676224708557129
0.2568867802619934
0.31734558939933777
0.22879981994628906
0.2542252838611603
0.20463377237319946
0.23330436646938324
0.2169758528470993
0.24904322624206543
0.22232386469841003
0.3330775201320648
0.369331955909729
0.2762460708618164
0.323795348405838
0.2762453556060791
0.23382385075092316
0.22570198774337769
0.30019062757492065
0.2741830050945282
0.28882524371147156
0.20381934940814972
0.2676006555557251
0.23236261308193207
0.22354888916015625
0.20271329581737518
0.3051016926765442
0.3572826683521271
0.22063316404819489
0.289311021566391
0.19706624746322632
0.23631614446640015
0.3076052963733673
0.35789939761161804
0.41918590664863586
0.2637045085430145
0.2645164430141449
0.28899669647216797
0.2583337426185608
0.35608726739883423
0.24365483224391937
0.23046228289604187
0.23302052915096283
0.28790193796157837
0.276338130235672
0.2853078246116638
0.21633808314800262
0.2313775271177292
0.30728834867477417
0.2148544192314148
0.2777349352836609
0.2771666646003723
0.28112637996673584
0.2642887234687805
0.27531418204307556
0.2519550919532776
0.29188069701194763
0.32887476682662964
0.1995116025209427
0.24760299921035767
0.270542711019516
0.21016092598438263
0.2908353805541992
0.26395130157470703
0.22578294575214386
0.27625972032546997
0.3644881844520569
0.2659741938114166
0.22308392822742462
0.216988667845726
0.22657717764377594
0.24694202840328217
0.23919525742530823
0.2635701298713684
0.3530990779399872
0.23730264604091644
0.21723505854606628
0.19142113626003265
0.2006307989358902
0.2930926978588104
0.2228696495294571
0.27362504601478577
0.24201445281505585
0.2557467222213745
0.2759498059749603
0.3082621693611145
0.22593386471271515
0.19965291023254395
0.18350300192832947
0.1805187612771988
